/*--------------------------------*- C++ -*----------------------------------*\
  =========                 |
  \\      /  F ield         | OpenFOAM: The Open Source CFD Toolbox
   \\    /   O peration     | Website:  https://openfoam.org
    \\  /    A nd           | Version:  7
     \\/     M anipulation  |
\*---------------------------------------------------------------------------*/
FoamFile
{
    version     2.0;
    format      ascii;
    class       volScalarField;
    location    "5";
    object      p;
}
// * * * * * * * * * * * * * * * * * * * * * * * * * * * * * * * * * * * * * //

dimensions      [0 2 -2 0 0 0 0];

internalField   nonuniform List<scalar> 
6386
(
-0.344126
-0.350087
-0.352121
-0.35252
-0.351533
-0.349236
-0.3458
-0.341389
-0.336116
-0.329869
-0.34495
-0.350769
-0.352714
-0.353033
-0.351974
-0.349612
-0.346116
-0.341659
-0.336342
-0.329958
-0.34659
-0.352127
-0.353894
-0.354055
-0.35285
-0.350359
-0.346744
-0.342191
-0.336789
-0.330129
-0.349031
-0.35415
-0.355652
-0.355575
-0.354154
-0.351467
-0.347671
-0.342973
-0.337445
-0.330355
-0.352252
-0.356821
-0.357973
-0.357581
-0.35587
-0.352921
-0.348884
-0.343988
-0.338294
-0.330565
-0.356225
-0.36012
-0.36084
-0.360056
-0.357983
-0.354706
-0.350363
-0.345215
-0.339317
-0.330665
-0.360922
-0.364024
-0.36423
-0.362979
-0.360474
-0.356802
-0.352088
-0.346623
-0.340485
-0.331052
-0.366307
-0.368506
-0.368121
-0.366329
-0.363322
-0.359188
-0.35404
-0.34821
-0.341691
-0.331357
-0.372347
-0.373539
-0.37249
-0.370086
-0.366509
-0.361848
-0.356199
-0.349939
-0.342995
-0.33151
-0.379006
-0.379095
-0.377312
-0.374228
-0.370015
-0.364764
-0.35855
-0.351793
-0.344376
-0.331503
-0.386252
-0.385147
-0.382561
-0.378736
-0.373825
-0.367925
-0.361083
-0.353763
-0.34581
-0.331289
-0.394051
-0.391665
-0.388218
-0.38359
-0.377925
-0.371322
-0.363793
-0.355845
-0.347287
-0.330855
-0.402373
-0.398626
-0.394258
-0.388775
-0.382306
-0.374952
-0.366687
-0.358047
-0.348807
-0.330159
-0.411186
-0.406001
-0.400662
-0.394275
-0.38696
-0.378818
-0.369776
-0.360391
-0.350379
-0.329184
-0.420459
-0.413766
-0.407407
-0.400079
-0.391885
-0.382927
-0.373084
-0.362913
-0.352038
-0.327963
-0.421892
-0.414475
-0.406173
-0.397078
-0.387293
-0.376643
-0.365674
-0.353848
-0.326618
-0.430349
-0.421843
-0.412544
-0.402537
-0.391928
-0.380493
-0.368745
-0.355852
-0.32525
-0.439106
-0.429486
-0.419179
-0.408261
-0.396849
-0.384692
-0.372218
-0.357945
-0.323667
-0.437378
-0.426059
-0.414243
-0.402075
-0.38933
-0.37629
-0.360339
-0.32284
-0.445486
-0.43316
-0.420467
-0.407609
-0.394475
-0.381285
-0.365213
-0.332449
-0.440448
-0.426893
-0.41339
-0.39999
-0.38701
-0.374497
-0.371698
-0.433471
-0.419304
-0.405551
-0.392506
-0.38085
-0.384756
-0.440149
-0.425276
-0.411006
-0.397511
-0.385189
-0.389274
-0.43126
-0.416339
-0.402161
-0.388833
-0.391534
-0.421523
-0.406478
-0.391949
-0.392181
-0.410412
-0.394481
-0.391614
-0.396418
-0.390174
-0.388037
-0.397741
-0.388018
-0.396413
-0.390159
-0.410422
-0.394477
-0.391603
-0.421544
-0.406487
-0.391946
-0.392173
-0.43129
-0.416358
-0.40217
-0.38883
-0.391528
-0.440184
-0.425302
-0.411024
-0.397519
-0.385186
-0.38927
-0.433503
-0.419328
-0.405566
-0.392513
-0.380847
-0.384752
-0.440484
-0.426923
-0.413412
-0.400004
-0.387016
-0.374494
-0.371692
-0.445524
-0.433192
-0.420493
-0.407629
-0.394488
-0.38129
-0.365209
-0.332432
-0.437411
-0.426088
-0.414267
-0.402093
-0.38934
-0.376294
-0.360335
-0.32282
-0.43914
-0.429516
-0.419205
-0.408282
-0.396864
-0.384701
-0.372221
-0.357941
-0.323649
-0.430378
-0.421869
-0.412567
-0.402556
-0.391942
-0.380501
-0.368747
-0.355849
-0.325233
-0.430187
-0.421917
-0.414499
-0.406193
-0.397094
-0.387305
-0.37665
-0.365676
-0.353845
-0.326603
-0.420483
-0.413788
-0.407428
-0.400097
-0.3919
-0.382938
-0.37309
-0.362915
-0.352035
-0.327951
-0.411206
-0.406021
-0.40068
-0.394291
-0.386973
-0.378827
-0.369782
-0.360392
-0.350377
-0.329172
-0.40239
-0.398643
-0.394274
-0.388788
-0.382317
-0.37496
-0.366692
-0.358048
-0.348804
-0.330149
-0.394066
-0.39168
-0.388231
-0.383602
-0.377935
-0.371329
-0.363798
-0.355846
-0.347285
-0.330847
-0.386264
-0.385159
-0.382573
-0.378746
-0.373833
-0.367931
-0.361086
-0.353764
-0.345808
-0.331282
-0.379016
-0.379106
-0.377322
-0.374237
-0.370022
-0.36477
-0.358553
-0.351794
-0.344374
-0.331497
-0.372355
-0.373548
-0.372498
-0.370094
-0.366515
-0.361853
-0.356202
-0.34994
-0.342993
-0.331505
-0.366314
-0.368514
-0.368129
-0.366336
-0.363328
-0.359192
-0.354042
-0.348211
-0.341689
-0.331353
-0.360927
-0.36403
-0.364236
-0.362984
-0.360478
-0.356805
-0.35209
-0.346624
-0.340484
-0.331048
-0.35623
-0.360125
-0.360845
-0.36006
-0.357987
-0.354709
-0.350364
-0.345216
-0.339316
-0.330662
-0.352255
-0.356825
-0.357977
-0.357585
-0.355873
-0.352924
-0.348885
-0.343989
-0.338293
-0.330562
-0.349033
-0.354153
-0.355655
-0.355578
-0.354156
-0.351468
-0.347672
-0.342973
-0.337445
-0.330354
-0.346591
-0.352129
-0.353896
-0.354057
-0.352852
-0.35036
-0.346745
-0.342191
-0.336788
-0.330128
-0.344951
-0.35077
-0.352715
-0.353034
-0.351975
-0.349613
-0.346117
-0.341659
-0.336342
-0.329958
-0.344127
-0.350088
-0.352122
-0.35252
-0.351533
-0.349237
-0.3458
-0.341389
-0.336116
-0.329868
-0.324717
-0.318983
-0.312491
-0.305347
-0.297437
-0.288795
-0.279442
-0.269393
-0.258677
-0.247328
-0.235386
-0.222897
-0.209914
-0.196496
-0.18271
-0.168631
-0.154345
-0.139944
-0.125532
-0.111222
-0.097132
-0.0833875
-0.0701153
-0.0574416
-0.045489
-0.0343714
-0.0241942
-0.0150418
-0.00699561
-8.49521e-05
0.0056148
0.0101932
0.0134811
0.01589
0.0167951
0.0175771
0.016003
0.016381
0.0114772
0.0141456
0.00270561
0.0139993
-0.325209
-0.319383
-0.31285
-0.305682
-0.297756
-0.289102
-0.27974
-0.269686
-0.258967
-0.247616
-0.235674
-0.223185
-0.210202
-0.196784
-0.182997
-0.168917
-0.154627
-0.140222
-0.125805
-0.111488
-0.0973896
-0.0836352
-0.0703517
-0.0576656
-0.0456997
-0.034568
-0.0243761
-0.0152086
-0.00714707
-0.000221111
0.00549378
0.0100868
0.0133891
0.0158111
0.0167292
0.0175218
0.0159598
0.0163436
0.0114537
0.0141178
0.00270332
0.0139654
-0.326181
-0.32017
-0.313553
-0.306345
-0.298385
-0.289707
-0.280329
-0.270263
-0.259538
-0.248184
-0.236241
-0.223753
-0.210771
-0.197353
-0.183566
-0.169483
-0.155188
-0.140775
-0.126347
-0.112016
-0.0979008
-0.0841269
-0.0708213
-0.0581109
-0.0461187
-0.0349591
-0.024738
-0.0155406
-0.00744869
-0.000492335
0.00525264
0.00987492
0.0132056
0.0156539
0.0165979
0.0174115
0.0158735
0.0162689
0.011407
0.0140623
0.00269876
0.0138978
-0.327619
-0.321329
-0.314587
-0.30732
-0.299309
-0.290594
-0.281191
-0.27111
-0.260375
-0.249018
-0.237075
-0.224588
-0.211609
-0.198192
-0.184404
-0.170318
-0.156016
-0.141592
-0.127148
-0.112797
-0.0986582
-0.0848559
-0.071518
-0.0587717
-0.0467408
-0.03554
-0.0252759
-0.0160342
-0.00789732
-0.000895922
0.00489367
0.00955934
0.0129322
0.0154196
0.0164019
0.0172468
0.0157447
0.0161573
0.0113372
0.0139794
0.00269202
0.013797
-0.329588
-0.322813
-0.31592
-0.308582
-0.300503
-0.29174
-0.282305
-0.272203
-0.261459
-0.250098
-0.238156
-0.225673
-0.212698
-0.199285
-0.185497
-0.171407
-0.157097
-0.14266
-0.128197
-0.113821
-0.099651
-0.0858121
-0.0724324
-0.0596398
-0.0475584
-0.036304
-0.0259837
-0.0166841
-0.00848834
-0.00142791
0.00442022
0.00914287
0.0125712
0.01511
0.0161429
0.017029
0.0155742
0.0160095
0.0112448
0.0138694
0.0026832
0.0136636
-0.332259
-0.324453
-0.317491
-0.310097
-0.301937
-0.293115
-0.283641
-0.273518
-0.262762
-0.251399
-0.23946
-0.226985
-0.214017
-0.200609
-0.186824
-0.172732
-0.158414
-0.143962
-0.129477
-0.115072
-0.100865
-0.0869827
-0.0735529
-0.0607043
-0.0485619
-0.0372423
-0.0268537
-0.0174834
-0.00921581
-0.00208317
0.00383666
0.00862913
0.0121255
0.0147275
0.0158227
0.0167594
0.0153632
0.0158262
0.0111304
0.0137329
0.00267244
0.0134984
-0.334528
-0.326743
-0.319342
-0.311833
-0.303581
-0.294686
-0.285168
-0.275019
-0.264253
-0.252891
-0.24096
-0.228495
-0.215539
-0.202142
-0.188362
-0.17427
-0.159945
-0.145478
-0.13097
-0.116532
-0.102284
-0.0883524
-0.0748654
-0.0619525
-0.0497397
-0.0383447
-0.0278767
-0.0184241
-0.0100726
-0.00285557
0.00314818
0.00802249
0.0115988
0.0142749
0.0154435
0.0164398
0.0151129
0.0156084
0.0109946
0.0135704
0.00265994
0.0133025
-0.337348
-0.329458
-0.321402
-0.313754
-0.305394
-0.296415
-0.286848
-0.276673
-0.265899
-0.254541
-0.242623
-0.230176
-0.217237
-0.203854
-0.190085
-0.175996
-0.161667
-0.147186
-0.132654
-0.118182
-0.10389
-0.0899041
-0.0763541
-0.0633699
-0.0510787
-0.0395992
-0.029042
-0.0194968
-0.0110506
-0.0037381
0.00236077
0.00732794
0.0109952
0.0137555
0.0150081
0.0160721
0.0148249
0.0153573
0.0108382
0.0133828
0.0026459
0.013077
-0.340518
-0.332045
-0.323594
-0.315822
-0.307336
-0.298262
-0.288642
-0.278443
-0.267664
-0.256317
-0.244418
-0.231994
-0.219079
-0.205718
-0.191965
-0.177884
-0.163553
-0.14906
-0.134506
-0.12
-0.105662
-0.0916192
-0.0780019
-0.0649409
-0.0525646
-0.0409931
-0.0303382
-0.0206914
-0.0121408
-0.00472303
0.00148102
0.00655101
0.0103191
0.0131731
0.0145192
0.0156587
0.0145009
0.015074
0.0106622
0.0131709
0.00263056
0.0128233
-0.343978
-0.334873
-0.325923
-0.317992
-0.309362
-0.300186
-0.290512
-0.28029
-0.269513
-0.258183
-0.246311
-0.233919
-0.221036
-0.207703
-0.193972
-0.179905
-0.165578
-0.151077
-0.136502
-0.121963
-0.107579
-0.093478
-0.0797906
-0.0666489
-0.0541824
-0.0425126
-0.0317532
-0.0219969
-0.0133338
-0.00580211
0.000515982
0.00569764
0.00957566
0.0125316
0.01398
0.0152019
0.0141428
0.0147601
0.0104675
0.0129355
0.00261418
0.0125428
-0.347426
-0.337838
-0.328331
-0.320217
-0.311431
-0.302148
-0.292419
-0.282179
-0.271409
-0.260105
-0.248269
-0.235918
-0.223076
-0.20978
-0.196078
-0.182032
-0.167714
-0.15321
-0.138618
-0.124049
-0.10962
-0.0954606
-0.0817019
-0.0684769
-0.0559165
-0.0441438
-0.0332742
-0.0234022
-0.0146197
-0.00696673
-0.00052692
0.00477409
0.00876996
0.0118353
0.0133941
0.0147043
0.0137525
0.0144169
0.0102551
0.0126778
0.00259705
0.012237
-0.351154
-0.340913
-0.330767
-0.322453
-0.3135
-0.304106
-0.294326
-0.284073
-0.27332
-0.262051
-0.250261
-0.23796
-0.225168
-0.211918
-0.198255
-0.184237
-0.169936
-0.155434
-0.140831
-0.126234
-0.111764
-0.0975469
-0.0837169
-0.0704076
-0.0577512
-0.0458724
-0.0348884
-0.0248959
-0.0159883
-0.00820805
-0.00164009
0.0037868
0.00790739
0.0110884
0.0127649
0.0141688
0.0133323
0.0140462
0.0100263
0.0123988
0.00257949
0.0119076
-0.354919
-0.34402
-0.333187
-0.324653
-0.315527
-0.306024
-0.296198
-0.285942
-0.275214
-0.263991
-0.252258
-0.240018
-0.227286
-0.214091
-0.200476
-0.186495
-0.172217
-0.157725
-0.143116
-0.128497
-0.113988
-0.0997175
-0.0858178
-0.0724244
-0.0596712
-0.0476844
-0.0365833
-0.0264665
-0.0174296
-0.00951736
-0.00281597
0.00274219
0.00699336
0.0102955
0.0120959
0.0135981
0.0128842
0.0136496
0.00978206
0.0120996
0.00256178
0.0115562
-0.358646
-0.347097
-0.335545
-0.326772
-0.317469
-0.307866
-0.298004
-0.287755
-0.277065
-0.265897
-0.254232
-0.242064
-0.229403
-0.216274
-0.202715
-0.18878
-0.174535
-0.160061
-0.145452
-0.130818
-0.116276
-0.101954
-0.0879874
-0.0745116
-0.061662
-0.0495667
-0.0383469
-0.0281035
-0.0189342
-0.0108862
-0.0040472
0.00164659
0.0060332
0.00946095
0.0113908
0.012995
0.0124105
0.0132287
0.00952365
0.0117814
0.0025443
0.0111843
-0.362231
-0.350051
-0.337784
-0.328756
-0.319283
-0.309598
-0.299716
-0.289487
-0.278846
-0.267748
-0.256161
-0.244075
-0.231496
-0.218443
-0.204951
-0.191071
-0.176868
-0.162419
-0.14782
-0.133176
-0.118606
-0.104239
-0.090209
-0.0766534
-0.0637089
-0.0515056
-0.0401667
-0.0297954
-0.0204916
-0.0123054
-0.00532572
0.000506962
0.0050329
0.00858971
0.0106537
0.0123628
0.0119139
0.0127856
0.00925255
0.0114456
0.00252761
0.0107937
-0.365483
-0.352709
-0.339825
-0.330543
-0.320922
-0.311189
-0.301309
-0.291116
-0.28054
-0.269522
-0.258025
-0.246032
-0.233543
-0.220576
-0.207161
-0.193345
-0.179192
-0.164777
-0.150194
-0.135548
-0.120957
-0.10655
-0.0924613
-0.0788295
-0.0657929
-0.0534834
-0.0420263
-0.0315273
-0.0220886
-0.0137632
-0.0066412
-0.000667806
0.004
0.00768804
0.00988977
0.0117055
0.0113974
0.0123226
0.00897047
0.0110934
0.00251234
0.0103859
-0.36803
-0.35484
-0.341614
-0.3321
-0.322361
-0.312621
-0.302769
-0.29263
-0.282131
-0.271203
-0.259805
-0.247913
-0.235524
-0.22265
-0.209319
-0.195577
-0.181482
-0.16711
-0.152551
-0.137911
-0.123306
-0.108866
-0.0947243
-0.0810217
-0.0678974
-0.0554853
-0.0439128
-0.0332882
-0.0237158
-0.0152517
-0.0079873
-0.00187272
0.00293822
0.00675866
0.00910065
0.0110244
0.0108615
0.0118404
0.00867684
0.0107264
0.00249701
0.00996317
-0.369602
-0.35642
-0.343212
-0.333436
-0.323592
-0.313883
-0.304085
-0.294018
-0.283608
-0.272782
-0.261493
-0.249713
-0.237435
-0.224666
-0.211433
-0.197776
-0.183752
-0.169435
-0.154913
-0.14029
-0.125682
-0.111217
-0.0970302
-0.0832628
-0.0700553
-0.0575435
-0.0458572
-0.0351071
-0.0254
-0.0167954
-0.00938612
-0.00312733
0.00183018
0.00578677
0.00827318
0.0103093
0.0102966
0.0113338
0.00836506
0.0103449
0.00247624
0.00952791
-0.369976
-0.356763
-0.344239
-0.334332
-0.324475
-0.314888
-0.305207
-0.295253
-0.284962
-0.274265
-0.26311
-0.251467
-0.239323
-0.226685
-0.213572
-0.200023
-0.186091
-0.171848
-0.157378
-0.142785
-0.128184
-0.113701
-0.0994739
-0.0856426
-0.0723499
-0.0597338
-0.0479267
-0.0370426
-0.0271911
-0.0184356
-0.0108704
-0.00445683
0.000657908
0.00475984
0.00740051
0.00955584
0.00970302
0.0108017
0.00803955
0.00994645
0.00245812
0.00907703
-0.362773
-0.351664
-0.343398
-0.334254
-0.324746
-0.315501
-0.306064
-0.296294
-0.286164
-0.27562
-0.264613
-0.253114
-0.241109
-0.228601
-0.215607
-0.202162
-0.188318
-0.174143
-0.159722
-0.145155
-0.130556
-0.116053
-0.101782
-0.0878862
-0.0745086
-0.0617899
-0.0498648
-0.0388505
-0.0288587
-0.0199576
-0.012241
-0.00567988
-0.000411237
0.00382469
0.00661938
0.00887219
0.00918757
0.0103046
0.00778064
0.00953321
0.00251304
0.00859232
-0.327768
-0.337682
-0.341655
-0.33459
-0.325762
-0.317008
-0.307889
-0.298313
-0.28831
-0.277856
-0.266916
-0.255466
-0.243496
-0.23101
-0.218027
-0.204582
-0.190725
-0.176524
-0.162064
-0.147444
-0.132781
-0.118201
-0.103842
-0.0898474
-0.0763632
-0.0635309
-0.0514859
-0.0403479
-0.0302275
-0.0211984
-0.0133471
-0.00666247
-0.0012539
0.00308239
0.00602801
0.00831831
0.0088264
0.00984127
0.00765552
0.00901421
0.00274779
0.00791241
-0.320975
-0.326608
-0.332535
-0.326772
-0.318819
-0.31092
-0.302535
-0.293544
-0.284037
-0.274034
-0.263518
-0.252478
-0.240909
-0.228819
-0.216228
-0.203169
-0.189691
-0.175859
-0.161753
-0.147472
-0.133124
-0.118836
-0.104739
-0.0909756
-0.0776872
-0.0650139
-0.0530896
-0.0420341
-0.031957
-0.022936
-0.0150541
-0.0083135
-0.00280675
0.00162796
0.00473527
0.00712574
0.00787274
0.00891152
0.0071109
0.00826151
0.00274177
0.00713023
-0.315675
-0.31775
-0.322782
-0.317831
-0.310599
-0.303369
-0.295625
-0.287203
-0.278206
-0.26868
-0.258622
-0.248029
-0.236905
-0.22526
-0.213114
-0.200501
-0.187468
-0.174077
-0.160404
-0.146543
-0.1326
-0.118693
-0.104951
-0.0915105
-0.0785091
-0.0660832
-0.0543639
-0.0434695
-0.0335079
-0.0245592
-0.0167035
-0.00995323
-0.00438912
0.000118785
0.00336101
0.00585225
0.00681755
0.00791568
0.00646556
0.00749662
0.00262886
0.00639005
-0.309705
-0.309162
-0.312929
-0.308603
-0.302022
-0.295352
-0.288187
-0.280328
-0.27186
-0.262837
-0.253267
-0.243151
-0.232498
-0.221321
-0.209643
-0.197497
-0.184928
-0.171995
-0.158773
-0.14535
-0.131827
-0.11832
-0.104951
-0.0918517
-0.0791558
-0.0669961
-0.0555002
-0.044785
-0.0349566
-0.0260966
-0.018283
-0.011537
-0.00592929
-0.00135833
0.00200642
0.00459326
0.00576403
0.00692387
0.00580793
0.00673327
0.00249221
0.00566838
-0.302137
-0.300012
-0.30237
-0.298446
-0.292474
-0.286339
-0.279743
-0.272469
-0.264572
-0.256104
-0.247075
-0.237492
-0.227365
-0.21671
-0.20555
-0.193919
-0.18186
-0.169431
-0.156702
-0.143759
-0.130697
-0.117628
-0.104669
-0.0919465
-0.0795899
-0.067728
-0.0564854
-0.0459767
-0.0363064
-0.0275574
-0.0198059
-0.0130807
-0.00744495
-0.00282166
0.000653507
0.00333224
0.0046974
0.00592446
0.00512865
0.00596662
0.00232928
0.00496374
-0.292529
-0.289752
-0.290782
-0.287153
-0.281794
-0.276208
-0.270185
-0.263518
-0.256229
-0.248361
-0.239924
-0.230926
-0.221379
-0.211299
-0.200711
-0.189646
-0.178149
-0.166274
-0.154088
-0.141673
-0.129121
-0.116536
-0.104033
-0.091731
-0.079756
-0.068232
-0.0572801
-0.0470127
-0.0375325
-0.0289231
-0.0212595
-0.0145768
-0.00893257
-0.00427098
-0.00070015
0.00206553
0.0036125
0.00491401
0.0044222
0.00519774
0.0021338
0.0042811
-0.28086
-0.278116
-0.278069
-0.274731
-0.27002
-0.265019
-0.259586
-0.253545
-0.246894
-0.239663
-0.231859
-0.223491
-0.214569
-0.205111
-0.19514
-0.184689
-0.1738
-0.162524
-0.150927
-0.139086
-0.127087
-0.115032
-0.103027
-0.0911882
-0.0796355
-0.0684885
-0.0578645
-0.0478734
-0.0386156
-0.0301751
-0.0226262
-0.0160091
-0.0103775
-0.00569344
-0.00204314
0.000802599
0.00251752
0.00389894
0.00369361
0.00443121
0.00190742
0.00362489
-0.267278
-0.265061
-0.264265
-0.261267
-0.257241
-0.252869
-0.24805
-0.242652
-0.236662
-0.230095
-0.222957
-0.215252
-0.206993
-0.198195
-0.188881
-0.179084
-0.168842
-0.158207
-0.147239
-0.136011
-0.124606
-0.113119
-0.101652
-0.0903153
-0.0792226
-0.0684893
-0.0582284
-0.0485467
-0.0395426
-0.0312998
-0.023892
-0.0173638
-0.0117663
-0.00707648
-0.00336364
-0.000446328
0.00142185
0.00288655
0.00294946
0.00367155
0.0016538
0.0029987
-0.252123
-0.25073
-0.249523
-0.24693
-0.243615
-0.239903
-0.23572
-0.230977
-0.225661
-0.219776
-0.213323
-0.206305
-0.198734
-0.190624
-0.181998
-0.172885
-0.163323
-0.15336
-0.143054
-0.132473
-0.121697
-0.110812
-0.0999176
-0.0891166
-0.0785179
-0.0682314
-0.0583658
-0.0490246
-0.0403038
-0.0322866
-0.0250456
-0.0186295
-0.0130875
-0.00840934
-0.00465134
-0.00167227
0.000333915
0.00188337
0.00219593
0.00292295
0.00137659
0.00240569
-0.235859
-0.235409
-0.234089
-0.231961
-0.229358
-0.226322
-0.222783
-0.218699
-0.214058
-0.208858
-0.203096
-0.196776
-0.189905
-0.182499
-0.174577
-0.166169
-0.157308
-0.148041
-0.138421
-0.128513
-0.118391
-0.108136
-0.0978418
-0.0876052
-0.0775291
-0.0677182
-0.0582765
-0.0493039
-0.0408936
-0.0331276
-0.0260781
-0.0197964
-0.014331
-0.00968224
-0.00589666
-0.00286672
-0.000738123
0.000895759
0.0014392
0.00218944
0.00107966
0.00184874
-0.218996
-0.219466
-0.218267
-0.216641
-0.214725
-0.212354
-0.209455
-0.206019
-0.20204
-0.197515
-0.192437
-0.18681
-0.180639
-0.173939
-0.166728
-0.159031
-0.150882
-0.142323
-0.133403
-0.124184
-0.114733
-0.105127
-0.0954532
-0.0858024
-0.0762714
-0.0669595
-0.0579656
-0.0493855
-0.0413095
-0.0338181
-0.0269828
-0.0208568
-0.0154882
-0.0108863
-0.00709056
-0.00402144
-0.00178618
-6.98993e-05
0.000685673
0.00147504
0.000767257
0.00133027
-0.202021
-0.203295
-0.202372
-0.201254
-0.199978
-0.198238
-0.195953
-0.193138
-0.1898
-0.185926
-0.181513
-0.176562
-0.171078
-0.165074
-0.158565
-0.151576
-0.144138
-0.136287
-0.128072
-0.119547
-0.110775
-0.101829
-0.0927875
-0.0837364
-0.0747663
-0.0659704
-0.0574426
-0.0492745
-0.0415528
-0.0343563
-0.0277552
-0.0218043
-0.0165517
-0.0120134
-0.00822468
-0.00512859
-0.00280243
-0.00100735
-5.82073e-05
0.000783629
0.000443898
0.000852149
-0.185349
-0.187262
-0.186695
-0.186065
-0.18536
-0.184197
-0.182486
-0.180256
-0.177519
-0.174263
-0.170484
-0.166181
-0.161361
-0.156031
-0.150208
-0.143912
-0.137172
-0.130022
-0.122504
-0.11467
-0.106576
-0.0982902
-0.0898849
-0.0814397
-0.0730389
-0.0647698
-0.0567209
-0.048979
-0.0416274
-0.0347425
-0.0283931
-0.0226347
-0.0175153
-0.0130569
-0.00929147
-0.00618091
-0.00377938
-0.00191054
-0.000786078
0.000118934
0.000114243
0.000415618
-0.169293
-0.171671
-0.17148
-0.171293
-0.171081
-0.170428
-0.169237
-0.167543
-0.165361
-0.162682
-0.159497
-0.155807
-0.151616
-0.146932
-0.141767
-0.136141
-0.130078
-0.12361
-0.116775
-0.109618
-0.102193
-0.0945604
-0.0867873
-0.0789468
-0.071117
-0.0633792
-0.0558161
-0.0485098
-0.0415397
-0.0349794
-0.0288959
-0.0233449
-0.0183744
-0.0140109
-0.0102842
-0.00717174
-0.00471006
-0.00277375
-0.00149178
-0.00051554
-0.000217016
2.12225e-05
-0.154064
-0.156746
-0.156909
-0.157106
-0.157305
-0.157089
-0.156357
-0.155144
-0.153465
-0.151313
-0.148678
-0.145558
-0.141958
-0.137882
-0.133342
-0.128355
-0.122941
-0.117129
-0.110953
-0.104454
-0.0976811
-0.0906879
-0.083536
-0.0762925
-0.069029
-0.0618209
-0.0547452
-0.047879
-0.0412973
-0.0350709
-0.0292645
-0.0239335
-0.0191255
-0.0148704
-0.0111971
-0.00809508
-0.00558804
-0.00359158
-0.00216946
-0.00111655
-0.000545256
-0.000331213
-0.139782
-0.142632
-0.143103
-0.143617
-0.144149
-0.144297
-0.14396
-0.143169
-0.141939
-0.140262
-0.138127
-0.135532
-0.132478
-0.12897
-0.125017
-0.120632
-0.115833
-0.110647
-0.105102
-0.0992356
-0.0930909
-0.0867171
-0.0801697
-0.0735097
-0.0668025
-0.0601174
-0.0535257
-0.0470995
-0.0409093
-0.0350224
-0.0295012
-0.0244002
-0.0197662
-0.0156319
-0.0120253
-0.00894567
-0.00640754
-0.00435913
-0.00281369
-0.00168116
-0.000866031
-0.000642564
-0.126493
-0.129407
-0.130129
-0.130895
-0.131687
-0.132131
-0.132127
-0.1317
-0.130863
-0.129607
-0.127922
-0.125804
-0.123251
-0.120267
-0.116858
-0.113036
-0.108817
-0.10422
-0.099274
-0.09401
-0.0884666
-0.0826878
-0.0767235
-0.0706287
-0.0644631
-0.0582898
-0.0521747
-0.0461843
-0.0403849
-0.03484
-0.0296092
-0.0247456
-0.0202952
-0.0162924
-0.0127647
-0.00971906
-0.00716348
-0.00507201
-0.00341952
-0.0022068
-0.00117524
-0.000914263
-0.114197
-0.117097
-0.118013
-0.118972
-0.119961
-0.120639
-0.120908
-0.120789
-0.120291
-0.119406
-0.11812
-0.11643
-0.114331
-0.111827
-0.10892
-0.10562
-0.101939
-0.0978961
-0.093513
-0.0888183
-0.0838455
-0.0786339
-0.0732279
-0.0676767
-0.0620343
-0.0563582
-0.0507083
-0.0451464
-0.0397338
-0.0345303
-0.0295925
-0.0249715
-0.0207124
-0.0168502
-0.0134123
-0.0104116
-0.00785159
-0.00572643
-0.00398262
-0.00269132
-0.00146921
-0.00114822
-0.102859
-0.105693
-0.106752
-0.107851
-0.108984
-0.109841
-0.110331
-0.110468
-0.110259
-0.109694
-0.10876
-0.10745
-0.10576
-0.10369
-0.101242
-0.0984217
-0.0952398
-0.0917108
-0.087854
-0.0836937
-0.0792591
-0.0745845
-0.0697093
-0.0646775
-0.0595372
-0.0543406
-0.0491421
-0.0439982
-0.0389657
-0.0341004
-0.0294557
-0.0250805
-0.0210182
-0.0173045
-0.0139662
-0.0110206
-0.0084684
-0.00631924
-0.0044993
-0.00313296
-0.00174474
-0.00134673
-0.0924311
-0.0951646
-0.0963224
-0.097518
-0.09875
-0.0997408
-0.100404
-0.100751
-0.100784
-0.100493
-0.0998643
-0.0988899
-0.0975643
-0.0958851
-0.0938527
-0.0914707
-0.088747
-0.0856931
-0.082325
-0.0786632
-0.0747329
-0.0705638
-0.0661905
-0.0616517
-0.0569906
-0.0522536
-0.0474902
-0.0427517
-0.0380904
-0.0335579
-0.0292042
-0.0250759
-0.0212145
-0.0176554
-0.0144252
-0.0115441
-0.00901136
-0.00684805
-0.00496657
-0.00353045
-0.00199917
-0.00151234
-0.0828558
-0.0854676
-0.0866885
-0.0879457
-0.0892409
-0.0903271
-0.0911243
-0.0916385
-0.091872
-0.0918127
-0.0914472
-0.0907657
-0.0897618
-0.0884315
-0.0867732
-0.0847886
-0.082483
-0.0798652
-0.0769482
-0.0737488
-0.0702884
-0.0665924
-0.0626908
-0.0586178
-0.0544112
-0.0501126
-0.0457662
-0.0414187
-0.0371176
-0.0329106
-0.0288441
-0.024962
-0.0213038
-0.0179043
-0.0147892
-0.0119814
-0.0094788
-0.00731119
-0.00538219
-0.00388301
-0.00223037
-0.00164775
-0.0740753
-0.0765534
-0.0778095
-0.0791003
-0.0804303
-0.0815805
-0.0824773
-0.0831238
-0.0835204
-0.0836547
-0.0835132
-0.0830851
-0.082363
-0.0813414
-0.0800175
-0.0783908
-0.0764643
-0.0742445
-0.0717413
-0.0689683
-0.0659433
-0.0626878
-0.0592275
-0.055592
-0.0518145
-0.0479317
-0.0439832
-0.0400107
-0.0360573
-0.0321668
-0.0283819
-0.0247437
-0.0212897
-0.0180532
-0.0150594
-0.0123325
-0.00987001
-0.0077078
-0.0057447
-0.00419034
-0.00243677
-0.0017557
-0.0660329
-0.0683721
-0.0696416
-0.0709445
-0.0722869
-0.0734757
-0.0744438
-0.0751921
-0.0757194
-0.0760134
-0.0760605
-0.0758496
-0.0753723
-0.074622
-0.0735947
-0.0722881
-0.0707033
-0.0688443
-0.0667186
-0.0643367
-0.061713
-0.0588654
-0.0558157
-0.0525893
-0.0492149
-0.0457247
-0.0421536
-0.038539
-0.0349197
-0.0313353
-0.027825
-0.0244271
-0.0211765
-0.0181053
-0.0152377
-0.0125985
-0.0101852
-0.00803782
-0.0060534
-0.00445263
-0.00261737
-0.00183887
-0.0586751
-0.0608742
-0.062141
-0.0634395
-0.0647771
-0.0659842
-0.0670004
-0.0678246
-0.0684547
-0.0688786
-0.069083
-0.0690564
-0.06879
-0.0682763
-0.0675099
-0.0664878
-0.0652089
-0.0636752
-0.0618917
-0.0598664
-0.0576106
-0.0551389
-0.0524694
-0.0496235
-0.0466259
-0.0435045
-0.04029
-0.0370154
-0.0337152
-0.0304254
-0.0271816
-0.0240188
-0.0209698
-0.0180649
-0.0153272
-0.0127815
-0.0104256
-0.00830201
-0.00630834
-0.00467058
-0.00277166
-0.00189981
-0.0519517
-0.0540127
-0.0552647
-0.0565465
-0.0578662
-0.0590759
-0.0601211
-0.0609998
-0.0617089
-0.0622369
-0.0625707
-0.062699
-0.0626126
-0.0623035
-0.0617654
-0.0609943
-0.0599875
-0.0587451
-0.0572702
-0.0555684
-0.053648
-0.0515208
-0.0492014
-0.0467077
-0.0440607
-0.0412842
-0.0384048
-0.0354514
-0.0324549
-0.029447
-0.0264603
-0.0235266
-0.0206761
-0.0179371
-0.0153318
-0.0128845
-0.0105933
-0.00850196
-0.00651037
-0.00484535
-0.00289962
-0.00194096
-0.0458163
-0.0477434
-0.0489717
-0.0502278
-0.0515201
-0.05272
-0.0537791
-0.0546944
-0.0554625
-0.0560723
-0.0565113
-0.0567686
-0.0568346
-0.0567011
-0.0563613
-0.0558097
-0.0550433
-0.0540605
-0.0528621
-0.0514519
-0.0498357
-0.0480225
-0.046024
-0.0438546
-0.041532
-0.0390763
-0.0365104
-0.0338592
-0.0311499
-0.0284108
-0.0256707
-0.0229588
-0.0203024
-0.0177282
-0.0152567
-0.0129116
-0.0106914
-0.00864005
-0.00666104
-0.00497857
-0.00300171
-0.00196458
-0.0402261
-0.0420245
-0.0432231
-0.0444472
-0.0457052
-0.046886
-0.047947
-0.0488846
-0.0496948
-0.0503675
-0.0508909
-0.0512541
-0.0514479
-0.0514639
-0.0512946
-0.0509343
-0.0503791
-0.0496258
-0.0486738
-0.047525
-0.0461831
-0.0446546
-0.0429484
-0.0410763
-0.0390524
-0.0368937
-0.0346194
-0.0322511
-0.0298122
-0.0273277
-0.0248232
-0.0223247
-0.0198572
-0.0174452
-0.0151077
-0.0128677
-0.0107237
-0.00871942
-0.0067626
-0.00507235
-0.00307878
-0.00197275
-0.0351416
-0.0368179
-0.0379826
-0.0391705
-0.0403894
-0.0415445
-0.0425981
-0.0435462
-0.0443849
-0.0451046
-0.0456942
-0.0461435
-0.0464435
-0.0465856
-0.0465625
-0.0463677
-0.0459958
-0.0454443
-0.0447107
-0.0437948
-0.0426988
-0.0414269
-0.0399858
-0.0383844
-0.0366342
-0.0347489
-0.0327446
-0.0306395
-0.0284539
-0.0262093
-0.0239284
-0.0216343
-0.0193494
-0.017096
-0.0148919
-0.0127585
-0.010695
-0.00874399
-0.00681797
-0.0051292
-0.00313208
-0.00196747
-0.0305267
-0.0320879
-0.0332163
-0.0343653
-0.0355425
-0.036667
-0.0377061
-0.0386556
-0.0395115
-0.0402649
-0.0409056
-0.041424
-0.0418111
-0.0420588
-0.0421594
-0.042106
-0.0418923
-0.0415185
-0.0409771
-0.0402675
-0.0393905
-0.0383486
-0.0371464
-0.0357903
-0.0342893
-0.0326544
-0.0308986
-0.0290374
-0.0270876
-0.0250679
-0.0229981
-0.0208983
-0.0187888
-0.0166896
-0.0146168
-0.0125909
-0.0106109
-0.00871835
-0.00683069
-0.00515204
-0.00316319
-0.00195059
-0.0263487
-0.0278021
-0.028893
-0.030002
-0.031136
-0.0322268
-0.0332462
-0.03419
-0.0350542
-0.0358305
-0.0365094
-0.0370822
-0.0375402
-0.0378755
-0.0380808
-0.0381494
-0.0380761
-0.0378517
-0.0374769
-0.0369485
-0.0362654
-0.0354284
-0.0344401
-0.033305
-0.0320297
-0.0306227
-0.0290945
-0.0274575
-0.0257261
-0.023916
-0.0220441
-0.0201282
-0.0181859
-0.0162353
-0.0142911
-0.0123721
-0.0104778
-0.00864776
-0.00680489
-0.00514418
-0.00317401
-0.00192389
-0.0225776
-0.0239311
-0.0249842
-0.0260529
-0.0271435
-0.0281991
-0.0291953
-0.0301281
-0.0309933
-0.0317836
-0.0324903
-0.033105
-0.0336197
-0.0340268
-0.0343189
-0.0344893
-0.0345318
-0.0344404
-0.0342117
-0.0338422
-0.0333298
-0.0326742
-0.0318764
-0.0309392
-0.029867
-0.0286661
-0.0273449
-0.0259132
-0.0243827
-0.0227665
-0.0210791
-0.0193357
-0.0175519
-0.0157435
-0.0139239
-0.0121104
-0.0103024
-0.00853808
-0.00674518
-0.0051093
-0.00316671
-0.00188909
-0.0191868
-0.0204482
-0.0214641
-0.0224934
-0.0235413
-0.0245609
-0.0255318
-0.0264497
-0.0273107
-0.028108
-0.0288336
-0.0294799
-0.0300393
-0.0305045
-0.0308684
-0.0311243
-0.0312659
-0.0312877
-0.0311846
-0.0309529
-0.0305898
-0.0300938
-0.0294645
-0.0287032
-0.0278125
-0.0267971
-0.0256628
-0.0244175
-0.0230705
-0.0216326
-0.0201159
-0.0185334
-0.0168984
-0.015225
-0.013525
-0.0118144
-0.0100926
-0.00839571
-0.00665668
-0.00505138
-0.00314374
-0.00184789
-0.0161527
-0.0173299
-0.0183099
-0.019301
-0.0203077
-0.0212919
-0.0222363
-0.0231368
-0.0239895
-0.0247883
-0.025526
-0.0261953
-0.0267893
-0.027301
-0.0277237
-0.0280506
-0.0282757
-0.0283931
-0.0283976
-0.028285
-0.0280515
-0.0276947
-0.0272133
-0.0266073
-0.0258778
-0.0250277
-0.0240611
-0.0229838
-0.0218032
-0.0205279
-0.0191679
-0.017734
-0.0162376
-0.0146911
-0.0131049
-0.0114934
-0.00985626
-0.00822751
-0.0065449
-0.00497469
-0.00310773
-0.00180193
-0.0134546
-0.0145555
-0.0155013
-0.0164563
-0.017424
-0.0183739
-0.0192916
-0.0201733
-0.0210151
-0.0218113
-0.0225555
-0.0232409
-0.0238612
-0.0244096
-0.0248798
-0.0252652
-0.0255597
-0.0257576
-0.0258535
-0.0258426
-0.0257206
-0.0254844
-0.0251319
-0.0246618
-0.0240742
-0.0233703
-0.0225527
-0.0216257
-0.0205946
-0.0194662
-0.0182485
-0.0169506
-0.0155821
-0.0141537
-0.0126743
-0.0111573
-0.00960203
-0.00804076
-0.00641572
-0.00488375
-0.00306154
-0.00175285
-0.011075
-0.0121075
-0.0130214
-0.0139426
-0.014874
-0.0157915
-0.0166833
-0.0175456
-0.0183747
-0.0191656
-0.0199121
-0.0206082
-0.0212478
-0.0218248
-0.0223328
-0.0227658
-0.0231177
-0.0233826
-0.0235551
-0.02363
-0.0236033
-0.0234708
-0.0232295
-0.0228773
-0.0224132
-0.0218373
-0.0211509
-0.0203567
-0.0194584
-0.0184613
-0.0173717
-0.0161968
-0.0149448
-0.0136248
-0.0122445
-0.0108161
-0.00933882
-0.00784305
-0.00627529
-0.00478328
-0.00300814
-0.00170229
-0.00899956
-0.00997161
-0.0108561
-0.0117465
-0.0126447
-0.0135322
-0.0143994
-0.0152426
-0.0160585
-0.016842
-0.0175879
-0.0182904
-0.0189439
-0.0195426
-0.0200805
-0.0205517
-0.0209503
-0.0212704
-0.0215066
-0.0216536
-0.0217071
-0.0216623
-0.0215157
-0.0212644
-0.0209067
-0.0204415
-0.019869
-0.0191907
-0.018409
-0.0175277
-0.0165514
-0.0154863
-0.0143388
-0.0131168
-0.011827
-0.0104802
-0.00907582
-0.00764227
-0.00612999
-0.00467816
-0.00295068
-0.00165184
-0.00721741
-0.00813687
-0.00899495
-0.00985781
-0.0107263
-0.0115867
-0.0124313
-0.0132566
-0.0140592
-0.0148345
-0.0155777
-0.0162835
-0.0169466
-0.0175615
-0.0181225
-0.018624
-0.01906
-0.019425
-0.0197133
-0.0199193
-0.0200397
-0.0200683
-0.020001
-0.0198348
-0.0195671
-0.019196
-0.0187209
-0.018142
-0.0174608
-0.0166797
-0.0158022
-0.0148331
-0.0137777
-0.0126426
-0.0114336
-0.0101605
-0.00882246
-0.00744643
-0.00598636
-0.00457339
-0.00289234
-0.00160309
-0.00572113
-0.00659597
-0.00743104
-0.00826993
-0.00911273
-0.0099494
-0.0107739
-0.0115829
-0.012373
-0.0131401
-0.0138795
-0.0145864
-0.0152558
-0.0158825
-0.016461
-0.016986
-0.0174517
-0.0178527
-0.0181834
-0.0184387
-0.0186118
-0.0186995
-0.0186972
-0.018601
-0.0184077
-0.0181148
-0.0177209
-0.0172254
-0.0166287
-0.0159323
-0.0151387
-0.0142516
-0.0132751
-0.012215
-0.0110762
-0.0098675
-0.00858827
-0.0072637
-0.00585103
-0.00447399
-0.0028364
-0.00155758
-0.00450813
-0.00534641
-0.00616214
-0.006981
-0.00780233
-0.0086191
-0.00942656
-0.0102215
-0.0110006
-0.0117598
-0.0124951
-0.0132017
-0.013875
-0.0145099
-0.0151013
-0.0156439
-0.0161322
-0.0165606
-0.0169237
-0.0172161
-0.0174322
-0.0175673
-0.0176168
-0.0175765
-0.0174429
-0.0172129
-0.0168844
-0.0164564
-0.0159283
-0.0153009
-0.014576
-0.0137561
-0.0128448
-0.0118469
-0.0107667
-0.00961223
-0.00838279
-0.00710221
-0.0057306
-0.00438494
-0.00278606
-0.00151683
-0.00357877
-0.004389
-0.00518959
-0.00599285
-0.00679747
-0.00759868
-0.0083927
-0.00917641
-0.00994651
-0.0106993
-0.0114307
-0.0121364
-0.0128119
-0.0134524
-0.0140528
-0.014608
-0.0151126
-0.0155612
-0.0159483
-0.0162685
-0.0165164
-0.016687
-0.0167755
-0.0167774
-0.0166888
-0.0165065
-0.0162279
-0.0158513
-0.0153758
-0.0148015
-0.0141294
-0.0133616
-0.0125009
-0.0115515
-0.0105172
-0.00940542
-0.0082155
-0.00697002
-0.00563163
-0.00431119
-0.00274434
-0.00148197
-0.0029436
-0.00373413
-0.00452388
-0.00531604
-0.00610885
-0.00689903
-0.00768346
-0.00845909
-0.00922266
-0.00997058
-0.010699
-0.0114037
-0.0120802
-0.012724
-0.0133302
-0.0138936
-0.0144089
-0.0148709
-0.015274
-0.0156128
-0.015882
-0.0160765
-0.0161912
-0.0162217
-0.0161638
-0.016014
-0.0157694
-0.015428
-0.0149885
-0.0144506
-0.013815
-0.0130831
-0.0122575
-0.0113418
-0.0103395
-0.00925764
-0.00809561
-0.00687493
-0.00556062
-0.00425772
-0.0027151
-0.00145257
-0.00261063
-0.00339178
-0.00417634
-0.00496313
-0.00575016
-0.00653489
-0.00731453
-0.00808611
-0.00884637
-0.00959181
-0.0103186
-0.0110228
-0.0116998
-0.0123453
-0.0129543
-0.0135218
-0.0140426
-0.0145113
-0.0149226
-0.015271
-0.0155511
-0.0157578
-0.0158861
-0.0159312
-0.0158891
-0.015756
-0.015529
-0.0152059
-0.0147851
-0.0142661
-0.0136493
-0.0129362
-0.0121289
-0.0112308
-0.0102453
-0.0091791
-0.00803198
-0.00682399
-0.00552399
-0.00422798
-0.00270645
-0.00142643
-0.339628
-0.342338
-0.34504
-0.347915
-0.351153
-0.354802
-0.359463
-0.36997
-0.385104
-0.326964
-0.332259
-0.337722
-0.343527
-0.349838
-0.356601
-0.364297
-0.377164
-0.389781
-0.31025
-0.316555
-0.322926
-0.329485
-0.336344
-0.343417
-0.351121
-0.363303
-0.375484
-0.290649
-0.297556
-0.304554
-0.31175
-0.319244
-0.326971
-0.335285
-0.347482
-0.359876
-0.271322
-0.278661
-0.286125
-0.293798
-0.301758
-0.309939
-0.318596
-0.330429
-0.342551
-0.25215
-0.259609
-0.267204
-0.275005
-0.283075
-0.291365
-0.300077
-0.311397
-0.323157
-0.233283
-0.240633
-0.248125
-0.255819
-0.263771
-0.27195
-0.280522
-0.291208
-0.302386
-0.215045
-0.222133
-0.229358
-0.236771
-0.244422
-0.252295
-0.260527
-0.270429
-0.280792
-0.197602
-0.204321
-0.211164
-0.218172
-0.225388
-0.232808
-0.240548
-0.249567
-0.258965
-0.181052
-0.187342
-0.193736
-0.200269
-0.206974
-0.213856
-0.22101
-0.229106
-0.237473
-0.165458
-0.171292
-0.17721
-0.183237
-0.1894
-0.195709
-0.202239
-0.209425
-0.21678
-0.150842
-0.156218
-0.161658
-0.167181
-0.172807
-0.178546
-0.184456
-0.190793
-0.197216
-0.137204
-0.142136
-0.147115
-0.152154
-0.157267
-0.162465
-0.167789
-0.173366
-0.178974
-0.124524
-0.129035
-0.133579
-0.138165
-0.142803
-0.147503
-0.15229
-0.157207
-0.162124
-0.112769
-0.116888
-0.121028
-0.125197
-0.1294
-0.133649
-0.137956
-0.142308
-0.146651
-0.101898
-0.105654
-0.109423
-0.113211
-0.117022
-0.120864
-0.124744
-0.128616
-0.132484
-0.0918641
-0.0952861
-0.0987166
-0.102158
-0.105614
-0.109093
-0.112593
-0.116054
-0.119525
-0.0826166
-0.0857334
-0.0888545
-0.0919818
-0.095118
-0.0982694
-0.101432
-0.104539
-0.107671
-0.074104
-0.0769422
-0.0797818
-0.0826238
-0.0854706
-0.0883276
-0.091188
-0.0939864
-0.0968233
-0.0662761
-0.0688604
-0.0714437
-0.0740268
-0.0766116
-0.0792028
-0.0817916
-0.0843171
-0.0868933
-0.0590839
-0.0614371
-0.0637875
-0.0661355
-0.0684828
-0.0708334
-0.0731776
-0.0754597
-0.0778022
-0.0546244
-0.0567631
-0.0588978
-0.06103
-0.0631627
-0.065286
-0.0673499
-0.0694811
-0.0483772
-0.0503238
-0.0522651
-0.0542023
-0.0561379
-0.0580616
-0.0599295
-0.0618687
-0.0426539
-0.0444265
-0.0461925
-0.0479532
-0.0497105
-0.0514542
-0.0531458
-0.0549105
-0.0374157
-0.0390307
-0.0406384
-0.0422395
-0.0438358
-0.0454173
-0.0469506
-0.0485565
-0.0326272
-0.0340999
-0.0355646
-0.0370218
-0.038473
-0.0399085
-0.0412999
-0.0427615
-0.0282558
-0.0296001
-0.0309359
-0.0322636
-0.0335842
-0.0348888
-0.0361531
-0.0374838
-0.0242718
-0.0255006
-0.0267204
-0.0279317
-0.0291351
-0.0303225
-0.0314734
-0.0326856
-0.0206479
-0.0217729
-0.0228887
-0.0239957
-0.0250942
-0.0261768
-0.0272266
-0.0283318
-0.0173597
-0.0183918
-0.0194145
-0.0204281
-0.0214328
-0.0224222
-0.0233821
-0.0243909
-0.014385
-0.015334
-0.0162735
-0.0172039
-0.0181252
-0.0190317
-0.0199119
-0.0208342
-0.0117041
-0.012579
-0.0134447
-0.0143011
-0.0151483
-0.0159814
-0.0167913
-0.0176362
-0.00929948
-0.0101088
-0.0109089
-0.0116999
-0.0124817
-0.0132502
-0.0139981
-0.0147743
-0.00715606
-0.00790751
-0.00864996
-0.00938339
-0.0101077
-0.0108195
-0.0115133
-0.0122286
-0.00526098
-0.00596182
-0.00665386
-0.00733707
-0.00801129
-0.00867387
-0.00932055
-0.00998275
-0.00360392
-0.00426093
-0.00490939
-0.00554924
-0.0061803
-0.00680054
-0.00740681
-0.00802304
-0.00217701
-0.00279667
-0.00340805
-0.00401106
-0.00460554
-0.00518996
-0.00576211
-0.00633932
-0.000975153
-0.00156366
-0.00214419
-0.00271663
-0.00328081
-0.00383567
-0.00437973
-0.0049247
3.08078e-06
-0.000560414
-0.00111624
-0.00166428
-0.00220435
-0.00273577
-0.00325762
-0.00377706
0.000757477
0.000212972
-0.000324228
-0.000853979
-0.00137613
-0.00189028
-0.00239588
-0.00289668
0.0012772
0.000745385
0.000220558
-0.000297138
-0.000807568
-0.00131051
-0.00180573
-0.00229459
0.0015636
0.00103795
0.000518741
6.11746e-06
-0.000499789
-0.000998839
-0.00149092
-0.00197624
0.00158013
0.00105447
0.00053525
2.26108e-05
-0.000483314
-0.000982385
-0.00147449
-0.00195984
0.00129384
0.00076201
0.000237171
-0.00028054
-0.000790988
-0.00129395
-0.00178919
-0.00227808
0.000774317
0.000229804
-0.000307407
-0.000837172
-0.00135934
-0.0018735
-0.00237913
-0.00287995
2.022e-05
-0.000543282
-0.00109912
-0.00164716
-0.00218725
-0.0027187
-0.00324056
-0.00376002
-0.000957622
-0.00154613
-0.00212667
-0.00269912
-0.00326331
-0.00381819
-0.00436226
-0.00490726
-0.002159
-0.00277865
-0.00339004
-0.00399306
-0.00458755
-0.00517198
-0.00574415
-0.00632137
-0.00358532
-0.00424233
-0.0048908
-0.00553065
-0.00616172
-0.00678197
-0.00738826
-0.0080045
-0.00524172
-0.00594255
-0.00663459
-0.0073178
-0.00799202
-0.00865461
-0.00930131
-0.00996351
-0.00713601
-0.00788746
-0.0086299
-0.00936334
-0.0100876
-0.0107995
-0.0114932
-0.0122086
-0.00927856
-0.0100879
-0.010888
-0.011679
-0.0124608
-0.0132292
-0.0139772
-0.0147533
-0.0116822
-0.0125571
-0.0134227
-0.0142792
-0.0151264
-0.0159595
-0.0167694
-0.0176143
-0.014362
-0.0153109
-0.0162505
-0.0171809
-0.0181022
-0.0190086
-0.0198889
-0.0208112
-0.0173355
-0.0183675
-0.0193902
-0.0204038
-0.0214085
-0.0223979
-0.0233578
-0.0243666
-0.0194882
-0.0206223
-0.0217474
-0.0228632
-0.0239701
-0.0250685
-0.0261512
-0.0272009
-0.0283061
-0.0230071
-0.0242447
-0.0254735
-0.0266933
-0.0279046
-0.029108
-0.0302954
-0.0314462
-0.0326584
-0.0268743
-0.0282271
-0.0295715
-0.0309072
-0.0322349
-0.0335555
-0.03486
-0.0361244
-0.037455
-0.0311161
-0.0325968
-0.0340695
-0.0355341
-0.0369913
-0.0384425
-0.039878
-0.0412694
-0.0427309
-0.035761
-0.0373834
-0.0389984
-0.040606
-0.0422071
-0.0438034
-0.0453849
-0.0469182
-0.048524
-0.0408404
-0.0426195
-0.044392
-0.0461581
-0.0479187
-0.049676
-0.0514197
-0.0531114
-0.054876
-0.0463883
-0.0483405
-0.0502871
-0.0522284
-0.0541655
-0.0561011
-0.0580249
-0.0598929
-0.0618321
-0.0524422
-0.0545852
-0.0567239
-0.0588586
-0.0609907
-0.0631236
-0.0652469
-0.0673109
-0.069442
-0.059042
-0.0613952
-0.0637456
-0.0660936
-0.068441
-0.0707916
-0.0731358
-0.075418
-0.0777605
-0.0662313
-0.0688156
-0.0713989
-0.073982
-0.0765668
-0.079158
-0.0817469
-0.0842724
-0.0868485
-0.074056
-0.0768942
-0.0797337
-0.0825757
-0.0854225
-0.0882795
-0.0911399
-0.0939384
-0.0967751
-0.0825651
-0.0856819
-0.088803
-0.0919302
-0.0950663
-0.0982176
-0.10138
-0.104487
-0.107619
-0.0918088
-0.0952307
-0.0986611
-0.102103
-0.105559
-0.109037
-0.112537
-0.115998
-0.119468
-0.101839
-0.105594
-0.109364
-0.113151
-0.116962
-0.120804
-0.124683
-0.128554
-0.132421
-0.112705
-0.116823
-0.120964
-0.125132
-0.129335
-0.133583
-0.137889
-0.14224
-0.146583
-0.124455
-0.128966
-0.13351
-0.138095
-0.142732
-0.147431
-0.152218
-0.157133
-0.162049
-0.13713
-0.142062
-0.14704
-0.152079
-0.157191
-0.162388
-0.167711
-0.173287
-0.178892
-0.150763
-0.156139
-0.161579
-0.167101
-0.172725
-0.178464
-0.184372
-0.190708
-0.197129
-0.165373
-0.171207
-0.177125
-0.183151
-0.189314
-0.195623
-0.202151
-0.209336
-0.216689
-0.180963
-0.187252
-0.193647
-0.200179
-0.206884
-0.213766
-0.22092
-0.229014
-0.237381
-0.197508
-0.204227
-0.211071
-0.21808
-0.225296
-0.232717
-0.240457
-0.249476
-0.258875
-0.214948
-0.222037
-0.229263
-0.236678
-0.244329
-0.252204
-0.260438
-0.270341
-0.280708
-0.233185
-0.240537
-0.248031
-0.255727
-0.263681
-0.271863
-0.280438
-0.291127
-0.30231
-0.252052
-0.259514
-0.267112
-0.274917
-0.28299
-0.291284
-0.3
-0.311325
-0.323092
-0.271229
-0.278571
-0.286038
-0.293716
-0.301681
-0.309866
-0.318528
-0.330366
-0.342497
-0.290562
-0.297474
-0.304476
-0.311676
-0.319176
-0.326909
-0.335228
-0.347432
-0.359836
-0.310173
-0.316483
-0.322859
-0.329423
-0.336287
-0.343366
-0.351076
-0.363265
-0.375456
-0.326897
-0.332197
-0.337665
-0.343475
-0.349792
-0.35656
-0.364263
-0.377138
-0.389766
-0.339573
-0.342287
-0.344992
-0.347871
-0.351114
-0.354767
-0.359434
-0.369947
-0.385092
-0.00259426
-0.00337547
-0.0041601
-0.00494697
-0.00573409
-0.00651892
-0.00729869
-0.00807039
-0.00883081
-0.00957641
-0.0103034
-0.0110077
-0.011685
-0.0123307
-0.01294
-0.0135078
-0.0140289
-0.0144979
-0.0149096
-0.0152583
-0.0155388
-0.0157459
-0.0158746
-0.0159202
-0.0158785
-0.0157459
-0.0155194
-0.0151968
-0.0147765
-0.0142581
-0.0136419
-0.0129294
-0.0121226
-0.0112252
-0.0102403
-0.00917469
-0.00802822
-0.00682087
-0.00552153
-0.00422619
-0.00270535
-0.00142603
-0.00292712
-0.00371771
-0.00450753
-0.00529978
-0.00609268
-0.00688296
-0.00766751
-0.00844327
-0.00920699
-0.00995508
-0.0106837
-0.0113886
-0.0120654
-0.0127094
-0.0133158
-0.0138795
-0.0143951
-0.0148574
-0.0152609
-0.0156001
-0.0158697
-0.0160645
-0.0161797
-0.0162106
-0.0161532
-0.0160038
-0.0157598
-0.0154189
-0.0149799
-0.0144426
-0.0138075
-0.0130762
-0.0122512
-0.0113362
-0.0103345
-0.00925324
-0.00809185
-0.00687182
-0.00555816
-0.00425594
-0.00271401
-0.00145216
-0.00356208
-0.00437236
-0.00517303
-0.00597637
-0.00678108
-0.00758241
-0.00837655
-0.0091604
-0.00993066
-0.0106836
-0.0114152
-0.0121212
-0.0127969
-0.0134376
-0.0140383
-0.0145938
-0.0150988
-0.0155477
-0.0159352
-0.0162557
-0.016504
-0.016675
-0.0167639
-0.0167662
-0.0166781
-0.0164963
-0.0162183
-0.0158422
-0.0153672
-0.0147935
-0.0141219
-0.0133547
-0.0124947
-0.0115459
-0.0105122
-0.00940104
-0.00821175
-0.00696692
-0.00562919
-0.00430942
-0.00274326
-0.00148157
-0.00449111
-0.00532946
-0.00614527
-0.00696422
-0.00778564
-0.00860253
-0.00941013
-0.0102052
-0.0109844
-0.0117439
-0.0124794
-0.0131862
-0.0138597
-0.0144949
-0.0150867
-0.0156296
-0.0161182
-0.016547
-0.0169106
-0.0172033
-0.0174198
-0.0175553
-0.0176052
-0.0175654
-0.0174322
-0.0172027
-0.0168748
-0.0164472
-0.0159197
-0.0152929
-0.0145685
-0.0137493
-0.0128386
-0.0118413
-0.0107617
-0.00960788
-0.00837907
-0.00709914
-0.00572819
-0.00438319
-0.00278499
-0.00151644
-0.0057037
-0.0065786
-0.00741375
-0.00825274
-0.00909565
-0.00993245
-0.0107571
-0.0115663
-0.0123566
-0.0131238
-0.0138634
-0.0145706
-0.0152402
-0.0158672
-0.0164461
-0.0169714
-0.0174375
-0.0178389
-0.0181702
-0.0184263
-0.0185994
-0.0186874
-0.0186855
-0.0185897
-0.0183969
-0.0181046
-0.0177112
-0.0172163
-0.0166201
-0.0159243
-0.0151313
-0.0142447
-0.0132689
-0.0122094
-0.0110712
-0.00986319
-0.00858459
-0.00726067
-0.00584865
-0.00447226
-0.00283534
-0.0015572
-0.00719947
-0.00811898
-0.00897716
-0.00984013
-0.0107088
-0.0115693
-0.012414
-0.0132395
-0.0140423
-0.0148178
-0.0155612
-0.0162673
-0.0169307
-0.0175459
-0.0181072
-0.018609
-0.0190454
-0.0194108
-0.0196993
-0.0199053
-0.0200266
-0.0200558
-0.0199891
-0.0198234
-0.0195562
-0.0191857
-0.0187111
-0.0181328
-0.0174522
-0.0166717
-0.0157949
-0.0148264
-0.0137716
-0.0126371
-0.0114287
-0.0101562
-0.00881883
-0.00744345
-0.00598402
-0.00457169
-0.00289131
-0.00160272
-0.008981
-0.00995312
-0.0108377
-0.0117282
-0.0126266
-0.0135142
-0.0143815
-0.015225
-0.0160411
-0.0168248
-0.0175709
-0.0182737
-0.0189276
-0.0195266
-0.0200649
-0.0205364
-0.0209354
-0.0212559
-0.0214925
-0.02164
-0.0216939
-0.0216497
-0.0215036
-0.0212529
-0.0208957
-0.020431
-0.0198592
-0.0191815
-0.0184004
-0.0175197
-0.0165441
-0.0154796
-0.0143327
-0.0131114
-0.0118222
-0.010476
-0.00907225
-0.00763933
-0.00612769
-0.00467651
-0.00294967
-0.00165149
-0.0110557
-0.0120883
-0.0130023
-0.0139237
-0.0148552
-0.0157729
-0.0166648
-0.0175273
-0.0183567
-0.0191478
-0.0198946
-0.020591
-0.021231
-0.0218083
-0.0223168
-0.0227502
-0.0231024
-0.0233678
-0.0235408
-0.0236163
-0.02359
-0.023458
-0.0232172
-0.0228656
-0.0224021
-0.0218268
-0.0211411
-0.0203475
-0.0194498
-0.0184534
-0.0173643
-0.0161901
-0.0149387
-0.0136194
-0.0122397
-0.0108119
-0.00933532
-0.00784018
-0.00627304
-0.00478167
-0.00300717
-0.00170196
-0.0134345
-0.0145355
-0.0154814
-0.0164365
-0.0174044
-0.0183545
-0.0192725
-0.0201544
-0.0209964
-0.021793
-0.0225374
-0.0232233
-0.0238439
-0.0243927
-0.0248633
-0.0252492
-0.0255441
-0.0257424
-0.0258386
-0.0258282
-0.0257069
-0.0254714
-0.0251195
-0.02465
-0.024063
-0.0233597
-0.0225429
-0.0216165
-0.020586
-0.0194583
-0.0182412
-0.016944
-0.0155762
-0.0141484
-0.0126696
-0.0111532
-0.00959862
-0.00803796
-0.00641354
-0.00488219
-0.00306059
-0.00175255
-0.0161316
-0.0173089
-0.0182891
-0.0192804
-0.0202873
-0.0212717
-0.0222163
-0.0231171
-0.0239701
-0.0247693
-0.0255073
-0.026177
-0.0267715
-0.0272837
-0.0277068
-0.0280343
-0.0282598
-0.0283777
-0.0283826
-0.0282705
-0.0280376
-0.0276815
-0.0272008
-0.0265954
-0.0258666
-0.0250171
-0.0240512
-0.0229746
-0.0217947
-0.0205201
-0.0191607
-0.0177275
-0.0162318
-0.014686
-0.0131003
-0.0114895
-0.00985295
-0.0082248
-0.0065428
-0.00497319
-0.00310683
-0.00180165
-0.0191647
-0.0204262
-0.0214423
-0.0224718
-0.0235199
-0.0245398
-0.0255109
-0.0264291
-0.0272905
-0.0280881
-0.0288142
-0.0294609
-0.0300208
-0.0304866
-0.0308512
-0.0311077
-0.03125
-0.0312723
-0.0311696
-0.0309384
-0.0305759
-0.0300804
-0.0294518
-0.0286911
-0.0278012
-0.0267864
-0.0256529
-0.0244083
-0.0230621
-0.0216249
-0.0201089
-0.018527
-0.0168927
-0.01522
-0.0135206
-0.0118106
-0.0100894
-0.0083931
-0.00665466
-0.00504995
-0.00314288
-0.00184764
-0.0225543
-0.0239079
-0.0249613
-0.0260302
-0.0271211
-0.0281769
-0.0291734
-0.0301065
-0.0309722
-0.0317629
-0.03247
-0.0330852
-0.0336006
-0.0340084
-0.0343014
-0.0344728
-0.0345162
-0.034425
-0.0341966
-0.0338274
-0.0333156
-0.0326606
-0.0318635
-0.030927
-0.0298556
-0.0286555
-0.027335
-0.0259041
-0.0243743
-0.0227589
-0.0210722
-0.0193295
-0.0175463
-0.0157387
-0.0139196
-0.0121067
-0.0102994
-0.00853559
-0.00674325
-0.00510795
-0.0031659
-0.00188888
-0.0263241
-0.0277777
-0.0288688
-0.0299781
-0.0311123
-0.0322035
-0.0332232
-0.0341674
-0.0350319
-0.0358087
-0.0364882
-0.0370614
-0.0375201
-0.0378562
-0.0380625
-0.0381329
-0.0380631
-0.0378364
-0.0374613
-0.0369333
-0.0362508
-0.0354146
-0.034427
-0.0332928
-0.0320183
-0.0306121
-0.0290847
-0.0274486
-0.0257179
-0.0239086
-0.0220374
-0.0201222
-0.0181806
-0.0162306
-0.014287
-0.0123686
-0.0104748
-0.0086454
-0.00680306
-0.00514291
-0.00317324
-0.00192371
-0.0305008
-0.032062
-0.0331908
-0.0343401
-0.0355176
-0.0366424
-0.0376818
-0.0386317
-0.0394881
-0.040242
-0.0408832
-0.0414021
-0.0417897
-0.0420379
-0.0421386
-0.0420848
-0.0418689
-0.0414991
-0.0409596
-0.0402513
-0.0393754
-0.0383345
-0.0371331
-0.035778
-0.0342779
-0.0326438
-0.030889
-0.0290285
-0.0270796
-0.0250607
-0.0229916
-0.0208925
-0.0187837
-0.0166851
-0.0146129
-0.0125876
-0.0106082
-0.00871612
-0.00682898
-0.00515085
-0.00316248
-0.00195045
-0.0351141
-0.0367905
-0.0379556
-0.0391438
-0.0403631
-0.0415185
-0.0425725
-0.0435211
-0.0443603
-0.0450805
-0.0456707
-0.0461206
-0.0464211
-0.0465638
-0.046541
-0.0463464
-0.0459749
-0.045425
-0.0446928
-0.0437782
-0.0426833
-0.0414125
-0.0399724
-0.0383721
-0.0366228
-0.0347384
-0.032735
-0.0306309
-0.0284461
-0.0262023
-0.0239222
-0.0216287
-0.0193445
-0.0170918
-0.0148882
-0.0127554
-0.0106924
-0.00874191
-0.00681638
-0.0051281
-0.00313143
-0.00196738
-0.0401969
-0.0419955
-0.0431944
-0.044419
-0.0456773
-0.0468586
-0.0479201
-0.0488582
-0.049669
-0.0503423
-0.0508662
-0.0512302
-0.0514247
-0.0514413
-0.0512729
-0.0509134
-0.050359
-0.0496067
-0.0486559
-0.0475082
-0.0461674
-0.0446401
-0.042935
-0.041064
-0.0390411
-0.0368834
-0.0346101
-0.0322427
-0.0298047
-0.0273209
-0.0248172
-0.0223194
-0.0198526
-0.0174412
-0.0151043
-0.0128648
-0.0107213
-0.00871751
-0.00676113
-0.00507136
-0.00307819
-0.00197271
-0.0457852
-0.0477125
-0.0489412
-0.0501979
-0.0514906
-0.052691
-0.0537507
-0.0546666
-0.0554353
-0.0560458
-0.0564856
-0.0567436
-0.0568105
-0.0566779
-0.056339
-0.0557885
-0.0550231
-0.0540413
-0.052844
-0.0514349
-0.04982
-0.048008
-0.0460106
-0.0438424
-0.0415209
-0.0390662
-0.0365013
-0.0338511
-0.0311427
-0.0284044
-0.0256651
-0.0229539
-0.0202982
-0.0177245
-0.0152535
-0.0129089
-0.0106892
-0.00863831
-0.00665971
-0.00497769
-0.00300118
-0.00196458
-0.0519186
-0.0539798
-0.0552323
-0.0565147
-0.057835
-0.0590452
-0.0600911
-0.0609705
-0.0616803
-0.0622091
-0.0625438
-0.0626731
-0.0625876
-0.0622795
-0.0617424
-0.0609725
-0.0599667
-0.0587256
-0.0572519
-0.0555513
-0.0536322
-0.0515063
-0.0491881
-0.0466956
-0.0440498
-0.0412744
-0.038396
-0.0354437
-0.032448
-0.029441
-0.0264551
-0.023522
-0.0206721
-0.0179338
-0.015329
-0.0128821
-0.0105914
-0.00850041
-0.00650919
-0.00484457
-0.00289916
-0.00194102
-0.0586398
-0.0608391
-0.0621065
-0.0634058
-0.0647439
-0.0659517
-0.0669687
-0.0677937
-0.0684246
-0.0688495
-0.0690548
-0.0690293
-0.0687639
-0.0682514
-0.0674862
-0.0664653
-0.0651877
-0.0636553
-0.0618731
-0.0598492
-0.0575948
-0.0551244
-0.0524562
-0.0496116
-0.0466152
-0.043495
-0.0402816
-0.037008
-0.0337088
-0.0304198
-0.0271768
-0.0240147
-0.0209663
-0.0180619
-0.0153246
-0.0127794
-0.0104239
-0.00830065
-0.00630731
-0.00466992
-0.00277126
-0.00189993
-0.0659952
-0.0683345
-0.0696049
-0.0709086
-0.0722517
-0.0734413
-0.0744103
-0.0751595
-0.0756878
-0.0759829
-0.0760311
-0.0758213
-0.0753452
-0.0745962
-0.0735702
-0.072265
-0.0706816
-0.0688241
-0.0666998
-0.0643193
-0.0616971
-0.058851
-0.0558027
-0.0525776
-0.0492045
-0.0457156
-0.0421457
-0.0385321
-0.0349137
-0.0313302
-0.0278207
-0.0244234
-0.0211734
-0.0181027
-0.0152355
-0.0125967
-0.0101837
-0.00803665
-0.00605251
-0.00445209
-0.00261704
-0.00183904
-0.0740348
-0.0765133
-0.0777703
-0.0790621
-0.0803929
-0.081544
-0.0824418
-0.0830894
-0.0834871
-0.0836227
-0.0834823
-0.0830556
-0.0823349
-0.0813147
-0.0799922
-0.078367
-0.0764421
-0.0742239
-0.0717222
-0.0689509
-0.0659274
-0.0626735
-0.0592147
-0.0555806
-0.0518045
-0.0479231
-0.0439757
-0.0400043
-0.0360519
-0.0321622
-0.0283781
-0.0247405
-0.021287
-0.0180509
-0.0150576
-0.012331
-0.00986879
-0.00770684
-0.00574397
-0.00418991
-0.00243651
-0.00175593
-0.0828123
-0.0854244
-0.0866466
-0.0879048
-0.0892011
-0.0902883
-0.0910866
-0.0916021
-0.0918369
-0.0917789
-0.0914149
-0.0907349
-0.0897326
-0.0884038
-0.0867471
-0.0847642
-0.0824602
-0.0798442
-0.0769289
-0.0737312
-0.0702725
-0.0665782
-0.0626782
-0.0586067
-0.0544016
-0.0501044
-0.0457593
-0.0414129
-0.0371128
-0.0329066
-0.0288408
-0.0249593
-0.0213017
-0.0179025
-0.0147878
-0.0119802
-0.00947783
-0.00731044
-0.00538162
-0.00388271
-0.00223016
-0.00164804
-0.0923842
-0.0951182
-0.0962774
-0.0974743
-0.0987075
-0.0996995
-0.100364
-0.100712
-0.100747
-0.100457
-0.0998303
-0.0988576
-0.0975338
-0.0958564
-0.0938256
-0.0914455
-0.0887236
-0.0856715
-0.0823054
-0.0786455
-0.074717
-0.0705497
-0.0661781
-0.061641
-0.0569814
-0.0522459
-0.0474838
-0.0427465
-0.0380862
-0.0335545
-0.0292016
-0.0250738
-0.0212129
-0.0176541
-0.0144241
-0.0115433
-0.00901065
-0.00684751
-0.00496615
-0.00353026
-0.00199902
-0.00151268
-0.102809
-0.105643
-0.106704
-0.107804
-0.108939
-0.109797
-0.110288
-0.110427
-0.11022
-0.109656
-0.108724
-0.107416
-0.105728
-0.10366
-0.101214
-0.0983955
-0.0952157
-0.0916887
-0.087834
-0.0836757
-0.0792431
-0.0745706
-0.0696972
-0.0646672
-0.0595286
-0.0543335
-0.0491363
-0.0439936
-0.0389621
-0.0340977
-0.0294537
-0.025079
-0.0210171
-0.0173036
-0.0139655
-0.01102
-0.00846796
-0.00631891
-0.00449904
-0.00313288
-0.00174466
-0.00134712
-0.114142
-0.117043
-0.117962
-0.118922
-0.119913
-0.120592
-0.120863
-0.120746
-0.12025
-0.119366
-0.118083
-0.116394
-0.114298
-0.111795
-0.108891
-0.105593
-0.101915
-0.0978735
-0.0934926
-0.0888001
-0.0838296
-0.0786201
-0.0732161
-0.0676669
-0.0620262
-0.0563517
-0.0507033
-0.0451425
-0.0397309
-0.0345283
-0.0295911
-0.0249706
-0.0207118
-0.0168498
-0.0134121
-0.0104114
-0.00785142
-0.0057263
-0.00398251
-0.00269135
-0.00146918
-0.00114867
-0.126435
-0.129349
-0.130074
-0.130842
-0.131636
-0.132082
-0.132079
-0.131654
-0.130819
-0.129566
-0.127883
-0.125766
-0.123216
-0.120234
-0.116828
-0.113008
-0.108791
-0.104197
-0.0992533
-0.0939917
-0.0884506
-0.0826741
-0.076712
-0.0706193
-0.0644556
-0.058284
-0.0521703
-0.0461812
-0.0403828
-0.0348387
-0.0296086
-0.0247454
-0.0202952
-0.0162925
-0.0127648
-0.0097192
-0.00716358
-0.00507209
-0.00341956
-0.00220695
-0.00117526
-0.000914763
-0.139719
-0.142571
-0.143044
-0.14356
-0.144094
-0.144244
-0.14391
-0.143121
-0.141893
-0.140218
-0.138085
-0.135493
-0.132441
-0.128936
-0.124985
-0.120603
-0.115807
-0.110623
-0.105081
-0.0992171
-0.093075
-0.0867037
-0.0801587
-0.0735008
-0.0667956
-0.0601123
-0.0535222
-0.0470972
-0.040908
-0.0350219
-0.0295013
-0.0244006
-0.0197667
-0.0156325
-0.0120258
-0.00894614
-0.0064079
-0.00435941
-0.00281387
-0.0016814
-0.0008661
-0.000643111
-0.153997
-0.156682
-0.156847
-0.157046
-0.157247
-0.157034
-0.156304
-0.155093
-0.153417
-0.151267
-0.148634
-0.145518
-0.141919
-0.137846
-0.13331
-0.128325
-0.122914
-0.117105
-0.110932
-0.104436
-0.0976652
-0.0906747
-0.0835253
-0.0762841
-0.0690228
-0.0618166
-0.0547425
-0.0478776
-0.0412969
-0.0350712
-0.0292653
-0.0239346
-0.0191266
-0.0148715
-0.0111981
-0.00809587
-0.00558865
-0.00359205
-0.00216977
-0.00111689
-0.000545368
-0.000331803
-0.169223
-0.171604
-0.171415
-0.171231
-0.171021
-0.17037
-0.169182
-0.167491
-0.165311
-0.162634
-0.159452
-0.155765
-0.151577
-0.146895
-0.141734
-0.136111
-0.130051
-0.123585
-0.116753
-0.109599
-0.102177
-0.0945475
-0.0867771
-0.0789391
-0.0711115
-0.0633756
-0.0558142
-0.0485092
-0.0415401
-0.0349805
-0.0288974
-0.0233467
-0.0183761
-0.0140124
-0.0102856
-0.00717285
-0.00471091
-0.0027744
-0.00149221
-0.000515972
-0.000217166
2.05937e-05
-0.185277
-0.187194
-0.186628
-0.186001
-0.185298
-0.184138
-0.182429
-0.180202
-0.177467
-0.174214
-0.170438
-0.166138
-0.16132
-0.155993
-0.150173
-0.143881
-0.137144
-0.129997
-0.122482
-0.114651
-0.106561
-0.0982777
-0.0898752
-0.0814326
-0.0730341
-0.0647671
-0.0567199
-0.0489793
-0.0416287
-0.0347445
-0.0283954
-0.0226371
-0.0175176
-0.013059
-0.00929322
-0.00618233
-0.00378046
-0.00191136
-0.000786626
0.00011842
0.00011406
0.000414955
-0.20195
-0.203227
-0.202304
-0.201189
-0.199915
-0.198178
-0.195895
-0.193083
-0.189747
-0.185876
-0.181466
-0.176517
-0.171037
-0.165035
-0.15853
-0.151544
-0.144109
-0.136262
-0.12805
-0.119529
-0.11076
-0.101817
-0.0927784
-0.08373
-0.0747623
-0.0659686
-0.0574425
-0.0492757
-0.0415549
-0.034359
-0.0277583
-0.0218074
-0.0165545
-0.012016
-0.0082268
-0.00513029
-0.00280372
-0.00100832
-5.88585e-05
0.000783041
0.000443688
0.000851456
-0.218926
-0.2194
-0.2182
-0.216576
-0.214663
-0.212295
-0.209397
-0.205964
-0.201988
-0.197465
-0.19239
-0.186765
-0.180598
-0.1739
-0.166692
-0.158999
-0.150853
-0.142297
-0.133382
-0.124166
-0.114718
-0.105116
-0.0954448
-0.0857968
-0.0762684
-0.0669586
-0.0579664
-0.0493876
-0.0413125
-0.0338217
-0.0269865
-0.0208604
-0.0154916
-0.0108892
-0.00709302
-0.00402339
-0.00178767
-7.10151e-05
0.00068493
0.00147439
0.000767024
0.00132955
-0.235792
-0.235346
-0.234025
-0.231898
-0.229297
-0.226263
-0.222727
-0.218645
-0.214006
-0.208808
-0.203049
-0.196731
-0.189864
-0.18246
-0.174542
-0.166136
-0.157279
-0.148016
-0.1384
-0.128495
-0.118376
-0.108125
-0.0978341
-0.0876004
-0.0775268
-0.0677181
-0.0582782
-0.0493069
-0.0408974
-0.0331319
-0.0260825
-0.0198007
-0.0143349
-0.00968558
-0.00589943
-0.00286892
-0.000739777
0.000894518
0.00143838
0.00218873
0.00107941
0.001848
-0.252061
-0.250671
-0.249462
-0.24687
-0.243556
-0.239846
-0.235665
-0.230924
-0.22561
-0.219727
-0.213276
-0.206262
-0.198693
-0.190586
-0.181963
-0.172853
-0.163295
-0.153335
-0.143033
-0.132456
-0.121683
-0.110802
-0.0999106
-0.0891126
-0.0785165
-0.0682322
-0.0583683
-0.0490284
-0.0403084
-0.0322916
-0.0250507
-0.0186342
-0.0130918
-0.00841304
-0.00465438
-0.00167468
0.000332111
0.00188202
0.00219504
0.00292219
0.00137632
0.00240494
-0.267222
-0.265007
-0.264208
-0.26121
-0.257186
-0.252815
-0.247997
-0.242601
-0.236613
-0.230048
-0.222911
-0.215209
-0.206952
-0.198157
-0.188847
-0.179053
-0.168815
-0.158183
-0.147218
-0.135994
-0.124593
-0.11311
-0.101646
-0.0903121
-0.079222
-0.0684909
-0.0582317
-0.0485512
-0.0395479
-0.0313055
-0.0238976
-0.017369
-0.011771
-0.0070805
-0.00336691
-0.000448907
0.00141992
0.00288511
0.00294852
0.00367076
0.00165353
0.00299794
-0.28081
-0.278067
-0.278017
-0.274678
-0.269969
-0.264969
-0.259537
-0.253497
-0.246847
-0.239617
-0.231816
-0.223449
-0.214529
-0.205074
-0.195106
-0.184659
-0.173772
-0.162501
-0.150908
-0.13907
-0.127075
-0.115023
-0.103021
-0.0911858
-0.0796356
-0.0684909
-0.0578686
-0.0478786
-0.0386216
-0.0301814
-0.0226323
-0.0160147
-0.0103825
-0.00569772
-0.00204662
0.000799876
0.00251549
0.00389744
0.00369262
0.00443038
0.00190715
0.00362413
-0.292486
-0.289708
-0.290735
-0.287106
-0.281747
-0.276162
-0.270139
-0.263473
-0.256185
-0.248318
-0.239882
-0.230886
-0.221341
-0.211264
-0.200678
-0.189617
-0.178122
-0.166251
-0.154069
-0.141657
-0.129109
-0.116528
-0.104028
-0.0917293
-0.0797569
-0.068235
-0.0572848
-0.0470186
-0.037539
-0.0289298
-0.021266
-0.0145828
-0.00893787
-0.00427546
-0.00070378
0.0020627
0.0036104
0.00491245
0.00442119
0.0051969
0.00213352
0.00428033
-0.3021
-0.299973
-0.302328
-0.298404
-0.292432
-0.286297
-0.279701
-0.272428
-0.264531
-0.256063
-0.247035
-0.237454
-0.227328
-0.216676
-0.205519
-0.19389
-0.181834
-0.169409
-0.156684
-0.143744
-0.130686
-0.11762
-0.104665
-0.0919454
-0.0795915
-0.0677317
-0.0564906
-0.0459831
-0.0363134
-0.0275645
-0.0198128
-0.013087
-0.00745046
-0.00282629
0.000649766
0.00332933
0.00469524
0.00592287
0.00512762
0.00596576
0.00232901
0.00496297
-0.309672
-0.309128
-0.312894
-0.308566
-0.301985
-0.295314
-0.288149
-0.28029
-0.271822
-0.262799
-0.253229
-0.243114
-0.232463
-0.221288
-0.209613
-0.197469
-0.184903
-0.171974
-0.158755
-0.145336
-0.131817
-0.118313
-0.104948
-0.0918512
-0.0791579
-0.0670002
-0.055506
-0.0447918
-0.0349639
-0.026104
-0.0182901
-0.0115434
-0.00593493
-0.00136307
0.00200261
0.0045903
0.00576185
0.00692226
0.0058069
0.0067324
0.00249195
0.00566761
-0.315646
-0.31772
-0.322753
-0.3178
-0.310567
-0.303335
-0.29559
-0.287168
-0.278171
-0.268644
-0.258587
-0.247995
-0.236872
-0.225228
-0.213085
-0.200474
-0.187444
-0.174056
-0.160387
-0.14653
-0.13259
-0.118686
-0.104948
-0.0915105
-0.0785116
-0.0660878
-0.05437
-0.0434766
-0.0335155
-0.0245668
-0.0167107
-0.00995981
-0.00439485
0.000113999
0.00335718
0.00584928
0.00681537
0.00791408
0.00646453
0.00749576
0.00262861
0.00638929
-0.320951
-0.326583
-0.332511
-0.326746
-0.318791
-0.310891
-0.302504
-0.293512
-0.284004
-0.274001
-0.263485
-0.252445
-0.240877
-0.228789
-0.2162
-0.203143
-0.189668
-0.175839
-0.161737
-0.147459
-0.133115
-0.11883
-0.104737
-0.090976
-0.0776901
-0.0650188
-0.053096
-0.0420415
-0.0319648
-0.0229438
-0.0150614
-0.00832017
-0.00281253
0.00162315
0.00473143
0.00712278
0.00787057
0.00890993
0.00710989
0.00826066
0.00274154
0.00712948
-0.327746
-0.337663
-0.341636
-0.334569
-0.325739
-0.316983
-0.307862
-0.298284
-0.288279
-0.277825
-0.266884
-0.255434
-0.243465
-0.230981
-0.218
-0.204557
-0.190703
-0.176505
-0.162048
-0.147432
-0.132772
-0.118195
-0.10384
-0.0898482
-0.0763664
-0.063536
-0.0514925
-0.0403554
-0.0302354
-0.0212062
-0.0133545
-0.00666907
-0.00125961
0.00307765
0.00602424
0.0083154
0.00882428
0.00983972
0.00765454
0.00901338
0.00274757
0.00791167
-0.36277
-0.351655
-0.343385
-0.334238
-0.324727
-0.315479
-0.306041
-0.296269
-0.286138
-0.275593
-0.264586
-0.253087
-0.241083
-0.228575
-0.215582
-0.20214
-0.188298
-0.174126
-0.159708
-0.145144
-0.130548
-0.116048
-0.10178
-0.0878867
-0.0745113
-0.0617944
-0.0498706
-0.0388571
-0.0288657
-0.0199646
-0.0122476
-0.00568586
-0.000416446
0.00382033
0.00661588
0.00886945
0.00918554
0.010303
0.00777968
0.00953238
0.00251284
0.00859158
-0.369977
-0.356757
-0.344229
-0.334318
-0.324458
-0.314869
-0.305185
-0.29523
-0.284938
-0.27424
-0.263084
-0.251441
-0.239298
-0.226661
-0.213549
-0.200002
-0.186073
-0.171832
-0.157365
-0.142775
-0.128177
-0.113697
-0.0994724
-0.0856434
-0.0723528
-0.0597384
-0.0479325
-0.0370491
-0.027198
-0.0184423
-0.0108768
-0.00446263
0.000652862
0.00475561
0.00739712
0.00955318
0.00970106
0.0108002
0.00803862
0.00994564
0.00245794
0.00907629
-0.369602
-0.356414
-0.343202
-0.333423
-0.323575
-0.313865
-0.304064
-0.293996
-0.283584
-0.272758
-0.261468
-0.249688
-0.23741
-0.224643
-0.211411
-0.197756
-0.183735
-0.16942
-0.154901
-0.140281
-0.125675
-0.111213
-0.0970292
-0.0832641
-0.0700585
-0.0575483
-0.0458631
-0.0351137
-0.0254069
-0.0168022
-0.00939247
-0.00313305
0.00182524
0.00578265
0.00826987
0.0103068
0.0102947
0.0113324
0.00836416
0.0103441
0.00247607
0.00952719
-0.36803
-0.354835
-0.341604
-0.332087
-0.322346
-0.312603
-0.302749
-0.292609
-0.282108
-0.27118
-0.259781
-0.247889
-0.2355
-0.222627
-0.209299
-0.195558
-0.181465
-0.167096
-0.15254
-0.137902
-0.123301
-0.108863
-0.0947237
-0.0810233
-0.0679009
-0.0554902
-0.0439188
-0.0332948
-0.0237226
-0.0152583
-0.00799353
-0.00187831
0.0029334
0.00675465
0.00909745
0.011022
0.0108597
0.011839
0.00867599
0.0107257
0.00249685
0.00996247
-0.365483
-0.352704
-0.339815
-0.330531
-0.320907
-0.311172
-0.30129
-0.291096
-0.280518
-0.2695
-0.258002
-0.246009
-0.233521
-0.220555
-0.207141
-0.193327
-0.179176
-0.164764
-0.150183
-0.13554
-0.120952
-0.106547
-0.0924611
-0.0788314
-0.0657966
-0.0534884
-0.0420323
-0.0315339
-0.0220953
-0.0137697
-0.00664725
-0.00067322
0.00399534
0.00768418
0.0098867
0.0117031
0.0113957
0.0123212
0.00896966
0.0110927
0.0025122
0.0103852
-0.362231
-0.350046
-0.337775
-0.328744
-0.319269
-0.309582
-0.299698
-0.289467
-0.278826
-0.267726
-0.256139
-0.244054
-0.231475
-0.218422
-0.204932
-0.191054
-0.176853
-0.162407
-0.14781
-0.133168
-0.118602
-0.104237
-0.0902092
-0.0766555
-0.0637127
-0.0515106
-0.0401726
-0.0298018
-0.0204981
-0.0123117
-0.00533157
0.000501748
0.00502843
0.00858601
0.0106508
0.0123605
0.0119122
0.0127843
0.00925178
0.0114449
0.00252748
0.0107931
-0.358645
-0.347092
-0.335536
-0.326761
-0.317456
-0.307851
-0.297987
-0.287736
-0.277045
-0.265877
-0.254211
-0.242043
-0.229383
-0.216255
-0.202698
-0.188764
-0.174521
-0.160049
-0.145443
-0.130811
-0.116271
-0.101952
-0.0879878
-0.0745139
-0.0616658
-0.0495717
-0.0383527
-0.0281097
-0.0189405
-0.0108923
-0.00405282
0.0016416
0.00602893
0.00945743
0.011388
0.0129928
0.0124089
0.0132275
0.00952292
0.0117808
0.00254417
0.0111837
-0.354917
-0.344015
-0.333179
-0.324643
-0.315514
-0.30601
-0.296182
-0.285924
-0.275196
-0.263971
-0.252238
-0.239998
-0.227267
-0.214074
-0.200459
-0.18648
-0.172204
-0.157715
-0.143108
-0.128491
-0.113985
-0.0997161
-0.0858184
-0.0724268
-0.059675
-0.0476893
-0.036589
-0.0264725
-0.0174357
-0.00952316
-0.00282132
0.00273746
0.00698932
0.0102922
0.0120933
0.013596
0.0128827
0.0136485
0.00978138
0.012099
0.00256167
0.0115556
-0.351152
-0.340907
-0.330759
-0.322443
-0.313488
-0.304093
-0.294311
-0.284057
-0.273303
-0.262033
-0.250243
-0.237942
-0.225151
-0.211902
-0.19824
-0.184224
-0.169924
-0.155425
-0.140823
-0.126229
-0.11176
-0.0975458
-0.0837177
-0.07041
-0.0577549
-0.0458772
-0.0348938
-0.0249016
-0.015994
-0.00821355
-0.00164514
0.00378234
0.0079036
0.0110853
0.0127624
0.0141669
0.0133309
0.0140452
0.0100256
0.0123982
0.00257938
0.0119071
-0.347424
-0.337832
-0.328324
-0.320208
-0.31142
-0.302135
-0.292405
-0.282164
-0.271393
-0.260088
-0.248252
-0.235901
-0.223059
-0.209764
-0.196064
-0.18202
-0.167703
-0.153201
-0.138611
-0.124044
-0.109617
-0.0954598
-0.0817027
-0.0684793
-0.0559201
-0.0441484
-0.0332793
-0.0234076
-0.0146251
-0.00697188
-0.000531638
0.00476993
0.00876642
0.0118324
0.0133918
0.0147026
0.0137512
0.014416
0.0102546
0.0126773
0.00259696
0.0122365
-0.343973
-0.334867
-0.325916
-0.317983
-0.309352
-0.300175
-0.290499
-0.280276
-0.269498
-0.258167
-0.246296
-0.233904
-0.221021
-0.207689
-0.193959
-0.179894
-0.165568
-0.151069
-0.136496
-0.121958
-0.107577
-0.0934774
-0.0797916
-0.0666513
-0.0541859
-0.0425169
-0.031758
-0.022002
-0.0133388
-0.00580688
0.000511622
0.0056938
0.00957241
0.0125289
0.0139779
0.0152003
0.0141416
0.0147592
0.0104669
0.0129351
0.0026141
0.0125423
-0.340515
-0.332039
-0.323587
-0.315814
-0.307326
-0.298251
-0.288631
-0.27843
-0.267651
-0.256303
-0.244404
-0.23198
-0.219066
-0.205705
-0.191953
-0.177874
-0.163544
-0.149053
-0.1345
-0.119996
-0.10566
-0.0916187
-0.0780028
-0.0649431
-0.0525679
-0.040997
-0.0303426
-0.020696
-0.0121454
-0.00472738
0.00147704
0.00654751
0.0103162
0.0131707
0.0145172
0.0156572
0.0144998
0.0150732
0.0106617
0.0131704
0.00263048
0.0128229
-0.337345
-0.329452
-0.321396
-0.313746
-0.305386
-0.296405
-0.286837
-0.276662
-0.265887
-0.254529
-0.242611
-0.230163
-0.217225
-0.203843
-0.190075
-0.175987
-0.161659
-0.147179
-0.132649
-0.118179
-0.103888
-0.0899038
-0.076355
-0.063372
-0.0510817
-0.0396028
-0.029046
-0.019501
-0.0110547
-0.00374201
0.0023572
0.00732481
0.0109925
0.0137534
0.0150063
0.0160708
0.014824
0.0153565
0.0108378
0.0133824
0.00264584
0.0130766
-0.334526
-0.326743
-0.319337
-0.311826
-0.303574
-0.294677
-0.285159
-0.275009
-0.264242
-0.25288
-0.240949
-0.228484
-0.215529
-0.202132
-0.188353
-0.174262
-0.159938
-0.145472
-0.130966
-0.116529
-0.102283
-0.0883522
-0.0748663
-0.0619544
-0.0497424
-0.0383479
-0.0278802
-0.0184278
-0.0100762
-0.00285902
0.00314504
0.00801974
0.0115965
0.014273
0.0154421
0.0164387
0.0151121
0.0156078
0.0109942
0.0135701
0.00265989
0.0133021
-0.332258
-0.324447
-0.317486
-0.310091
-0.301931
-0.293107
-0.283634
-0.273509
-0.262753
-0.251389
-0.239451
-0.226975
-0.214008
-0.200601
-0.186816
-0.172725
-0.158408
-0.143957
-0.129474
-0.11507
-0.100864
-0.0869825
-0.0735537
-0.0607059
-0.0485642
-0.0372451
-0.0268568
-0.0174866
-0.00921894
-0.00208613
0.00383396
0.00862678
0.0121235
0.0147258
0.0158214
0.0167585
0.0153625
0.0158257
0.0111301
0.0137326
0.0026724
0.0134981
-0.329587
-0.322809
-0.315916
-0.308577
-0.300498
-0.291734
-0.282298
-0.272196
-0.261451
-0.25009
-0.238148
-0.225666
-0.21269
-0.199278
-0.185491
-0.171401
-0.157092
-0.142656
-0.128194
-0.113819
-0.09965
-0.085812
-0.0724331
-0.0596412
-0.0475603
-0.0363063
-0.0259863
-0.0166867
-0.00849093
-0.00143036
0.004418
0.00914092
0.0125695
0.0151087
0.0161419
0.0170282
0.0155736
0.0160091
0.0112446
0.0138691
0.00268316
0.0136633
-0.327617
-0.321326
-0.314584
-0.307316
-0.299305
-0.29059
-0.281186
-0.271105
-0.260369
-0.249012
-0.237069
-0.224582
-0.211603
-0.198187
-0.184399
-0.170313
-0.156012
-0.141589
-0.127146
-0.112796
-0.0986575
-0.0848558
-0.0715186
-0.0587728
-0.0467423
-0.0355418
-0.0252779
-0.0160362
-0.00789935
-0.000897846
0.00489192
0.00955781
0.0129309
0.0154186
0.0164011
0.0172462
0.0157442
0.016157
0.011337
0.0139792
0.00269199
0.0137968
-0.32618
-0.320169
-0.313551
-0.306342
-0.298382
-0.289704
-0.280325
-0.270259
-0.259534
-0.24818
-0.236236
-0.223749
-0.210767
-0.197349
-0.183562
-0.169479
-0.155185
-0.140773
-0.126345
-0.112015
-0.0979003
-0.0841269
-0.0708218
-0.0581117
-0.0461197
-0.0349604
-0.0247395
-0.0155421
-0.00745015
-0.000493719
0.00525138
0.00987382
0.0132047
0.0156532
0.0165973
0.017411
0.0158731
0.0162687
0.0114068
0.0140622
0.00269874
0.0138977
-0.325208
-0.319381
-0.312848
-0.305681
-0.297754
-0.2891
-0.279738
-0.269683
-0.258964
-0.247614
-0.235671
-0.223182
-0.2102
-0.196782
-0.182995
-0.168915
-0.154626
-0.140221
-0.125804
-0.111487
-0.0973893
-0.0836351
-0.0703519
-0.0576661
-0.0457003
-0.0345688
-0.024377
-0.0152095
-0.00714795
-0.000221944
0.00549302
0.0100862
0.0133885
0.0158107
0.0167289
0.0175215
0.0159596
0.0163435
0.0114537
0.0141178
0.00270331
0.0139653
-0.324717
-0.318983
-0.312492
-0.305346
-0.297436
-0.288795
-0.279441
-0.269392
-0.258676
-0.247327
-0.235385
-0.222896
-0.209913
-0.196495
-0.182709
-0.168631
-0.154344
-0.139943
-0.125532
-0.111221
-0.0971319
-0.0833875
-0.0701154
-0.0574417
-0.0454892
-0.0343717
-0.0241945
-0.0150421
-0.0069959
-8.52317e-05
0.00561455
0.0101929
0.0134809
0.0158898
0.016795
0.017577
0.016003
0.016381
0.0114772
0.0141456
0.00270561
0.0139993
)
;

boundaryField
{
    inlet
    {
        type            zeroGradient;
    }
    outlet
    {
        type            fixedValue;
        value           uniform 0;
    }
    cylinder
    {
        type            zeroGradient;
    }
    top
    {
        type            symmetryPlane;
    }
    bottom
    {
        type            symmetryPlane;
    }
    defaultFaces
    {
        type            empty;
    }
    procBoundary1to0
    {
        type            processor;
        value           nonuniform List<scalar> 
133
(
-0.43016
-0.43016
-0.440252
-0.450695
-0.448127
-0.448127
-0.457371
-0.453774
-0.453774
-0.447882
-0.447882
-0.455418
-0.446882
-0.446882
-0.437212
-0.437212
-0.426502
-0.426502
-0.413912
-0.413912
-0.397747
-0.397747
-0.385286
-0.385286
-0.398425
-0.385263
-0.385263
-0.416928
-0.413923
-0.413923
-0.426525
-0.426525
-0.437244
-0.437244
-0.446921
-0.446921
-0.455462
-0.447922
-0.447922
-0.453816
-0.453816
-0.457413
-0.448165
-0.448165
-0.450731
-0.440284
-0.440284
-0.336752
-0.321691
-0.303914
-0.283747
-0.26404
-0.244771
-0.226027
-0.208054
-0.190972
-0.17484
-0.159686
-0.145514
-0.132307
-0.120037
-0.108667
-0.0981533
-0.0884481
-0.0795024
-0.0712657
-0.0636898
-0.0567271
-0.0524813
-0.0524813
-0.046425
-0.0408747
-0.0357932
-0.0311465
-0.0269029
-0.0230341
-0.0195137
-0.0163185
-0.0134269
-0.01082
-0.00848117
-0.00639578
-0.00455155
-0.00293855
-0.00154926
-0.000378847
0.000574077
0.00130913
0.00181586
0.00209557
0.0021121
0.00183251
0.00132598
0.00059122
-0.000361313
-0.00153125
-0.00291996
-0.00453228
-0.00637575
-0.00846027
-0.0107982
-0.0134039
-0.0162943
-0.0162943
-0.0183453
-0.0217608
-0.025513
-0.0296274
-0.0341311
-0.0390545
-0.0444303
-0.0502944
-0.0566853
-0.063645
-0.0712177
-0.0794509
-0.0883928
-0.0980939
-0.108603
-0.119968
-0.132233
-0.145435
-0.159602
-0.17475
-0.190878
-0.207956
-0.225927
-0.244671
-0.263943
-0.283656
-0.303832
-0.321619
-0.336694
)
;
    }
}


// ************************************************************************* //
