/*--------------------------------*- C++ -*----------------------------------*\
  =========                 |
  \\      /  F ield         | OpenFOAM: The Open Source CFD Toolbox
   \\    /   O peration     | Website:  https://openfoam.org
    \\  /    A nd           | Version:  7
     \\/     M anipulation  |
\*---------------------------------------------------------------------------*/
FoamFile
{
    version     2.0;
    format      ascii;
    class       labelList;
    note        "nPoints: 17268 nCells: 8330 nFaces: 33623 nInternalFaces: 16357";
    location    "constant/polyMesh";
    object      neighbour;
}
// * * * * * * * * * * * * * * * * * * * * * * * * * * * * * * * * * * * * * //


16357
(
1
2
3
4
5
6
7
7
8
9
9
10
11
11
12
13
13
15
14
16
17
16
18
17
19
20
19
22
20
23
21
24
25
23
26
24
27
25
28
29
27
30
28
31
29
32
33
31
35
32
36
33
37
34
38
39
36
40
37
41
38
42
39
43
44
41
46
42
47
43
48
44
49
45
50
51
47
53
48
54
49
55
50
56
51
57
52
58
59
54
60
55
61
56
62
57
63
58
64
59
65
66
61
68
62
69
63
70
64
71
65
72
66
73
67
74
75
69
77
70
78
71
79
72
80
73
81
74
82
75
83
76
84
85
78
87
79
88
80
89
81
90
82
91
83
92
84
93
85
94
86
95
96
88
98
89
99
90
100
91
101
92
102
93
103
94
104
95
105
96
106
97
107
108
99
110
100
111
101
112
102
113
103
114
104
115
105
116
106
117
107
118
108
119
109
120
121
111
123
112
124
113
125
114
126
115
127
116
128
117
129
118
130
119
131
120
132
121
133
122
134
135
124
137
125
138
126
139
127
140
128
141
129
142
130
143
131
144
132
145
133
146
134
147
135
148
136
149
150
2128
138
151
139
152
140
153
141
154
142
155
143
156
144
157
145
158
146
159
147
160
148
161
149
162
150
163
164
2127
152
165
153
166
154
167
155
168
156
169
157
170
158
171
159
172
160
173
161
174
162
175
163
176
164
177
178
2126
166
179
167
180
168
181
169
182
170
183
171
184
172
185
173
186
174
187
175
188
176
189
177
190
178
191
192
2125
180
193
181
194
182
195
183
196
184
197
185
198
186
199
187
200
188
201
189
202
190
203
191
204
192
205
206
2124
194
207
195
208
196
209
197
210
198
211
199
212
200
213
201
214
202
215
203
216
204
217
205
218
206
219
220
2123
208
221
209
222
210
223
211
224
212
225
213
226
214
227
215
228
216
229
217
230
218
231
219
232
220
233
234
2122
222
235
223
236
224
237
225
238
226
239
227
240
228
241
229
242
230
243
231
244
232
245
233
246
234
247
248
2121
236
249
237
250
238
251
239
252
240
253
241
254
242
255
243
256
244
257
245
258
246
259
247
260
248
261
262
2120
250
263
251
264
252
265
253
266
254
267
255
268
256
269
257
270
258
271
259
272
260
273
261
274
262
275
276
2119
264
277
265
278
266
279
267
280
268
281
269
282
270
283
271
284
272
285
273
286
274
287
275
288
276
289
290
2118
278
291
279
292
280
293
281
294
282
295
283
296
284
297
285
298
286
299
287
300
288
301
289
302
290
303
304
2609
292
305
293
306
294
307
295
308
296
309
297
310
298
311
299
312
300
313
301
314
302
315
303
316
304
317
318
2608
306
319
307
320
308
321
309
322
310
323
311
324
312
325
313
326
314
327
315
328
316
329
317
330
318
331
332
2607
320
333
321
334
322
335
323
336
324
337
325
338
326
339
327
340
328
341
329
342
330
343
331
344
332
345
346
2606
334
347
335
348
336
349
337
350
338
351
339
352
340
353
341
354
342
355
343
356
344
357
345
358
346
359
360
2605
348
361
349
362
350
363
351
364
352
365
353
366
354
367
355
368
356
369
357
370
358
371
359
372
360
373
374
2604
362
375
363
376
364
377
365
378
366
379
367
380
368
381
369
382
370
383
371
384
372
385
373
386
374
387
388
2603
376
389
377
390
378
391
379
392
380
393
381
394
382
395
383
396
384
397
385
398
386
399
387
400
388
401
402
2602
390
403
391
404
392
405
393
406
394
407
395
408
396
409
397
410
398
411
399
412
400
413
401
414
402
415
416
2601
404
417
405
418
406
419
407
420
408
421
409
422
410
423
411
424
412
425
413
426
414
427
415
428
416
429
430
2600
418
431
419
432
420
433
421
434
422
435
423
436
424
437
425
438
426
439
427
440
428
441
429
442
430
443
444
2599
432
445
433
446
434
447
435
448
436
449
437
450
438
451
439
452
440
453
441
454
442
455
443
456
444
457
458
2598
446
459
447
460
448
461
449
462
450
463
451
464
452
465
453
466
454
467
455
468
456
469
457
470
458
471
472
2597
460
473
461
474
462
475
463
476
464
477
465
478
466
479
467
480
468
481
469
482
470
483
471
484
472
485
486
2596
474
487
475
488
476
489
477
490
478
491
479
492
480
493
481
494
482
495
483
496
484
497
485
498
486
499
500
2595
488
501
489
502
490
503
491
504
492
505
493
506
494
507
495
508
496
509
497
510
498
511
499
512
500
513
514
2594
502
515
503
516
504
517
505
518
506
519
507
520
508
521
509
522
510
523
511
524
512
525
513
526
514
527
528
2593
516
529
517
530
518
531
519
532
520
533
521
534
522
535
523
536
524
537
525
538
526
539
527
540
528
541
542
2592
530
543
531
544
532
545
533
546
534
547
535
548
536
549
537
550
538
551
539
552
540
553
541
554
542
555
556
2591
544
557
545
558
546
559
547
560
548
561
549
562
550
563
551
564
552
565
553
566
554
567
555
568
556
569
570
2590
558
571
559
572
560
573
561
574
562
575
563
576
564
577
565
578
566
579
567
580
568
581
569
582
570
583
584
2589
572
585
573
586
574
587
575
588
576
589
577
590
578
591
579
592
580
593
581
594
582
595
583
596
584
597
598
2588
586
599
587
600
588
601
589
602
590
603
591
604
592
605
593
606
594
607
595
608
596
609
597
610
598
611
612
2587
600
613
601
614
602
615
603
616
604
617
605
618
606
619
607
620
608
621
609
622
610
623
611
624
612
625
626
2586
614
627
615
628
616
629
617
630
618
631
619
632
620
633
621
634
622
635
623
636
624
637
625
638
626
639
640
2585
628
641
629
642
630
643
631
644
632
645
633
646
634
647
635
648
636
649
637
650
638
651
639
652
640
653
654
2584
642
655
643
656
644
657
645
658
646
659
647
660
648
661
649
662
650
663
651
664
652
665
653
666
654
667
668
2583
656
669
657
670
658
671
659
672
660
673
661
674
662
675
663
676
664
677
665
678
666
679
667
680
668
681
682
2582
670
683
671
684
672
685
673
686
674
687
675
688
676
689
677
690
678
691
679
692
680
693
681
694
682
695
696
5227
684
697
685
698
686
699
687
700
688
701
689
702
690
703
691
704
692
705
693
706
694
707
695
708
696
709
710
5206
698
711
699
712
700
713
701
714
702
715
703
716
704
717
705
718
706
719
707
720
708
721
709
722
710
723
724
5185
712
725
713
726
714
727
715
728
716
729
717
730
718
731
719
732
720
733
721
734
722
735
723
736
724
737
738
5164
726
739
727
740
728
741
729
742
730
743
731
744
732
745
733
746
734
747
735
748
736
749
737
750
738
751
752
5143
740
753
741
754
742
755
743
756
744
757
745
758
746
759
747
760
748
761
749
762
750
763
751
764
752
765
766
5122
754
767
755
768
756
769
757
770
758
771
759
772
760
773
761
774
762
775
763
776
764
777
765
778
766
779
780
5101
768
781
769
782
770
783
771
784
772
785
773
786
774
787
775
788
776
789
777
790
778
791
779
792
780
793
794
5080
782
795
783
796
784
797
785
798
786
799
787
800
788
801
789
802
790
803
791
804
792
805
793
806
794
807
808
5059
796
809
797
810
798
811
799
812
800
813
801
814
802
815
803
816
804
817
805
818
806
819
807
820
808
821
822
5038
810
823
811
824
812
825
813
826
814
827
815
828
816
829
817
830
818
831
819
832
820
833
821
834
822
835
836
5017
824
837
825
838
826
839
827
840
828
841
829
842
830
843
831
844
832
845
833
846
834
847
835
848
836
849
850
4996
838
851
839
852
840
853
841
854
842
855
843
856
844
857
845
858
846
859
847
860
848
861
849
862
850
863
864
4975
852
865
853
866
854
867
855
868
856
869
857
870
858
871
859
872
860
873
861
874
862
875
863
876
864
877
878
4954
866
879
867
880
868
881
869
882
870
883
871
884
872
885
873
886
874
887
875
888
876
889
877
890
878
891
892
4933
880
893
881
894
882
895
883
896
884
897
885
898
886
899
887
900
888
901
889
902
890
903
891
904
892
905
906
4912
894
907
895
908
896
909
897
910
898
911
899
912
900
913
901
914
902
915
903
916
904
917
905
918
906
919
920
4891
908
921
909
922
910
923
911
924
912
925
913
926
914
927
915
928
916
929
917
930
918
931
919
932
920
933
934
4870
922
935
923
936
924
937
925
938
926
939
927
940
928
941
929
942
930
943
931
944
932
945
933
946
934
947
948
4849
936
949
937
950
938
951
939
952
940
953
941
954
942
955
943
956
944
957
945
958
946
959
947
960
948
961
962
4828
950
963
951
964
952
965
953
966
954
967
955
968
956
969
957
970
958
971
959
972
960
973
961
974
962
975
976
4807
964
977
965
978
966
979
967
980
968
981
969
982
970
983
971
984
972
985
973
986
974
987
975
988
976
989
990
4786
978
991
979
992
980
993
981
994
982
995
983
996
984
997
985
998
986
999
987
1000
988
1001
989
1002
990
1003
1004
4765
992
1005
993
1006
994
1007
995
1008
996
1009
997
1010
998
1011
999
1012
1000
1013
1001
1014
1002
1015
1003
1016
1004
1017
1018
4744
1006
1019
1007
1020
1008
1021
1009
1022
1010
1023
1011
1024
1012
1025
1013
1026
1014
1027
1015
1028
1016
1029
1017
1030
1018
1031
1032
4723
1020
1033
1021
1034
1022
1035
1023
1036
1024
1037
1025
1038
1026
1039
1027
1040
1028
1041
1029
1042
1030
1043
1031
1044
1032
1045
1046
4702
1034
1047
1035
1048
1036
1049
1037
1050
1038
1051
1039
1052
1040
1053
1041
1054
1042
1055
1043
1056
1044
1057
1045
1058
1046
1059
1060
4681
1048
1061
1049
1062
1050
1063
1051
1064
1052
1065
1053
1066
1054
1067
1055
1068
1056
1069
1057
1070
1058
1071
1059
1072
1060
1073
1074
4660
1062
1075
1063
1076
1064
1077
1065
1078
1066
1079
1067
1080
1068
1081
1069
1082
1070
1083
1071
1084
1072
1085
1073
1086
1074
1087
1088
5815
1076
1089
1077
1090
1078
1091
1079
1092
1080
1093
1081
1094
1082
1095
1083
1096
1084
1097
1085
1098
1086
1099
1087
1100
1088
1101
1102
5794
1090
1103
1091
1104
1092
1105
1093
1106
1094
1107
1095
1108
1096
1109
1097
1110
1098
1111
1099
1112
1100
1113
1101
1114
1102
1115
1116
5773
1104
1117
1105
1118
1106
1119
1107
1120
1108
1121
1109
1122
1110
1123
1111
1124
1112
1125
1113
1126
1114
1127
1115
1128
1116
1129
1130
5752
1118
1131
1119
1132
1120
1133
1121
1134
1122
1135
1123
1136
1124
1137
1125
1138
1126
1139
1127
1140
1128
1141
1129
1142
1130
1143
1144
5731
1132
1145
1133
1146
1134
1147
1135
1148
1136
1149
1137
1150
1138
1151
1139
1152
1140
1153
1141
1154
1142
1155
1143
1156
1144
1157
1158
5710
1146
1159
1147
1160
1148
1161
1149
1162
1150
1163
1151
1164
1152
1165
1153
1166
1154
1167
1155
1168
1156
1169
1157
1170
1158
1171
1172
5689
1160
1173
1161
1174
1162
1175
1163
1176
1164
1177
1165
1178
1166
1179
1167
1180
1168
1181
1169
1182
1170
1183
1171
1184
1172
1185
1186
5668
1174
1187
1175
1188
1176
1189
1177
1190
1178
1191
1179
1192
1180
1193
1181
1194
1182
1195
1183
1196
1184
1197
1185
1198
1186
1199
1200
5647
1188
1201
1189
1202
1190
1203
1191
1204
1192
1205
1193
1206
1194
1207
1195
1208
1196
1209
1197
1210
1198
1211
1199
1212
1200
1213
1214
5626
1202
1215
1203
1216
1204
1217
1205
1218
1206
1219
1207
1220
1208
1221
1209
1222
1210
1223
1211
1224
1212
1225
1213
1226
1214
1227
1228
5605
1216
1229
1217
1230
1218
1231
1219
1232
1220
1233
1221
1234
1222
1235
1223
1236
1224
1237
1225
1238
1226
1239
1227
1240
1228
1241
1242
5584
1230
1243
1231
1244
1232
1245
1233
1246
1234
1247
1235
1248
1236
1249
1237
1250
1238
1251
1239
1252
1240
1253
1241
1254
1242
1255
1256
5563
1244
1257
1245
1258
1246
1259
1247
1260
1248
1261
1249
1262
1250
1263
1251
1264
1252
1265
1253
1266
1254
1267
1255
1268
1256
1269
1270
5542
1258
1271
1259
1272
1260
1273
1261
1274
1262
1275
1263
1276
1264
1277
1265
1278
1266
1279
1267
1280
1268
1281
1269
1282
1270
1283
1284
5521
1272
1285
1273
1286
1274
1287
1275
1288
1276
1289
1277
1290
1278
1291
1279
1292
1280
1293
1281
1294
1282
1295
1283
1296
1284
1297
1298
5500
1286
1299
1287
1300
1288
1301
1289
1302
1290
1303
1291
1304
1292
1305
1293
1306
1294
1307
1295
1308
1296
1309
1297
1310
1298
1311
1312
5479
1300
1313
1301
1314
1302
1315
1303
1316
1304
1317
1305
1318
1306
1319
1307
1320
1308
1321
1309
1322
1310
1323
1311
1324
1312
1325
1326
5458
1314
1327
1315
1328
1316
1329
1317
1330
1318
1331
1319
1332
1320
1333
1321
1334
1322
1335
1323
1336
1324
1337
1325
1338
1326
1339
1340
5437
1328
1341
1329
1342
1330
1343
1331
1344
1332
1345
1333
1346
1334
1347
1335
1348
1336
1349
1337
1350
1338
1351
1339
1352
1340
1353
1354
5416
1342
1355
1343
1356
1344
1357
1345
1358
1346
1359
1347
1360
1348
1361
1349
1362
1350
1363
1351
1364
1352
1365
1353
1366
1354
1367
1368
5395
1356
1369
1357
1370
1358
1371
1359
1372
1360
1373
1361
1374
1362
1375
1363
1376
1364
1377
1365
1378
1366
1379
1367
1380
1368
1381
1382
5374
1370
1383
1371
1384
1372
1385
1373
1386
1374
1387
1375
1388
1376
1389
1377
1390
1378
1391
1379
1392
1380
1393
1381
1394
1382
1395
1396
5353
1384
1397
1385
1398
1386
1399
1387
1400
1388
1401
1389
1402
1390
1403
1391
1404
1392
1405
1393
1406
1394
1407
1395
1408
1396
1409
1410
5332
1398
1411
1399
1412
1400
1413
1401
1414
1402
1415
1403
1416
1404
1417
1405
1418
1406
1419
1407
1420
1408
1421
1409
1422
1410
1423
1424
5311
1412
1425
1413
1426
1414
1427
1415
1428
1416
1429
1417
1430
1418
1431
1419
1432
1420
1433
1421
1434
1422
1435
1423
1436
1424
1437
1438
5290
1426
1439
1427
1440
1428
1441
1429
1442
1430
1443
1431
1444
1432
1445
1433
1446
1434
1447
1435
1448
1436
1449
1437
1450
1438
1451
1452
5269
1440
1453
1441
1454
1442
1455
1443
1456
1444
1457
1445
1458
1446
1459
1447
1460
1448
1461
1449
1462
1450
1463
1451
1464
1452
1465
1466
5248
1454
1467
1455
1468
1456
1469
1457
1470
1458
1471
1459
1472
1460
1473
1461
1474
1462
1475
1463
1476
1464
1477
1465
1478
1466
1479
1480
7846
1468
1481
1469
1482
1470
1483
1471
1484
1472
1485
1473
1486
1474
1487
1475
1488
1476
1489
1477
1490
1478
1491
1479
1492
1480
1493
1494
7847
1482
1495
1483
1496
1484
1497
1485
1498
1486
1499
1487
1500
1488
1501
1489
1502
1490
1503
1491
1504
1492
1505
1493
1506
1494
1507
1508
7848
1496
1509
1497
1510
1498
1511
1499
1512
1500
1513
1501
1514
1502
1515
1503
1516
1504
1517
1505
1518
1506
1519
1507
1520
1508
1521
1522
7849
1510
1523
1511
1524
1512
1525
1513
1526
1514
1527
1515
1528
1516
1529
1517
1530
1518
1531
1519
1532
1520
1533
1521
1534
1522
1535
1536
7850
1524
1537
1525
1538
1526
1539
1527
1540
1528
1541
1529
1542
1530
1543
1531
1544
1532
1545
1533
1546
1534
1547
1535
1548
1536
1549
1550
7851
1538
1551
1539
1552
1540
1553
1541
1554
1542
1555
1543
1556
1544
1557
1545
1558
1546
1559
1547
1560
1548
1561
1549
1562
1550
1563
1564
7852
1552
1565
1553
1566
1554
1567
1555
1568
1556
1569
1557
1570
1558
1571
1559
1572
1560
1573
1561
1574
1562
1575
1563
1576
1564
1577
1578
7853
1566
1579
1567
1580
1568
1581
1569
1582
1570
1583
1571
1584
1572
1585
1573
1586
1574
1587
1575
1588
1576
1589
1577
1590
1578
1591
1592
7854
1580
1593
1581
1594
1582
1595
1583
1596
1584
1597
1585
1598
1586
1599
1587
1600
1588
1601
1589
1602
1590
1603
1591
1604
1592
1605
1606
7855
1594
1607
1595
1608
1596
1609
1597
1610
1598
1611
1599
1612
1600
1613
1601
1614
1602
1615
1603
1616
1604
1617
1605
1618
1606
1619
1620
7856
1608
1621
1609
1622
1610
1623
1611
1624
1612
1625
1613
1626
1614
1627
1615
1628
1616
1629
1617
1630
1618
1631
1619
1632
1620
1633
1634
7857
1622
1635
1623
1636
1624
1637
1625
1638
1626
1639
1627
1640
1628
1641
1629
1642
1630
1643
1631
1644
1632
1645
1633
1646
1634
1647
1648
7858
1636
1649
1637
1650
1638
1651
1639
1652
1640
1653
1641
1654
1642
1655
1643
1656
1644
1657
1645
1658
1646
1659
1647
1660
1648
1661
1662
7859
1650
1663
1651
1664
1652
1665
1653
1666
1654
1667
1655
1668
1656
1669
1657
1670
1658
1671
1659
1672
1660
1673
1661
1674
1662
1675
1676
7860
1664
1677
1665
1678
1666
1679
1667
1680
1668
1681
1669
1682
1670
1683
1671
1684
1672
1685
1673
1686
1674
1687
1675
1688
1676
1689
1690
7861
1678
1691
1679
1692
1680
1693
1681
1694
1682
1695
1683
1696
1684
1697
1685
1698
1686
1699
1687
1700
1688
1701
1689
1702
1690
1703
1704
7862
1692
1705
1693
1706
1694
1707
1695
1708
1696
1709
1697
1710
1698
1711
1699
1712
1700
1713
1701
1714
1702
1715
1703
1716
1704
1717
1718
7863
1706
1719
1707
1720
1708
1721
1709
1722
1710
1723
1711
1724
1712
1725
1713
1726
1714
1727
1715
1728
1716
1729
1717
1730
1718
1731
1732
7864
1720
1733
1721
1734
1722
1735
1723
1736
1724
1737
1725
1738
1726
1739
1727
1740
1728
1741
1729
1742
1730
1743
1731
1744
1732
1745
1746
7865
1734
1747
1735
1748
1736
1749
1737
1750
1738
1751
1739
1752
1740
1753
1741
1754
1742
1755
1743
1756
1744
1757
1745
1758
1746
1759
1760
7866
1748
1761
1749
1762
1750
1763
1751
1764
1752
1765
1753
1766
1754
1767
1755
1768
1756
1769
1757
1770
1758
1771
1759
1772
1760
1773
1774
7867
1762
1775
1763
1776
1764
1777
1765
1778
1766
1779
1767
1780
1768
1781
1769
1782
1770
1783
1771
1784
1772
1785
1773
1786
1774
1787
1788
7868
1776
1789
1777
1790
1778
1791
1779
1792
1780
1793
1781
1794
1782
1795
1783
1796
1784
1797
1785
1798
1786
1799
1787
1800
1788
1801
1802
7869
1790
1803
1791
1804
1792
1805
1793
1806
1794
1807
1795
1808
1796
1809
1797
1810
1798
1811
1799
1812
1800
1813
1801
1814
1802
1815
1816
7870
1804
1817
1805
1818
1806
1819
1807
1820
1808
1821
1809
1822
1810
1823
1811
1824
1812
1825
1813
1826
1814
1827
1815
1828
1816
1829
1830
7871
1818
1831
1819
1832
1820
1833
1821
1834
1822
1835
1823
1836
1824
1837
1825
1838
1826
1839
1827
1840
1828
1841
1829
1842
1830
1843
1844
7872
1832
1845
1833
1846
1834
1847
1835
1848
1836
1849
1837
1850
1838
1851
1839
1852
1840
1853
1841
1854
1842
1855
1843
1856
1844
1857
1858
7873
1846
1859
1847
1860
1848
1861
1849
1862
1850
1863
1851
1864
1852
1865
1853
1866
1854
1867
1855
1868
1856
1869
1857
1870
1858
1871
1872
8320
1860
1873
1861
1874
1862
1875
1863
1876
1864
1877
1865
1878
1866
1879
1867
1880
1868
1881
1869
1882
1870
1883
1871
1884
1872
1885
1886
8321
1874
1887
1875
1888
1876
1889
1877
1890
1878
1891
1879
1892
1880
1893
1881
1894
1882
1895
1883
1896
1884
1897
1885
1898
1886
1899
1900
8322
1888
1901
1889
1902
1890
1903
1891
1904
1892
1905
1893
1906
1894
1907
1895
1908
1896
1909
1897
1910
1898
1911
1899
1912
1900
1913
1914
8323
1902
1915
1903
1916
1904
1917
1905
1918
1906
1919
1907
1920
1908
1921
1909
1922
1910
1923
1911
1924
1912
1925
1913
1926
1914
1927
1928
8324
1916
1929
1917
1930
1918
1931
1919
1932
1920
1933
1921
1934
1922
1935
1923
1936
1924
1937
1925
1938
1926
1939
1927
1940
1928
1941
1942
8325
1930
1943
1931
1944
1932
1945
1933
1946
1934
1947
1935
1948
1936
1949
1937
1950
1938
1951
1939
1952
1940
1953
1941
1954
1942
1955
1956
8326
1944
1957
1945
1958
1946
1959
1947
1960
1948
1961
1949
1962
1950
1963
1951
1964
1952
1965
1953
1966
1954
1967
1955
1968
1956
1969
1970
8327
1958
1971
1959
1972
1960
1973
1961
1974
1962
1975
1963
1976
1964
1977
1965
1978
1966
1979
1967
1980
1968
1981
1969
1982
1970
1983
1984
8328
1972
1985
1973
1986
1974
1987
1975
1988
1976
1989
1977
1990
1978
1991
1979
1992
1980
1993
1981
1994
1982
1995
1983
1996
1984
1997
1998
8329
1986
1999
1987
2000
1988
2001
1989
2002
1990
2003
1991
2004
1992
2005
1993
2006
1994
2007
1995
2008
1996
2009
1997
2010
1998
2011
2000
2012
2001
2013
2002
2014
2003
2015
2004
2016
2005
2017
2006
2018
2007
2019
2008
2020
2009
2021
2010
2022
2011
2013
2023
2014
2024
2015
2025
2016
2026
2017
2027
2018
2028
2019
2029
2020
2030
2021
2031
2022
2032
2024
2033
2025
2034
2026
2035
2027
2036
2028
2037
2029
2038
2030
2039
2031
2040
2032
2041
2042
2034
2043
2035
2044
2036
2045
2037
2046
2038
2047
2039
2048
2040
2049
2041
2050
2042
2051
2044
2052
2045
2053
2046
2054
2047
2055
2048
2056
2049
2057
2050
2058
2051
2059
2053
2060
2054
2061
2055
2062
2056
2063
2057
2064
2058
2065
2059
2066
2061
2067
2062
2068
2063
2069
2064
2070
2065
2071
2066
2072
2073
2068
2074
2069
2075
2070
2076
2071
2077
2072
2078
2073
2079
2075
2080
2076
2081
2077
2082
2078
2083
2079
2084
2081
2085
2082
2086
2083
2087
2084
2088
2089
2086
2090
2087
2091
2088
2092
2089
2093
2091
2094
2092
2095
2093
2096
2097
2095
2098
2096
2099
2097
2100
2099
2101
2100
2102
2103
2102
2104
2103
2105
2106
2105
2107
2106
2108
2108
2109
2110
2110
2111
2112
2112
2113
2114
2115
2116
2117
2119
2129
2609
2120
2130
2121
2131
2122
2132
2123
2133
2124
2134
2125
2135
2126
2136
2127
2137
2128
2138
2139
2130
2140
2637
2131
2141
2132
2142
2133
2143
2134
2144
2135
2145
2136
2146
2137
2147
2138
2148
2139
2149
2150
2141
2151
2665
2142
2152
2143
2153
2144
2154
2145
2155
2146
2156
2147
2157
2148
2158
2149
2159
2150
2160
2161
2152
2162
2693
2153
2163
2154
2164
2155
2165
2156
2166
2157
2167
2158
2168
2159
2169
2160
2170
2161
2171
2172
2163
2173
2721
2164
2174
2165
2175
2166
2176
2167
2177
2168
2178
2169
2179
2170
2180
2171
2181
2172
2182
2183
2174
2184
2749
2175
2185
2176
2186
2177
2187
2178
2188
2179
2189
2180
2190
2181
2191
2182
2192
2183
2193
2194
2185
2195
2777
2186
2196
2187
2197
2188
2198
2189
2199
2190
2200
2191
2201
2192
2202
2193
2203
2194
2204
2205
2196
2206
2805
2197
2207
2198
2208
2199
2209
2200
2210
2201
2211
2202
2212
2203
2213
2204
2214
2205
2215
2216
2207
2217
2833
2208
2218
2209
2219
2210
2220
2211
2221
2212
2222
2213
2223
2214
2224
2215
2225
2216
2226
2227
2218
2228
2861
2219
2229
2220
2230
2221
2231
2222
2232
2223
2233
2224
2234
2225
2235
2226
2236
2227
2237
2238
2229
2239
2889
2230
2240
2231
2241
2232
2242
2233
2243
2234
2244
2235
2245
2236
2246
2237
2247
2238
2248
2249
2240
2250
2917
2241
2251
2242
2252
2243
2253
2244
2254
2245
2255
2246
2256
2247
2257
2248
2258
2249
2259
2260
2251
2261
2945
2252
2262
2253
2263
2254
2264
2255
2265
2256
2266
2257
2267
2258
2268
2259
2269
2260
2270
2271
2262
2272
2973
2263
2273
2264
2274
2265
2275
2266
2276
2267
2277
2268
2278
2269
2279
2270
2280
2271
2281
2282
2273
2283
3001
2274
2284
2275
2285
2276
2286
2277
2287
2278
2288
2279
2289
2280
2290
2281
2291
2282
2292
2293
2284
2294
3029
2285
2295
2286
2296
2287
2297
2288
2298
2289
2299
2290
2300
2291
2301
2292
2302
2293
2303
2304
2295
2305
3057
2296
2306
2297
2307
2298
2308
2299
2309
2300
2310
2301
2311
2302
2312
2303
2313
2304
2314
2315
2306
2316
3085
2307
2317
2308
2318
2309
2319
2310
2320
2311
2321
2312
2322
2313
2323
2314
2324
2315
2325
2326
2317
2327
3113
2318
2328
2319
2329
2320
2330
2321
2331
2322
2332
2323
2333
2324
2334
2325
2335
2326
2336
2337
2328
2338
3141
2329
2339
2330
2340
2331
2341
2332
2342
2333
2343
2334
2344
2335
2345
2336
2346
2337
2347
2348
2339
2349
3169
2340
2350
2341
2351
2342
2352
2343
2353
2344
2354
2345
2355
2346
2356
2347
2357
2348
2358
2359
2350
2360
3197
2351
2361
2352
2362
2353
2363
2354
2364
2355
2365
2356
2366
2357
2367
2358
2368
2359
2369
2370
2361
2371
3225
2362
2372
2363
2373
2364
2374
2365
2375
2366
2376
2367
2377
2368
2378
2369
2379
2370
2380
2381
2372
2382
3253
2373
2383
2374
2384
2375
2385
2376
2386
2377
2387
2378
2388
2379
2389
2380
2390
2381
2391
2392
2383
2393
3281
2384
2394
2385
2395
2386
2396
2387
2397
2388
2398
2389
2399
2390
2400
2391
2401
2392
2402
2403
2394
2404
3309
2395
2405
2396
2406
2397
2407
2398
2408
2399
2409
2400
2410
2401
2411
2402
2412
2403
2413
2414
2405
2415
3337
2406
2416
2407
2417
2408
2418
2409
2419
2410
2420
2411
2421
2412
2422
2413
2423
2414
2424
2425
2416
2426
3365
2417
2427
2418
2428
2419
2429
2420
2430
2421
2431
2422
2432
2423
2433
2424
2434
2425
2435
2436
2427
2437
3393
2428
2438
2429
2439
2430
2440
2431
2441
2432
2442
2433
2443
2434
2444
2435
2445
2436
2446
2447
2438
2448
3421
2439
2449
2440
2450
2441
2451
2442
2452
2443
2453
2444
2454
2445
2455
2446
2456
2447
2457
2458
2449
2459
3449
2450
2460
2451
2461
2452
2462
2453
2463
2454
2464
2455
2465
2456
2466
2457
2467
2458
2468
2469
2460
2470
3477
2461
2471
2462
2472
2463
2473
2464
2474
2465
2475
2466
2476
2467
2477
2468
2478
2469
2479
2480
2471
2481
3505
2472
2482
2473
2483
2474
2484
2475
2485
2476
2486
2477
2487
2478
2488
2479
2489
2480
2490
2491
2482
2492
3533
2483
2493
2484
2494
2485
2495
2486
2496
2487
2497
2488
2498
2489
2499
2490
2500
2491
2501
2502
2493
2503
3561
2494
2504
2495
2505
2496
2506
2497
2507
2498
2508
2499
2509
2500
2510
2501
2511
2502
2512
2513
2504
2514
3589
2505
2515
2506
2516
2507
2517
2508
2518
2509
2519
2510
2520
2511
2521
2512
2522
2513
2523
2524
2515
2525
3617
2516
2526
2517
2527
2518
2528
2519
2529
2520
2530
2521
2531
2522
2532
2523
2533
2524
2534
2535
2526
2536
3645
2527
2537
2528
2538
2529
2539
2530
2540
2531
2541
2532
2542
2533
2543
2534
2544
2535
2545
2546
2537
2547
3673
2538
2548
2539
2549
2540
2550
2541
2551
2542
2552
2543
2553
2544
2554
2545
2555
2546
2556
2557
2548
2558
3701
2549
2559
2550
2560
2551
2561
2552
2562
2553
2563
2554
2564
2555
2565
2556
2566
2557
2567
2568
2559
2570
3729
2560
2571
2561
2572
2562
2573
2563
2574
2564
2575
2565
2576
2566
2577
2567
2578
2568
2579
2569
2580
2581
2571
3757
2572
2573
2574
2575
2576
2577
2578
2579
2580
2581
2583
2610
3778
2584
2611
2585
2612
2586
2613
2587
2614
2588
2615
2589
2616
2590
2617
2591
2618
2592
2619
2593
2620
2594
2621
2595
2622
2596
2623
2597
2624
2598
2625
2599
2626
2600
2627
2601
2628
2602
2629
2603
2630
2604
2631
2605
2632
2606
2633
2607
2634
2608
2635
2609
2636
2637
2611
2638
3799
2612
2639
2613
2640
2614
2641
2615
2642
2616
2643
2617
2644
2618
2645
2619
2646
2620
2647
2621
2648
2622
2649
2623
2650
2624
2651
2625
2652
2626
2653
2627
2654
2628
2655
2629
2656
2630
2657
2631
2658
2632
2659
2633
2660
2634
2661
2635
2662
2636
2663
2637
2664
2665
2639
2666
3820
2640
2667
2641
2668
2642
2669
2643
2670
2644
2671
2645
2672
2646
2673
2647
2674
2648
2675
2649
2676
2650
2677
2651
2678
2652
2679
2653
2680
2654
2681
2655
2682
2656
2683
2657
2684
2658
2685
2659
2686
2660
2687
2661
2688
2662
2689
2663
2690
2664
2691
2665
2692
2693
2667
2694
3841
2668
2695
2669
2696
2670
2697
2671
2698
2672
2699
2673
2700
2674
2701
2675
2702
2676
2703
2677
2704
2678
2705
2679
2706
2680
2707
2681
2708
2682
2709
2683
2710
2684
2711
2685
2712
2686
2713
2687
2714
2688
2715
2689
2716
2690
2717
2691
2718
2692
2719
2693
2720
2721
2695
2722
3862
2696
2723
2697
2724
2698
2725
2699
2726
2700
2727
2701
2728
2702
2729
2703
2730
2704
2731
2705
2732
2706
2733
2707
2734
2708
2735
2709
2736
2710
2737
2711
2738
2712
2739
2713
2740
2714
2741
2715
2742
2716
2743
2717
2744
2718
2745
2719
2746
2720
2747
2721
2748
2749
2723
2750
3883
2724
2751
2725
2752
2726
2753
2727
2754
2728
2755
2729
2756
2730
2757
2731
2758
2732
2759
2733
2760
2734
2761
2735
2762
2736
2763
2737
2764
2738
2765
2739
2766
2740
2767
2741
2768
2742
2769
2743
2770
2744
2771
2745
2772
2746
2773
2747
2774
2748
2775
2749
2776
2777
2751
2778
3904
2752
2779
2753
2780
2754
2781
2755
2782
2756
2783
2757
2784
2758
2785
2759
2786
2760
2787
2761
2788
2762
2789
2763
2790
2764
2791
2765
2792
2766
2793
2767
2794
2768
2795
2769
2796
2770
2797
2771
2798
2772
2799
2773
2800
2774
2801
2775
2802
2776
2803
2777
2804
2805
2779
2806
3925
2780
2807
2781
2808
2782
2809
2783
2810
2784
2811
2785
2812
2786
2813
2787
2814
2788
2815
2789
2816
2790
2817
2791
2818
2792
2819
2793
2820
2794
2821
2795
2822
2796
2823
2797
2824
2798
2825
2799
2826
2800
2827
2801
2828
2802
2829
2803
2830
2804
2831
2805
2832
2833
2807
2834
3946
2808
2835
2809
2836
2810
2837
2811
2838
2812
2839
2813
2840
2814
2841
2815
2842
2816
2843
2817
2844
2818
2845
2819
2846
2820
2847
2821
2848
2822
2849
2823
2850
2824
2851
2825
2852
2826
2853
2827
2854
2828
2855
2829
2856
2830
2857
2831
2858
2832
2859
2833
2860
2861
2835
2862
3967
2836
2863
2837
2864
2838
2865
2839
2866
2840
2867
2841
2868
2842
2869
2843
2870
2844
2871
2845
2872
2846
2873
2847
2874
2848
2875
2849
2876
2850
2877
2851
2878
2852
2879
2853
2880
2854
2881
2855
2882
2856
2883
2857
2884
2858
2885
2859
2886
2860
2887
2861
2888
2889
2863
2890
3988
2864
2891
2865
2892
2866
2893
2867
2894
2868
2895
2869
2896
2870
2897
2871
2898
2872
2899
2873
2900
2874
2901
2875
2902
2876
2903
2877
2904
2878
2905
2879
2906
2880
2907
2881
2908
2882
2909
2883
2910
2884
2911
2885
2912
2886
2913
2887
2914
2888
2915
2889
2916
2917
2891
2918
4009
2892
2919
2893
2920
2894
2921
2895
2922
2896
2923
2897
2924
2898
2925
2899
2926
2900
2927
2901
2928
2902
2929
2903
2930
2904
2931
2905
2932
2906
2933
2907
2934
2908
2935
2909
2936
2910
2937
2911
2938
2912
2939
2913
2940
2914
2941
2915
2942
2916
2943
2917
2944
2945
2919
2946
4030
2920
2947
2921
2948
2922
2949
2923
2950
2924
2951
2925
2952
2926
2953
2927
2954
2928
2955
2929
2956
2930
2957
2931
2958
2932
2959
2933
2960
2934
2961
2935
2962
2936
2963
2937
2964
2938
2965
2939
2966
2940
2967
2941
2968
2942
2969
2943
2970
2944
2971
2945
2972
2973
2947
2974
4051
2948
2975
2949
2976
2950
2977
2951
2978
2952
2979
2953
2980
2954
2981
2955
2982
2956
2983
2957
2984
2958
2985
2959
2986
2960
2987
2961
2988
2962
2989
2963
2990
2964
2991
2965
2992
2966
2993
2967
2994
2968
2995
2969
2996
2970
2997
2971
2998
2972
2999
2973
3000
3001
2975
3002
4072
2976
3003
2977
3004
2978
3005
2979
3006
2980
3007
2981
3008
2982
3009
2983
3010
2984
3011
2985
3012
2986
3013
2987
3014
2988
3015
2989
3016
2990
3017
2991
3018
2992
3019
2993
3020
2994
3021
2995
3022
2996
3023
2997
3024
2998
3025
2999
3026
3000
3027
3001
3028
3029
3003
3030
4093
3004
3031
3005
3032
3006
3033
3007
3034
3008
3035
3009
3036
3010
3037
3011
3038
3012
3039
3013
3040
3014
3041
3015
3042
3016
3043
3017
3044
3018
3045
3019
3046
3020
3047
3021
3048
3022
3049
3023
3050
3024
3051
3025
3052
3026
3053
3027
3054
3028
3055
3029
3056
3057
3031
3058
4114
3032
3059
3033
3060
3034
3061
3035
3062
3036
3063
3037
3064
3038
3065
3039
3066
3040
3067
3041
3068
3042
3069
3043
3070
3044
3071
3045
3072
3046
3073
3047
3074
3048
3075
3049
3076
3050
3077
3051
3078
3052
3079
3053
3080
3054
3081
3055
3082
3056
3083
3057
3084
3085
3059
3086
4135
3060
3087
3061
3088
3062
3089
3063
3090
3064
3091
3065
3092
3066
3093
3067
3094
3068
3095
3069
3096
3070
3097
3071
3098
3072
3099
3073
3100
3074
3101
3075
3102
3076
3103
3077
3104
3078
3105
3079
3106
3080
3107
3081
3108
3082
3109
3083
3110
3084
3111
3085
3112
3113
3087
3114
4156
3088
3115
3089
3116
3090
3117
3091
3118
3092
3119
3093
3120
3094
3121
3095
3122
3096
3123
3097
3124
3098
3125
3099
3126
3100
3127
3101
3128
3102
3129
3103
3130
3104
3131
3105
3132
3106
3133
3107
3134
3108
3135
3109
3136
3110
3137
3111
3138
3112
3139
3113
3140
3141
3115
3142
4177
3116
3143
3117
3144
3118
3145
3119
3146
3120
3147
3121
3148
3122
3149
3123
3150
3124
3151
3125
3152
3126
3153
3127
3154
3128
3155
3129
3156
3130
3157
3131
3158
3132
3159
3133
3160
3134
3161
3135
3162
3136
3163
3137
3164
3138
3165
3139
3166
3140
3167
3141
3168
3169
3143
3170
4198
3144
3171
3145
3172
3146
3173
3147
3174
3148
3175
3149
3176
3150
3177
3151
3178
3152
3179
3153
3180
3154
3181
3155
3182
3156
3183
3157
3184
3158
3185
3159
3186
3160
3187
3161
3188
3162
3189
3163
3190
3164
3191
3165
3192
3166
3193
3167
3194
3168
3195
3169
3196
3197
3171
3198
4219
3172
3199
3173
3200
3174
3201
3175
3202
3176
3203
3177
3204
3178
3205
3179
3206
3180
3207
3181
3208
3182
3209
3183
3210
3184
3211
3185
3212
3186
3213
3187
3214
3188
3215
3189
3216
3190
3217
3191
3218
3192
3219
3193
3220
3194
3221
3195
3222
3196
3223
3197
3224
3225
3199
3226
4240
3200
3227
3201
3228
3202
3229
3203
3230
3204
3231
3205
3232
3206
3233
3207
3234
3208
3235
3209
3236
3210
3237
3211
3238
3212
3239
3213
3240
3214
3241
3215
3242
3216
3243
3217
3244
3218
3245
3219
3246
3220
3247
3221
3248
3222
3249
3223
3250
3224
3251
3225
3252
3253
3227
3254
4261
3228
3255
3229
3256
3230
3257
3231
3258
3232
3259
3233
3260
3234
3261
3235
3262
3236
3263
3237
3264
3238
3265
3239
3266
3240
3267
3241
3268
3242
3269
3243
3270
3244
3271
3245
3272
3246
3273
3247
3274
3248
3275
3249
3276
3250
3277
3251
3278
3252
3279
3253
3280
3281
3255
3282
4282
3256
3283
3257
3284
3258
3285
3259
3286
3260
3287
3261
3288
3262
3289
3263
3290
3264
3291
3265
3292
3266
3293
3267
3294
3268
3295
3269
3296
3270
3297
3271
3298
3272
3299
3273
3300
3274
3301
3275
3302
3276
3303
3277
3304
3278
3305
3279
3306
3280
3307
3281
3308
3309
3283
3310
4303
3284
3311
3285
3312
3286
3313
3287
3314
3288
3315
3289
3316
3290
3317
3291
3318
3292
3319
3293
3320
3294
3321
3295
3322
3296
3323
3297
3324
3298
3325
3299
3326
3300
3327
3301
3328
3302
3329
3303
3330
3304
3331
3305
3332
3306
3333
3307
3334
3308
3335
3309
3336
3337
3311
3338
4324
3312
3339
3313
3340
3314
3341
3315
3342
3316
3343
3317
3344
3318
3345
3319
3346
3320
3347
3321
3348
3322
3349
3323
3350
3324
3351
3325
3352
3326
3353
3327
3354
3328
3355
3329
3356
3330
3357
3331
3358
3332
3359
3333
3360
3334
3361
3335
3362
3336
3363
3337
3364
3365
3339
3366
4345
3340
3367
3341
3368
3342
3369
3343
3370
3344
3371
3345
3372
3346
3373
3347
3374
3348
3375
3349
3376
3350
3377
3351
3378
3352
3379
3353
3380
3354
3381
3355
3382
3356
3383
3357
3384
3358
3385
3359
3386
3360
3387
3361
3388
3362
3389
3363
3390
3364
3391
3365
3392
3393
3367
3394
4366
3368
3395
3369
3396
3370
3397
3371
3398
3372
3399
3373
3400
3374
3401
3375
3402
3376
3403
3377
3404
3378
3405
3379
3406
3380
3407
3381
3408
3382
3409
3383
3410
3384
3411
3385
3412
3386
3413
3387
3414
3388
3415
3389
3416
3390
3417
3391
3418
3392
3419
3393
3420
3421
3395
3422
4387
3396
3423
3397
3424
3398
3425
3399
3426
3400
3427
3401
3428
3402
3429
3403
3430
3404
3431
3405
3432
3406
3433
3407
3434
3408
3435
3409
3436
3410
3437
3411
3438
3412
3439
3413
3440
3414
3441
3415
3442
3416
3443
3417
3444
3418
3445
3419
3446
3420
3447
3421
3448
3449
3423
3450
4408
3424
3451
3425
3452
3426
3453
3427
3454
3428
3455
3429
3456
3430
3457
3431
3458
3432
3459
3433
3460
3434
3461
3435
3462
3436
3463
3437
3464
3438
3465
3439
3466
3440
3467
3441
3468
3442
3469
3443
3470
3444
3471
3445
3472
3446
3473
3447
3474
3448
3475
3449
3476
3477
3451
3478
4429
3452
3479
3453
3480
3454
3481
3455
3482
3456
3483
3457
3484
3458
3485
3459
3486
3460
3487
3461
3488
3462
3489
3463
3490
3464
3491
3465
3492
3466
3493
3467
3494
3468
3495
3469
3496
3470
3497
3471
3498
3472
3499
3473
3500
3474
3501
3475
3502
3476
3503
3477
3504
3505
3479
3506
4450
3480
3507
3481
3508
3482
3509
3483
3510
3484
3511
3485
3512
3486
3513
3487
3514
3488
3515
3489
3516
3490
3517
3491
3518
3492
3519
3493
3520
3494
3521
3495
3522
3496
3523
3497
3524
3498
3525
3499
3526
3500
3527
3501
3528
3502
3529
3503
3530
3504
3531
3505
3532
3533
3507
3534
4471
3508
3535
3509
3536
3510
3537
3511
3538
3512
3539
3513
3540
3514
3541
3515
3542
3516
3543
3517
3544
3518
3545
3519
3546
3520
3547
3521
3548
3522
3549
3523
3550
3524
3551
3525
3552
3526
3553
3527
3554
3528
3555
3529
3556
3530
3557
3531
3558
3532
3559
3533
3560
3561
3535
3562
4492
3536
3563
3537
3564
3538
3565
3539
3566
3540
3567
3541
3568
3542
3569
3543
3570
3544
3571
3545
3572
3546
3573
3547
3574
3548
3575
3549
3576
3550
3577
3551
3578
3552
3579
3553
3580
3554
3581
3555
3582
3556
3583
3557
3584
3558
3585
3559
3586
3560
3587
3561
3588
3589
3563
3590
4513
3564
3591
3565
3592
3566
3593
3567
3594
3568
3595
3569
3596
3570
3597
3571
3598
3572
3599
3573
3600
3574
3601
3575
3602
3576
3603
3577
3604
3578
3605
3579
3606
3580
3607
3581
3608
3582
3609
3583
3610
3584
3611
3585
3612
3586
3613
3587
3614
3588
3615
3589
3616
3617
3591
3618
4534
3592
3619
3593
3620
3594
3621
3595
3622
3596
3623
3597
3624
3598
3625
3599
3626
3600
3627
3601
3628
3602
3629
3603
3630
3604
3631
3605
3632
3606
3633
3607
3634
3608
3635
3609
3636
3610
3637
3611
3638
3612
3639
3613
3640
3614
3641
3615
3642
3616
3643
3617
3644
3645
3619
3646
4555
3620
3647
3621
3648
3622
3649
3623
3650
3624
3651
3625
3652
3626
3653
3627
3654
3628
3655
3629
3656
3630
3657
3631
3658
3632
3659
3633
3660
3634
3661
3635
3662
3636
3663
3637
3664
3638
3665
3639
3666
3640
3667
3641
3668
3642
3669
3643
3670
3644
3671
3645
3672
3673
3647
3674
4576
3648
3675
3649
3676
3650
3677
3651
3678
3652
3679
3653
3680
3654
3681
3655
3682
3656
3683
3657
3684
3658
3685
3659
3686
3660
3687
3661
3688
3662
3689
3663
3690
3664
3691
3665
3692
3666
3693
3667
3694
3668
3695
3669
3696
3670
3697
3671
3698
3672
3699
3673
3700
3701
3675
3702
4597
3676
3703
3677
3704
3678
3705
3679
3706
3680
3707
3681
3708
3682
3709
3683
3710
3684
3711
3685
3712
3686
3713
3687
3714
3688
3715
3689
3716
3690
3717
3691
3718
3692
3719
3693
3720
3694
3721
3695
3722
3696
3723
3697
3724
3698
3725
3699
3726
3700
3727
3701
3728
3729
3703
3730
4618
3704
3731
3705
3732
3706
3733
3707
3734
3708
3735
3709
3736
3710
3737
3711
3738
3712
3739
3713
3740
3714
3741
3715
3742
3716
3743
3717
3744
3718
3745
3719
3746
3720
3747
3721
3748
3722
3749
3723
3750
3724
3751
3725
3752
3726
3753
3727
3754
3728
3755
3729
3756
3757
3731
4639
3732
3733
3734
3735
3736
3737
3738
3739
3740
3741
3742
3743
3744
3745
3746
3747
3748
3749
3750
3751
3752
3753
3754
3755
3756
3757
3759
3779
5207
3760
3780
5208
3761
3781
5209
3762
3782
5210
3763
3783
5211
3764
3784
5212
3765
3785
5213
3766
3786
5214
3767
3787
5215
3768
3788
5216
3769
3789
5217
3770
3790
5218
3771
3791
5219
3772
3792
5220
3773
3793
5221
3774
3794
5222
3775
3795
5223
3776
3796
5224
3777
3797
5225
3778
3798
5226
3799
5227
3780
3800
3781
3801
3782
3802
3783
3803
3784
3804
3785
3805
3786
3806
3787
3807
3788
3808
3789
3809
3790
3810
3791
3811
3792
3812
3793
3813
3794
3814
3795
3815
3796
3816
3797
3817
3798
3818
3799
3819
3820
3801
3821
3802
3822
3803
3823
3804
3824
3805
3825
3806
3826
3807
3827
3808
3828
3809
3829
3810
3830
3811
3831
3812
3832
3813
3833
3814
3834
3815
3835
3816
3836
3817
3837
3818
3838
3819
3839
3820
3840
3841
3822
3842
3823
3843
3824
3844
3825
3845
3826
3846
3827
3847
3828
3848
3829
3849
3830
3850
3831
3851
3832
3852
3833
3853
3834
3854
3835
3855
3836
3856
3837
3857
3838
3858
3839
3859
3840
3860
3841
3861
3862
3843
3863
3844
3864
3845
3865
3846
3866
3847
3867
3848
3868
3849
3869
3850
3870
3851
3871
3852
3872
3853
3873
3854
3874
3855
3875
3856
3876
3857
3877
3858
3878
3859
3879
3860
3880
3861
3881
3862
3882
3883
3864
3884
3865
3885
3866
3886
3867
3887
3868
3888
3869
3889
3870
3890
3871
3891
3872
3892
3873
3893
3874
3894
3875
3895
3876
3896
3877
3897
3878
3898
3879
3899
3880
3900
3881
3901
3882
3902
3883
3903
3904
3885
3905
3886
3906
3887
3907
3888
3908
3889
3909
3890
3910
3891
3911
3892
3912
3893
3913
3894
3914
3895
3915
3896
3916
3897
3917
3898
3918
3899
3919
3900
3920
3901
3921
3902
3922
3903
3923
3904
3924
3925
3906
3926
3907
3927
3908
3928
3909
3929
3910
3930
3911
3931
3912
3932
3913
3933
3914
3934
3915
3935
3916
3936
3917
3937
3918
3938
3919
3939
3920
3940
3921
3941
3922
3942
3923
3943
3924
3944
3925
3945
3946
3927
3947
3928
3948
3929
3949
3930
3950
3931
3951
3932
3952
3933
3953
3934
3954
3935
3955
3936
3956
3937
3957
3938
3958
3939
3959
3940
3960
3941
3961
3942
3962
3943
3963
3944
3964
3945
3965
3946
3966
3967
3948
3968
3949
3969
3950
3970
3951
3971
3952
3972
3953
3973
3954
3974
3955
3975
3956
3976
3957
3977
3958
3978
3959
3979
3960
3980
3961
3981
3962
3982
3963
3983
3964
3984
3965
3985
3966
3986
3967
3987
3988
3969
3989
3970
3990
3971
3991
3972
3992
3973
3993
3974
3994
3975
3995
3976
3996
3977
3997
3978
3998
3979
3999
3980
4000
3981
4001
3982
4002
3983
4003
3984
4004
3985
4005
3986
4006
3987
4007
3988
4008
4009
3990
4010
3991
4011
3992
4012
3993
4013
3994
4014
3995
4015
3996
4016
3997
4017
3998
4018
3999
4019
4000
4020
4001
4021
4002
4022
4003
4023
4004
4024
4005
4025
4006
4026
4007
4027
4008
4028
4009
4029
4030
4011
4031
4012
4032
4013
4033
4014
4034
4015
4035
4016
4036
4017
4037
4018
4038
4019
4039
4020
4040
4021
4041
4022
4042
4023
4043
4024
4044
4025
4045
4026
4046
4027
4047
4028
4048
4029
4049
4030
4050
4051
4032
4052
4033
4053
4034
4054
4035
4055
4036
4056
4037
4057
4038
4058
4039
4059
4040
4060
4041
4061
4042
4062
4043
4063
4044
4064
4045
4065
4046
4066
4047
4067
4048
4068
4049
4069
4050
4070
4051
4071
4072
4053
4073
4054
4074
4055
4075
4056
4076
4057
4077
4058
4078
4059
4079
4060
4080
4061
4081
4062
4082
4063
4083
4064
4084
4065
4085
4066
4086
4067
4087
4068
4088
4069
4089
4070
4090
4071
4091
4072
4092
4093
4074
4094
4075
4095
4076
4096
4077
4097
4078
4098
4079
4099
4080
4100
4081
4101
4082
4102
4083
4103
4084
4104
4085
4105
4086
4106
4087
4107
4088
4108
4089
4109
4090
4110
4091
4111
4092
4112
4093
4113
4114
4095
4115
4096
4116
4097
4117
4098
4118
4099
4119
4100
4120
4101
4121
4102
4122
4103
4123
4104
4124
4105
4125
4106
4126
4107
4127
4108
4128
4109
4129
4110
4130
4111
4131
4112
4132
4113
4133
4114
4134
4135
4116
4136
4117
4137
4118
4138
4119
4139
4120
4140
4121
4141
4122
4142
4123
4143
4124
4144
4125
4145
4126
4146
4127
4147
4128
4148
4129
4149
4130
4150
4131
4151
4132
4152
4133
4153
4134
4154
4135
4155
4156
4137
4157
4138
4158
4139
4159
4140
4160
4141
4161
4142
4162
4143
4163
4144
4164
4145
4165
4146
4166
4147
4167
4148
4168
4149
4169
4150
4170
4151
4171
4152
4172
4153
4173
4154
4174
4155
4175
4156
4176
4177
4158
4178
4159
4179
4160
4180
4161
4181
4162
4182
4163
4183
4164
4184
4165
4185
4166
4186
4167
4187
4168
4188
4169
4189
4170
4190
4171
4191
4172
4192
4173
4193
4174
4194
4175
4195
4176
4196
4177
4197
4198
4179
4199
4180
4200
4181
4201
4182
4202
4183
4203
4184
4204
4185
4205
4186
4206
4187
4207
4188
4208
4189
4209
4190
4210
4191
4211
4192
4212
4193
4213
4194
4214
4195
4215
4196
4216
4197
4217
4198
4218
4219
4200
4220
4201
4221
4202
4222
4203
4223
4204
4224
4205
4225
4206
4226
4207
4227
4208
4228
4209
4229
4210
4230
4211
4231
4212
4232
4213
4233
4214
4234
4215
4235
4216
4236
4217
4237
4218
4238
4219
4239
4240
4221
4241
4222
4242
4223
4243
4224
4244
4225
4245
4226
4246
4227
4247
4228
4248
4229
4249
4230
4250
4231
4251
4232
4252
4233
4253
4234
4254
4235
4255
4236
4256
4237
4257
4238
4258
4239
4259
4240
4260
4261
4242
4262
4243
4263
4244
4264
4245
4265
4246
4266
4247
4267
4248
4268
4249
4269
4250
4270
4251
4271
4252
4272
4253
4273
4254
4274
4255
4275
4256
4276
4257
4277
4258
4278
4259
4279
4260
4280
4261
4281
4282
4263
4283
4264
4284
4265
4285
4266
4286
4267
4287
4268
4288
4269
4289
4270
4290
4271
4291
4272
4292
4273
4293
4274
4294
4275
4295
4276
4296
4277
4297
4278
4298
4279
4299
4280
4300
4281
4301
4282
4302
4303
4284
4304
4285
4305
4286
4306
4287
4307
4288
4308
4289
4309
4290
4310
4291
4311
4292
4312
4293
4313
4294
4314
4295
4315
4296
4316
4297
4317
4298
4318
4299
4319
4300
4320
4301
4321
4302
4322
4303
4323
4324
4305
4325
4306
4326
4307
4327
4308
4328
4309
4329
4310
4330
4311
4331
4312
4332
4313
4333
4314
4334
4315
4335
4316
4336
4317
4337
4318
4338
4319
4339
4320
4340
4321
4341
4322
4342
4323
4343
4324
4344
4345
4326
4346
4327
4347
4328
4348
4329
4349
4330
4350
4331
4351
4332
4352
4333
4353
4334
4354
4335
4355
4336
4356
4337
4357
4338
4358
4339
4359
4340
4360
4341
4361
4342
4362
4343
4363
4344
4364
4345
4365
4366
4347
4367
4348
4368
4349
4369
4350
4370
4351
4371
4352
4372
4353
4373
4354
4374
4355
4375
4356
4376
4357
4377
4358
4378
4359
4379
4360
4380
4361
4381
4362
4382
4363
4383
4364
4384
4365
4385
4366
4386
4387
4368
4388
4369
4389
4370
4390
4371
4391
4372
4392
4373
4393
4374
4394
4375
4395
4376
4396
4377
4397
4378
4398
4379
4399
4380
4400
4381
4401
4382
4402
4383
4403
4384
4404
4385
4405
4386
4406
4387
4407
4408
4389
4409
4390
4410
4391
4411
4392
4412
4393
4413
4394
4414
4395
4415
4396
4416
4397
4417
4398
4418
4399
4419
4400
4420
4401
4421
4402
4422
4403
4423
4404
4424
4405
4425
4406
4426
4407
4427
4408
4428
4429
4410
4430
4411
4431
4412
4432
4413
4433
4414
4434
4415
4435
4416
4436
4417
4437
4418
4438
4419
4439
4420
4440
4421
4441
4422
4442
4423
4443
4424
4444
4425
4445
4426
4446
4427
4447
4428
4448
4429
4449
4450
4431
4451
4432
4452
4433
4453
4434
4454
4435
4455
4436
4456
4437
4457
4438
4458
4439
4459
4440
4460
4441
4461
4442
4462
4443
4463
4444
4464
4445
4465
4446
4466
4447
4467
4448
4468
4449
4469
4450
4470
4471
4452
4472
4453
4473
4454
4474
4455
4475
4456
4476
4457
4477
4458
4478
4459
4479
4460
4480
4461
4481
4462
4482
4463
4483
4464
4484
4465
4485
4466
4486
4467
4487
4468
4488
4469
4489
4470
4490
4471
4491
4492
4473
4493
4474
4494
4475
4495
4476
4496
4477
4497
4478
4498
4479
4499
4480
4500
4481
4501
4482
4502
4483
4503
4484
4504
4485
4505
4486
4506
4487
4507
4488
4508
4489
4509
4490
4510
4491
4511
4492
4512
4513
4494
4514
4495
4515
4496
4516
4497
4517
4498
4518
4499
4519
4500
4520
4501
4521
4502
4522
4503
4523
4504
4524
4505
4525
4506
4526
4507
4527
4508
4528
4509
4529
4510
4530
4511
4531
4512
4532
4513
4533
4534
4515
4535
4516
4536
4517
4537
4518
4538
4519
4539
4520
4540
4521
4541
4522
4542
4523
4543
4524
4544
4525
4545
4526
4546
4527
4547
4528
4548
4529
4549
4530
4550
4531
4551
4532
4552
4533
4553
4534
4554
4555
4536
4556
4537
4557
4538
4558
4539
4559
4540
4560
4541
4561
4542
4562
4543
4563
4544
4564
4545
4565
4546
4566
4547
4567
4548
4568
4549
4569
4550
4570
4551
4571
4552
4572
4553
4573
4554
4574
4555
4575
4576
4557
4577
4558
4578
4559
4579
4560
4580
4561
4581
4562
4582
4563
4583
4564
4584
4565
4585
4566
4586
4567
4587
4568
4588
4569
4589
4570
4590
4571
4591
4572
4592
4573
4593
4574
4594
4575
4595
4576
4596
4597
4578
4598
4579
4599
4580
4600
4581
4601
4582
4602
4583
4603
4584
4604
4585
4605
4586
4606
4587
4607
4588
4608
4589
4609
4590
4610
4591
4611
4592
4612
4593
4613
4594
4614
4595
4615
4596
4616
4597
4617
4618
4599
4619
4600
4620
4601
4621
4602
4622
4603
4623
4604
4624
4605
4625
4606
4626
4607
4627
4608
4628
4609
4629
4610
4630
4611
4631
4612
4632
4613
4633
4614
4634
4615
4635
4616
4636
4617
4637
4618
4638
4639
4620
4621
4622
4623
4624
4625
4626
4627
4628
4629
4630
4631
4632
4633
4634
4635
4636
4637
4638
4639
4641
4661
5795
4642
4662
5796
4643
4663
5797
4644
4664
5798
4645
4665
5799
4646
4666
5800
4647
4667
5801
4648
4668
5802
4649
4669
5803
4650
4670
5804
4651
4671
5805
4652
4672
5806
4653
4673
5807
4654
4674
5808
4655
4675
5809
4656
4676
5810
4657
4677
5811
4658
4678
5812
4659
4679
5813
4660
4680
5814
4681
5815
4662
4682
4663
4683
4664
4684
4665
4685
4666
4686
4667
4687
4668
4688
4669
4689
4670
4690
4671
4691
4672
4692
4673
4693
4674
4694
4675
4695
4676
4696
4677
4697
4678
4698
4679
4699
4680
4700
4681
4701
4702
4683
4703
4684
4704
4685
4705
4686
4706
4687
4707
4688
4708
4689
4709
4690
4710
4691
4711
4692
4712
4693
4713
4694
4714
4695
4715
4696
4716
4697
4717
4698
4718
4699
4719
4700
4720
4701
4721
4702
4722
4723
4704
4724
4705
4725
4706
4726
4707
4727
4708
4728
4709
4729
4710
4730
4711
4731
4712
4732
4713
4733
4714
4734
4715
4735
4716
4736
4717
4737
4718
4738
4719
4739
4720
4740
4721
4741
4722
4742
4723
4743
4744
4725
4745
4726
4746
4727
4747
4728
4748
4729
4749
4730
4750
4731
4751
4732
4752
4733
4753
4734
4754
4735
4755
4736
4756
4737
4757
4738
4758
4739
4759
4740
4760
4741
4761
4742
4762
4743
4763
4744
4764
4765
4746
4766
4747
4767
4748
4768
4749
4769
4750
4770
4751
4771
4752
4772
4753
4773
4754
4774
4755
4775
4756
4776
4757
4777
4758
4778
4759
4779
4760
4780
4761
4781
4762
4782
4763
4783
4764
4784
4765
4785
4786
4767
4787
4768
4788
4769
4789
4770
4790
4771
4791
4772
4792
4773
4793
4774
4794
4775
4795
4776
4796
4777
4797
4778
4798
4779
4799
4780
4800
4781
4801
4782
4802
4783
4803
4784
4804
4785
4805
4786
4806
4807
4788
4808
4789
4809
4790
4810
4791
4811
4792
4812
4793
4813
4794
4814
4795
4815
4796
4816
4797
4817
4798
4818
4799
4819
4800
4820
4801
4821
4802
4822
4803
4823
4804
4824
4805
4825
4806
4826
4807
4827
4828
4809
4829
4810
4830
4811
4831
4812
4832
4813
4833
4814
4834
4815
4835
4816
4836
4817
4837
4818
4838
4819
4839
4820
4840
4821
4841
4822
4842
4823
4843
4824
4844
4825
4845
4826
4846
4827
4847
4828
4848
4849
4830
4850
4831
4851
4832
4852
4833
4853
4834
4854
4835
4855
4836
4856
4837
4857
4838
4858
4839
4859
4840
4860
4841
4861
4842
4862
4843
4863
4844
4864
4845
4865
4846
4866
4847
4867
4848
4868
4849
4869
4870
4851
4871
4852
4872
4853
4873
4854
4874
4855
4875
4856
4876
4857
4877
4858
4878
4859
4879
4860
4880
4861
4881
4862
4882
4863
4883
4864
4884
4865
4885
4866
4886
4867
4887
4868
4888
4869
4889
4870
4890
4891
4872
4892
4873
4893
4874
4894
4875
4895
4876
4896
4877
4897
4878
4898
4879
4899
4880
4900
4881
4901
4882
4902
4883
4903
4884
4904
4885
4905
4886
4906
4887
4907
4888
4908
4889
4909
4890
4910
4891
4911
4912
4893
4913
4894
4914
4895
4915
4896
4916
4897
4917
4898
4918
4899
4919
4900
4920
4901
4921
4902
4922
4903
4923
4904
4924
4905
4925
4906
4926
4907
4927
4908
4928
4909
4929
4910
4930
4911
4931
4912
4932
4933
4914
4934
4915
4935
4916
4936
4917
4937
4918
4938
4919
4939
4920
4940
4921
4941
4922
4942
4923
4943
4924
4944
4925
4945
4926
4946
4927
4947
4928
4948
4929
4949
4930
4950
4931
4951
4932
4952
4933
4953
4954
4935
4955
4936
4956
4937
4957
4938
4958
4939
4959
4940
4960
4941
4961
4942
4962
4943
4963
4944
4964
4945
4965
4946
4966
4947
4967
4948
4968
4949
4969
4950
4970
4951
4971
4952
4972
4953
4973
4954
4974
4975
4956
4976
4957
4977
4958
4978
4959
4979
4960
4980
4961
4981
4962
4982
4963
4983
4964
4984
4965
4985
4966
4986
4967
4987
4968
4988
4969
4989
4970
4990
4971
4991
4972
4992
4973
4993
4974
4994
4975
4995
4996
4977
4997
4978
4998
4979
4999
4980
5000
4981
5001
4982
5002
4983
5003
4984
5004
4985
5005
4986
5006
4987
5007
4988
5008
4989
5009
4990
5010
4991
5011
4992
5012
4993
5013
4994
5014
4995
5015
4996
5016
5017
4998
5018
4999
5019
5000
5020
5001
5021
5002
5022
5003
5023
5004
5024
5005
5025
5006
5026
5007
5027
5008
5028
5009
5029
5010
5030
5011
5031
5012
5032
5013
5033
5014
5034
5015
5035
5016
5036
5017
5037
5038
5019
5039
5020
5040
5021
5041
5022
5042
5023
5043
5024
5044
5025
5045
5026
5046
5027
5047
5028
5048
5029
5049
5030
5050
5031
5051
5032
5052
5033
5053
5034
5054
5035
5055
5036
5056
5037
5057
5038
5058
5059
5040
5060
5041
5061
5042
5062
5043
5063
5044
5064
5045
5065
5046
5066
5047
5067
5048
5068
5049
5069
5050
5070
5051
5071
5052
5072
5053
5073
5054
5074
5055
5075
5056
5076
5057
5077
5058
5078
5059
5079
5080
5061
5081
5062
5082
5063
5083
5064
5084
5065
5085
5066
5086
5067
5087
5068
5088
5069
5089
5070
5090
5071
5091
5072
5092
5073
5093
5074
5094
5075
5095
5076
5096
5077
5097
5078
5098
5079
5099
5080
5100
5101
5082
5102
5083
5103
5084
5104
5085
5105
5086
5106
5087
5107
5088
5108
5089
5109
5090
5110
5091
5111
5092
5112
5093
5113
5094
5114
5095
5115
5096
5116
5097
5117
5098
5118
5099
5119
5100
5120
5101
5121
5122
5103
5123
5104
5124
5105
5125
5106
5126
5107
5127
5108
5128
5109
5129
5110
5130
5111
5131
5112
5132
5113
5133
5114
5134
5115
5135
5116
5136
5117
5137
5118
5138
5119
5139
5120
5140
5121
5141
5122
5142
5143
5124
5144
5125
5145
5126
5146
5127
5147
5128
5148
5129
5149
5130
5150
5131
5151
5132
5152
5133
5153
5134
5154
5135
5155
5136
5156
5137
5157
5138
5158
5139
5159
5140
5160
5141
5161
5142
5162
5143
5163
5164
5145
5165
5146
5166
5147
5167
5148
5168
5149
5169
5150
5170
5151
5171
5152
5172
5153
5173
5154
5174
5155
5175
5156
5176
5157
5177
5158
5178
5159
5179
5160
5180
5161
5181
5162
5182
5163
5183
5164
5184
5185
5166
5186
5167
5187
5168
5188
5169
5189
5170
5190
5171
5191
5172
5192
5173
5193
5174
5194
5175
5195
5176
5196
5177
5197
5178
5198
5179
5199
5180
5200
5181
5201
5182
5202
5183
5203
5184
5204
5185
5205
5206
5187
5207
5188
5208
5189
5209
5190
5210
5191
5211
5192
5212
5193
5213
5194
5214
5195
5215
5196
5216
5197
5217
5198
5218
5199
5219
5200
5220
5201
5221
5202
5222
5203
5223
5204
5224
5205
5225
5206
5226
5227
5208
5209
5210
5211
5212
5213
5214
5215
5216
5217
5218
5219
5220
5221
5222
5223
5224
5225
5226
5227
5229
5249
6677
5230
5250
6678
5231
5251
6679
5232
5252
6680
5233
5253
6681
5234
5254
6682
5235
5255
6683
5236
5256
6684
5237
5257
6685
5238
5258
6686
5239
5259
6687
5240
5260
6688
5241
5261
6689
5242
5262
6690
5243
5263
6691
5244
5264
6692
5245
5265
6693
5246
5266
6694
5247
5267
6695
5248
5268
6696
5269
6697
5250
5270
5251
5271
5252
5272
5253
5273
5254
5274
5255
5275
5256
5276
5257
5277
5258
5278
5259
5279
5260
5280
5261
5281
5262
5282
5263
5283
5264
5284
5265
5285
5266
5286
5267
5287
5268
5288
5269
5289
5290
5271
5291
5272
5292
5273
5293
5274
5294
5275
5295
5276
5296
5277
5297
5278
5298
5279
5299
5280
5300
5281
5301
5282
5302
5283
5303
5284
5304
5285
5305
5286
5306
5287
5307
5288
5308
5289
5309
5290
5310
5311
5292
5312
5293
5313
5294
5314
5295
5315
5296
5316
5297
5317
5298
5318
5299
5319
5300
5320
5301
5321
5302
5322
5303
5323
5304
5324
5305
5325
5306
5326
5307
5327
5308
5328
5309
5329
5310
5330
5311
5331
5332
5313
5333
5314
5334
5315
5335
5316
5336
5317
5337
5318
5338
5319
5339
5320
5340
5321
5341
5322
5342
5323
5343
5324
5344
5325
5345
5326
5346
5327
5347
5328
5348
5329
5349
5330
5350
5331
5351
5332
5352
5353
5334
5354
5335
5355
5336
5356
5337
5357
5338
5358
5339
5359
5340
5360
5341
5361
5342
5362
5343
5363
5344
5364
5345
5365
5346
5366
5347
5367
5348
5368
5349
5369
5350
5370
5351
5371
5352
5372
5353
5373
5374
5355
5375
5356
5376
5357
5377
5358
5378
5359
5379
5360
5380
5361
5381
5362
5382
5363
5383
5364
5384
5365
5385
5366
5386
5367
5387
5368
5388
5369
5389
5370
5390
5371
5391
5372
5392
5373
5393
5374
5394
5395
5376
5396
5377
5397
5378
5398
5379
5399
5380
5400
5381
5401
5382
5402
5383
5403
5384
5404
5385
5405
5386
5406
5387
5407
5388
5408
5389
5409
5390
5410
5391
5411
5392
5412
5393
5413
5394
5414
5395
5415
5416
5397
5417
5398
5418
5399
5419
5400
5420
5401
5421
5402
5422
5403
5423
5404
5424
5405
5425
5406
5426
5407
5427
5408
5428
5409
5429
5410
5430
5411
5431
5412
5432
5413
5433
5414
5434
5415
5435
5416
5436
5437
5418
5438
5419
5439
5420
5440
5421
5441
5422
5442
5423
5443
5424
5444
5425
5445
5426
5446
5427
5447
5428
5448
5429
5449
5430
5450
5431
5451
5432
5452
5433
5453
5434
5454
5435
5455
5436
5456
5437
5457
5458
5439
5459
5440
5460
5441
5461
5442
5462
5443
5463
5444
5464
5445
5465
5446
5466
5447
5467
5448
5468
5449
5469
5450
5470
5451
5471
5452
5472
5453
5473
5454
5474
5455
5475
5456
5476
5457
5477
5458
5478
5479
5460
5480
5461
5481
5462
5482
5463
5483
5464
5484
5465
5485
5466
5486
5467
5487
5468
5488
5469
5489
5470
5490
5471
5491
5472
5492
5473
5493
5474
5494
5475
5495
5476
5496
5477
5497
5478
5498
5479
5499
5500
5481
5501
5482
5502
5483
5503
5484
5504
5485
5505
5486
5506
5487
5507
5488
5508
5489
5509
5490
5510
5491
5511
5492
5512
5493
5513
5494
5514
5495
5515
5496
5516
5497
5517
5498
5518
5499
5519
5500
5520
5521
5502
5522
5503
5523
5504
5524
5505
5525
5506
5526
5507
5527
5508
5528
5509
5529
5510
5530
5511
5531
5512
5532
5513
5533
5514
5534
5515
5535
5516
5536
5517
5537
5518
5538
5519
5539
5520
5540
5521
5541
5542
5523
5543
5524
5544
5525
5545
5526
5546
5527
5547
5528
5548
5529
5549
5530
5550
5531
5551
5532
5552
5533
5553
5534
5554
5535
5555
5536
5556
5537
5557
5538
5558
5539
5559
5540
5560
5541
5561
5542
5562
5563
5544
5564
5545
5565
5546
5566
5547
5567
5548
5568
5549
5569
5550
5570
5551
5571
5552
5572
5553
5573
5554
5574
5555
5575
5556
5576
5557
5577
5558
5578
5559
5579
5560
5580
5561
5581
5562
5582
5563
5583
5584
5565
5585
5566
5586
5567
5587
5568
5588
5569
5589
5570
5590
5571
5591
5572
5592
5573
5593
5574
5594
5575
5595
5576
5596
5577
5597
5578
5598
5579
5599
5580
5600
5581
5601
5582
5602
5583
5603
5584
5604
5605
5586
5606
5587
5607
5588
5608
5589
5609
5590
5610
5591
5611
5592
5612
5593
5613
5594
5614
5595
5615
5596
5616
5597
5617
5598
5618
5599
5619
5600
5620
5601
5621
5602
5622
5603
5623
5604
5624
5605
5625
5626
5607
5627
5608
5628
5609
5629
5610
5630
5611
5631
5612
5632
5613
5633
5614
5634
5615
5635
5616
5636
5617
5637
5618
5638
5619
5639
5620
5640
5621
5641
5622
5642
5623
5643
5624
5644
5625
5645
5626
5646
5647
5628
5648
5629
5649
5630
5650
5631
5651
5632
5652
5633
5653
5634
5654
5635
5655
5636
5656
5637
5657
5638
5658
5639
5659
5640
5660
5641
5661
5642
5662
5643
5663
5644
5664
5645
5665
5646
5666
5647
5667
5668
5649
5669
5650
5670
5651
5671
5652
5672
5653
5673
5654
5674
5655
5675
5656
5676
5657
5677
5658
5678
5659
5679
5660
5680
5661
5681
5662
5682
5663
5683
5664
5684
5665
5685
5666
5686
5667
5687
5668
5688
5689
5670
5690
5671
5691
5672
5692
5673
5693
5674
5694
5675
5695
5676
5696
5677
5697
5678
5698
5679
5699
5680
5700
5681
5701
5682
5702
5683
5703
5684
5704
5685
5705
5686
5706
5687
5707
5688
5708
5689
5709
5710
5691
5711
5692
5712
5693
5713
5694
5714
5695
5715
5696
5716
5697
5717
5698
5718
5699
5719
5700
5720
5701
5721
5702
5722
5703
5723
5704
5724
5705
5725
5706
5726
5707
5727
5708
5728
5709
5729
5710
5730
5731
5712
5732
5713
5733
5714
5734
5715
5735
5716
5736
5717
5737
5718
5738
5719
5739
5720
5740
5721
5741
5722
5742
5723
5743
5724
5744
5725
5745
5726
5746
5727
5747
5728
5748
5729
5749
5730
5750
5731
5751
5752
5733
5753
5734
5754
5735
5755
5736
5756
5737
5757
5738
5758
5739
5759
5740
5760
5741
5761
5742
5762
5743
5763
5744
5764
5745
5765
5746
5766
5747
5767
5748
5768
5749
5769
5750
5770
5751
5771
5752
5772
5773
5754
5774
5755
5775
5756
5776
5757
5777
5758
5778
5759
5779
5760
5780
5761
5781
5762
5782
5763
5783
5764
5784
5765
5785
5766
5786
5767
5787
5768
5788
5769
5789
5770
5790
5771
5791
5772
5792
5773
5793
5794
5775
5795
5776
5796
5777
5797
5778
5798
5779
5799
5780
5800
5781
5801
5782
5802
5783
5803
5784
5804
5785
5805
5786
5806
5787
5807
5788
5808
5789
5809
5790
5810
5791
5811
5792
5812
5793
5813
5794
5814
5815
5796
5797
5798
5799
5800
5801
5802
5803
5804
5805
5806
5807
5808
5809
5810
5811
5812
5813
5814
5815
5817
5837
5818
5838
5819
5839
5820
5840
5821
5841
5822
5842
5823
5843
5824
5844
5825
5845
5826
5846
5827
5847
5828
5848
5829
5849
5830
5850
5831
5851
5832
5852
5833
5853
5834
5854
5835
5855
5836
5856
5857
6698
5838
5858
5839
5859
5840
5860
5841
5861
5842
5862
5843
5863
5844
5864
5845
5865
5846
5866
5847
5867
5848
5868
5849
5869
5850
5870
5851
5871
5852
5872
5853
5873
5854
5874
5855
5875
5856
5876
5857
5877
5878
6726
5859
5879
5860
5880
5861
5881
5862
5882
5863
5883
5864
5884
5865
5885
5866
5886
5867
5887
5868
5888
5869
5889
5870
5890
5871
5891
5872
5892
5873
5893
5874
5894
5875
5895
5876
5896
5877
5897
5878
5898
5899
6754
5880
5900
5881
5901
5882
5902
5883
5903
5884
5904
5885
5905
5886
5906
5887
5907
5888
5908
5889
5909
5890
5910
5891
5911
5892
5912
5893
5913
5894
5914
5895
5915
5896
5916
5897
5917
5898
5918
5899
5919
5920
6782
5901
5921
5902
5922
5903
5923
5904
5924
5905
5925
5906
5926
5907
5927
5908
5928
5909
5929
5910
5930
5911
5931
5912
5932
5913
5933
5914
5934
5915
5935
5916
5936
5917
5937
5918
5938
5919
5939
5920
5940
5941
6810
5922
5942
5923
5943
5924
5944
5925
5945
5926
5946
5927
5947
5928
5948
5929
5949
5930
5950
5931
5951
5932
5952
5933
5953
5934
5954
5935
5955
5936
5956
5937
5957
5938
5958
5939
5959
5940
5960
5941
5961
5962
6838
5943
5963
5944
5964
5945
5965
5946
5966
5947
5967
5948
5968
5949
5969
5950
5970
5951
5971
5952
5972
5953
5973
5954
5974
5955
5975
5956
5976
5957
5977
5958
5978
5959
5979
5960
5980
5961
5981
5962
5982
5983
6866
5964
5984
5965
5985
5966
5986
5967
5987
5968
5988
5969
5989
5970
5990
5971
5991
5972
5992
5973
5993
5974
5994
5975
5995
5976
5996
5977
5997
5978
5998
5979
5999
5980
6000
5981
6001
5982
6002
5983
6003
6004
6894
5985
6005
5986
6006
5987
6007
5988
6008
5989
6009
5990
6010
5991
6011
5992
6012
5993
6013
5994
6014
5995
6015
5996
6016
5997
6017
5998
6018
5999
6019
6000
6020
6001
6021
6002
6022
6003
6023
6004
6024
6025
6922
6006
6026
6007
6027
6008
6028
6009
6029
6010
6030
6011
6031
6012
6032
6013
6033
6014
6034
6015
6035
6016
6036
6017
6037
6018
6038
6019
6039
6020
6040
6021
6041
6022
6042
6023
6043
6024
6044
6025
6045
6046
6950
6027
6047
6028
6048
6029
6049
6030
6050
6031
6051
6032
6052
6033
6053
6034
6054
6035
6055
6036
6056
6037
6057
6038
6058
6039
6059
6040
6060
6041
6061
6042
6062
6043
6063
6044
6064
6045
6065
6046
6066
6067
6978
6048
6068
6049
6069
6050
6070
6051
6071
6052
6072
6053
6073
6054
6074
6055
6075
6056
6076
6057
6077
6058
6078
6059
6079
6060
6080
6061
6081
6062
6082
6063
6083
6064
6084
6065
6085
6066
6086
6067
6087
6088
7006
6069
6089
6070
6090
6071
6091
6072
6092
6073
6093
6074
6094
6075
6095
6076
6096
6077
6097
6078
6098
6079
6099
6080
6100
6081
6101
6082
6102
6083
6103
6084
6104
6085
6105
6086
6106
6087
6107
6088
6108
6109
7034
6090
6110
6091
6111
6092
6112
6093
6113
6094
6114
6095
6115
6096
6116
6097
6117
6098
6118
6099
6119
6100
6120
6101
6121
6102
6122
6103
6123
6104
6124
6105
6125
6106
6126
6107
6127
6108
6128
6109
6129
6130
7062
6111
6131
6112
6132
6113
6133
6114
6134
6115
6135
6116
6136
6117
6137
6118
6138
6119
6139
6120
6140
6121
6141
6122
6142
6123
6143
6124
6144
6125
6145
6126
6146
6127
6147
6128
6148
6129
6149
6130
6150
6151
7090
6132
6152
6133
6153
6134
6154
6135
6155
6136
6156
6137
6157
6138
6158
6139
6159
6140
6160
6141
6161
6142
6162
6143
6163
6144
6164
6145
6165
6146
6166
6147
6167
6148
6168
6149
6169
6150
6170
6151
6171
6172
7118
6153
6173
6154
6174
6155
6175
6156
6176
6157
6177
6158
6178
6159
6179
6160
6180
6161
6181
6162
6182
6163
6183
6164
6184
6165
6185
6166
6186
6167
6187
6168
6188
6169
6189
6170
6190
6171
6191
6172
6192
6193
7146
6174
6194
6175
6195
6176
6196
6177
6197
6178
6198
6179
6199
6180
6200
6181
6201
6182
6202
6183
6203
6184
6204
6185
6205
6186
6206
6187
6207
6188
6208
6189
6209
6190
6210
6191
6211
6192
6212
6193
6213
6214
7174
6195
6215
6196
6216
6197
6217
6198
6218
6199
6219
6200
6220
6201
6221
6202
6222
6203
6223
6204
6224
6205
6225
6206
6226
6207
6227
6208
6228
6209
6229
6210
6230
6211
6231
6212
6232
6213
6233
6214
6234
6235
7202
6216
6236
6217
6237
6218
6238
6219
6239
6220
6240
6221
6241
6222
6242
6223
6243
6224
6244
6225
6245
6226
6246
6227
6247
6228
6248
6229
6249
6230
6250
6231
6251
6232
6252
6233
6253
6234
6254
6235
6255
6256
7230
6237
6257
6238
6258
6239
6259
6240
6260
6241
6261
6242
6262
6243
6263
6244
6264
6245
6265
6246
6266
6247
6267
6248
6268
6249
6269
6250
6270
6251
6271
6252
6272
6253
6273
6254
6274
6255
6275
6256
6276
6277
7258
6258
6278
6259
6279
6260
6280
6261
6281
6262
6282
6263
6283
6264
6284
6265
6285
6266
6286
6267
6287
6268
6288
6269
6289
6270
6290
6271
6291
6272
6292
6273
6293
6274
6294
6275
6295
6276
6296
6277
6297
6298
7286
6279
6299
6280
6300
6281
6301
6282
6302
6283
6303
6284
6304
6285
6305
6286
6306
6287
6307
6288
6308
6289
6309
6290
6310
6291
6311
6292
6312
6293
6313
6294
6314
6295
6315
6296
6316
6297
6317
6298
6318
6319
7314
6300
6320
6301
6321
6302
6322
6303
6323
6304
6324
6305
6325
6306
6326
6307
6327
6308
6328
6309
6329
6310
6330
6311
6331
6312
6332
6313
6333
6314
6334
6315
6335
6316
6336
6317
6337
6318
6338
6319
6339
6340
7342
6321
6341
6322
6342
6323
6343
6324
6344
6325
6345
6326
6346
6327
6347
6328
6348
6329
6349
6330
6350
6331
6351
6332
6352
6333
6353
6334
6354
6335
6355
6336
6356
6337
6357
6338
6358
6339
6359
6340
6360
6361
7370
6342
6362
6343
6363
6344
6364
6345
6365
6346
6366
6347
6367
6348
6368
6349
6369
6350
6370
6351
6371
6352
6372
6353
6373
6354
6374
6355
6375
6356
6376
6357
6377
6358
6378
6359
6379
6360
6380
6361
6381
6382
7398
6363
6383
6364
6384
6365
6385
6366
6386
6367
6387
6368
6388
6369
6389
6370
6390
6371
6391
6372
6392
6373
6393
6374
6394
6375
6395
6376
6396
6377
6397
6378
6398
6379
6399
6380
6400
6381
6401
6382
6402
6403
7426
6384
6404
6385
6405
6386
6406
6387
6407
6388
6408
6389
6409
6390
6410
6391
6411
6392
6412
6393
6413
6394
6414
6395
6415
6396
6416
6397
6417
6398
6418
6399
6419
6400
6420
6401
6421
6402
6422
6403
6423
6424
7454
6405
6425
6406
6426
6407
6427
6408
6428
6409
6429
6410
6430
6411
6431
6412
6432
6413
6433
6414
6434
6415
6435
6416
6436
6417
6437
6418
6438
6419
6439
6420
6440
6421
6441
6422
6442
6423
6443
6424
6444
6445
7482
6426
6446
6427
6447
6428
6448
6429
6449
6430
6450
6431
6451
6432
6452
6433
6453
6434
6454
6435
6455
6436
6456
6437
6457
6438
6458
6439
6459
6440
6460
6441
6461
6442
6462
6443
6463
6444
6464
6445
6465
6466
7510
6447
6467
6448
6468
6449
6469
6450
6470
6451
6471
6452
6472
6453
6473
6454
6474
6455
6475
6456
6476
6457
6477
6458
6478
6459
6479
6460
6480
6461
6481
6462
6482
6463
6483
6464
6484
6465
6485
6466
6486
6487
7538
6468
6488
6469
6489
6470
6490
6471
6491
6472
6492
6473
6493
6474
6494
6475
6495
6476
6496
6477
6497
6478
6498
6479
6499
6480
6500
6481
6501
6482
6502
6483
6503
6484
6504
6485
6505
6486
6506
6487
6507
6508
7566
6489
6509
6490
6510
6491
6511
6492
6512
6493
6513
6494
6514
6495
6515
6496
6516
6497
6517
6498
6518
6499
6519
6500
6520
6501
6521
6502
6522
6503
6523
6504
6524
6505
6525
6506
6526
6507
6527
6508
6528
6529
7594
6510
6530
6511
6531
6512
6532
6513
6533
6514
6534
6515
6535
6516
6536
6517
6537
6518
6538
6519
6539
6520
6540
6521
6541
6522
6542
6523
6543
6524
6544
6525
6545
6526
6546
6527
6547
6528
6548
6529
6549
6550
7622
6531
6551
6532
6552
6533
6553
6534
6554
6535
6555
6536
6556
6537
6557
6538
6558
6539
6559
6540
6560
6541
6561
6542
6562
6543
6563
6544
6564
6545
6565
6546
6566
6547
6567
6548
6568
6549
6569
6550
6570
6571
7650
6552
6572
6553
6573
6554
6574
6555
6575
6556
6576
6557
6577
6558
6578
6559
6579
6560
6580
6561
6581
6562
6582
6563
6583
6564
6584
6565
6585
6566
6586
6567
6587
6568
6588
6569
6589
6570
6590
6571
6591
6592
7678
6573
6593
6574
6594
6575
6595
6576
6596
6577
6597
6578
6598
6579
6599
6580
6600
6581
6601
6582
6602
6583
6603
6584
6604
6585
6605
6586
6606
6587
6607
6588
6608
6589
6609
6590
6610
6591
6611
6592
6612
6613
7706
6594
6614
6595
6615
6596
6616
6597
6617
6598
6618
6599
6619
6600
6620
6601
6621
6602
6622
6603
6623
6604
6624
6605
6625
6606
6626
6607
6627
6608
6628
6609
6629
6610
6630
6611
6631
6612
6632
6613
6633
6634
7734
6615
6635
6616
6636
6617
6637
6618
6638
6619
6639
6620
6640
6621
6641
6622
6642
6623
6643
6624
6644
6625
6645
6626
6646
6627
6647
6628
6648
6629
6649
6630
6650
6631
6651
6632
6652
6633
6653
6634
6654
6655
7762
6636
6656
6637
6657
6638
6658
6639
6659
6640
6660
6641
6661
6642
6662
6643
6663
6644
6664
6645
6665
6646
6666
6647
6667
6648
6668
6649
6669
6650
6670
6651
6671
6652
6672
6653
6673
6654
6674
6655
6675
6676
7790
6657
6677
6658
6678
6659
6679
6660
6680
6661
6681
6662
6682
6663
6683
6664
6684
6665
6685
6666
6686
6667
6687
6668
6688
6669
6689
6670
6690
6671
6691
6672
6692
6673
6693
6674
6694
6675
6695
6676
6696
6697
7818
6678
6679
6680
6681
6682
6683
6684
6685
6686
6687
6688
6689
6690
6691
6692
6693
6694
6695
6696
6697
7846
6699
6726
6700
6727
6701
6728
6702
6729
6703
6730
6704
6731
6705
6732
6706
6733
6707
6734
6708
6735
6709
6736
6710
6737
6711
6738
6712
6739
6713
6740
6714
6741
6715
6742
6716
6743
6717
6744
6718
6745
6719
6746
6720
6747
6721
6748
6722
6749
6723
6750
6724
6751
6725
6752
6753
7874
6727
6754
6728
6755
6729
6756
6730
6757
6731
6758
6732
6759
6733
6760
6734
6761
6735
6762
6736
6763
6737
6764
6738
6765
6739
6766
6740
6767
6741
6768
6742
6769
6743
6770
6744
6771
6745
6772
6746
6773
6747
6774
6748
6775
6749
6776
6750
6777
6751
6778
6752
6779
6753
6780
6781
7885
6755
6782
6756
6783
6757
6784
6758
6785
6759
6786
6760
6787
6761
6788
6762
6789
6763
6790
6764
6791
6765
6792
6766
6793
6767
6794
6768
6795
6769
6796
6770
6797
6771
6798
6772
6799
6773
6800
6774
6801
6775
6802
6776
6803
6777
6804
6778
6805
6779
6806
6780
6807
6781
6808
6809
7896
6783
6810
6784
6811
6785
6812
6786
6813
6787
6814
6788
6815
6789
6816
6790
6817
6791
6818
6792
6819
6793
6820
6794
6821
6795
6822
6796
6823
6797
6824
6798
6825
6799
6826
6800
6827
6801
6828
6802
6829
6803
6830
6804
6831
6805
6832
6806
6833
6807
6834
6808
6835
6809
6836
6837
7907
6811
6838
6812
6839
6813
6840
6814
6841
6815
6842
6816
6843
6817
6844
6818
6845
6819
6846
6820
6847
6821
6848
6822
6849
6823
6850
6824
6851
6825
6852
6826
6853
6827
6854
6828
6855
6829
6856
6830
6857
6831
6858
6832
6859
6833
6860
6834
6861
6835
6862
6836
6863
6837
6864
6865
7918
6839
6866
6840
6867
6841
6868
6842
6869
6843
6870
6844
6871
6845
6872
6846
6873
6847
6874
6848
6875
6849
6876
6850
6877
6851
6878
6852
6879
6853
6880
6854
6881
6855
6882
6856
6883
6857
6884
6858
6885
6859
6886
6860
6887
6861
6888
6862
6889
6863
6890
6864
6891
6865
6892
6893
7929
6867
6894
6868
6895
6869
6896
6870
6897
6871
6898
6872
6899
6873
6900
6874
6901
6875
6902
6876
6903
6877
6904
6878
6905
6879
6906
6880
6907
6881
6908
6882
6909
6883
6910
6884
6911
6885
6912
6886
6913
6887
6914
6888
6915
6889
6916
6890
6917
6891
6918
6892
6919
6893
6920
6921
7940
6895
6922
6896
6923
6897
6924
6898
6925
6899
6926
6900
6927
6901
6928
6902
6929
6903
6930
6904
6931
6905
6932
6906
6933
6907
6934
6908
6935
6909
6936
6910
6937
6911
6938
6912
6939
6913
6940
6914
6941
6915
6942
6916
6943
6917
6944
6918
6945
6919
6946
6920
6947
6921
6948
6949
7951
6923
6950
6924
6951
6925
6952
6926
6953
6927
6954
6928
6955
6929
6956
6930
6957
6931
6958
6932
6959
6933
6960
6934
6961
6935
6962
6936
6963
6937
6964
6938
6965
6939
6966
6940
6967
6941
6968
6942
6969
6943
6970
6944
6971
6945
6972
6946
6973
6947
6974
6948
6975
6949
6976
6977
7962
6951
6978
6952
6979
6953
6980
6954
6981
6955
6982
6956
6983
6957
6984
6958
6985
6959
6986
6960
6987
6961
6988
6962
6989
6963
6990
6964
6991
6965
6992
6966
6993
6967
6994
6968
6995
6969
6996
6970
6997
6971
6998
6972
6999
6973
7000
6974
7001
6975
7002
6976
7003
6977
7004
7005
7973
6979
7006
6980
7007
6981
7008
6982
7009
6983
7010
6984
7011
6985
7012
6986
7013
6987
7014
6988
7015
6989
7016
6990
7017
6991
7018
6992
7019
6993
7020
6994
7021
6995
7022
6996
7023
6997
7024
6998
7025
6999
7026
7000
7027
7001
7028
7002
7029
7003
7030
7004
7031
7005
7032
7033
7984
7007
7034
7008
7035
7009
7036
7010
7037
7011
7038
7012
7039
7013
7040
7014
7041
7015
7042
7016
7043
7017
7044
7018
7045
7019
7046
7020
7047
7021
7048
7022
7049
7023
7050
7024
7051
7025
7052
7026
7053
7027
7054
7028
7055
7029
7056
7030
7057
7031
7058
7032
7059
7033
7060
7061
7995
7035
7062
7036
7063
7037
7064
7038
7065
7039
7066
7040
7067
7041
7068
7042
7069
7043
7070
7044
7071
7045
7072
7046
7073
7047
7074
7048
7075
7049
7076
7050
7077
7051
7078
7052
7079
7053
7080
7054
7081
7055
7082
7056
7083
7057
7084
7058
7085
7059
7086
7060
7087
7061
7088
7089
8006
7063
7090
7064
7091
7065
7092
7066
7093
7067
7094
7068
7095
7069
7096
7070
7097
7071
7098
7072
7099
7073
7100
7074
7101
7075
7102
7076
7103
7077
7104
7078
7105
7079
7106
7080
7107
7081
7108
7082
7109
7083
7110
7084
7111
7085
7112
7086
7113
7087
7114
7088
7115
7089
7116
7117
8017
7091
7118
7092
7119
7093
7120
7094
7121
7095
7122
7096
7123
7097
7124
7098
7125
7099
7126
7100
7127
7101
7128
7102
7129
7103
7130
7104
7131
7105
7132
7106
7133
7107
7134
7108
7135
7109
7136
7110
7137
7111
7138
7112
7139
7113
7140
7114
7141
7115
7142
7116
7143
7117
7144
7145
8028
7119
7146
7120
7147
7121
7148
7122
7149
7123
7150
7124
7151
7125
7152
7126
7153
7127
7154
7128
7155
7129
7156
7130
7157
7131
7158
7132
7159
7133
7160
7134
7161
7135
7162
7136
7163
7137
7164
7138
7165
7139
7166
7140
7167
7141
7168
7142
7169
7143
7170
7144
7171
7145
7172
7173
8039
7147
7174
7148
7175
7149
7176
7150
7177
7151
7178
7152
7179
7153
7180
7154
7181
7155
7182
7156
7183
7157
7184
7158
7185
7159
7186
7160
7187
7161
7188
7162
7189
7163
7190
7164
7191
7165
7192
7166
7193
7167
7194
7168
7195
7169
7196
7170
7197
7171
7198
7172
7199
7173
7200
7201
8050
7175
7202
7176
7203
7177
7204
7178
7205
7179
7206
7180
7207
7181
7208
7182
7209
7183
7210
7184
7211
7185
7212
7186
7213
7187
7214
7188
7215
7189
7216
7190
7217
7191
7218
7192
7219
7193
7220
7194
7221
7195
7222
7196
7223
7197
7224
7198
7225
7199
7226
7200
7227
7201
7228
7229
8061
7203
7230
7204
7231
7205
7232
7206
7233
7207
7234
7208
7235
7209
7236
7210
7237
7211
7238
7212
7239
7213
7240
7214
7241
7215
7242
7216
7243
7217
7244
7218
7245
7219
7246
7220
7247
7221
7248
7222
7249
7223
7250
7224
7251
7225
7252
7226
7253
7227
7254
7228
7255
7229
7256
7257
8072
7231
7258
7232
7259
7233
7260
7234
7261
7235
7262
7236
7263
7237
7264
7238
7265
7239
7266
7240
7267
7241
7268
7242
7269
7243
7270
7244
7271
7245
7272
7246
7273
7247
7274
7248
7275
7249
7276
7250
7277
7251
7278
7252
7279
7253
7280
7254
7281
7255
7282
7256
7283
7257
7284
7285
8083
7259
7286
7260
7287
7261
7288
7262
7289
7263
7290
7264
7291
7265
7292
7266
7293
7267
7294
7268
7295
7269
7296
7270
7297
7271
7298
7272
7299
7273
7300
7274
7301
7275
7302
7276
7303
7277
7304
7278
7305
7279
7306
7280
7307
7281
7308
7282
7309
7283
7310
7284
7311
7285
7312
7313
8094
7287
7314
7288
7315
7289
7316
7290
7317
7291
7318
7292
7319
7293
7320
7294
7321
7295
7322
7296
7323
7297
7324
7298
7325
7299
7326
7300
7327
7301
7328
7302
7329
7303
7330
7304
7331
7305
7332
7306
7333
7307
7334
7308
7335
7309
7336
7310
7337
7311
7338
7312
7339
7313
7340
7341
8105
7315
7342
7316
7343
7317
7344
7318
7345
7319
7346
7320
7347
7321
7348
7322
7349
7323
7350
7324
7351
7325
7352
7326
7353
7327
7354
7328
7355
7329
7356
7330
7357
7331
7358
7332
7359
7333
7360
7334
7361
7335
7362
7336
7363
7337
7364
7338
7365
7339
7366
7340
7367
7341
7368
7369
8116
7343
7370
7344
7371
7345
7372
7346
7373
7347
7374
7348
7375
7349
7376
7350
7377
7351
7378
7352
7379
7353
7380
7354
7381
7355
7382
7356
7383
7357
7384
7358
7385
7359
7386
7360
7387
7361
7388
7362
7389
7363
7390
7364
7391
7365
7392
7366
7393
7367
7394
7368
7395
7369
7396
7397
8127
7371
7398
7372
7399
7373
7400
7374
7401
7375
7402
7376
7403
7377
7404
7378
7405
7379
7406
7380
7407
7381
7408
7382
7409
7383
7410
7384
7411
7385
7412
7386
7413
7387
7414
7388
7415
7389
7416
7390
7417
7391
7418
7392
7419
7393
7420
7394
7421
7395
7422
7396
7423
7397
7424
7425
8138
7399
7426
7400
7427
7401
7428
7402
7429
7403
7430
7404
7431
7405
7432
7406
7433
7407
7434
7408
7435
7409
7436
7410
7437
7411
7438
7412
7439
7413
7440
7414
7441
7415
7442
7416
7443
7417
7444
7418
7445
7419
7446
7420
7447
7421
7448
7422
7449
7423
7450
7424
7451
7425
7452
7453
8149
7427
7454
7428
7455
7429
7456
7430
7457
7431
7458
7432
7459
7433
7460
7434
7461
7435
7462
7436
7463
7437
7464
7438
7465
7439
7466
7440
7467
7441
7468
7442
7469
7443
7470
7444
7471
7445
7472
7446
7473
7447
7474
7448
7475
7449
7476
7450
7477
7451
7478
7452
7479
7453
7480
7481
8160
7455
7482
7456
7483
7457
7484
7458
7485
7459
7486
7460
7487
7461
7488
7462
7489
7463
7490
7464
7491
7465
7492
7466
7493
7467
7494
7468
7495
7469
7496
7470
7497
7471
7498
7472
7499
7473
7500
7474
7501
7475
7502
7476
7503
7477
7504
7478
7505
7479
7506
7480
7507
7481
7508
7509
8171
7483
7510
7484
7511
7485
7512
7486
7513
7487
7514
7488
7515
7489
7516
7490
7517
7491
7518
7492
7519
7493
7520
7494
7521
7495
7522
7496
7523
7497
7524
7498
7525
7499
7526
7500
7527
7501
7528
7502
7529
7503
7530
7504
7531
7505
7532
7506
7533
7507
7534
7508
7535
7509
7536
7537
8182
7511
7538
7512
7539
7513
7540
7514
7541
7515
7542
7516
7543
7517
7544
7518
7545
7519
7546
7520
7547
7521
7548
7522
7549
7523
7550
7524
7551
7525
7552
7526
7553
7527
7554
7528
7555
7529
7556
7530
7557
7531
7558
7532
7559
7533
7560
7534
7561
7535
7562
7536
7563
7537
7564
7565
8193
7539
7566
7540
7567
7541
7568
7542
7569
7543
7570
7544
7571
7545
7572
7546
7573
7547
7574
7548
7575
7549
7576
7550
7577
7551
7578
7552
7579
7553
7580
7554
7581
7555
7582
7556
7583
7557
7584
7558
7585
7559
7586
7560
7587
7561
7588
7562
7589
7563
7590
7564
7591
7565
7592
7593
8204
7567
7594
7568
7595
7569
7596
7570
7597
7571
7598
7572
7599
7573
7600
7574
7601
7575
7602
7576
7603
7577
7604
7578
7605
7579
7606
7580
7607
7581
7608
7582
7609
7583
7610
7584
7611
7585
7612
7586
7613
7587
7614
7588
7615
7589
7616
7590
7617
7591
7618
7592
7619
7593
7620
7621
8215
7595
7622
7596
7623
7597
7624
7598
7625
7599
7626
7600
7627
7601
7628
7602
7629
7603
7630
7604
7631
7605
7632
7606
7633
7607
7634
7608
7635
7609
7636
7610
7637
7611
7638
7612
7639
7613
7640
7614
7641
7615
7642
7616
7643
7617
7644
7618
7645
7619
7646
7620
7647
7621
7648
7649
8226
7623
7650
7624
7651
7625
7652
7626
7653
7627
7654
7628
7655
7629
7656
7630
7657
7631
7658
7632
7659
7633
7660
7634
7661
7635
7662
7636
7663
7637
7664
7638
7665
7639
7666
7640
7667
7641
7668
7642
7669
7643
7670
7644
7671
7645
7672
7646
7673
7647
7674
7648
7675
7649
7676
7677
8237
7651
7678
7652
7679
7653
7680
7654
7681
7655
7682
7656
7683
7657
7684
7658
7685
7659
7686
7660
7687
7661
7688
7662
7689
7663
7690
7664
7691
7665
7692
7666
7693
7667
7694
7668
7695
7669
7696
7670
7697
7671
7698
7672
7699
7673
7700
7674
7701
7675
7702
7676
7703
7677
7704
7705
8248
7679
7706
7680
7707
7681
7708
7682
7709
7683
7710
7684
7711
7685
7712
7686
7713
7687
7714
7688
7715
7689
7716
7690
7717
7691
7718
7692
7719
7693
7720
7694
7721
7695
7722
7696
7723
7697
7724
7698
7725
7699
7726
7700
7727
7701
7728
7702
7729
7703
7730
7704
7731
7705
7732
7733
8259
7707
7734
7708
7735
7709
7736
7710
7737
7711
7738
7712
7739
7713
7740
7714
7741
7715
7742
7716
7743
7717
7744
7718
7745
7719
7746
7720
7747
7721
7748
7722
7749
7723
7750
7724
7751
7725
7752
7726
7753
7727
7754
7728
7755
7729
7756
7730
7757
7731
7758
7732
7759
7733
7760
7761
8270
7735
7762
7736
7763
7737
7764
7738
7765
7739
7766
7740
7767
7741
7768
7742
7769
7743
7770
7744
7771
7745
7772
7746
7773
7747
7774
7748
7775
7749
7776
7750
7777
7751
7778
7752
7779
7753
7780
7754
7781
7755
7782
7756
7783
7757
7784
7758
7785
7759
7786
7760
7787
7761
7788
7789
8280
7763
7790
7764
7791
7765
7792
7766
7793
7767
7794
7768
7795
7769
7796
7770
7797
7771
7798
7772
7799
7773
7800
7774
7801
7775
7802
7776
7803
7777
7804
7778
7805
7779
7806
7780
7807
7781
7808
7782
7809
7783
7810
7784
7811
7785
7812
7786
7813
7787
7814
7788
7815
7789
7816
7817
8290
7791
7818
7792
7819
7793
7820
7794
7821
7795
7822
7796
7823
7797
7824
7798
7825
7799
7826
7800
7827
7801
7828
7802
7829
7803
7830
7804
7831
7805
7832
7806
7833
7807
7834
7808
7835
7809
7836
7810
7837
7811
7838
7812
7839
7813
7840
7814
7841
7815
7842
7816
7843
7817
7844
7845
8300
7819
7846
7820
7847
7821
7848
7822
7849
7823
7850
7824
7851
7825
7852
7826
7853
7827
7854
7828
7855
7829
7856
7830
7857
7831
7858
7832
7859
7833
7860
7834
7861
7835
7862
7836
7863
7837
7864
7838
7865
7839
7866
7840
7867
7841
7868
7842
7869
7843
7870
7844
7871
7845
7872
7873
8310
7847
7848
7849
7850
7851
7852
7853
7854
7855
7856
7857
7858
7859
7860
7861
7862
7863
7864
7865
7866
7867
7868
7869
7870
7871
7872
7873
8320
7875
7885
7876
7886
7877
7887
7878
7888
7879
7889
7880
7890
7881
7891
7882
7892
7883
7893
7884
7894
7895
7886
7896
7887
7897
7888
7898
7889
7899
7890
7900
7891
7901
7892
7902
7893
7903
7894
7904
7895
7905
7906
7897
7907
7898
7908
7899
7909
7900
7910
7901
7911
7902
7912
7903
7913
7904
7914
7905
7915
7906
7916
7917
7908
7918
7909
7919
7910
7920
7911
7921
7912
7922
7913
7923
7914
7924
7915
7925
7916
7926
7917
7927
7928
7919
7929
7920
7930
7921
7931
7922
7932
7923
7933
7924
7934
7925
7935
7926
7936
7927
7937
7928
7938
7939
7930
7940
7931
7941
7932
7942
7933
7943
7934
7944
7935
7945
7936
7946
7937
7947
7938
7948
7939
7949
7950
7941
7951
7942
7952
7943
7953
7944
7954
7945
7955
7946
7956
7947
7957
7948
7958
7949
7959
7950
7960
7961
7952
7962
7953
7963
7954
7964
7955
7965
7956
7966
7957
7967
7958
7968
7959
7969
7960
7970
7961
7971
7972
7963
7973
7964
7974
7965
7975
7966
7976
7967
7977
7968
7978
7969
7979
7970
7980
7971
7981
7972
7982
7983
7974
7984
7975
7985
7976
7986
7977
7987
7978
7988
7979
7989
7980
7990
7981
7991
7982
7992
7983
7993
7994
7985
7995
7986
7996
7987
7997
7988
7998
7989
7999
7990
8000
7991
8001
7992
8002
7993
8003
7994
8004
8005
7996
8006
7997
8007
7998
8008
7999
8009
8000
8010
8001
8011
8002
8012
8003
8013
8004
8014
8005
8015
8016
8007
8017
8008
8018
8009
8019
8010
8020
8011
8021
8012
8022
8013
8023
8014
8024
8015
8025
8016
8026
8027
8018
8028
8019
8029
8020
8030
8021
8031
8022
8032
8023
8033
8024
8034
8025
8035
8026
8036
8027
8037
8038
8029
8039
8030
8040
8031
8041
8032
8042
8033
8043
8034
8044
8035
8045
8036
8046
8037
8047
8038
8048
8049
8040
8050
8041
8051
8042
8052
8043
8053
8044
8054
8045
8055
8046
8056
8047
8057
8048
8058
8049
8059
8060
8051
8061
8052
8062
8053
8063
8054
8064
8055
8065
8056
8066
8057
8067
8058
8068
8059
8069
8060
8070
8071
8062
8072
8063
8073
8064
8074
8065
8075
8066
8076
8067
8077
8068
8078
8069
8079
8070
8080
8071
8081
8082
8073
8083
8074
8084
8075
8085
8076
8086
8077
8087
8078
8088
8079
8089
8080
8090
8081
8091
8082
8092
8093
8084
8094
8085
8095
8086
8096
8087
8097
8088
8098
8089
8099
8090
8100
8091
8101
8092
8102
8093
8103
8104
8095
8105
8096
8106
8097
8107
8098
8108
8099
8109
8100
8110
8101
8111
8102
8112
8103
8113
8104
8114
8115
8106
8116
8107
8117
8108
8118
8109
8119
8110
8120
8111
8121
8112
8122
8113
8123
8114
8124
8115
8125
8126
8117
8127
8118
8128
8119
8129
8120
8130
8121
8131
8122
8132
8123
8133
8124
8134
8125
8135
8126
8136
8137
8128
8138
8129
8139
8130
8140
8131
8141
8132
8142
8133
8143
8134
8144
8135
8145
8136
8146
8137
8147
8148
8139
8149
8140
8150
8141
8151
8142
8152
8143
8153
8144
8154
8145
8155
8146
8156
8147
8157
8148
8158
8159
8150
8160
8151
8161
8152
8162
8153
8163
8154
8164
8155
8165
8156
8166
8157
8167
8158
8168
8159
8169
8170
8161
8171
8162
8172
8163
8173
8164
8174
8165
8175
8166
8176
8167
8177
8168
8178
8169
8179
8170
8180
8181
8172
8182
8173
8183
8174
8184
8175
8185
8176
8186
8177
8187
8178
8188
8179
8189
8180
8190
8181
8191
8192
8183
8193
8184
8194
8185
8195
8186
8196
8187
8197
8188
8198
8189
8199
8190
8200
8191
8201
8192
8202
8203
8194
8204
8195
8205
8196
8206
8197
8207
8198
8208
8199
8209
8200
8210
8201
8211
8202
8212
8203
8213
8214
8205
8215
8206
8216
8207
8217
8208
8218
8209
8219
8210
8220
8211
8221
8212
8222
8213
8223
8214
8224
8225
8216
8226
8217
8227
8218
8228
8219
8229
8220
8230
8221
8231
8222
8232
8223
8233
8224
8234
8225
8235
8236
8227
8237
8228
8238
8229
8239
8230
8240
8231
8241
8232
8242
8233
8243
8234
8244
8235
8245
8236
8246
8247
8238
8248
8239
8249
8240
8250
8241
8251
8242
8252
8243
8253
8244
8254
8245
8255
8246
8256
8247
8257
8258
8249
8259
8250
8260
8251
8261
8252
8262
8253
8263
8254
8264
8255
8265
8256
8266
8257
8267
8258
8268
8269
8260
8270
8261
8271
8262
8272
8263
8273
8264
8274
8265
8275
8266
8276
8267
8277
8268
8278
8269
8279
8271
8280
8272
8281
8273
8282
8274
8283
8275
8284
8276
8285
8277
8286
8278
8287
8279
8288
8289
8281
8290
8282
8291
8283
8292
8284
8293
8285
8294
8286
8295
8287
8296
8288
8297
8289
8298
8299
8291
8300
8292
8301
8293
8302
8294
8303
8295
8304
8296
8305
8297
8306
8298
8307
8299
8308
8309
8301
8310
8302
8311
8303
8312
8304
8313
8305
8314
8306
8315
8307
8316
8308
8317
8309
8318
8319
8311
8320
8312
8321
8313
8322
8314
8323
8315
8324
8316
8325
8317
8326
8318
8327
8319
8328
8329
8321
8322
8323
8324
8325
8326
8327
8328
8329
)


// ************************************************************************* //
