/*--------------------------------*- C++ -*----------------------------------*\
  =========                 |
  \\      /  F ield         | OpenFOAM: The Open Source CFD Toolbox
   \\    /   O peration     | Website:  https://openfoam.org
    \\  /    A nd           | Version:  7
     \\/     M anipulation  |
\*---------------------------------------------------------------------------*/
FoamFile
{
    version     2.0;
    format      ascii;
    class       volScalarField;
    location    "20";
    object      p;
}
// * * * * * * * * * * * * * * * * * * * * * * * * * * * * * * * * * * * * * //

dimensions      [0 2 -2 0 0 0 0];

internalField   nonuniform List<scalar> 
8500
(
-0.360631
-0.36412
-0.363521
-0.360679
-0.355938
-0.349503
-0.341662
-0.33272
-0.32289
-0.31222
-0.361699
-0.364998
-0.364274
-0.361317
-0.356468
-0.349935
-0.342002
-0.332985
-0.323076
-0.312227
-0.363829
-0.366751
-0.365776
-0.362588
-0.357525
-0.350795
-0.34268
-0.333511
-0.323442
-0.312233
-0.36701
-0.369367
-0.368016
-0.364484
-0.359101
-0.352077
-0.343688
-0.334289
-0.323981
-0.312225
-0.371223
-0.372833
-0.370983
-0.366993
-0.361185
-0.35377
-0.345015
-0.335309
-0.324677
-0.312181
-0.376447
-0.377127
-0.374658
-0.370101
-0.363763
-0.355862
-0.346649
-0.336554
-0.325514
-0.312074
-0.382654
-0.382228
-0.379021
-0.373786
-0.366819
-0.358336
-0.348574
-0.33801
-0.326471
-0.311869
-0.389814
-0.388105
-0.384045
-0.378029
-0.370334
-0.361178
-0.350776
-0.339658
-0.327525
-0.311525
-0.397891
-0.394726
-0.389702
-0.382802
-0.374286
-0.36437
-0.35324
-0.341481
-0.328654
-0.310994
-0.406841
-0.402056
-0.395959
-0.38808
-0.378655
-0.367895
-0.355951
-0.343466
-0.329834
-0.310224
-0.416621
-0.410051
-0.402778
-0.393832
-0.383417
-0.371739
-0.358901
-0.345602
-0.331047
-0.309154
-0.427179
-0.418664
-0.41012
-0.400025
-0.388549
-0.375887
-0.362084
-0.347888
-0.332278
-0.307723
-0.438456
-0.427841
-0.417937
-0.406623
-0.394028
-0.38033
-0.365502
-0.350331
-0.333525
-0.305868
-0.450381
-0.437521
-0.42618
-0.413588
-0.399828
-0.38506
-0.369168
-0.352956
-0.3348
-0.303536
-0.462872
-0.447633
-0.434789
-0.420874
-0.405924
-0.390072
-0.373105
-0.355812
-0.336156
-0.300725
-0.475833
-0.458098
-0.443699
-0.428435
-0.412287
-0.395365
-0.377348
-0.358983
-0.337723
-0.297567
-0.489151
-0.468826
-0.452837
-0.436214
-0.418883
-0.400935
-0.381946
-0.36258
-0.339641
-0.294181
-0.502696
-0.479714
-0.462121
-0.444148
-0.425672
-0.406779
-0.386969
-0.366737
-0.341795
-0.289951
-0.51632
-0.490653
-0.471459
-0.452163
-0.432602
-0.412896
-0.392549
-0.371784
-0.344534
-0.285154
-0.529863
-0.501519
-0.480749
-0.46017
-0.439599
-0.41925
-0.398804
-0.378384
-0.351932
-0.295709
-0.543157
-0.512186
-0.48988
-0.468063
-0.446543
-0.425677
-0.405446
-0.386275
-0.368425
-0.363948
-0.556028
-0.522521
-0.498735
-0.475724
-0.453282
-0.431884
-0.411729
-0.393217
-0.378656
-0.386859
-0.568311
-0.532395
-0.507199
-0.483041
-0.459686
-0.437673
-0.41728
-0.39863
-0.38387
-0.393138
-0.579849
-0.541681
-0.515161
-0.489911
-0.465654
-0.442953
-0.42208
-0.402904
-0.387184
-0.39525
-0.590502
-0.55026
-0.522516
-0.496238
-0.471103
-0.447668
-0.42615
-0.406227
-0.389319
-0.394828
-0.600138
-0.558018
-0.529161
-0.501932
-0.475952
-0.451758
-0.429479
-0.408632
-0.390339
-0.392602
-0.60864
-0.564843
-0.534992
-0.506899
-0.480121
-0.455158
-0.432039
-0.410143
-0.390342
-0.389133
-0.615897
-0.570628
-0.539909
-0.511045
-0.483523
-0.457797
-0.43379
-0.410771
-0.389416
-0.384698
-0.621802
-0.575266
-0.543809
-0.514272
-0.486069
-0.459598
-0.434679
-0.410502
-0.387594
-0.379414
-0.626247
-0.578648
-0.546586
-0.51648
-0.487664
-0.460478
-0.434642
-0.4093
-0.38487
-0.373319
-0.629123
-0.580665
-0.548132
-0.517563
-0.488207
-0.460344
-0.433605
-0.407113
-0.381212
-0.366415
-0.630314
-0.581204
-0.548336
-0.517414
-0.487595
-0.4591
-0.431486
-0.403878
-0.376574
-0.358674
-0.629702
-0.580149
-0.547085
-0.51592
-0.485721
-0.456648
-0.428196
-0.399522
-0.370896
-0.350059
-0.627163
-0.577384
-0.544265
-0.51297
-0.482476
-0.452886
-0.423647
-0.393969
-0.36411
-0.340518
-0.62257
-0.57279
-0.53976
-0.508452
-0.477752
-0.447712
-0.417745
-0.387139
-0.356147
-0.329998
-0.615795
-0.56625
-0.533456
-0.502253
-0.47144
-0.441023
-0.4104
-0.37895
-0.346934
-0.318441
-0.606713
-0.557649
-0.525243
-0.494265
-0.463436
-0.432723
-0.401524
-0.369324
-0.336401
-0.305787
-0.595203
-0.546878
-0.515013
-0.484384
-0.45364
-0.422718
-0.391031
-0.358189
-0.324484
-0.291981
-0.581151
-0.533834
-0.502666
-0.472512
-0.441959
-0.410921
-0.378844
-0.345474
-0.311122
-0.27697
-0.564455
-0.518423
-0.488113
-0.458561
-0.428307
-0.397254
-0.364895
-0.331122
-0.296266
-0.260708
-0.545028
-0.500565
-0.471273
-0.442454
-0.412612
-0.381649
-0.349124
-0.315082
-0.279873
-0.243155
-0.522792
-0.480188
-0.452076
-0.42412
-0.394808
-0.36405
-0.331482
-0.297315
-0.261912
-0.22428
-0.497697
-0.457244
-0.430472
-0.403512
-0.374849
-0.344414
-0.311936
-0.277794
-0.242366
-0.204062
-0.469712
-0.431699
-0.406427
-0.380592
-0.352702
-0.322715
-0.290467
-0.256509
-0.221229
-0.182491
-0.438832
-0.403542
-0.379922
-0.355344
-0.328351
-0.298943
-0.267072
-0.233461
-0.19851
-0.159568
-0.405074
-0.372782
-0.350964
-0.327771
-0.301802
-0.273107
-0.241763
-0.208668
-0.174234
-0.135309
-0.368485
-0.339451
-0.319578
-0.297894
-0.273076
-0.245232
-0.214572
-0.182163
-0.148434
-0.109742
-0.329137
-0.303606
-0.285811
-0.265758
-0.242219
-0.215367
-0.185549
-0.153997
-0.121163
-0.0828698
-0.287133
-0.265329
-0.249735
-0.23143
-0.209297
-0.18358
-0.154763
-0.124249
-0.0925271
-0.0546334
-0.2426
-0.224724
-0.211445
-0.194999
-0.174396
-0.149957
-0.122306
-0.0930164
-0.0626697
-0.025173
-0.195694
-0.18192
-0.171058
-0.156575
-0.137627
-0.114607
-0.0882849
-0.0603654
-0.0312609
0.0047641
-0.146593
-0.137069
-0.128713
-0.116292
-0.0991185
-0.0776615
-0.0528286
-0.0264493
0.00120547
0.0357744
-0.0954999
-0.0903438
-0.0845708
-0.0743049
-0.059022
-0.0392688
-0.016085
0.00859548
0.0346106
0.0676918
-0.0426349
-0.0419384
-0.0388133
-0.0307851
-0.017508
0.000401196
0.0217785
0.0446106
0.0688356
0.100299
0.011773
0.00792355
0.00836432
0.0140751
0.0252366
0.0411624
0.0605738
0.0814108
0.10371
0.133379
0.0674477
0.0590362
0.0567437
0.0600684
0.0690093
0.0828135
0.100096
0.118791
0.139033
0.166641
0.124135
0.111149
0.106096
0.106974
0.113595
0.125141
0.140125
0.156546
0.174619
0.199609
0.181561
0.164008
0.156181
0.154562
0.15877
0.16792
0.18043
0.194467
0.210251
0.231571
0.239443
0.21735
0.206747
0.20259
0.204303
0.210924
0.220766
0.232255
0.245233
0.261379
0.297487
0.270903
0.257535
0.250816
0.249969
0.253943
0.260932
0.269525
0.277852
0.284592
0.355396
0.324385
0.308278
0.29899
0.295545
0.296813
0.300883
0.306308
0.307498
0.295221
0.412871
0.377517
0.358707
0.346858
0.34081
0.339384
0.340628
0.343258
0.341627
0.328959
0.469603
0.430005
0.408542
0.394158
0.385516
0.381425
0.379933
0.37989
0.376372
0.365118
0.525276
0.481555
0.457501
0.440619
0.429406
0.422674
0.418488
0.415747
0.410054
0.398887
0.579579
0.531873
0.505302
0.48597
0.472218
0.462872
0.456019
0.450577
0.442582
0.430678
0.632202
0.580668
0.551666
0.529944
0.5137
0.501777
0.492285
0.484158
0.473845
0.460748
0.682839
0.627656
0.596318
0.572282
0.553607
0.539157
0.527068
0.516283
0.503645
0.48906
0.731197
0.67256
0.638996
0.612734
0.591703
0.574795
0.560167
0.546773
0.531823
0.515557
0.776994
0.715113
0.679445
0.651059
0.627767
0.608489
0.591403
0.575474
0.558258
0.540205
0.819962
0.755065
0.717425
0.687031
0.66159
0.640049
0.62061
0.602251
0.582849
0.56297
0.859854
0.792179
0.752709
0.720439
0.692978
0.669303
0.64764
0.626983
0.605507
0.583822
0.896436
0.826234
0.785088
0.751087
0.721752
0.696092
0.672357
0.649559
0.626147
0.602724
0.9295
0.85703
0.81437
0.778795
0.74775
0.720274
0.69464
0.669881
0.644696
0.619641
0.958854
0.884384
0.840381
0.803402
0.770825
0.741719
0.714379
0.687861
0.661085
0.634537
0.984331
0.908136
0.862968
0.824764
0.790848
0.760314
0.731479
0.703421
0.675253
0.647378
1.00579
0.928145
0.881997
0.842758
0.807707
0.775961
0.745858
0.716493
0.687146
0.658133
1.0231
0.944295
0.897356
0.85728
0.821308
0.788578
0.757445
0.727021
0.696717
0.666773
1.03617
0.956491
0.908956
0.868245
0.831575
0.7981
0.766184
0.734957
0.70393
0.673274
1.04492
0.964661
0.916726
0.875591
0.838452
0.804475
0.772034
0.740268
0.708754
0.677619
1.04931
0.968758
0.920623
0.879274
0.8419
0.807671
0.774967
0.742929
0.711171
0.679794
1.04931
0.968758
0.920623
0.879274
0.8419
0.807671
0.774967
0.742929
0.711171
0.679794
1.04492
0.964661
0.916726
0.875591
0.838452
0.804475
0.772034
0.740268
0.708754
0.677619
1.03617
0.956491
0.908956
0.868245
0.831575
0.7981
0.766184
0.734957
0.70393
0.673274
1.0231
0.944295
0.897356
0.85728
0.821308
0.788578
0.757445
0.727021
0.696717
0.666773
1.00579
0.928145
0.881997
0.842758
0.807707
0.775961
0.745858
0.716493
0.687146
0.658133
0.984331
0.908136
0.862968
0.824764
0.790848
0.760314
0.731479
0.703421
0.675253
0.647378
0.958854
0.884384
0.840381
0.803402
0.770825
0.741719
0.714379
0.687861
0.661085
0.634537
0.9295
0.85703
0.81437
0.778795
0.74775
0.720274
0.69464
0.669881
0.644696
0.619641
0.896436
0.826234
0.785088
0.751087
0.721752
0.696092
0.672357
0.649559
0.626147
0.602724
0.859854
0.792179
0.752709
0.720439
0.692978
0.669303
0.64764
0.626983
0.605507
0.583822
0.819962
0.755065
0.717425
0.687031
0.66159
0.640049
0.62061
0.602251
0.582849
0.56297
0.776993
0.715113
0.679445
0.651059
0.627767
0.608489
0.591403
0.575474
0.558258
0.540205
0.731197
0.67256
0.638996
0.612734
0.591703
0.574795
0.560167
0.546773
0.531823
0.515557
0.682839
0.627656
0.596318
0.572282
0.553607
0.539157
0.527068
0.516283
0.503645
0.48906
0.632202
0.580668
0.551666
0.529944
0.5137
0.501777
0.492285
0.484158
0.473845
0.460748
0.579579
0.531873
0.505302
0.48597
0.472218
0.462872
0.456019
0.450577
0.442582
0.430678
0.525276
0.481555
0.457501
0.440619
0.429406
0.422674
0.418488
0.415747
0.410054
0.398887
0.469603
0.430005
0.408542
0.394158
0.385516
0.381425
0.379933
0.37989
0.376372
0.365118
0.412871
0.377517
0.358707
0.346858
0.34081
0.339384
0.340628
0.343258
0.341627
0.328959
0.355396
0.324385
0.308278
0.29899
0.295545
0.296813
0.300883
0.306308
0.307498
0.295221
0.297487
0.270903
0.257535
0.250816
0.249969
0.253943
0.260932
0.269525
0.277852
0.284592
0.239443
0.21735
0.206747
0.20259
0.204303
0.210924
0.220766
0.232255
0.245233
0.261379
0.181561
0.164008
0.156181
0.154562
0.15877
0.16792
0.18043
0.194467
0.210251
0.231571
0.124135
0.111149
0.106096
0.106974
0.113595
0.125141
0.140125
0.156546
0.174619
0.199609
0.0674477
0.0590362
0.0567437
0.0600684
0.0690093
0.0828135
0.100096
0.118791
0.139033
0.166641
0.011773
0.00792355
0.00836432
0.0140751
0.0252366
0.0411624
0.0605738
0.0814108
0.10371
0.133379
-0.0426349
-0.0419384
-0.0388133
-0.0307851
-0.017508
0.000401195
0.0217785
0.0446106
0.0688356
0.100299
-0.0954999
-0.0903438
-0.0845708
-0.0743049
-0.059022
-0.0392688
-0.016085
0.00859547
0.0346106
0.0676918
-0.146593
-0.137069
-0.128713
-0.116292
-0.0991185
-0.0776615
-0.0528286
-0.0264493
0.00120547
0.0357744
-0.195694
-0.18192
-0.171058
-0.156575
-0.137627
-0.114607
-0.0882849
-0.0603654
-0.0312609
0.00476409
-0.2426
-0.224724
-0.211445
-0.194999
-0.174396
-0.149957
-0.122306
-0.0930164
-0.0626697
-0.025173
-0.287133
-0.265329
-0.249735
-0.23143
-0.209297
-0.18358
-0.154763
-0.124249
-0.0925271
-0.0546334
-0.329137
-0.303606
-0.285811
-0.265758
-0.242219
-0.215367
-0.185549
-0.153997
-0.121163
-0.0828698
-0.368485
-0.339451
-0.319578
-0.297894
-0.273076
-0.245232
-0.214572
-0.182163
-0.148434
-0.109742
-0.405074
-0.372782
-0.350964
-0.327771
-0.301802
-0.273107
-0.241763
-0.208668
-0.174234
-0.135309
-0.438832
-0.403542
-0.379922
-0.355344
-0.328351
-0.298943
-0.267072
-0.233461
-0.19851
-0.159568
-0.469712
-0.431699
-0.406427
-0.380592
-0.352702
-0.322715
-0.290467
-0.256509
-0.221229
-0.182491
-0.497697
-0.457244
-0.430472
-0.403512
-0.374849
-0.344414
-0.311936
-0.277794
-0.242366
-0.204062
-0.522792
-0.480188
-0.452076
-0.42412
-0.394808
-0.36405
-0.331482
-0.297315
-0.261912
-0.22428
-0.545028
-0.500565
-0.471273
-0.442454
-0.412612
-0.381649
-0.349124
-0.315082
-0.279873
-0.243155
-0.564455
-0.518423
-0.488113
-0.458561
-0.428307
-0.397254
-0.364895
-0.331122
-0.296266
-0.260708
-0.581151
-0.533834
-0.502666
-0.472512
-0.441959
-0.410921
-0.378844
-0.345474
-0.311122
-0.27697
-0.595203
-0.546878
-0.515013
-0.484384
-0.45364
-0.422718
-0.391031
-0.358189
-0.324484
-0.291981
-0.606713
-0.557649
-0.525243
-0.494265
-0.463436
-0.432723
-0.401524
-0.369324
-0.336401
-0.305787
-0.615795
-0.56625
-0.533456
-0.502253
-0.47144
-0.441023
-0.4104
-0.37895
-0.346934
-0.318441
-0.62257
-0.57279
-0.53976
-0.508452
-0.477752
-0.447712
-0.417745
-0.387139
-0.356147
-0.329998
-0.627163
-0.577384
-0.544265
-0.51297
-0.482476
-0.452886
-0.423647
-0.393969
-0.36411
-0.340518
-0.629702
-0.580149
-0.547085
-0.51592
-0.485721
-0.456649
-0.428196
-0.399522
-0.370896
-0.350059
-0.630314
-0.581204
-0.548336
-0.517414
-0.487595
-0.4591
-0.431486
-0.403878
-0.376574
-0.358674
-0.629123
-0.580665
-0.548132
-0.517563
-0.488207
-0.460344
-0.433605
-0.407113
-0.381212
-0.366415
-0.626247
-0.578648
-0.546586
-0.51648
-0.487664
-0.460478
-0.434642
-0.4093
-0.38487
-0.373319
-0.621802
-0.575266
-0.543809
-0.514272
-0.486069
-0.459598
-0.434679
-0.410502
-0.387594
-0.379414
-0.615897
-0.570628
-0.539909
-0.511045
-0.483523
-0.457797
-0.43379
-0.410771
-0.389416
-0.384698
-0.60864
-0.564843
-0.534992
-0.506899
-0.480121
-0.455158
-0.432039
-0.410143
-0.390342
-0.389133
-0.600138
-0.558018
-0.529161
-0.501932
-0.475952
-0.451758
-0.429479
-0.408632
-0.390339
-0.392602
-0.590502
-0.55026
-0.522516
-0.496238
-0.471103
-0.447668
-0.42615
-0.406227
-0.389319
-0.394828
-0.579849
-0.541681
-0.515161
-0.489911
-0.465654
-0.442953
-0.42208
-0.402904
-0.387184
-0.39525
-0.568311
-0.532395
-0.507199
-0.483041
-0.459686
-0.437673
-0.41728
-0.39863
-0.38387
-0.393138
-0.556028
-0.522521
-0.498735
-0.475724
-0.453282
-0.431884
-0.411729
-0.393217
-0.378656
-0.386859
-0.543157
-0.512186
-0.48988
-0.468063
-0.446543
-0.425677
-0.405446
-0.386275
-0.368425
-0.363948
-0.529863
-0.501519
-0.480749
-0.46017
-0.439599
-0.41925
-0.398804
-0.378384
-0.351932
-0.295709
-0.51632
-0.490653
-0.471459
-0.452163
-0.432602
-0.412896
-0.392549
-0.371784
-0.344534
-0.285154
-0.502696
-0.479714
-0.462121
-0.444148
-0.425672
-0.406779
-0.386969
-0.366737
-0.341795
-0.289951
-0.489151
-0.468826
-0.452837
-0.436214
-0.418883
-0.400935
-0.381946
-0.36258
-0.339641
-0.294181
-0.475833
-0.458098
-0.443699
-0.428435
-0.412287
-0.395365
-0.377348
-0.358983
-0.337723
-0.297567
-0.462872
-0.447633
-0.434789
-0.420874
-0.405924
-0.390072
-0.373105
-0.355812
-0.336156
-0.300725
-0.450381
-0.437521
-0.42618
-0.413588
-0.399828
-0.38506
-0.369168
-0.352956
-0.3348
-0.303536
-0.438456
-0.427841
-0.417937
-0.406623
-0.394028
-0.38033
-0.365502
-0.350331
-0.333525
-0.305868
-0.427179
-0.418664
-0.41012
-0.400025
-0.388549
-0.375887
-0.362084
-0.347888
-0.332278
-0.307723
-0.416621
-0.410051
-0.402778
-0.393832
-0.383417
-0.371739
-0.358901
-0.345602
-0.331047
-0.309154
-0.406841
-0.402056
-0.395959
-0.38808
-0.378655
-0.367895
-0.355951
-0.343466
-0.329834
-0.310224
-0.397891
-0.394726
-0.389702
-0.382802
-0.374286
-0.36437
-0.35324
-0.341481
-0.328654
-0.310994
-0.389814
-0.388105
-0.384045
-0.378029
-0.370334
-0.361178
-0.350776
-0.339658
-0.327525
-0.311525
-0.382654
-0.382228
-0.379021
-0.373786
-0.366819
-0.358336
-0.348574
-0.33801
-0.326471
-0.311869
-0.376447
-0.377127
-0.374658
-0.370101
-0.363763
-0.355862
-0.346649
-0.336554
-0.325514
-0.312074
-0.371223
-0.372833
-0.370983
-0.366993
-0.361185
-0.35377
-0.345015
-0.335309
-0.324677
-0.312181
-0.36701
-0.369367
-0.368016
-0.364484
-0.359101
-0.352077
-0.343688
-0.334289
-0.323981
-0.312225
-0.363829
-0.366751
-0.365776
-0.362588
-0.357525
-0.350795
-0.34268
-0.333511
-0.323442
-0.312233
-0.361699
-0.364998
-0.364274
-0.361317
-0.356468
-0.349935
-0.342002
-0.332985
-0.323076
-0.312227
-0.360631
-0.36412
-0.363521
-0.360679
-0.355938
-0.349503
-0.341662
-0.33272
-0.32289
-0.31222
-0.302496
-0.28878
-0.274695
-0.259546
-0.243762
-0.227658
-0.211468
-0.195428
-0.179717
-0.164481
-0.149825
-0.135825
-0.122532
-0.109973
-0.0981668
-0.0871034
-0.0767979
-0.0671837
-0.0583441
-0.0500402
-0.0426569
-0.0353701
-0.0296124
-0.0226808
-0.019275
-0.011078
-0.0122624
0.00131569
-0.0106205
0.018949
-0.303125
-0.289103
-0.274967
-0.259771
-0.243948
-0.22782
-0.211612
-0.195559
-0.179837
-0.164591
-0.149927
-0.135919
-0.122617
-0.11005
-0.0982359
-0.0871649
-0.0768522
-0.0672314
-0.0583855
-0.0500761
-0.0426875
-0.0353964
-0.029634
-0.0227001
-0.0192884
-0.0110938
-0.0122664
0.0012965
-0.0106091
0.0189079
-0.304377
-0.289744
-0.275508
-0.260219
-0.24432
-0.228143
-0.211899
-0.195819
-0.180076
-0.164812
-0.15013
-0.136105
-0.122787
-0.110204
-0.0983737
-0.0872876
-0.0769606
-0.0673265
-0.0584683
-0.0501476
-0.0427486
-0.035449
-0.0296769
-0.0227386
-0.0193151
-0.0111253
-0.0122746
0.00125818
-0.0105864
0.018826
-0.306242
-0.290696
-0.27631
-0.260883
-0.24487
-0.228621
-0.212325
-0.196206
-0.180432
-0.165141
-0.150433
-0.136383
-0.123041
-0.110433
-0.0985798
-0.0874712
-0.0771229
-0.0674688
-0.058592
-0.0502547
-0.0428399
-0.0355275
-0.0297412
-0.0227962
-0.0193551
-0.0111724
-0.0122867
0.00120087
-0.0105525
0.0187037
-0.308704
-0.29195
-0.277363
-0.261754
-0.245593
-0.22925
-0.212886
-0.196717
-0.180903
-0.165576
-0.150835
-0.136752
-0.123377
-0.110738
-0.0988535
-0.087715
-0.0773383
-0.0676577
-0.0587564
-0.0503968
-0.0429612
-0.0356318
-0.0298265
-0.0228727
-0.0194081
-0.011235
-0.0123029
0.00112478
-0.0105075
0.0185418
-0.311741
-0.29349
-0.278654
-0.26282
-0.246478
-0.230021
-0.213576
-0.197347
-0.181485
-0.166115
-0.151333
-0.13721
-0.123796
-0.111117
-0.0991937
-0.0880181
-0.0776063
-0.0678927
-0.0589609
-0.0505737
-0.043112
-0.0357616
-0.0299325
-0.0229679
-0.019474
-0.0113129
-0.0123229
0.00103015
-0.0104517
0.0183412
-0.315324
-0.2953
-0.280164
-0.264067
-0.247514
-0.230927
-0.214388
-0.198091
-0.182174
-0.166754
-0.151925
-0.137756
-0.124294
-0.111568
-0.0995993
-0.0883796
-0.0779259
-0.068173
-0.0592047
-0.0507845
-0.0432919
-0.0359163
-0.0300589
-0.0230814
-0.0195525
-0.0114059
-0.0123468
0.00091733
-0.0103855
0.018103
-0.319414
-0.297361
-0.281872
-0.265477
-0.248688
-0.231955
-0.215314
-0.198943
-0.182965
-0.167491
-0.152608
-0.138385
-0.12487
-0.11209
-0.100069
-0.0887982
-0.078296
-0.0684977
-0.0594871
-0.0510287
-0.0435001
-0.0360954
-0.0302051
-0.0232128
-0.0196433
-0.0115138
-0.0123745
0.00078669
-0.010309
0.0178286
-0.323967
-0.299652
-0.283753
-0.267031
-0.249984
-0.233094
-0.216345
-0.199896
-0.183853
-0.16832
-0.153379
-0.139097
-0.125521
-0.112682
-0.100601
-0.0892726
-0.0787155
-0.0688657
-0.0598071
-0.0513055
-0.043736
-0.0362985
-0.0303707
-0.0233619
-0.019746
-0.0116361
-0.0124058
0.000638672
-0.0102228
0.0175196
-0.32892
-0.302148
-0.285778
-0.268704
-0.251386
-0.234332
-0.217472
-0.200942
-0.184832
-0.169237
-0.154234
-0.139887
-0.126246
-0.11334
-0.101193
-0.0898011
-0.0791829
-0.0692758
-0.0601637
-0.0516139
-0.0439987
-0.0365247
-0.0305551
-0.023528
-0.0198604
-0.0117725
-0.0124407
0.000473768
-0.0101273
0.0171775
-0.334196
-0.304824
-0.287914
-0.270471
-0.252877
-0.235656
-0.218685
-0.202075
-0.185897
-0.170237
-0.155168
-0.140753
-0.127041
-0.114063
-0.101844
-0.0903821
-0.0796969
-0.0697267
-0.0605558
-0.051953
-0.0442875
-0.0367733
-0.0307575
-0.0237107
-0.0199859
-0.0119227
-0.012479
0.000292514
-0.0100229
0.0168042
-0.339689
-0.307654
-0.290123
-0.272303
-0.254438
-0.237051
-0.219974
-0.203286
-0.187042
-0.171316
-0.156179
-0.141691
-0.127903
-0.114848
-0.102552
-0.0910137
-0.0802557
-0.070217
-0.060982
-0.0523216
-0.0446012
-0.0370437
-0.0309773
-0.0239094
-0.0201221
-0.0120862
-0.0125207
9.54915e-05
-0.00991017
0.0164016
-0.34525
-0.310611
-0.292368
-0.274169
-0.25605
-0.238506
-0.221329
-0.204568
-0.188259
-0.172468
-0.157261
-0.142698
-0.12883
-0.115692
-0.103314
-0.0916942
-0.0808579
-0.0707453
-0.0614412
-0.0527188
-0.044939
-0.0373348
-0.0312139
-0.0241235
-0.0202685
-0.0122626
-0.0125656
-0.000116687
-0.00978971
0.0159717
-0.350669
-0.31366
-0.294607
-0.276031
-0.257692
-0.240005
-0.222741
-0.205915
-0.189545
-0.17369
-0.158412
-0.143771
-0.129819
-0.116595
-0.104128
-0.092422
-0.0815021
-0.0713106
-0.0619323
-0.0531434
-0.0453
-0.0376461
-0.0314664
-0.0243525
-0.0204248
-0.0124514
-0.0126138
-0.000343384
-0.00966208
0.0155166
-0.355637
-0.316737
-0.296787
-0.277845
-0.25934
-0.241535
-0.224198
-0.207316
-0.190891
-0.174974
-0.159625
-0.144905
-0.130867
-0.117551
-0.104992
-0.0931942
-0.0821855
-0.0719103
-0.0624532
-0.0535938
-0.0456825
-0.037976
-0.0317337
-0.0245954
-0.02059
-0.012652
-0.0126647
-0.000583893
-0.00952771
0.0150383
-0.359656
-0.319722
-0.298855
-0.279565
-0.260963
-0.243074
-0.225681
-0.208755
-0.192281
-0.176306
-0.160888
-0.146087
-0.13196
-0.118551
-0.105896
-0.0940024
-0.082901
-0.072538
-0.0629983
-0.0540652
-0.0460826
-0.0383214
-0.032013
-0.0248501
-0.0207625
-0.0128631
-0.0127178
-0.00083732
-0.00938696
0.0145389
-0.362084
-0.322579
-0.300843
-0.281184
-0.262556
-0.24462
-0.227191
-0.210231
-0.193715
-0.177684
-0.162196
-0.147314
-0.133097
-0.119591
-0.106836
-0.0948441
-0.0836462
-0.073192
-0.0635662
-0.0545564
-0.0464995
-0.0386819
-0.0323045
-0.0251166
-0.0209431
-0.0130848
-0.0127744
-0.00110282
-0.00924197
0.0140208
-0.362462
-0.325403
-0.30283
-0.282742
-0.264164
-0.246237
-0.2288
-0.211821
-0.195271
-0.179188
-0.16363
-0.148663
-0.134348
-0.120737
-0.107874
-0.0957721
-0.0844677
-0.0739127
-0.0641917
-0.055097
-0.0469583
-0.0390775
-0.0326253
-0.0254075
-0.0211434
-0.0133232
-0.0128426
-0.00138109
-0.00909868
0.013486
-0.358716
-0.326853
-0.304317
-0.283994
-0.265654
-0.24787
-0.230498
-0.213548
-0.196995
-0.180878
-0.165261
-0.150211
-0.135796
-0.122071
-0.109086
-0.0968598
-0.085432
-0.0747587
-0.064925
-0.0557289
-0.0474925
-0.0395349
-0.0329944
-0.0257371
-0.0213709
-0.0135848
-0.0129223
-0.00167531
-0.00895306
0.0129348
-0.339893
-0.322877
-0.304074
-0.28408
-0.266252
-0.24877
-0.231549
-0.214686
-0.19818
-0.182079
-0.16645
-0.151366
-0.136896
-0.123102
-0.110036
-0.0977232
-0.0862038
-0.0754408
-0.0655162
-0.0562409
-0.0479189
-0.0399053
-0.033278
-0.0260083
-0.0215264
-0.0138187
-0.0129369
-0.00197921
-0.00874656
0.012366
-0.287733
-0.313411
-0.303798
-0.28416
-0.26651
-0.249055
-0.231722
-0.21472
-0.198084
-0.181876
-0.166169
-0.151034
-0.13654
-0.122742
-0.109686
-0.0973946
-0.0859015
-0.0751737
-0.0652766
-0.0560459
-0.0477388
-0.0397888
-0.0331408
-0.0259852
-0.0213975
-0.0139301
-0.0127461
-0.00232457
-0.00835781
0.0116527
-0.268153
-0.300019
-0.295781
-0.277939
-0.261778
-0.245468
-0.228928
-0.212531
-0.196382
-0.180571
-0.165191
-0.150325
-0.13605
-0.122428
-0.109511
-0.0973292
-0.0859169
-0.0752521
-0.065393
-0.0561997
-0.0478946
-0.03998
-0.0332895
-0.0262059
-0.0214918
-0.0142128
-0.0127116
-0.00277612
-0.00804167
0.0107882
-0.260229
-0.288089
-0.286022
-0.269911
-0.255246
-0.240234
-0.224692
-0.209099
-0.193621
-0.178373
-0.163467
-0.149
-0.135058
-0.12171
-0.109017
-0.097015
-0.0857435
-0.075191
-0.0654111
-0.0562868
-0.0480116
-0.0401495
-0.0334363
-0.0264283
-0.0216061
-0.0145037
-0.0127104
-0.00323027
-0.00776471
0.00989305
-0.254262
-0.276858
-0.276403
-0.261907
-0.248454
-0.234619
-0.220058
-0.20528
-0.190495
-0.175838
-0.161437
-0.1474
-0.133821
-0.120779
-0.108339
-0.0965449
-0.08544
-0.0750229
-0.0653432
-0.0563057
-0.0480764
-0.0402797
-0.0335557
-0.0266327
-0.0217095
-0.0147929
-0.0127064
-0.00370009
-0.00747905
0.00894549
-0.2484
-0.265873
-0.266563
-0.253636
-0.241262
-0.228547
-0.214987
-0.201061
-0.187014
-0.172995
-0.159143
-0.145577
-0.132399
-0.119695
-0.107537
-0.0959773
-0.0850612
-0.074798
-0.0652345
-0.0562964
-0.0481244
-0.0404007
-0.0336735
-0.0268394
-0.0218199
-0.0150924
-0.012711
-0.00419124
-0.00718987
0.00794365
-0.241983
-0.254895
-0.256196
-0.2448
-0.233475
-0.221862
-0.20934
-0.196324
-0.183077
-0.16976
-0.156516
-0.143476
-0.130749
-0.118428
-0.106591
-0.0952971
-0.084598
-0.0745119
-0.0650845
-0.0562606
-0.0481593
-0.0405167
-0.0337959
-0.0270531
-0.0219445
-0.0154048
-0.0127326
-0.0047014
-0.00690805
0.00689457
-0.234555
-0.243665
-0.245193
-0.235298
-0.225039
-0.21452
-0.203071
-0.191018
-0.178635
-0.166083
-0.153512
-0.141057
-0.128834
-0.116944
-0.10547
-0.0944801
-0.0840302
-0.0741484
-0.06488
-0.0561884
-0.048174
-0.0406224
-0.0339197
-0.027271
-0.0220831
-0.0157281
-0.012774
-0.0052269
-0.00664056
0.00580681
-0.225819
-0.231966
-0.233486
-0.225067
-0.215919
-0.206499
-0.196152
-0.185117
-0.173656
-0.161932
-0.150096
-0.138286
-0.126624
-0.115216
-0.104152
-0.0935062
-0.0833409
-0.0736932
-0.0646099
-0.0560708
-0.0481616
-0.0407127
-0.0340414
-0.0274905
-0.0222352
-0.0160602
-0.0128372
-0.00576418
-0.00639348
0.0046903
-0.215641
-0.219647
-0.221037
-0.214059
-0.206082
-0.197777
-0.188562
-0.178592
-0.16811
-0.157277
-0.146238
-0.135135
-0.124091
-0.113219
-0.102613
-0.0923554
-0.0825133
-0.0731326
-0.0642629
-0.0558991
-0.0481155
-0.0407825
-0.034158
-0.0277089
-0.0224001
-0.0163993
-0.0129242
-0.00630938
-0.00617315
0.0035571
-0.204003
-0.206617
-0.207846
-0.202265
-0.195514
-0.188349
-0.18029
-0.171428
-0.161977
-0.152091
-0.141911
-0.131574
-0.121208
-0.110927
-0.100831
-0.0910071
-0.0815293
-0.0724514
-0.0638264
-0.0556633
-0.0480279
-0.0408262
-0.0342654
-0.0279232
-0.0225767
-0.0167432
-0.0130367
-0.00685811
-0.00598587
0.00242156
-0.190987
-0.192852
-0.193961
-0.189723
-0.184238
-0.178233
-0.171348
-0.163626
-0.15525
-0.146362
-0.137095
-0.127583
-0.117951
-0.108316
-0.0987822
-0.0894406
-0.0803705
-0.0716336
-0.063287
-0.0553522
-0.0478898
-0.0408367
-0.0343584
-0.0281294
-0.0227627
-0.0170891
-0.0131751
-0.00740555
-0.00583731
0.00130009
-0.176762
-0.178401
-0.179481
-0.176518
-0.172313
-0.167481
-0.161774
-0.155212
-0.147941
-0.140091
-0.131785
-0.123148
-0.114304
-0.105369
-0.0964481
-0.087637
-0.0790192
-0.0706632
-0.0626305
-0.0549539
-0.0476914
-0.0408063
-0.0344308
-0.0283227
-0.0229548
-0.0174337
-0.013339
-0.00794642
-0.00573209
0.000210763
-0.161581
-0.16338
-0.164547
-0.162779
-0.159838
-0.156174
-0.151637
-0.146236
-0.140086
-0.1333
-0.12599
-0.118271
-0.110261
-0.102074
-0.0938147
-0.0855809
-0.0774598
-0.0695253
-0.0618433
-0.0544566
-0.0474223
-0.0407264
-0.0344754
-0.0284978
-0.0231487
-0.0177731
-0.0135266
-0.00847513
-0.00567335
-0.000827213
-0.145757
-0.14797
-0.149343
-0.148677
-0.146948
-0.144426
-0.14103
-0.136774
-0.131743
-0.126032
-0.119738
-0.112967
-0.105828
-0.0984298
-0.0908755
-0.0832627
-0.0756807
-0.0682075
-0.0609131
-0.0538486
-0.0470719
-0.040588
-0.0344844
-0.0286482
-0.0233391
-0.0181029
-0.0137348
-0.00898579
-0.00566238
-0.00179436
-0.129637
-0.132395
-0.134077
-0.13441
-0.13381
-0.132377
-0.130078
-0.12693
-0.122996
-0.11835
-0.113077
-0.10727
-0.101026
-0.0944478
-0.0876339
-0.08068
-0.0736755
-0.0667012
-0.05983
-0.0531199
-0.0466304
-0.0403822
-0.0344497
-0.0287673
-0.0235195
-0.0184178
-0.0139589
-0.0094723
-0.00569818
-0.00267198
-0.113572
-0.116908
-0.118969
-0.120187
-0.120608
-0.12019
-0.118921
-0.116826
-0.113947
-0.110341
-0.106076
-0.10123
-0.095892
-0.0901525
-0.0841046
-0.0778396
-0.0714454
-0.0650033
-0.0585882
-0.0522631
-0.0460896
-0.0401011
-0.034363
-0.0288481
-0.023683
-0.0187124
-0.0141931
-0.00992859
-0.00577735
-0.00344332
-0.0978864
-0.10176
-0.104235
-0.106219
-0.107536
-0.108037
-0.107716
-0.106601
-0.104718
-0.102105
-0.0988174
-0.0949166
-0.0904783
-0.085583
-0.0803148
-0.0747591
-0.0689999
-0.0631173
-0.0571868
-0.0512744
-0.0454437
-0.0397379
-0.0342172
-0.0288839
-0.0238222
-0.0189809
-0.0144305
-0.0103487
-0.00589422
-0.00409459
-0.0828592
-0.0871818
-0.0900725
-0.0927011
-0.0947807
-0.0960905
-0.0966221
-0.0963998
-0.0954381
-0.093759
-0.0913995
-0.0884113
-0.0848524
-0.0807921
-0.0763045
-0.0714671
-0.0663583
-0.061055
-0.0556314
-0.0501551
-0.0446906
-0.0392886
-0.0340063
-0.0288688
-0.0239301
-0.0192174
-0.0146634
-0.0107271
-0.00604113
-0.00461626
-0.0687066
-0.07337
-0.0766473
-0.0798032
-0.0825108
-0.0845136
-0.0857933
-0.0863686
-0.0862427
-0.0854232
-0.0839328
-0.0818071
-0.0790928
-0.0758445
-0.0721253
-0.0680033
-0.0635497
-0.0588365
-0.0539347
-0.0489119
-0.0438325
-0.0387523
-0.033727
-0.0287983
-0.0240004
-0.0194167
-0.014884
-0.0110589
-0.00620888
-0.00500402
-0.0555814
-0.0604749
-0.0640904
-0.0676632
-0.0708721
-0.073452
-0.075373
-0.0766456
-0.077263
-0.0772206
-0.0765275
-0.0752055
-0.0732873
-0.070815
-0.0678391
-0.0644176
-0.060613
-0.0564907
-0.0521172
-0.0475581
-0.0428768
-0.0381321
-0.0333786
-0.0286699
-0.024028
-0.0195743
-0.0150848
-0.0113404
-0.00638735
-0.00525948
-0.0435777
-0.0486011
-0.0524962
-0.0563869
-0.0599828
-0.0630296
-0.0654875
-0.0673571
-0.068623
-0.0692702
-0.0692958
-0.0687088
-0.0675287
-0.0657851
-0.0635162
-0.0607687
-0.0575956
-0.0540548
-0.0502069
-0.0461138
-0.0418369
-0.0374357
-0.0329645
-0.028484
-0.0240102
-0.0196872
-0.015259
-0.0115694
-0.00656637
-0.00539043
-0.0327415
-0.0378127
-0.0419267
-0.0460497
-0.0499338
-0.0533478
-0.0562445
-0.0586148
-0.0604358
-0.061684
-0.0623461
-0.0624196
-0.0619122
-0.0608408
-0.0592325
-0.057122
-0.0545527
-0.0515738
-0.0482392
-0.0446059
-0.0407319
-0.036676
-0.0324919
-0.0282441
-0.0239466
-0.0197543
-0.0154018
-0.0117455
-0.00673654
-0.00541048
-0.0230849
-0.0281417
-0.0324178
-0.0367025
-0.0407925
-0.0444869
-0.047734
-0.0505157
-0.0528029
-0.0545654
-0.0557811
-0.0564379
-0.0565324
-0.0560706
-0.0550678
-0.0535488
-0.0515455
-0.0490993
-0.0462562
-0.0430674
-0.0395868
-0.0358711
-0.0319726
-0.0279575
-0.02384
-0.019777
-0.0155103
-0.0118706
-0.00689008
-0.0053382
-0.0145993
-0.0195993
-0.0239885
-0.0283788
-0.032609
-0.0365108
-0.0400309
-0.0431435
-0.0458147
-0.048009
-0.0496976
-0.0508598
-0.0514829
-0.0515629
-0.0511051
-0.0501242
-0.0486406
-0.0466886
-0.044306
-0.0415376
-0.0384324
-0.0350441
-0.0314232
-0.0276351
-0.0236964
-0.0197592
-0.0155839
-0.0119489
-0.00702148
-0.0051957
-0.00726817
-0.0121861
-0.0166489
-0.0211023
-0.0254221
-0.0294722
-0.0331996
-0.0365726
-0.0395534
-0.042103
-0.044187
-0.045778
-0.0468554
-0.0474067
-0.0474275
-0.0469224
-0.0459077
-0.0444036
-0.0424418
-0.0400608
-0.0373046
-0.034223
-0.0308643
-0.027292
-0.0235253
-0.0197078
-0.0156249
-0.0119866
-0.00712792
-0.00500693
-0.00107663
-0.00590217
-0.0104088
-0.014895
-0.0192674
-0.0234194
-0.0272998
-0.0308725
-0.034097
-0.0369316
-0.0393381
-0.0412837
-0.0427415
-0.0436917
-0.0441223
-0.0440301
-0.0434215
-0.0423105
-0.0407214
-0.0386863
-0.036244
-0.0334402
-0.0303209
-0.0269466
-0.0233395
-0.0196322
-0.0156383
-0.0119922
-0.00720937
-0.00479595
0.00397651
-0.000757358
-0.00528643
-0.00978533
-0.0141848
-0.0184034
-0.0223929
-0.0261138
-0.0295238
-0.0325797
-0.0352404
-0.0374692
-0.0392341
-0.0405096
-0.0412774
-0.0415274
-0.0412587
-0.0404793
-0.0392068
-0.0374675
-0.0352954
-0.0327322
-0.0298215
-0.0266207
-0.0231545
-0.0195443
-0.0156314
-0.0119756
-0.00726805
-0.00458525
0.00788011
0.00322536
-0.00131352
-0.00581422
-0.0102252
-0.0144852
-0.0185488
-0.0223746
-0.0259191
-0.029138
-0.0319887
-0.0344313
-0.0364305
-0.0379562
-0.0389854
-0.0395026
-0.0395014
-0.0389844
-0.0379639
-0.0364614
-0.0345068
-0.0321384
-0.0293975
-0.0263384
-0.0229883
-0.0194579
-0.0156134
-0.0119477
-0.00730828
-0.00439384
0.0105773
0.00598528
0.00144553
-0.0030511
-0.00746434
-0.0117472
-0.0158564
-0.0197495
-0.0233822
-0.0267098
-0.0296884
-0.0322765
-0.0344363
-0.0361348
-0.0373455
-0.0380494
-0.038236
-0.0379041
-0.0370623
-0.0357284
-0.0339294
-0.0317008
-0.0290822
-0.0261257
-0.0228602
-0.0193872
-0.0155952
-0.0119188
-0.00734124
-0.00423362
0.012011
0.00744721
0.00290563
-0.0015898
-0.0060045
-0.0102988
-0.0144311
-0.0183583
-0.0220362
-0.0254196
-0.0284644
-0.0311281
-0.0333717
-0.0351607
-0.0364669
-0.0372693
-0.0375554
-0.0373219
-0.0365753
-0.0353315
-0.0336159
-0.0314624
-0.0289099
-0.0260084
-0.0227895
-0.0193455
-0.0155882
-0.0118931
-0.0073891
-0.00411318
-0.229845
-0.242529
-0.254002
-0.264335
-0.273615
-0.281939
-0.289415
-0.296161
-0.302299
-0.307953
-0.313243
-0.318281
-0.323165
-0.327983
-0.332852
-0.337899
-0.342907
-0.348769
-0.364572
-0.38942
-0.207934
-0.220544
-0.232194
-0.242954
-0.252905
-0.262137
-0.270751
-0.278855
-0.286564
-0.293997
-0.301282
-0.308546
-0.315921
-0.323553
-0.331647
-0.340364
-0.349305
-0.359466
-0.379404
-0.397912
-0.187113
-0.199707
-0.211546
-0.222679
-0.233161
-0.243055
-0.252431
-0.261366
-0.269941
-0.278247
-0.286379
-0.294441
-0.302539
-0.310797
-0.319394
-0.32841
-0.337379
-0.347444
-0.366352
-0.381451
-0.167044
-0.179292
-0.190939
-0.202019
-0.212574
-0.22265
-0.2323
-0.241584
-0.250569
-0.259326
-0.267936
-0.276488
-0.285075
-0.293809
-0.302855
-0.312262
-0.321618
-0.332173
-0.350759
-0.364449
-0.147918
-0.159746
-0.171102
-0.182017
-0.192521
-0.202653
-0.212455
-0.221977
-0.231272
-0.2404
-0.24943
-0.258434
-0.267491
-0.276698
-0.286191
-0.29598
-0.305695
-0.316567
-0.334465
-0.346884
-0.129823
-0.141181
-0.152178
-0.162836
-0.173181
-0.183243
-0.193057
-0.20266
-0.212096
-0.221413
-0.230666
-0.239914
-0.249219
-0.258661
-0.26835
-0.278275
-0.288119
-0.299067
-0.316149
-0.327761
-0.112774
-0.123609
-0.13417
-0.144476
-0.154547
-0.164407
-0.174083
-0.183606
-0.193012
-0.202338
-0.211629
-0.220932
-0.230299
-0.239797
-0.249515
-0.259429
-0.269284
-0.280185
-0.296394
-0.307412
-0.0967722
-0.107048
-0.117118
-0.126997
-0.136704
-0.146256
-0.155676
-0.16499
-0.174225
-0.183414
-0.192591
-0.201796
-0.211071
-0.220472
-0.23007
-0.239838
-0.249573
-0.260283
-0.275514
-0.285987
-0.0818037
-0.0914978
-0.101039
-0.11044
-0.119714
-0.128878
-0.137948
-0.146947
-0.155896
-0.164822
-0.173754
-0.182723
-0.191765
-0.200926
-0.210265
-0.219752
-0.229234
-0.239603
-0.253756
-0.263675
-0.0678348
-0.0769394
-0.0859301
-0.094817
-0.103611
-0.112326
-0.120977
-0.129578
-0.138151
-0.146715
-0.155294
-0.163915
-0.172606
-0.181407
-0.190365
-0.199451
-0.208557
-0.218449
-0.231434
-0.240757
-0.054828
-0.0633436
-0.0717742
-0.0801274
-0.0884123
-0.0966392
-0.10482
-0.112967
-0.121097
-0.129225
-0.137372
-0.145558
-0.153808
-0.162153
-0.170631
-0.179219
-0.18784
-0.197137
-0.208892
-0.217571
-0.0427272
-0.0506665
-0.0585402
-0.0663547
-0.0741167
-0.0818342
-0.0895164
-0.0971735
-0.104818
-0.112462
-0.120122
-0.127814
-0.135558
-0.143379
-0.151307
-0.159322
-0.167377
-0.175987
-0.186488
-0.194485
-0.0314896
-0.0388688
-0.0461965
-0.053477
-0.0607152
-0.0679169
-0.0750888
-0.0822387
-0.0893753
-0.096509
-0.103651
-0.110815
-0.118015
-0.125272
-0.132607
-0.140006
-0.147441
-0.155311
-0.164576
-0.171876
-0.0210599
-0.0279029
-0.0347037
-0.0414648
-0.0481895
-0.0548816
-0.0615457
-0.0681871
-0.0748122
-0.0814281
-0.0880433
-0.0946671
-0.101311
-0.107989
-0.114716
-0.121483
-0.128276
-0.13539
-0.143481
-0.150094
-0.0113919
-0.0177267
-0.024025
-0.0302881
-0.0365179
-0.0427164
-0.0488864
-0.0550311
-0.0611546
-0.0672617
-0.0733577
-0.0794491
-0.0855435
-0.091651
-0.0977815
-0.103928
-0.110086
-0.11646
-0.123475
-0.129436
-0.00244577
-0.00830249
-0.0141266
-0.0199182
-0.0256777
-0.0314059
-0.0371039
-0.0427734
-0.0484164
-0.0540355
-0.0596339
-0.0652154
-0.0707846
-0.0763478
-0.0819109
-0.0874694
-0.0930224
-0.0987031
-0.104766
-0.110128
0.00581812
0.00040603
-0.00497569
-0.0103262
-0.015645
-0.0209318
-0.0261864
-0.0314091
-0.0366006
-0.0417616
-0.0468936
-0.0519983
-0.0570779
-0.0621358
-0.067175
-0.0721925
-0.0771892
-0.0822421
-0.0874883
-0.0923158
0.0134276
0.00842642
0.00345409
-0.00148792
-0.00639825
-0.0112757
-0.0161194
-0.0209284
-0.0257023
-0.0304407
-0.0351436
-0.0398112
-0.044444
-0.0490432
-0.0536097
-0.0581418
-0.0626404
-0.0671418
-0.0717079
-0.0760669
0.0204111
0.015786
0.0111886
0.00662092
0.00208491
-0.00241769
-0.00688527
-0.0113163
-0.0157096
-0.0200638
-0.024378
-0.0286515
-0.0328834
-0.0370736
-0.0412217
-0.0453269
-0.0493891
-0.0534175
-0.0574298
-0.0613837
0.0267903
0.0225065
0.0182495
0.0140216
0.00982526
0.00566243
0.00153519
-0.00255453
-0.00660491
-0.0106143
-0.014581
-0.0185037
-0.022381
-0.0262118
-0.0299949
-0.03373
-0.0374162
-0.0410461
-0.0446146
-0.0482198
0.0325838
0.0286071
0.0246564
0.0207342
0.016843
0.0129851
0.00916269
0.00537802
0.00163313
-0.00207
-0.00572948
-0.00934354
-0.0129105
-0.0164287
-0.0198968
-0.0233146
-0.0266806
-0.0299787
-0.0331946
-0.0364996
0.0378088
0.0341059
0.0304281
0.0267782
0.0231584
0.0195713
0.0160193
0.0125044
0.00902899
0.00559508
0.00220464
-0.0011404
-0.00443824
-0.00768707
-0.0108855
-0.0140335
-0.0171289
-0.0201526
-0.0230887
-0.0261343
0.0424764
0.0390156
0.0355791
0.0321693
0.0287889
0.0254402
0.0221255
0.018847
0.015607
0.0124076
0.00925056
0.00613791
0.00307145
5.29179e-05
-0.00291634
-0.00583621
-0.00870432
-0.011502
-0.0142156
-0.0170365
0.0465994
0.0433499
0.0401237
0.0369235
0.0337514
0.03061
0.0275013
0.0244277
0.0213911
0.0183936
0.015437
0.0125231
0.00965363
0.00683027
0.00405424
0.00132577
-0.00135279
-0.00396513
-0.00650107
-0.00912786
0.0501818
0.0471146
0.0440699
0.0410499
0.0380571
0.0350936
0.0321615
0.0292629
0.0263997
0.0235738
0.0207869
0.0180408
0.015337
0.0126771
0.0100621
0.00749239
0.00497023
0.00250861
0.000114348
-0.00234641
0.0532258
0.050313
0.0474219
0.0445546
0.0417131
0.0388997
0.0361162
0.0333645
0.0306466
0.027964
0.0253184
0.0227113
0.0201442
0.0176185
0.0151352
0.0126948
0.0102991
0.0079579
0.00567507
0.00335294
0.0557269
0.0529411
0.0501762
0.047434
0.0447166
0.0420258
0.0393635
0.0367313
0.0341311
0.0315643
0.0290324
0.0265369
0.024079
0.0216599
0.0192808
0.0169421
0.0146455
0.0123973
0.0101996
0.00798904
0.0576653
0.0549814
0.0523175
0.0496754
0.0470568
0.0444635
0.0418971
0.0393591
0.0368511
0.0343744
0.0319304
0.0295203
0.0271453
0.0248065
0.0225048
0.020241
0.0180164
0.0158347
0.0136966
0.0115677
0.0590203
0.0564081
0.0538151
0.051243
0.0486935
0.046168
0.0436681
0.0411951
0.0387505
0.0363355
0.0339513
0.0315991
0.0292799
0.0269947
0.0247444
0.0225299
0.020352
0.0182125
0.0161116
0.014036
0.0597333
0.0571739
0.054633
0.0521118
0.0496117
0.0471338
0.0446794
0.0422496
0.0398454
0.0374681
0.0351185
0.0327977
0.0305066
0.0282461
0.0260171
0.0238204
0.021657
0.0195278
0.0174328
0.015369
0.29423
0.250964
0.210811
0.177581
0.14539
0.113666
0.0828325
0.0529259
0.0239462
-0.00409124
-0.0311484
-0.0566157
-0.0810703
-0.104259
-0.126176
-0.146803
-0.166097
-0.184042
-0.200636
-0.215895
0.278388
0.241572
0.202988
0.171698
0.141709
0.112029
0.0832803
0.0555624
0.0288332
0.00310941
-0.0214803
-0.0445095
-0.0677143
-0.0893286
-0.109654
-0.128846
-0.146903
-0.163821
-0.179613
-0.194306
0.253488
0.220157
0.185436
0.157469
0.13097
0.104694
0.079189
0.054582
0.0308103
0.00785678
-0.0143855
-0.0361505
-0.0559463
-0.0753398
-0.093952
-0.111666
-0.128491
-0.144434
-0.159506
-0.173723
0.231865
0.202119
0.171341
0.146306
0.122657
0.0992081
0.0764117
0.0544063
0.0331298
0.0125634
-0.00730229
-0.0265153
-0.0448168
-0.0625522
-0.0795997
-0.0959156
-0.111517
-0.126417
-0.140628
-0.154164
0.212907
0.186563
0.15954
0.137265
0.11619
0.0952883
0.0749229
0.0552298
0.036157
0.0176753
-0.000216292
-0.0175158
-0.0341808
-0.050391
-0.0660008
-0.0810243
-0.0954854
-0.109395
-0.122761
-0.135596
0.196465
0.173032
0.149358
0.129589
0.110833
0.0922308
0.0740696
0.056467
0.0393809
0.0227797
0.00665516
-0.00898949
-0.024125
-0.0389068
-0.0532064
-0.0670427
-0.0804389
-0.0934053
-0.10595
-0.118085
0.182335
0.161445
0.140744
0.123236
0.106546
0.0899876
0.0737867
0.0580405
0.0427148
0.0277811
0.0132285
-0.00096744
-0.0148431
-0.0281959
-0.041269
-0.054014
-0.0664148
-0.0784808
-0.0902225
-0.10165
0.170229
0.151596
0.133514
0.118026
0.103174
0.0884239
0.0739597
0.0598599
0.0460969
0.0326466
0.0195005
0.00664939
-0.00592015
-0.0181692
-0.0301711
-0.0419087
-0.0533792
-0.0645913
-0.0755547
-0.0862784
0.159923
0.143298
0.127497
0.113794
0.100566
0.0874096
0.0744781
0.0618338
0.0494547
0.0373205
0.0254227
0.0137546
0.00231395
-0.00888812
-0.0199129
-0.0307126
-0.0413045
-0.0517034
-0.0619153
-0.071946
0.151199
0.136361
0.122533
0.110397
0.0985977
0.0868422
0.0752611
0.0639036
0.0527522
0.0417915
0.031015
0.0204193
0.0100257
-0.000112064
-0.0103551
-0.0203353
-0.0301188
-0.0397543
-0.0492495
-0.0586076
0.143847
0.130599
0.118469
0.107699
0.0971546
0.0866284
0.0762338
0.0660089
0.0559386
0.04601
0.0362187
0.026559
0.0169979
0.00748657
-0.00164611
-0.0107582
-0.0197895
-0.0287073
-0.0375153
-0.0462204
0.137675
0.125842
0.115171
0.10559
0.0961469
0.0867013
0.0773525
0.068131
0.0590246
0.050024
0.041127
0.0323328
0.0236367
0.0150289
0.00653979
-0.00187872
-0.0102173
-0.0184673
-0.0266322
-0.0347173
0.132517
0.121941
0.112523
0.103974
0.0954978
0.087002
0.0785749
0.0702404
0.0619889
0.0538135
0.0457125
0.0376852
0.0297301
0.0218458
0.0140355
0.00628813
-0.00139378
-0.00901018
-0.0165632
-0.0240554
0.128226
0.118766
0.110424
0.102773
0.0951451
0.0874851
0.0798711
0.0723225
0.0648312
0.0573926
0.0500063
0.042672
0.0353892
0.0281583
0.020982
0.0138506
0.00677111
-0.000258062
-0.0072389
-0.0141725
0.124679
0.116207
0.108791
0.101921
0.0950381
0.0881143
0.0812189
0.0743672
0.0675531
0.0607735
0.0540292
0.0473206
0.0406485
0.0340162
0.0274305
0.0208525
0.0143234
0.00783766
0.00139005
-0.00501986
0.121769
0.114172
0.107553
0.101363
0.0951339
0.0888588
0.0825981
0.0763642
0.0701524
0.0639609
0.0577909
0.051644
0.045521
0.03942
0.0333382
0.0273106
0.0213013
0.0153175
0.00936456
0.00344337
0.119407
0.112583
0.106651
0.101052
0.095398
0.0896949
0.0839954
0.0783101
0.0726354
0.0669705
0.0613174
0.055678
0.0500543
0.0444471
0.038857
0.0332936
0.0277487
0.0222262
0.0167293
0.0112596
0.117514
0.111374
0.106033
0.100948
0.0957993
0.0905998
0.0853962
0.080197
0.0749997
0.0698045
0.0646137
0.0594297
0.0542545
0.0490902
0.0439388
0.0388042
0.033686
0.028587
0.0235097
0.0184559
0.116024
0.110486
0.105654
0.101016
0.0963099
0.0915534
0.0867869
0.0820178
0.0772445
0.0724677
0.06769
0.062914
0.0581422
0.0533769
0.0486206
0.0438766
0.039146
0.0344317
0.0297362
0.025062
0.114878
0.109869
0.105474
0.101224
0.0969038
0.0925357
0.0881536
0.0837638
0.0793655
0.07496
0.0705499
0.066138
0.0617271
0.0573196
0.0529184
0.0485264
0.0441455
0.0397788
0.035429
0.0310987
0.114022
0.109478
0.105456
0.101539
0.0975557
0.0935266
0.0894809
0.0854243
0.0813562
0.0772785
0.0731939
0.0691052
0.0650153
0.0609268
0.0568427
0.052766
0.0486984
0.0446438
0.0406048
0.0365839
0.113407
0.109269
0.105564
0.101934
0.0982415
0.0945066
0.0907539
0.0869881
0.0832094
0.0794196
0.0756217
0.0718185
0.0680127
0.0642072
0.0604055
0.056612
0.0528195
0.0490415
0.0452793
0.0415342
0.112989
0.109203
0.105766
0.102379
0.0989359
0.0954543
0.0919544
0.0884403
0.0849125
0.0813733
0.0778252
0.0742711
0.0707138
0.067156
0.0635996
0.0600464
0.0565085
0.0529784
0.0494605
0.0459589
0.112728
0.109243
0.10603
0.102848
0.0996158
0.09635
0.0930662
0.089768
0.0864563
0.0831333
0.0798015
0.0764638
0.0731228
0.0697812
0.0664415
0.0631063
0.0597797
0.0564627
0.0531584
0.0498697
0.112585
0.109355
0.106326
0.103313
0.100257
0.0971726
0.0940706
0.0909546
0.0878259
0.0846864
0.0815388
0.0783856
0.0752294
0.0720728
0.0689182
0.0657684
0.0626262
0.0594938
0.0563739
0.0532691
0.112525
0.109506
0.106623
0.103747
0.100835
0.0978987
0.0949464
0.0919811
0.0890041
0.0860177
0.083024
0.0800255
0.0770247
0.074024
0.0710257
0.0680324
0.0650466
0.0620706
0.0591069
0.0561578
0.112521
0.109669
0.1069
0.104129
0.101331
0.0985118
0.0956787
0.0928339
0.0899791
0.0871161
0.0842472
0.0813746
0.0785005
0.0756272
0.0727569
0.069892
0.0670348
0.0641874
0.0613522
0.0585312
0.112538
0.109807
0.107118
0.104423
0.101707
0.098974
0.0962295
0.0934754
0.0907131
0.0879446
0.085172
0.0823971
0.0796221
0.0768491
0.0740801
0.0713171
0.0685624
0.0658178
0.0630854
0.0603672
0.112573
0.109919
0.107281
0.104633
0.101971
0.0992955
0.0966109
0.0939187
0.0912203
0.0885175
0.085812
0.0831058
0.0804005
0.0776982
0.0750007
0.0723099
0.0696275
0.0669556
0.0642959
0.0616502
0.112571
0.109937
0.107306
0.104667
0.102019
0.0993628
0.0967015
0.0940363
0.0913687
0.0887003
0.0860326
0.0833672
0.0807056
0.0780493
0.0754
0.0727591
0.0701282
0.0675087
0.0649021
0.0623098
0.317211
0.319539
0.325936
0.334402
0.345195
0.357359
0.370337
0.383026
0.394029
0.401588
0.403349
0.397397
0.380209
0.354443
0.28647
0.315873
0.318064
0.324091
0.332013
0.34199
0.353035
0.364499
0.375213
0.383729
0.388296
0.386695
0.377165
0.356579
0.327947
0.259922
0.314418
0.316494
0.322161
0.329548
0.338743
0.348752
0.358875
0.367936
0.374511
0.376929
0.373133
0.361527
0.339254
0.310091
0.247238
0.312812
0.314746
0.320001
0.326781
0.335093
0.343935
0.352556
0.359772
0.364188
0.364225
0.358025
0.344221
0.320441
0.290437
0.232564
0.311047
0.312823
0.31763
0.323754
0.331122
0.338727
0.345773
0.351082
0.353303
0.350968
0.342449
0.326636
0.301735
0.271038
0.218061
0.30912
0.310726
0.31506
0.320495
0.326884
0.333224
0.33869
0.342128
0.342255
0.337742
0.327207
0.309796
0.284283
0.253424
0.205231
0.307022
0.308451
0.312287
0.317003
0.322384
0.327441
0.331338
0.332963
0.331127
0.324655
0.31242
0.293813
0.268114
0.237579
0.193876
0.304748
0.305989
0.309305
0.313276
0.317624
0.321391
0.32374
0.323624
0.319962
0.311751
0.298112
0.278667
0.253115
0.22329
0.183702
0.302291
0.303336
0.306112
0.309314
0.312616
0.315094
0.315934
0.314165
0.308833
0.299109
0.284354
0.264396
0.239262
0.210453
0.174593
0.299648
0.300489
0.302709
0.305126
0.307376
0.308583
0.307967
0.304653
0.297821
0.286817
0.271222
0.251042
0.226546
0.198983
0.166475
0.296818
0.297447
0.2991
0.300723
0.301925
0.301891
0.299892
0.295155
0.287002
0.27495
0.258773
0.238626
0.214941
0.188778
0.159273
0.2938
0.294214
0.295292
0.296119
0.29629
0.295057
0.29176
0.285735
0.276447
0.263571
0.247048
0.227149
0.204402
0.179729
0.152913
0.290599
0.290794
0.291297
0.291332
0.290499
0.288126
0.283629
0.27646
0.266222
0.252735
0.236074
0.216598
0.194879
0.171732
0.147324
0.287222
0.287197
0.28713
0.286387
0.284587
0.281143
0.275553
0.26739
0.256384
0.242482
0.225867
0.206951
0.186316
0.164688
0.142439
0.28368
0.283436
0.282808
0.281311
0.278593
0.274156
0.267591
0.258584
0.246984
0.232845
0.216427
0.198175
0.178651
0.158506
0.138195
0.279988
0.279527
0.278358
0.276136
0.272557
0.267215
0.259797
0.250095
0.238064
0.223844
0.207749
0.190233
0.171823
0.153099
0.134529
0.276166
0.275495
0.273806
0.270898
0.266525
0.260373
0.252223
0.241969
0.229656
0.215489
0.199815
0.183081
0.165768
0.148389
0.131384
0.272239
0.271366
0.269187
0.265639
0.260543
0.25368
0.244921
0.234249
0.221785
0.207783
0.192604
0.176674
0.160423
0.144305
0.128704
0.268239
0.267173
0.264539
0.260402
0.254661
0.247186
0.237935
0.22697
0.21447
0.200722
0.186088
0.170963
0.155729
0.14078
0.126439
0.264202
0.262955
0.259904
0.255235
0.248929
0.240942
0.231309
0.220161
0.207722
0.194296
0.180235
0.165902
0.151628
0.137754
0.124541
0.260171
0.258758
0.255333
0.250191
0.243401
0.234995
0.225082
0.213847
0.201545
0.188489
0.175013
0.161443
0.148066
0.135171
0.122963
0.256197
0.254633
0.250877
0.245325
0.238128
0.229394
0.219291
0.208048
0.195943
0.183285
0.170388
0.157541
0.144992
0.132982
0.121666
0.252336
0.250637
0.246596
0.240695
0.233167
0.224186
0.21397
0.202783
0.190914
0.178666
0.166328
0.154156
0.14236
0.131141
0.120612
0.248652
0.246835
0.242554
0.236363
0.228574
0.219416
0.209152
0.198067
0.186458
0.174616
0.162804
0.151249
0.140128
0.129607
0.119765
0.245217
0.243299
0.238822
0.232397
0.224408
0.215134
0.204869
0.193917
0.182575
0.171119
0.15979
0.148788
0.138262
0.128346
0.119096
0.242109
0.240106
0.235474
0.228868
0.220733
0.21139
0.201159
0.190354
0.17927
0.168167
0.157267
0.146746
0.13673
0.127328
0.118578
0.239416
0.237344
0.232595
0.225852
0.217616
0.20824
0.198062
0.187403
0.176552
0.165757
0.155223
0.145104
0.135512
0.126531
0.118189
0.237232
0.235106
0.230274
0.223436
0.215133
0.205748
0.195628
0.185098
0.174442
0.163898
0.153655
0.143853
0.134591
0.125935
0.117907
0.235662
0.233495
0.228612
0.221713
0.213371
0.203988
0.193918
0.183486
0.172974
0.16261
0.152573
0.142995
0.133964
0.125536
0.11773
0.234822
0.232625
0.22772
0.220792
0.212431
0.203051
0.193011
0.182635
0.172201
0.161934
0.152008
0.142548
0.133637
0.125326
0.11763
0.326683
0.329126
0.336634
0.346748
0.360318
0.376697
0.396111
0.41845
0.443714
0.471874
0.502747
0.536054
0.571382
0.607905
0.645048
0.326638
0.32908
0.336582
0.346694
0.360255
0.37662
0.396011
0.418316
0.443525
0.471607
0.502364
0.535508
0.570615
0.606819
0.643628
0.326547
0.328989
0.336477
0.346587
0.360129
0.376465
0.395811
0.418046
0.443149
0.471073
0.501598
0.534417
0.569081
0.60465
0.640791
0.32641
0.328854
0.336351
0.346425
0.359941
0.376234
0.395512
0.417643
0.442585
0.470274
0.500451
0.532783
0.566783
0.601402
0.636545
0.326228
0.328673
0.336151
0.346211
0.359691
0.375927
0.395115
0.417107
0.441836
0.469212
0.498925
0.53061
0.563725
0.597082
0.630898
0.326001
0.328448
0.335906
0.345944
0.359379
0.375545
0.394621
0.41644
0.440904
0.467889
0.497024
0.527903
0.559908
0.591697
0.623864
0.325729
0.328178
0.335617
0.345626
0.359007
0.375089
0.394031
0.415644
0.43979
0.466309
0.49475
0.524666
0.555338
0.585258
0.615455
0.325413
0.327866
0.335281
0.345256
0.358576
0.374559
0.393347
0.414721
0.438499
0.464475
0.492109
0.520908
0.550019
0.577778
0.60568
0.325053
0.32751
0.334899
0.344836
0.358086
0.373959
0.392571
0.413673
0.437033
0.462393
0.489106
0.516635
0.543952
0.569273
0.594549
0.32465
0.327112
0.334473
0.344367
0.357539
0.373288
0.391705
0.412504
0.435397
0.460066
0.485747
0.511854
0.537142
0.559759
0.582063
0.324203
0.326672
0.334002
0.343849
0.356935
0.372549
0.390751
0.411216
0.433596
0.457501
0.482038
0.506573
0.529589
0.549254
0.568214
0.323714
0.326191
0.333488
0.343285
0.356278
0.371745
0.389713
0.409814
0.431633
0.454702
0.477987
0.500798
0.521292
0.537777
0.552979
0.323183
0.325668
0.332932
0.342675
0.355568
0.370876
0.388593
0.408302
0.429518
0.45168
0.473604
0.494537
0.512254
0.525347
0.536318
0.322611
0.325116
0.332335
0.34202
0.354807
0.369948
0.387397
0.406687
0.427257
0.448444
0.468906
0.487802
0.502479
0.511986
0.518171
0.321998
0.324517
0.331697
0.341322
0.353996
0.368957
0.386122
0.404966
0.424849
0.444992
0.463888
0.480582
0.491956
0.497695
0.49844
0.321346
0.32388
0.331019
0.340578
0.353129
0.367896
0.384754
0.403116
0.422259
0.441275
0.458488
0.472794
0.480602
0.482391
0.476924
0.320655
0.32321
0.330306
0.339797
0.35222
0.366785
0.383318
0.401171
0.419528
0.437336
0.452746
0.46445
0.468423
0.466049
0.453407
0.31993
0.32252
0.329586
0.339028
0.35135
0.36575
0.38201
0.399417
0.41706
0.433719
0.447338
0.456303
0.456185
0.449322
0.428296
0.319171
0.321806
0.328857
0.338276
0.350538
0.364837
0.380915
0.398003
0.415089
0.430767
0.442728
0.448905
0.44445
0.43246
0.401559
0.318346
0.320952
0.327878
0.337122
0.34911
0.363009
0.378493
0.394701
0.410496
0.424291
0.433601
0.436044
0.426672
0.408761
0.364495
0.318346
0.320952
0.327878
0.337122
0.34911
0.363009
0.378493
0.394701
0.410496
0.424291
0.433601
0.436044
0.426672
0.408761
0.364495
0.319171
0.321806
0.328857
0.338276
0.350538
0.364837
0.380915
0.398003
0.415089
0.430767
0.442728
0.448905
0.44445
0.43246
0.401559
0.31993
0.32252
0.329586
0.339028
0.35135
0.36575
0.38201
0.399417
0.41706
0.433719
0.447338
0.456303
0.456185
0.449322
0.428296
0.320655
0.32321
0.330306
0.339797
0.35222
0.366785
0.383318
0.401171
0.419528
0.437336
0.452746
0.46445
0.468423
0.466049
0.453407
0.321346
0.32388
0.331019
0.340578
0.353129
0.367896
0.384754
0.403116
0.422259
0.441275
0.458488
0.472794
0.480602
0.482391
0.476924
0.321998
0.324517
0.331697
0.341322
0.353996
0.368957
0.386122
0.404966
0.424849
0.444992
0.463888
0.480582
0.491956
0.497695
0.49844
0.322611
0.325116
0.332335
0.34202
0.354807
0.369948
0.387397
0.406687
0.427257
0.448444
0.468906
0.487802
0.502479
0.511986
0.518171
0.323183
0.325668
0.332932
0.342675
0.355568
0.370876
0.388593
0.408302
0.429518
0.45168
0.473604
0.494537
0.512254
0.525347
0.536318
0.323714
0.326191
0.333488
0.343285
0.356278
0.371745
0.389713
0.409814
0.431633
0.454702
0.477987
0.500798
0.521292
0.537777
0.552979
0.324203
0.326672
0.334002
0.343849
0.356935
0.372549
0.390751
0.411216
0.433596
0.457501
0.482038
0.506573
0.529589
0.549254
0.568214
0.32465
0.327112
0.334473
0.344367
0.357539
0.373288
0.391705
0.412504
0.435397
0.460066
0.485747
0.511854
0.537142
0.559759
0.582063
0.325053
0.32751
0.334899
0.344836
0.358086
0.373959
0.392571
0.413673
0.437033
0.462393
0.489106
0.516635
0.543952
0.569273
0.594549
0.325413
0.327866
0.335281
0.345256
0.358576
0.374559
0.393347
0.414721
0.438499
0.464475
0.492109
0.520908
0.550019
0.577779
0.60568
0.325729
0.328178
0.335617
0.345626
0.359007
0.375089
0.394031
0.415644
0.43979
0.466309
0.49475
0.524666
0.555338
0.585258
0.615455
0.326001
0.328448
0.335906
0.345944
0.359379
0.375545
0.394621
0.41644
0.440904
0.467889
0.497024
0.527903
0.559908
0.591697
0.623864
0.326228
0.328673
0.336151
0.346211
0.359691
0.375927
0.395115
0.417107
0.441836
0.469212
0.498925
0.53061
0.563725
0.597082
0.630898
0.32641
0.328854
0.336351
0.346425
0.359941
0.376234
0.395512
0.417643
0.442585
0.470274
0.500451
0.532783
0.566783
0.601402
0.636545
0.326547
0.328989
0.336478
0.346587
0.360129
0.376465
0.395811
0.418046
0.443149
0.471073
0.501598
0.534417
0.569081
0.60465
0.640791
0.326638
0.32908
0.336582
0.346694
0.360255
0.37662
0.396011
0.418316
0.443525
0.471607
0.502364
0.535508
0.570615
0.606819
0.643628
0.326683
0.329126
0.336634
0.346748
0.360318
0.376697
0.396111
0.41845
0.443714
0.471874
0.502747
0.536054
0.571382
0.607905
0.645048
0.234822
0.232625
0.22772
0.220792
0.212431
0.203051
0.193011
0.182635
0.172201
0.161934
0.152008
0.142548
0.133637
0.125326
0.11763
0.235662
0.233495
0.228612
0.221713
0.213371
0.203988
0.193918
0.183486
0.172974
0.16261
0.152573
0.142995
0.133964
0.125536
0.11773
0.237232
0.235106
0.230274
0.223436
0.215133
0.205748
0.195628
0.185098
0.174442
0.163898
0.153655
0.143853
0.134591
0.125935
0.117907
0.239416
0.237344
0.232595
0.225852
0.217616
0.20824
0.198062
0.187403
0.176552
0.165757
0.155223
0.145104
0.135512
0.126531
0.118189
0.242109
0.240106
0.235474
0.228868
0.220733
0.21139
0.201159
0.190354
0.17927
0.168167
0.157267
0.146746
0.136731
0.127328
0.118578
0.245217
0.243299
0.238822
0.232397
0.224408
0.215134
0.204869
0.193917
0.182575
0.171119
0.15979
0.148788
0.138262
0.128346
0.119097
0.248652
0.246835
0.242555
0.236364
0.228574
0.219416
0.209152
0.198067
0.186458
0.174616
0.162804
0.151249
0.140128
0.129607
0.119765
0.252336
0.250637
0.246596
0.240695
0.233167
0.224186
0.21397
0.202783
0.190914
0.178667
0.166328
0.154156
0.14236
0.131141
0.120612
0.256197
0.254633
0.250877
0.245325
0.238128
0.229394
0.219291
0.208048
0.195943
0.183285
0.170388
0.157541
0.144992
0.132982
0.121667
0.260171
0.258758
0.255333
0.250191
0.243401
0.234995
0.225082
0.213847
0.201545
0.188489
0.175013
0.161443
0.148066
0.135171
0.122963
0.264202
0.262955
0.259904
0.255235
0.248929
0.240942
0.231309
0.220161
0.207722
0.194296
0.180235
0.165902
0.151628
0.137754
0.124541
0.268239
0.267173
0.264539
0.260402
0.254661
0.247186
0.237935
0.22697
0.21447
0.200722
0.186088
0.170963
0.155729
0.14078
0.126439
0.272239
0.271366
0.269187
0.265639
0.260543
0.25368
0.244921
0.234249
0.221785
0.207783
0.192604
0.176674
0.160423
0.144305
0.128704
0.276166
0.275495
0.273806
0.270898
0.266525
0.260373
0.252223
0.241969
0.229656
0.215489
0.199815
0.183081
0.165768
0.148389
0.131384
0.279988
0.279527
0.278358
0.276136
0.272557
0.267215
0.259797
0.250095
0.238064
0.223844
0.207749
0.190233
0.171823
0.153099
0.134529
0.28368
0.283436
0.282809
0.281311
0.278593
0.274156
0.267591
0.258584
0.246984
0.232845
0.216427
0.198175
0.178651
0.158506
0.138195
0.287222
0.287197
0.28713
0.286387
0.284587
0.281143
0.275553
0.26739
0.256384
0.242482
0.225867
0.206951
0.186316
0.164688
0.142439
0.290599
0.290794
0.291297
0.291332
0.290499
0.288126
0.283629
0.27646
0.266222
0.252735
0.236074
0.216598
0.194879
0.171732
0.147324
0.2938
0.294214
0.295292
0.296119
0.29629
0.295057
0.29176
0.285735
0.276447
0.263571
0.247048
0.227149
0.204402
0.179729
0.152913
0.296818
0.297447
0.2991
0.300723
0.301925
0.301891
0.299892
0.295155
0.287002
0.27495
0.258773
0.238626
0.214941
0.188778
0.159273
0.299648
0.300489
0.302709
0.305126
0.307376
0.308583
0.307967
0.304653
0.297821
0.286817
0.271222
0.251042
0.226546
0.198983
0.166475
0.302291
0.303336
0.306112
0.309314
0.312616
0.315094
0.315934
0.314165
0.308833
0.299109
0.284354
0.264396
0.239262
0.210453
0.174593
0.304748
0.305989
0.309305
0.313276
0.317624
0.321391
0.32374
0.323624
0.319962
0.311751
0.298112
0.278667
0.253115
0.22329
0.183702
0.307022
0.308451
0.312287
0.317003
0.322384
0.327441
0.331338
0.332963
0.331127
0.324655
0.31242
0.293813
0.268114
0.237579
0.193876
0.30912
0.310726
0.31506
0.320495
0.326884
0.333224
0.33869
0.342128
0.342255
0.337742
0.327207
0.309797
0.284283
0.253424
0.205231
0.311047
0.312823
0.31763
0.323754
0.331122
0.338727
0.345773
0.351082
0.353303
0.350968
0.342449
0.326636
0.301735
0.271038
0.218061
0.312812
0.314746
0.320001
0.326781
0.335093
0.343935
0.352556
0.359772
0.364188
0.364225
0.358025
0.344221
0.320441
0.290437
0.232565
0.314418
0.316494
0.322161
0.329548
0.338743
0.348752
0.358875
0.367936
0.374511
0.376929
0.373133
0.361528
0.339254
0.310091
0.247238
0.315873
0.318064
0.324091
0.332013
0.34199
0.353035
0.364499
0.375213
0.383729
0.388296
0.386695
0.377165
0.356579
0.327947
0.259922
0.317211
0.319539
0.325936
0.334402
0.345195
0.357359
0.370337
0.383026
0.39403
0.401588
0.403349
0.397397
0.380209
0.354443
0.28647
0.112571
0.109937
0.107306
0.104667
0.102019
0.0993628
0.0967015
0.0940363
0.0913688
0.0887004
0.0860327
0.0833672
0.0807056
0.0780494
0.0754
0.0727591
0.0701282
0.0675087
0.0649021
0.0623099
0.112573
0.109919
0.107281
0.104633
0.101971
0.0992956
0.096611
0.0939187
0.0912203
0.0885175
0.0858121
0.0831058
0.0804006
0.0776983
0.0750008
0.0723099
0.0696276
0.0669556
0.0642959
0.0616502
0.112538
0.109807
0.107118
0.104423
0.101707
0.0989741
0.0962296
0.0934754
0.0907132
0.0879447
0.085172
0.0823972
0.0796222
0.0768492
0.0740801
0.0713172
0.0685624
0.0658178
0.0630854
0.0603673
0.112521
0.109669
0.1069
0.104129
0.101331
0.0985118
0.0956787
0.092834
0.0899791
0.0871162
0.0842472
0.0813746
0.0785005
0.0756272
0.072757
0.0698921
0.0670348
0.0641875
0.0613522
0.0585313
0.112525
0.109506
0.106623
0.103747
0.100835
0.0978987
0.0949465
0.0919811
0.0890042
0.0860177
0.083024
0.0800256
0.0770248
0.074024
0.0710258
0.0680325
0.0650467
0.0620707
0.0591069
0.0561579
0.112585
0.109355
0.106326
0.103313
0.100257
0.0971726
0.0940707
0.0909547
0.0878259
0.0846865
0.0815389
0.0783857
0.0752295
0.0720728
0.0689183
0.0657684
0.0626262
0.0594939
0.0563739
0.0532691
0.112728
0.109243
0.10603
0.102848
0.0996158
0.0963501
0.0930663
0.089768
0.0864564
0.0831333
0.0798016
0.0764639
0.0731228
0.0697812
0.0664416
0.0631064
0.0597798
0.0564628
0.0531585
0.0498698
0.112989
0.109203
0.105766
0.102379
0.0989359
0.0954544
0.0919544
0.0884403
0.0849126
0.0813733
0.0778252
0.0742711
0.0707138
0.067156
0.0635997
0.0600465
0.0565085
0.0529785
0.0494606
0.045959
0.113407
0.109269
0.105564
0.101934
0.0982415
0.0945067
0.090754
0.0869881
0.0832094
0.0794197
0.0756218
0.0718186
0.0680128
0.0642072
0.0604056
0.056612
0.0528195
0.0490415
0.0452793
0.0415342
0.114022
0.109478
0.105456
0.101539
0.0975558
0.0935266
0.089481
0.0854243
0.0813563
0.0772785
0.0731939
0.0691053
0.0650153
0.0609268
0.0568427
0.0527661
0.0486984
0.0446438
0.0406049
0.036584
0.114878
0.109869
0.105474
0.101224
0.0969039
0.0925357
0.0881536
0.0837639
0.0793656
0.07496
0.0705499
0.0661381
0.0617271
0.0573197
0.0529184
0.0485264
0.0441455
0.0397788
0.0354291
0.0310987
0.116024
0.110486
0.105654
0.101016
0.0963099
0.0915534
0.086787
0.0820179
0.0772445
0.0724677
0.06769
0.062914
0.0581422
0.0533769
0.0486207
0.0438766
0.039146
0.0344317
0.0297363
0.025062
0.117514
0.111374
0.106033
0.100948
0.0957993
0.0905999
0.0853962
0.080197
0.0749997
0.0698046
0.0646138
0.0594297
0.0542545
0.0490902
0.0439388
0.0388042
0.0336861
0.0285871
0.0235097
0.018456
0.119407
0.112583
0.106651
0.101052
0.0953981
0.0896949
0.0839955
0.0783102
0.0726354
0.0669705
0.0613174
0.055678
0.0500543
0.0444471
0.0388571
0.0332936
0.0277488
0.0222262
0.0167293
0.0112596
0.121769
0.114172
0.107554
0.101363
0.0951339
0.0888589
0.0825981
0.0763642
0.0701524
0.0639609
0.057791
0.051644
0.045521
0.03942
0.0333383
0.0273107
0.0213014
0.0153176
0.00936459
0.0034434
0.124679
0.116207
0.108791
0.101921
0.0950381
0.0881144
0.0812189
0.0743672
0.0675531
0.0607736
0.0540292
0.0473207
0.0406485
0.0340163
0.0274306
0.0208525
0.0143235
0.00783769
0.00139008
-0.00501983
0.128226
0.118766
0.110424
0.102773
0.0951451
0.0874851
0.0798712
0.0723225
0.0648312
0.0573927
0.0500063
0.042672
0.0353892
0.0281583
0.020982
0.0138506
0.00677114
-0.000258036
-0.00723887
-0.0141724
0.132517
0.121941
0.112523
0.103974
0.0954979
0.087002
0.0785749
0.0702405
0.0619889
0.0538135
0.0457125
0.0376852
0.0297301
0.0218458
0.0140355
0.00628815
-0.00139376
-0.00901016
-0.0165632
-0.0240554
0.137675
0.125842
0.115171
0.10559
0.0961469
0.0867013
0.0773525
0.068131
0.0590246
0.050024
0.041127
0.0323328
0.0236368
0.0150289
0.00653981
-0.0018787
-0.0102173
-0.0184673
-0.0266322
-0.0347173
0.143847
0.130599
0.118469
0.107699
0.0971546
0.0866285
0.0762338
0.0660089
0.0559386
0.04601
0.0362188
0.026559
0.016998
0.00748659
-0.00164609
-0.0107582
-0.0197895
-0.0287073
-0.0375153
-0.0462204
0.151199
0.136361
0.122533
0.110397
0.0985977
0.0868422
0.0752611
0.0639036
0.0527522
0.0417915
0.031015
0.0204193
0.0100257
-0.000112052
-0.0103551
-0.0203353
-0.0301188
-0.0397543
-0.0492495
-0.0586076
0.159923
0.143298
0.127497
0.113795
0.100566
0.0874097
0.0744781
0.0618338
0.0494547
0.0373205
0.0254227
0.0137546
0.00231396
-0.00888811
-0.0199128
-0.0307126
-0.0413044
-0.0517034
-0.0619153
-0.071946
0.170229
0.151596
0.133514
0.118026
0.103174
0.0884239
0.0739598
0.0598599
0.046097
0.0326466
0.0195005
0.00664939
-0.00592014
-0.0181692
-0.0301711
-0.0419087
-0.0533792
-0.0645913
-0.0755547
-0.0862784
0.182335
0.161445
0.140744
0.123236
0.106546
0.0899876
0.0737867
0.0580405
0.0427148
0.0277811
0.0132285
-0.000967436
-0.0148431
-0.0281959
-0.041269
-0.054014
-0.0664148
-0.0784808
-0.0902225
-0.10165
0.196465
0.173032
0.149358
0.129589
0.110833
0.0922308
0.0740696
0.056467
0.0393809
0.0227797
0.00665516
-0.00898949
-0.024125
-0.0389068
-0.0532064
-0.0670427
-0.0804389
-0.0934053
-0.10595
-0.118085
0.212907
0.186563
0.15954
0.137265
0.11619
0.0952883
0.0749229
0.0552298
0.036157
0.0176753
-0.000216291
-0.0175158
-0.0341808
-0.050391
-0.0660008
-0.0810243
-0.0954854
-0.109395
-0.122761
-0.135596
0.231865
0.202119
0.171341
0.146306
0.122657
0.0992081
0.0764117
0.0544063
0.0331298
0.0125634
-0.00730229
-0.0265153
-0.0448168
-0.0625522
-0.0795997
-0.0959156
-0.111517
-0.126417
-0.140628
-0.154164
0.253488
0.220157
0.185436
0.157469
0.13097
0.104694
0.079189
0.054582
0.0308103
0.00785678
-0.0143855
-0.0361505
-0.0559463
-0.0753398
-0.093952
-0.111666
-0.128491
-0.144434
-0.159506
-0.173723
0.278388
0.241572
0.202988
0.171698
0.141709
0.112029
0.0832803
0.0555624
0.0288332
0.00310941
-0.0214803
-0.0445095
-0.0677143
-0.0893286
-0.109654
-0.128846
-0.146903
-0.163821
-0.179613
-0.194306
0.29423
0.250964
0.210811
0.177581
0.14539
0.113666
0.0828325
0.0529259
0.0239462
-0.00409124
-0.0311484
-0.0566157
-0.0810703
-0.104259
-0.126176
-0.146803
-0.166097
-0.184042
-0.200636
-0.215895
0.0597333
0.0571739
0.054633
0.0521118
0.0496117
0.0471338
0.0446794
0.0422496
0.0398455
0.0374681
0.0351185
0.0327977
0.0305066
0.0282461
0.0260171
0.0238204
0.021657
0.0195278
0.0174328
0.015369
0.0590204
0.0564081
0.0538151
0.051243
0.0486935
0.046168
0.0436681
0.0411952
0.0387506
0.0363356
0.0339514
0.0315991
0.0292799
0.0269948
0.0247445
0.0225299
0.020352
0.0182126
0.0161116
0.0140361
0.0576653
0.0549814
0.0523175
0.0496754
0.0470569
0.0444636
0.0418971
0.0393592
0.0368511
0.0343744
0.0319304
0.0295203
0.0271453
0.0248065
0.0225048
0.0202411
0.0180164
0.0158347
0.0136966
0.0115677
0.0557269
0.0529412
0.0501762
0.047434
0.0447166
0.0420258
0.0393635
0.0367314
0.0341311
0.0315643
0.0290325
0.0265369
0.024079
0.02166
0.0192808
0.0169421
0.0146455
0.0123973
0.0101996
0.00798907
0.0532258
0.0503131
0.0474219
0.0445546
0.0417132
0.0388997
0.0361162
0.0333646
0.0306466
0.027964
0.0253184
0.0227114
0.0201443
0.0176185
0.0151352
0.0126948
0.0102992
0.00795793
0.00567511
0.00335298
0.0501818
0.0471146
0.0440699
0.04105
0.0380572
0.0350936
0.0321615
0.0292629
0.0263997
0.0235738
0.020787
0.0180409
0.0153371
0.0126771
0.0100621
0.00749243
0.00497027
0.00250865
0.000114384
-0.00234638
0.0465994
0.0433499
0.0401238
0.0369235
0.0337515
0.03061
0.0275014
0.0244277
0.0213912
0.0183936
0.015437
0.0125231
0.00965367
0.00683031
0.00405428
0.00132581
-0.00135275
-0.0039651
-0.00650103
-0.00912783
0.0424765
0.0390157
0.0355791
0.0321694
0.0287889
0.0254402
0.0221255
0.0188471
0.0156071
0.0124076
0.0092506
0.00613795
0.00307149
5.29587e-05
-0.0029163
-0.00583617
-0.00870428
-0.011502
-0.0142155
-0.0170365
0.0378088
0.0341059
0.0304282
0.0267782
0.0231585
0.0195714
0.0160193
0.0125045
0.00902903
0.00559512
0.00220469
-0.00114036
-0.0044382
-0.00768703
-0.0108855
-0.0140335
-0.0171289
-0.0201525
-0.0230887
-0.0261343
0.0325838
0.0286071
0.0246565
0.0207343
0.0168431
0.0129851
0.00916274
0.00537806
0.00163317
-0.00206996
-0.00572944
-0.00934351
-0.0129104
-0.0164286
-0.0198967
-0.0233146
-0.0266806
-0.0299786
-0.0331945
-0.0364995
0.0267904
0.0225065
0.0182495
0.0140217
0.0098253
0.00566247
0.00153523
-0.00255449
-0.00660487
-0.0106142
-0.014581
-0.0185037
-0.022381
-0.0262117
-0.0299948
-0.0337299
-0.0374162
-0.0410461
-0.0446146
-0.0482198
0.0204112
0.015786
0.0111886
0.00662096
0.00208495
-0.00241765
-0.00688523
-0.0113163
-0.0157095
-0.0200638
-0.024378
-0.0286514
-0.0328834
-0.0370736
-0.0412217
-0.0453268
-0.0493891
-0.0534175
-0.0574298
-0.0613837
0.0134276
0.00842646
0.00345412
-0.00148788
-0.00639821
-0.0112757
-0.0161193
-0.0209284
-0.0257023
-0.0304407
-0.0351436
-0.0398112
-0.044444
-0.0490432
-0.0536097
-0.0581418
-0.0626403
-0.0671418
-0.0717079
-0.0760669
0.00581815
0.000406065
-0.00497565
-0.0103262
-0.015645
-0.0209318
-0.0261864
-0.0314091
-0.0366005
-0.0417616
-0.0468936
-0.0519983
-0.0570779
-0.0621358
-0.0671749
-0.0721925
-0.0771891
-0.0822421
-0.0874882
-0.0923158
-0.00244573
-0.00830245
-0.0141266
-0.0199182
-0.0256777
-0.0314059
-0.0371039
-0.0427734
-0.0484164
-0.0540355
-0.0596339
-0.0652154
-0.0707845
-0.0763477
-0.0819109
-0.0874694
-0.0930224
-0.0987031
-0.104765
-0.110128
-0.0113919
-0.0177266
-0.0240249
-0.0302881
-0.0365179
-0.0427164
-0.0488863
-0.0550311
-0.0611546
-0.0672616
-0.0733577
-0.0794491
-0.0855434
-0.0916509
-0.0977815
-0.103928
-0.110086
-0.11646
-0.123475
-0.129436
-0.0210599
-0.0279029
-0.0347036
-0.0414648
-0.0481895
-0.0548816
-0.0615457
-0.0681871
-0.0748122
-0.0814281
-0.0880433
-0.094667
-0.101311
-0.107989
-0.114716
-0.121483
-0.128276
-0.13539
-0.143481
-0.150094
-0.0314896
-0.0388688
-0.0461965
-0.0534769
-0.0607152
-0.0679169
-0.0750888
-0.0822386
-0.0893753
-0.096509
-0.103651
-0.110815
-0.118015
-0.125272
-0.132607
-0.140006
-0.147441
-0.155311
-0.164576
-0.171876
-0.0427272
-0.0506664
-0.0585402
-0.0663546
-0.0741166
-0.0818342
-0.0895163
-0.0971735
-0.104818
-0.112462
-0.120122
-0.127814
-0.135558
-0.143379
-0.151307
-0.159322
-0.167377
-0.175987
-0.186488
-0.194485
-0.054828
-0.0633436
-0.0717742
-0.0801274
-0.0884123
-0.0966392
-0.10482
-0.112967
-0.121097
-0.129225
-0.137372
-0.145558
-0.153808
-0.162153
-0.170631
-0.179219
-0.18784
-0.197137
-0.208892
-0.217571
-0.0678348
-0.0769394
-0.0859301
-0.094817
-0.103611
-0.112326
-0.120977
-0.129578
-0.138151
-0.146715
-0.155294
-0.163915
-0.172606
-0.181407
-0.190365
-0.199451
-0.208557
-0.218449
-0.231434
-0.240757
-0.0818037
-0.0914978
-0.101039
-0.11044
-0.119714
-0.128878
-0.137948
-0.146947
-0.155896
-0.164822
-0.173754
-0.182723
-0.191765
-0.200926
-0.210265
-0.219752
-0.229234
-0.239603
-0.253756
-0.263675
-0.0967722
-0.107048
-0.117118
-0.126997
-0.136704
-0.146256
-0.155676
-0.16499
-0.174225
-0.183414
-0.192591
-0.201796
-0.211071
-0.220472
-0.23007
-0.239838
-0.249573
-0.260283
-0.275514
-0.285987
-0.112774
-0.123609
-0.13417
-0.144476
-0.154547
-0.164407
-0.174083
-0.183606
-0.193012
-0.202338
-0.211629
-0.220932
-0.230299
-0.239797
-0.249515
-0.259429
-0.269284
-0.280185
-0.296394
-0.307412
-0.129823
-0.141181
-0.152178
-0.162836
-0.173181
-0.183243
-0.193057
-0.20266
-0.212096
-0.221413
-0.230666
-0.239914
-0.249219
-0.258661
-0.26835
-0.278275
-0.288119
-0.299067
-0.316149
-0.327761
-0.147918
-0.159746
-0.171102
-0.182017
-0.192521
-0.202653
-0.212455
-0.221977
-0.231272
-0.2404
-0.24943
-0.258434
-0.267491
-0.276698
-0.286191
-0.29598
-0.305695
-0.316567
-0.334465
-0.346884
-0.167044
-0.179292
-0.190939
-0.202019
-0.212574
-0.22265
-0.2323
-0.241584
-0.250569
-0.259326
-0.267936
-0.276488
-0.285075
-0.293809
-0.302855
-0.312262
-0.321618
-0.332173
-0.350759
-0.364449
-0.187113
-0.199707
-0.211546
-0.222679
-0.233161
-0.243055
-0.252431
-0.261366
-0.269941
-0.278247
-0.286379
-0.294441
-0.302539
-0.310797
-0.319394
-0.32841
-0.337379
-0.347444
-0.366352
-0.381451
-0.207934
-0.220544
-0.232194
-0.242954
-0.252905
-0.262137
-0.270751
-0.278855
-0.286564
-0.293997
-0.301282
-0.308546
-0.315921
-0.323553
-0.331647
-0.340364
-0.349305
-0.359466
-0.379404
-0.397912
-0.229845
-0.242529
-0.254002
-0.264335
-0.273615
-0.281939
-0.289415
-0.296161
-0.302299
-0.307953
-0.313243
-0.318281
-0.323165
-0.327983
-0.332852
-0.337899
-0.342907
-0.348769
-0.364572
-0.38942
0.0120111
0.00744724
0.00290566
-0.00158977
-0.00600447
-0.0102988
-0.0144311
-0.0183583
-0.0220361
-0.0254196
-0.0284644
-0.0311281
-0.0333717
-0.0351607
-0.0364669
-0.0372693
-0.0375554
-0.0373219
-0.0365753
-0.0353315
-0.0336159
-0.0314624
-0.0289099
-0.0260084
-0.0227895
-0.0193455
-0.0155882
-0.0118931
-0.0073891
-0.00411318
0.0105773
0.00598532
0.00144556
-0.00305107
-0.00746431
-0.0117471
-0.0158564
-0.0197494
-0.0233822
-0.0267098
-0.0296884
-0.0322765
-0.0344363
-0.0361348
-0.0373455
-0.0380493
-0.0382359
-0.0379041
-0.0370622
-0.0357283
-0.0339293
-0.0317008
-0.0290822
-0.0261257
-0.0228602
-0.0193872
-0.0155952
-0.0119188
-0.00734124
-0.00423362
0.00788014
0.00322539
-0.00131349
-0.00581419
-0.0102252
-0.0144852
-0.0185488
-0.0223745
-0.025919
-0.029138
-0.0319886
-0.0344313
-0.0364304
-0.0379562
-0.0389853
-0.0395026
-0.0395013
-0.0389844
-0.0379639
-0.0364614
-0.0345068
-0.0321384
-0.0293974
-0.0263384
-0.0229883
-0.0194579
-0.0156134
-0.0119477
-0.00730828
-0.00439384
0.00397654
-0.000757325
-0.0052864
-0.00978529
-0.0141847
-0.0184034
-0.0223928
-0.0261137
-0.0295238
-0.0325797
-0.0352404
-0.0374691
-0.0392341
-0.0405096
-0.0412773
-0.0415274
-0.0412586
-0.0404793
-0.0392068
-0.0374674
-0.0352953
-0.0327322
-0.0298214
-0.0266207
-0.0231545
-0.0195443
-0.0156314
-0.0119756
-0.00726805
-0.00458525
-0.0010766
-0.00590214
-0.0104087
-0.014895
-0.0192674
-0.0234194
-0.0272998
-0.0308725
-0.0340969
-0.0369315
-0.0393381
-0.0412837
-0.0427415
-0.0436916
-0.0441223
-0.0440301
-0.0434215
-0.0423105
-0.0407214
-0.0386863
-0.036244
-0.0334402
-0.0303208
-0.0269466
-0.0233395
-0.0196322
-0.0156383
-0.0119922
-0.00720936
-0.00479595
-0.00726813
-0.0121861
-0.0166489
-0.0211023
-0.0254221
-0.0294722
-0.0331996
-0.0365726
-0.0395534
-0.042103
-0.044187
-0.0457779
-0.0468554
-0.0474066
-0.0474275
-0.0469223
-0.0459077
-0.0444036
-0.0424418
-0.0400608
-0.0373046
-0.034223
-0.0308642
-0.027292
-0.0235253
-0.0197078
-0.0156249
-0.0119866
-0.00712791
-0.00500693
-0.0145992
-0.0195992
-0.0239885
-0.0283788
-0.0326089
-0.0365108
-0.0400309
-0.0431435
-0.0458147
-0.048009
-0.0496976
-0.0508597
-0.0514828
-0.0515629
-0.0511051
-0.0501242
-0.0486406
-0.0466885
-0.044306
-0.0415375
-0.0384324
-0.0350441
-0.0314231
-0.0276351
-0.0236964
-0.0197592
-0.0155839
-0.0119489
-0.00702147
-0.0051957
-0.0230849
-0.0281417
-0.0324178
-0.0367025
-0.0407925
-0.0444869
-0.047734
-0.0505157
-0.0528029
-0.0545653
-0.0557811
-0.0564379
-0.0565324
-0.0560706
-0.0550678
-0.0535487
-0.0515455
-0.0490993
-0.0462562
-0.0430674
-0.0395868
-0.0358711
-0.0319726
-0.0279575
-0.02384
-0.019777
-0.0155103
-0.0118706
-0.00689008
-0.0053382
-0.0327415
-0.0378127
-0.0419266
-0.0460497
-0.0499337
-0.0533477
-0.0562445
-0.0586148
-0.0604358
-0.061684
-0.062346
-0.0624196
-0.0619121
-0.0608408
-0.0592325
-0.057122
-0.0545526
-0.0515738
-0.0482392
-0.0446058
-0.0407318
-0.036676
-0.0324919
-0.0282441
-0.0239466
-0.0197543
-0.0154018
-0.0117455
-0.00673654
-0.00541048
-0.0435777
-0.0486011
-0.0524962
-0.0563869
-0.0599828
-0.0630296
-0.0654874
-0.067357
-0.068623
-0.0692702
-0.0692957
-0.0687087
-0.0675287
-0.0657851
-0.0635162
-0.0607686
-0.0575956
-0.0540548
-0.0502069
-0.0461138
-0.0418369
-0.0374357
-0.0329645
-0.028484
-0.0240102
-0.0196872
-0.015259
-0.0115694
-0.00656636
-0.00539043
-0.0555814
-0.0604748
-0.0640904
-0.0676632
-0.0708721
-0.0734519
-0.075373
-0.0766456
-0.077263
-0.0772206
-0.0765275
-0.0752055
-0.0732872
-0.0708149
-0.0678391
-0.0644176
-0.060613
-0.0564906
-0.0521172
-0.0475581
-0.0428768
-0.0381321
-0.0333786
-0.0286699
-0.024028
-0.0195743
-0.0150848
-0.0113404
-0.00638735
-0.00525948
-0.0687066
-0.07337
-0.0766472
-0.0798031
-0.0825107
-0.0845136
-0.0857933
-0.0863686
-0.0862427
-0.0854232
-0.0839327
-0.0818071
-0.0790928
-0.0758445
-0.0721253
-0.0680033
-0.0635497
-0.0588365
-0.0539347
-0.0489118
-0.0438325
-0.0387523
-0.033727
-0.0287983
-0.0240004
-0.0194167
-0.014884
-0.0110589
-0.00620888
-0.00500402
-0.0828591
-0.0871818
-0.0900724
-0.0927011
-0.0947807
-0.0960905
-0.096622
-0.0963998
-0.0954381
-0.0937589
-0.0913995
-0.0884113
-0.0848523
-0.080792
-0.0763045
-0.0714671
-0.0663583
-0.061055
-0.0556314
-0.0501551
-0.0446906
-0.0392886
-0.0340063
-0.0288688
-0.0239301
-0.0192174
-0.0146634
-0.0107271
-0.00604113
-0.00461626
-0.0978864
-0.10176
-0.104235
-0.106219
-0.107536
-0.108037
-0.107716
-0.106601
-0.104718
-0.102105
-0.0988174
-0.0949165
-0.0904783
-0.085583
-0.0803148
-0.0747591
-0.0689999
-0.0631173
-0.0571867
-0.0512744
-0.0454437
-0.0397379
-0.0342172
-0.0288839
-0.0238222
-0.0189809
-0.0144305
-0.0103487
-0.00589422
-0.00409459
-0.113572
-0.116908
-0.118969
-0.120187
-0.120608
-0.12019
-0.118921
-0.116826
-0.113947
-0.110341
-0.106076
-0.10123
-0.095892
-0.0901525
-0.0841045
-0.0778396
-0.0714454
-0.0650032
-0.0585882
-0.0522631
-0.0460896
-0.0401011
-0.034363
-0.0288481
-0.023683
-0.0187124
-0.0141931
-0.00992859
-0.00577734
-0.00344332
-0.129637
-0.132395
-0.134077
-0.134409
-0.13381
-0.132377
-0.130078
-0.12693
-0.122996
-0.11835
-0.113077
-0.10727
-0.101026
-0.0944478
-0.0876338
-0.0806799
-0.0736755
-0.0667012
-0.05983
-0.0531199
-0.0466304
-0.0403822
-0.0344497
-0.0287673
-0.0235195
-0.0184178
-0.0139589
-0.0094723
-0.00569818
-0.00267198
-0.145757
-0.14797
-0.149343
-0.148677
-0.146948
-0.144426
-0.14103
-0.136774
-0.131743
-0.126032
-0.119738
-0.112967
-0.105828
-0.0984298
-0.0908755
-0.0832627
-0.0756807
-0.0682075
-0.0609131
-0.0538485
-0.0470719
-0.040588
-0.0344844
-0.0286482
-0.0233391
-0.0181029
-0.0137348
-0.00898578
-0.00566237
-0.00179436
-0.161581
-0.16338
-0.164547
-0.162779
-0.159838
-0.156174
-0.151637
-0.146236
-0.140086
-0.1333
-0.12599
-0.118271
-0.110261
-0.102074
-0.0938147
-0.0855809
-0.0774598
-0.0695253
-0.0618433
-0.0544566
-0.0474223
-0.0407264
-0.0344754
-0.0284977
-0.0231487
-0.0177731
-0.0135266
-0.00847513
-0.00567335
-0.000827216
-0.176762
-0.178401
-0.179481
-0.176518
-0.172313
-0.167481
-0.161774
-0.155212
-0.147941
-0.140091
-0.131785
-0.123148
-0.114304
-0.105369
-0.0964481
-0.0876369
-0.0790192
-0.0706632
-0.0626305
-0.0549539
-0.0476914
-0.0408063
-0.0344308
-0.0283227
-0.0229548
-0.0174337
-0.013339
-0.00794642
-0.00573208
0.00021076
-0.190987
-0.192852
-0.193961
-0.189723
-0.184238
-0.178233
-0.171348
-0.163626
-0.15525
-0.146362
-0.137095
-0.127583
-0.117951
-0.108316
-0.0987822
-0.0894406
-0.0803705
-0.0716336
-0.063287
-0.0553521
-0.0478898
-0.0408367
-0.0343584
-0.0281294
-0.0227627
-0.0170891
-0.0131751
-0.00740554
-0.0058373
0.00130008
-0.204003
-0.206617
-0.207846
-0.202265
-0.195514
-0.188349
-0.18029
-0.171428
-0.161977
-0.152091
-0.141911
-0.131574
-0.121208
-0.110927
-0.100831
-0.0910071
-0.0815293
-0.0724514
-0.0638264
-0.0556632
-0.0480279
-0.0408262
-0.0342654
-0.0279232
-0.0225767
-0.0167432
-0.0130367
-0.00685811
-0.00598586
0.00242156
-0.215641
-0.219647
-0.221037
-0.214059
-0.206082
-0.197777
-0.188562
-0.178592
-0.16811
-0.157277
-0.146238
-0.135135
-0.124091
-0.113219
-0.102613
-0.0923554
-0.0825133
-0.0731326
-0.0642628
-0.0558991
-0.0481155
-0.0407825
-0.034158
-0.0277089
-0.0224001
-0.0163993
-0.0129242
-0.00630937
-0.00617314
0.0035571
-0.225819
-0.231966
-0.233486
-0.225067
-0.215919
-0.206499
-0.196152
-0.185117
-0.173656
-0.161932
-0.150096
-0.138286
-0.126624
-0.115216
-0.104152
-0.0935061
-0.0833409
-0.0736932
-0.0646099
-0.0560708
-0.0481616
-0.0407127
-0.0340414
-0.0274905
-0.0222352
-0.0160602
-0.0128372
-0.00576418
-0.00639347
0.00469029
-0.234555
-0.243665
-0.245193
-0.235298
-0.225039
-0.21452
-0.203071
-0.191018
-0.178635
-0.166083
-0.153512
-0.141057
-0.128834
-0.116944
-0.10547
-0.0944801
-0.0840302
-0.0741483
-0.06488
-0.0561884
-0.048174
-0.0406224
-0.0339197
-0.027271
-0.0220831
-0.0157281
-0.012774
-0.0052269
-0.00664056
0.0058068
-0.241983
-0.254895
-0.256196
-0.2448
-0.233475
-0.221862
-0.20934
-0.196324
-0.183077
-0.16976
-0.156516
-0.143476
-0.130749
-0.118428
-0.106591
-0.0952971
-0.084598
-0.0745119
-0.0650845
-0.0562606
-0.0481593
-0.0405167
-0.0337959
-0.0270531
-0.0219445
-0.0154048
-0.0127326
-0.0047014
-0.00690804
0.00689456
-0.2484
-0.265873
-0.266563
-0.253636
-0.241262
-0.228547
-0.214987
-0.201061
-0.187014
-0.172995
-0.159143
-0.145576
-0.132399
-0.119695
-0.107537
-0.0959773
-0.0850612
-0.074798
-0.0652345
-0.0562964
-0.0481244
-0.0404007
-0.0336735
-0.0268394
-0.0218199
-0.0150924
-0.012711
-0.00419124
-0.00718987
0.00794365
-0.254262
-0.276858
-0.276403
-0.261907
-0.248453
-0.234619
-0.220058
-0.20528
-0.190495
-0.175838
-0.161437
-0.1474
-0.133821
-0.120779
-0.108339
-0.0965449
-0.08544
-0.0750229
-0.0653432
-0.0563056
-0.0480764
-0.0402797
-0.0335557
-0.0266327
-0.0217095
-0.0147928
-0.0127064
-0.00370009
-0.00747904
0.00894549
-0.260229
-0.288089
-0.286022
-0.269911
-0.255246
-0.240234
-0.224692
-0.209099
-0.193621
-0.178373
-0.163467
-0.149
-0.135058
-0.12171
-0.109017
-0.097015
-0.0857435
-0.075191
-0.0654111
-0.0562868
-0.0480116
-0.0401495
-0.0334363
-0.0264283
-0.0216061
-0.0145037
-0.0127104
-0.00323027
-0.00776471
0.00989305
-0.268153
-0.300019
-0.295781
-0.277939
-0.261778
-0.245468
-0.228928
-0.212531
-0.196382
-0.180571
-0.165191
-0.150325
-0.13605
-0.122428
-0.109511
-0.0973291
-0.0859169
-0.0752521
-0.065393
-0.0561997
-0.0478946
-0.03998
-0.0332895
-0.0262059
-0.0214918
-0.0142128
-0.0127116
-0.00277612
-0.00804167
0.0107882
-0.287733
-0.313411
-0.303798
-0.28416
-0.26651
-0.249055
-0.231722
-0.21472
-0.198084
-0.181876
-0.166169
-0.151034
-0.13654
-0.122742
-0.109686
-0.0973946
-0.0859015
-0.0751737
-0.0652766
-0.0560459
-0.0477388
-0.0397888
-0.0331408
-0.0259852
-0.0213975
-0.01393
-0.0127461
-0.00232457
-0.0083578
0.0116527
-0.339893
-0.322877
-0.304074
-0.28408
-0.266252
-0.24877
-0.231549
-0.214686
-0.19818
-0.182079
-0.16645
-0.151366
-0.136896
-0.123102
-0.110036
-0.0977232
-0.0862038
-0.0754408
-0.0655162
-0.0562409
-0.0479189
-0.0399053
-0.033278
-0.0260083
-0.0215264
-0.0138187
-0.0129369
-0.00197921
-0.00874655
0.012366
-0.358716
-0.326853
-0.304317
-0.283994
-0.265654
-0.24787
-0.230498
-0.213548
-0.196995
-0.180878
-0.165261
-0.150211
-0.135796
-0.122071
-0.109086
-0.0968598
-0.085432
-0.0747587
-0.0649249
-0.0557288
-0.0474925
-0.0395349
-0.0329944
-0.0257371
-0.0213709
-0.0135848
-0.0129223
-0.00167531
-0.00895305
0.0129348
-0.362462
-0.325403
-0.30283
-0.282742
-0.264164
-0.246237
-0.2288
-0.211821
-0.195271
-0.179188
-0.16363
-0.148663
-0.134348
-0.120737
-0.107874
-0.0957721
-0.0844677
-0.0739127
-0.0641917
-0.055097
-0.0469583
-0.0390775
-0.0326253
-0.0254075
-0.0211434
-0.0133232
-0.0128426
-0.00138109
-0.00909868
0.013486
-0.362084
-0.322579
-0.300843
-0.281184
-0.262556
-0.24462
-0.227191
-0.210231
-0.193715
-0.177684
-0.162196
-0.147314
-0.133097
-0.119591
-0.106836
-0.094844
-0.0836461
-0.073192
-0.0635662
-0.0545564
-0.0464995
-0.0386819
-0.0323045
-0.0251166
-0.0209431
-0.0130848
-0.0127744
-0.00110282
-0.00924196
0.0140208
-0.359656
-0.319722
-0.298855
-0.279565
-0.260963
-0.243074
-0.225681
-0.208755
-0.192281
-0.176306
-0.160888
-0.146087
-0.13196
-0.118551
-0.105896
-0.0940024
-0.082901
-0.072538
-0.0629983
-0.0540652
-0.0460826
-0.0383214
-0.032013
-0.0248501
-0.0207625
-0.0128631
-0.0127178
-0.000837317
-0.00938696
0.0145389
-0.355637
-0.316737
-0.296787
-0.277845
-0.25934
-0.241535
-0.224198
-0.207316
-0.190891
-0.174974
-0.159625
-0.144905
-0.130867
-0.117551
-0.104992
-0.0931942
-0.0821855
-0.0719103
-0.0624532
-0.0535938
-0.0456825
-0.037976
-0.0317337
-0.0245954
-0.02059
-0.012652
-0.0126647
-0.00058389
-0.00952771
0.0150383
-0.350669
-0.31366
-0.294607
-0.276031
-0.257692
-0.240005
-0.222741
-0.205915
-0.189545
-0.17369
-0.158412
-0.143771
-0.129819
-0.116595
-0.104128
-0.092422
-0.081502
-0.0713105
-0.0619323
-0.0531434
-0.0453
-0.0376461
-0.0314664
-0.0243525
-0.0204248
-0.0124514
-0.0126138
-0.000343381
-0.00966208
0.0155166
-0.34525
-0.310611
-0.292368
-0.274169
-0.25605
-0.238506
-0.221329
-0.204568
-0.188259
-0.172468
-0.157261
-0.142698
-0.12883
-0.115692
-0.103314
-0.0916942
-0.0808579
-0.0707453
-0.0614412
-0.0527187
-0.044939
-0.0373348
-0.0312139
-0.0241235
-0.0202685
-0.0122626
-0.0125656
-0.000116684
-0.00978971
0.0159717
-0.339689
-0.307654
-0.290123
-0.272303
-0.254438
-0.237051
-0.219974
-0.203286
-0.187042
-0.171316
-0.156179
-0.141691
-0.127903
-0.114848
-0.102552
-0.0910137
-0.0802557
-0.070217
-0.060982
-0.0523216
-0.0446012
-0.0370436
-0.0309773
-0.0239094
-0.0201221
-0.0120862
-0.0125207
9.54944e-05
-0.00991017
0.0164016
-0.334196
-0.304824
-0.287914
-0.270471
-0.252877
-0.235656
-0.218685
-0.202075
-0.185897
-0.170237
-0.155168
-0.140753
-0.127041
-0.114063
-0.101844
-0.0903821
-0.0796969
-0.0697267
-0.0605558
-0.051953
-0.0442874
-0.0367733
-0.0307575
-0.0237107
-0.0199859
-0.0119227
-0.012479
0.000292517
-0.0100229
0.0168042
-0.32892
-0.302148
-0.285778
-0.268704
-0.251386
-0.234332
-0.217472
-0.200942
-0.184832
-0.169237
-0.154234
-0.139887
-0.126246
-0.11334
-0.101193
-0.0898011
-0.0791829
-0.0692758
-0.0601637
-0.0516139
-0.0439987
-0.0365247
-0.030555
-0.023528
-0.0198604
-0.0117725
-0.0124407
0.00047377
-0.0101273
0.0171775
-0.323967
-0.299652
-0.283753
-0.267031
-0.249984
-0.233094
-0.216345
-0.199896
-0.183853
-0.16832
-0.153379
-0.139097
-0.125521
-0.112682
-0.100601
-0.0892725
-0.0787155
-0.0688657
-0.0598071
-0.0513055
-0.043736
-0.0362984
-0.0303707
-0.0233619
-0.019746
-0.0116361
-0.0124058
0.000638675
-0.0102228
0.0175196
-0.319414
-0.297361
-0.281872
-0.265477
-0.248688
-0.231955
-0.215314
-0.198943
-0.182965
-0.167491
-0.152608
-0.138385
-0.12487
-0.11209
-0.100069
-0.0887982
-0.078296
-0.0684977
-0.0594871
-0.0510287
-0.0435001
-0.0360954
-0.0302051
-0.0232128
-0.0196433
-0.0115138
-0.0123745
0.000786693
-0.010309
0.0178286
-0.315323
-0.2953
-0.280164
-0.264067
-0.247514
-0.230927
-0.214388
-0.198091
-0.182174
-0.166754
-0.151925
-0.137756
-0.124294
-0.111568
-0.0995993
-0.0883796
-0.0779259
-0.068173
-0.0592047
-0.0507845
-0.0432919
-0.0359163
-0.0300589
-0.0230814
-0.0195525
-0.0114059
-0.0123468
0.000917333
-0.0103855
0.018103
-0.311741
-0.29349
-0.278654
-0.26282
-0.246478
-0.230021
-0.213576
-0.197347
-0.181485
-0.166115
-0.151333
-0.13721
-0.123796
-0.111117
-0.0991937
-0.0880181
-0.0776063
-0.0678927
-0.0589609
-0.0505737
-0.043112
-0.0357615
-0.0299325
-0.0229679
-0.019474
-0.0113129
-0.0123229
0.00103016
-0.0104517
0.0183412
-0.308704
-0.29195
-0.277363
-0.261754
-0.245593
-0.22925
-0.212886
-0.196717
-0.180903
-0.165576
-0.150835
-0.136752
-0.123377
-0.110738
-0.0988534
-0.087715
-0.0773383
-0.0676577
-0.0587564
-0.0503968
-0.0429612
-0.0356318
-0.0298265
-0.0228727
-0.0194081
-0.011235
-0.0123029
0.00112478
-0.0105075
0.0185418
-0.306242
-0.290696
-0.27631
-0.260883
-0.24487
-0.228621
-0.212325
-0.196206
-0.180432
-0.165141
-0.150433
-0.136383
-0.123041
-0.110433
-0.0985798
-0.0874712
-0.0771229
-0.0674688
-0.058592
-0.0502547
-0.0428399
-0.0355275
-0.0297412
-0.0227962
-0.0193551
-0.0111724
-0.0122867
0.00120088
-0.0105525
0.0187037
-0.304377
-0.289744
-0.275508
-0.260219
-0.24432
-0.228143
-0.211899
-0.195819
-0.180076
-0.164812
-0.15013
-0.136105
-0.122787
-0.110204
-0.0983737
-0.0872876
-0.0769606
-0.0673265
-0.0584683
-0.0501476
-0.0427486
-0.035449
-0.0296769
-0.0227386
-0.0193151
-0.0111253
-0.0122746
0.00125818
-0.0105864
0.018826
-0.303125
-0.289103
-0.274967
-0.259771
-0.243948
-0.22782
-0.211612
-0.195559
-0.179837
-0.164591
-0.149927
-0.135919
-0.122617
-0.11005
-0.0982359
-0.0871649
-0.0768522
-0.0672314
-0.0583855
-0.0500761
-0.0426875
-0.0353964
-0.029634
-0.0227001
-0.0192884
-0.0110938
-0.0122664
0.0012965
-0.0106091
0.0189079
-0.302496
-0.28878
-0.274695
-0.259546
-0.243762
-0.227658
-0.211468
-0.195428
-0.179717
-0.164481
-0.149825
-0.135825
-0.122532
-0.109973
-0.0981668
-0.0871034
-0.0767979
-0.0671837
-0.0583441
-0.0500402
-0.0426569
-0.0353701
-0.0296124
-0.0226808
-0.019275
-0.011078
-0.0122624
0.00131569
-0.0106205
0.018949
)
;

boundaryField
{
    inlet
    {
        type            zeroGradient;
    }
    outlet
    {
        type            fixedValue;
        value           uniform 0;
    }
    cylinder
    {
        type            zeroGradient;
    }
    top
    {
        type            symmetryPlane;
    }
    bottom
    {
        type            symmetryPlane;
    }
    defaultFaces
    {
        type            empty;
    }
}


// ************************************************************************* //
