/*--------------------------------*- C++ -*----------------------------------*\
  =========                 |
  \\      /  F ield         | OpenFOAM: The Open Source CFD Toolbox
   \\    /   O peration     | Website:  https://openfoam.org
    \\  /    A nd           | Version:  7
     \\/     M anipulation  |
\*---------------------------------------------------------------------------*/
FoamFile
{
    version     2.0;
    format      ascii;
    class       volScalarField;
    location    "30";
    object      p;
}
// * * * * * * * * * * * * * * * * * * * * * * * * * * * * * * * * * * * * * //

dimensions      [0 2 -2 0 0 0 0];

internalField   nonuniform List<scalar> 
8330
(
0.0180798
0.0149143
0.0142472
0.01306
0.0121611
0.0112069
0.0103282
0.00954024
0.00888635
0.00843775
0.00814991
0.00824391
0.00825096
0.00914763
0.0179602
0.0148178
0.0141562
0.012977
0.0120834
0.0111339
0.0102588
0.00947425
0.0088221
0.00837905
0.00808791
0.00820616
0.00818872
0.00919177
0.0177211
0.0146247
0.0139742
0.0128112
0.0119282
0.010988
0.0101199
0.00934179
0.00869236
0.00825995
0.00795969
0.00812784
0.00805358
0.00927328
0.0173654
0.0143373
0.0137038
0.0125652
0.0116984
0.0107725
0.00991509
0.00914675
0.00850094
0.00808531
0.00776726
0.008017
0.00784092
0.00939939
0.0168975
0.0139589
0.0133486
0.0122429
0.0113985
0.0104922
0.00964956
0.00889491
0.0082535
0.00786248
0.00751342
0.00788614
0.00754351
0.00958132
0.0163232
0.0134939
0.0129132
0.0118495
0.011034
0.0101535
0.00933017
0.00859384
0.00795736
0.00760136
0.00720145
0.00775263
0.00715133
0.00983437
0.0156489
0.0129474
0.0124032
0.0113909
0.0106119
0.00976375
0.00896519
0.00825273
0.0076214
0.00731443
0.00683488
0.00763896
0.00665223
0.0101779
0.0148823
0.012325
0.0118249
0.010874
0.0101398
0.00933182
0.00856412
0.00788226
0.00725575
0.00701673
0.00641739
0.00757242
0.00603342
0.0106375
0.0140315
0.0116329
0.0111851
0.0103064
0.00962626
0.0088672
0.00813744
0.00749428
0.00687161
0.00672543
0.00595341
0.00758444
0.00527782
0.0112544
0.0131048
0.0108775
0.0104908
0.00969586
0.00908031
0.00838005
0.00769635
0.00710156
0.00648097
0.00645895
0.00544802
0.00771286
0.00435284
0.0120851
0.0121107
0.0100651
0.00974933
0.00905043
0.00851117
0.00788085
0.00725242
0.00671736
0.00609677
0.00623723
0.00490348
0.00799648
0.00327354
0.0130843
0.0110573
0.00920172
0.00896752
0.00837803
0.00792801
0.00738001
0.00681722
0.00635475
0.00573217
0.00608635
0.00433114
0.00839152
0.00244127
0.0138843
0.00995202
0.00829314
0.00815199
0.0076862
0.00733963
0.0068876
0.00640199
0.00602593
0.00539658
0.00602237
0.00384483
0.00868568
0.00175743
0.0148357
0.00880153
0.00734431
0.00730867
0.00698186
0.0067542
0.0064129
0.00601728
0.00574255
0.00510396
0.00595049
0.00354257
0.00909147
0.00103594
0.0159517
0.00761118
0.00635934
0.00644263
0.00627104
0.00617886
0.00596409
0.00567225
0.00551248
0.0049257
0.00591589
0.00329564
0.00968937
0.00033602
0.0171848
0.00638486
0.00534128
0.00555785
0.00555865
0.00561951
0.00554785
0.00537491
0.00533161
0.00482231
0.00599247
0.00311422
0.0104439
-0.000240215
0.018458
0.00512473
0.00429195
0.00465706
0.00484824
0.00508047
0.00516888
0.00513193
0.00521753
0.00479112
0.00616806
0.00305151
0.011301
-0.000576808
0.0196505
0.00383096
0.00321183
0.00374153
0.0041417
0.00456432
0.00482973
0.00494485
0.00517341
0.00484679
0.00642239
0.00315788
0.0121899
-0.000523859
0.0206171
0.00250162
0.00209987
0.00281092
0.00343919
0.0040716
0.00453105
0.00481382
0.00519607
0.0049976
0.0067393
0.00348022
0.0130289
8.7831e-05
0.0212533
0.00113245
0.000953456
0.00186322
0.00273992
0.00359974
0.00427057
0.00473671
0.0052805
0.00524535
0.00710673
0.00405673
0.0137475
0.00139644
0.0215789
-0.000283176
-0.000231935
0.000894734
0.00203932
0.00314541
0.00404342
0.00470848
0.00542025
0.00558657
0.00752227
0.004906
0.0143211
0.00344105
0.0217775
-0.00146285
-9.97556e-05
0.00133185
0.00270197
0.00384208
0.00472123
0.00560812
0.00601239
0.0079976
0.00602075
0.0147958
0.00612182
0.0221381
-0.0027459
-0.00112873
0.000609872
0.00226041
0.0036566
0.00476469
0.00583738
0.00651048
0.00855527
0.00737216
0.0152864
0.00923106
0.0229255
-0.0040853
-0.00220596
-0.000136504
0.00180962
0.00347499
0.00482677
0.00610254
0.00707002
0.00921968
0.008924
0.0159376
0.0125482
0.0242805
-0.00549851
-0.00333678
-0.000918846
0.0013365
0.00328366
0.00489472
0.00639929
0.00768739
0.0100097
0.0106484
0.0168729
0.0159371
0.0261973
-0.00453422
-0.00175061
0.000826418
0.00306817
0.00495649
0.00672417
0.00836818
0.0109385
0.0125313
0.0181656
0.0193937
0.0285251
-0.00581319
-0.00264663
0.000263714
0.00281429
0.00500235
0.00707481
0.00912379
0.0120192
0.0145658
0.0198458
0.0230109
0.0309555
-0.00718893
-0.00362278
-0.000367706
0.00250904
0.00502585
0.00745087
0.00996639
0.0132685
0.0167439
0.0219274
0.0268055
0.0331781
-0.00867728
-0.00469551
-0.00108342
0.00214178
0.00502392
0.00785498
0.0109068
0.0147046
0.0190625
0.0244135
0.0305028
0.0355067
-0.00588098
-0.00189762
0.00170492
0.00499593
0.00829338
0.0119559
0.0163416
0.0215337
0.0272639
0.0339384
0.0392206
-0.00719633
-0.00282219
0.0011937
0.00494283
0.00877661
0.0131268
0.0181869
0.0241718
0.0303584
0.0375328
0.04316
-0.00386598
0.000605259
0.00486767
0.00932019
0.0144346
0.0202416
0.0269729
0.0336706
0.0412208
0.0471921
-0.00503494
-6.24847e-05
0.00477786
0.00994424
0.0158947
0.0224984
0.0299367
0.037148
0.0450258
0.0513158
-0.00633314
-0.000810444
0.00468788
0.0106716
0.0175191
0.0249471
0.0330547
0.0407641
0.0489427
0.055494
-0.00163576
0.00462029
0.0115252
0.0193161
0.0275761
0.0363174
0.0445003
0.0529611
0.0597447
-0.0025278
0.00460403
0.0125252
0.0212898
0.0303743
0.0397158
0.048346
0.057077
0.0640675
0.0046711
0.0136884
0.0234414
0.0333325
0.0432424
0.0522963
0.0612862
0.0684711
0.0150277
0.0257707
0.0364437
0.0468927
0.05635
0.0655889
0.0729611
0.0165534
0.0282771
0.0397037
0.0506651
0.060509
0.069987
0.0775437
0.0309606
0.0431112
0.0545609
0.064777
0.0744841
0.0822246
0.0466675
0.0585836
0.0691593
0.0790854
0.0870095
0.0627389
0.0736622
0.0837965
0.0919041
0.0782927
0.0886237
0.0969137
0.0935736
0.102044
0.107299
0.107238
0.0830041
0.0935146
0.10198
0.0669834
0.0782363
0.0885622
0.0968473
0.0626869
0.0736035
0.0837322
0.0918346
0.0466213
0.0585299
0.0690983
0.0790182
0.0869367
0.0309214
0.0430639
0.0545053
0.0647134
0.0744139
0.0821482
0.0165219
0.0282375
0.0396552
0.0506076
0.0604427
0.0699134
0.0774634
0.0149968
0.0257309
0.036394
0.0468332
0.0562809
0.0655117
0.0728766
0.00464873
0.0136581
0.0234014
0.0332816
0.0431807
0.0522241
0.0612052
0.068382
-0.00254338
0.004583
0.0124957
0.0212497
0.0303223
0.0396519
0.0482705
0.0569917
0.0639733
-0.0016498
0.00460062
0.0114965
0.0192759
0.0275229
0.0362512
0.0444213
0.0528713
0.0596452
-0.006344
-0.000823065
0.00466955
0.0106438
0.0174789
0.0248927
0.032986
0.0406813
0.048848
0.0553886
-0.00504472
-7.38487e-05
0.00476078
0.00991724
0.0158546
0.0224429
0.0298655
0.0370613
0.0449258
0.051204
-0.00866698
-0.00387488
0.000594945
0.0048517
0.00929404
0.0143946
0.020185
0.0268992
0.0335797
0.0411151
0.0470732
-0.00720636
-0.00283044
0.00118419
0.00492776
0.00875121
0.0130868
0.0181293
0.0240956
0.030263
0.0374211
0.0430334
-0.00589073
-0.00190549
0.00169593
0.0049815
0.00826855
0.011916
0.0162829
0.021455
0.027164
0.0338202
0.0390855
-0.00869068
-0.00470531
-0.00109119
0.00213301
0.00500982
0.0078305
0.0108669
0.0146451
0.0189814
0.024309
0.0303781
0.0353624
-0.00720259
-0.00363277
-0.00037568
0.00250014
0.00501172
0.00742645
0.00992628
0.0132081
0.0166604
0.0218183
0.0266743
0.033023
-0.00582729
-0.00265706
0.000255244
0.00280492
0.00498784
0.00705011
0.00908325
0.011958
0.0144801
0.0197323
0.0228735
0.0307908
-0.00701477
-0.00454892
-0.0017617
0.000817179
0.00305799
0.00494123
0.00669884
0.00832694
0.0108763
0.0124435
0.0180479
0.0192507
0.0283512
-0.00551695
-0.00335222
-0.000930776
0.00132625
0.00327237
0.00487834
0.00637296
0.00764518
0.00994643
0.0105585
0.0167514
0.0157893
0.0260141
-0.00410436
-0.00222226
-0.000149417
0.00179817
0.00346233
0.00480897
0.00607488
0.00702653
0.00915522
0.0088321
0.0158127
0.0123959
0.0240881
-0.00276555
-0.00114602
0.000595873
0.00224761
0.00364239
0.0047452
0.00580808
0.00646542
0.00848939
0.00727825
0.0151587
0.00907444
0.0227245
-0.0014834
-0.00011778
0.00131671
0.00268772
0.00382617
0.00469989
0.00557697
0.00596554
0.00793012
0.00592478
0.0146659
0.00596095
0.0219297
-0.000308822
-0.000253193
0.000875853
0.00202303
0.0031297
0.00402576
0.00468519
0.00538711
0.00553778
0.00745306
0.00480795
0.0141895
0.00327602
0.0215636
0.00110598
0.00093159
0.0018435
0.00272254
0.00358257
0.00425117
0.00471148
0.00524534
0.00519459
0.00703574
0.00395672
0.0136146
0.0012276
0.0213614
0.00247447
0.00207748
0.00279046
0.00342084
0.00405302
0.00450999
0.00478674
0.00515896
0.00494496
0.00666656
0.00337849
0.012895
-8.41017e-05
0.0210341
0.0038033
0.00318902
0.00372046
0.0041224
0.00454458
0.00480718
0.00491609
0.00513451
0.00479249
0.00634808
0.00305485
0.0120554
-0.00069782
0.0203977
0.00509674
0.00426889
0.00463552
0.00482819
0.00505971
0.00514504
0.00510176
0.00517711
0.00473549
0.00609249
0.00294775
0.0111661
-0.000751516
0.0194321
0.00635678
0.00531811
0.00553602
0.00553805
0.00559795
0.005523
0.00534365
0.00528996
0.00476586
0.00591607
0.0030105
0.0103093
-0.000414279
0.0182418
0.00758323
0.00633626
0.00642071
0.0062501
0.00615676
0.00593854
0.00564022
0.00547001
0.00486922
0.00583902
0.00319285
0.00955594
0.00016406
0.0169721
0.00877397
0.00732152
0.00728687
0.00696083
0.00673183
0.00638699
0.0059849
0.00570011
0.0050481
0.0058739
0.00344142
0.00896001
0.000867682
0.015744
0.00992511
0.00827085
0.00813054
0.00766533
0.0073173
0.00686168
0.00636971
0.00598385
0.0053407
0.00594935
0.00374503
0.00855738
0.00159462
0.0146347
0.0110313
0.00918015
0.00894665
0.00835759
0.00790602
0.00735447
0.00678548
0.00631358
0.0056776
0.00601512
0.00423414
0.00826871
0.00228484
0.0136922
0.0120859
0.0100444
0.00972928
0.00903068
0.00848984
0.00785604
0.00722167
0.00667764
0.00604438
0.00616871
0.0048115
0.00788126
0.00312035
0.0129055
0.0130814
0.010858
0.0104719
0.00967705
0.00905994
0.00835635
0.00766703
0.00706383
0.00643142
0.00639418
0.00536186
0.00760462
0.00421072
0.0119173
0.0140098
0.0116148
0.0111674
0.0102888
0.00960715
0.00884495
0.00810996
0.00745903
0.00682548
0.00666522
0.00587385
0.00748408
0.00514783
0.011099
0.0148626
0.0123085
0.0118087
0.0108579
0.0101222
0.00931135
0.00853888
0.00784997
0.00721363
0.00696181
0.00634523
0.00748113
0.00591623
0.0104964
0.0156313
0.0129327
0.0123887
0.0113764
0.0105961
0.00974537
0.00894256
0.00822383
0.00758379
0.00726547
0.00677084
0.00755781
0.00654874
0.0100527
0.0163079
0.0134811
0.0129006
0.0118369
0.0110203
0.0101374
0.00931046
0.00856871
0.00792475
0.00755893
0.00714617
0.0076825
0.00706235
0.00972626
0.0168848
0.0139482
0.0133381
0.0122324
0.0113869
0.0104788
0.00963304
0.0088739
0.00822626
0.00782709
0.00746743
0.00782777
0.00746975
0.00949141
0.0173553
0.0143288
0.0136955
0.0125568
0.0116893
0.0107619
0.009902
0.00913012
0.00847941
0.00805736
0.00773102
0.00797099
0.00778294
0.00932856
0.0177138
0.0146186
0.0139682
0.0128051
0.0119215
0.0109803
0.0101104
0.00932976
0.00867679
0.00823976
0.00793355
0.00809465
0.00801183
0.00922221
0.0179558
0.0148141
0.0141525
0.0129734
0.0120794
0.0111292
0.0102531
0.00946697
0.00881268
0.00836684
0.00807213
0.00818611
0.00816353
0.00916094
0.0180783
0.0149131
0.014246
0.0130588
0.0121597
0.0112053
0.0103263
0.0095378
0.0088832
0.00843367
0.00814463
0.00823721
0.00824254
0.00913732
0.0091888
0.00925632
0.00935092
0.00945428
0.00956777
0.0096928
0.00982939
0.00997745
0.0101368
0.0103072
0.0104878
0.010678
0.0108764
0.0110816
0.0112915
0.0115038
0.0117156
0.0119234
0.0121233
0.0123104
0.0124796
0.0126247
0.0127389
0.0128147
0.0128438
0.0128173
0.0127256
0.0125587
0.0123066
0.0119593
0.0115077
0.010944
0.0102626
0.00946139
0.00854258
0.00751392
0.00639102
0.00519892
0.00397031
0.00274656
0.0016404
0.000452107
0.00915912
0.00922659
0.00932713
0.0094337
0.00954953
0.0096769
0.00981585
0.00996627
0.010128
0.0103008
0.0104839
0.0106765
0.0108774
0.011085
0.0112973
0.0115119
0.0117259
0.0119358
0.0121376
0.0123266
0.0124973
0.0126439
0.0127592
0.012836
0.0128658
0.0128396
0.0127479
0.0125807
0.0123278
0.0119792
0.0115259
0.0109599
0.0102756
0.00947095
0.00854808
0.00751474
0.00638661
0.00518889
0.00395516
0.00272624
0.00162645
0.000427605
0.00909037
0.00915691
0.00926914
0.00938187
0.00950205
0.00963379
0.00977716
0.00993203
0.0100983
0.0102757
0.0104636
0.010661
0.0108668
0.0110792
0.0112964
0.0115159
0.0117346
0.0119493
0.0121556
0.012349
0.012524
0.0126744
0.0127934
0.0128734
0.0129059
0.0128819
0.0127918
0.0126255
0.0123727
0.0120233
0.011568
0.0109988
0.01031
0.00949955
0.00856942
0.00752728
0.00638891
0.00517965
0.00393484
0.00269337
0.00160366
0.000379358
0.00898616
0.00905006
0.00918004
0.00930201
0.00942851
0.00956657
0.00971631
0.00987761
0.0100504
0.0102345
0.0104292
0.0106336
0.0108465
0.0110661
0.0112905
0.0115171
0.0117431
0.0119649
0.0121783
0.0123785
0.0125601
0.0127168
0.0128417
0.0129271
0.0129644
0.0129445
0.0128576
0.0126935
0.0124417
0.0120919
0.0116346
0.0110616
0.0103669
0.00954846
0.00860816
0.0075534
0.00640007
0.00517346
0.00391168
0.00264915
0.0015728
0.000305314
0.00885083
0.00890934
0.00906382
0.00919849
0.00933328
0.00947959
0.00963761
0.00980715
0.00998833
0.0101809
0.0103843
0.0105976
0.0108194
0.0110481
0.0112817
0.0115177
0.011753
0.011984
0.0122066
0.0124159
0.0126063
0.0127716
0.0129045
0.0129973
0.0130414
0.0130275
0.0129454
0.0127849
0.0125351
0.0121856
0.0117266
0.0111493
0.0104475
0.00961934
0.00866639
0.00759562
0.00642306
0.00517349
0.00388915
0.00259589
0.00154007
0.000202267
0.00868785
0.00873748
0.00892465
0.00907621
0.00922157
0.00937819
0.00954641
0.00972592
0.00991703
0.0101197
0.0103332
0.0105568
0.0107892
0.0110287
0.0112731
0.01152
0.0117664
0.0120085
0.0122421
0.0124624
0.0126636
0.0128392
0.0129822
0.0130844
0.0131371
0.0131308
0.0130552
0.0128997
0.0126531
0.0123048
0.0118445
0.0112629
0.0105531
0.00971402
0.00874652
0.00765693
0.00646148
0.0051837
0.0038718
0.00253641
0.0015028
6.51239e-05
0.00849753
0.00853561
0.00876622
0.00894013
0.00909891
0.00926833
0.00944888
0.00964005
0.0098425
0.0100564
0.0102813
0.0105163
0.0107603
0.0110116
0.011268
0.0115271
0.0117857
0.0120403
0.0122864
0.0125191
0.0127326
0.0129204
0.013075
0.0131884
0.0132514
0.0132544
0.0131868
0.0130377
0.0127957
0.0124496
0.0119888
0.0114032
0.0106849
0.00983419
0.00885092
0.0077404
0.00651925
0.0052085
0.00386493
0.00247458
0.00146832
-0.000111861
0.00827413
0.00830372
0.00859229
0.00879516
0.00897103
0.00915641
0.00935175
0.00955635
0.00977139
0.00999747
0.0102344
0.0104815
0.0107377
0.0110013
0.0112703
0.0115422
0.0118139
0.0120817
0.0123413
0.0125875
0.0128145
0.0130155
0.0131832
0.013309
0.0133838
0.0133976
0.0133395
0.0131983
0.0129623
0.0126197
0.0121594
0.0115708
0.0108434
0.00998112
0.00898164
0.00784885
0.00660018
0.00525237
0.00387431
0.00241464
0.0014427
-0.000331756
0.00798431
0.008038
0.00840605
0.00864518
0.00884316
0.00904879
0.00926202
0.009482
0.0097108
0.00994972
0.010199
0.0104583
0.0107266
0.0110026
0.0112843
0.011569
0.011854
0.0121353
0.0124087
0.0126689
0.01291
0.0131251
0.0133067
0.0134461
0.0135338
0.0135595
0.0135123
0.0133804
0.0131516
0.0128139
0.0123558
0.0117656
0.0110283
0.0101554
0.00914009
0.0079845
0.00670762
0.00531949
0.00390577
0.00236137
0.00143308
-0.000607444
0.00751316
0.00772572
0.00820531
0.00849166
0.00872002
0.00895171
0.00918666
0.00942432
0.00966804
0.00992023
0.0101818
0.0104529
0.010733
0.0110208
0.0113147
0.0116112
0.0119091
0.0122037
0.0124906
0.0127648
0.0130201
0.0132496
0.0134456
0.0135991
0.0137005
0.0137392
0.0137038
0.0135823
0.0133621
0.0130307
0.0125763
0.0119872
0.011238
0.0103568
0.00932684
0.00814865
0.00684404
0.00541326
0.00396464
0.00231987
0.00144803
-0.000938299
0.00719852
0.00739838
0.00799746
0.00835052
0.00861416
0.00887421
0.00913363
0.00939099
0.0096506
0.00991624
0.0101898
0.0104721
0.010763
0.0110621
0.0113675
0.011672
0.0119827
0.0122898
0.0125895
0.012877
0.013146
0.0133896
0.0135998
0.0137676
0.0138829
0.0139351
0.0139123
0.0138022
0.0135917
0.0132678
0.012819
0.0122365
0.0114682
0.0105839
0.00954133
0.00834141
0.0070108
0.00553599
0.00405557
0.00229295
0.00149921
-0.00133051
0.00715402
0.00709223
0.00780028
0.00823931
0.00853857
0.00882589
0.0091111
0.00938956
0.00966562
0.00994456
0.0102294
0.0105215
0.0108215
0.0111291
0.011443
0.0117603
0.0120799
0.0123973
0.0127083
0.0130076
0.0132892
0.013546
0.0137697
0.0139512
0.0140804
0.014146
0.0141362
0.0140379
0.0138379
0.0135226
0.0130809
0.0125171
0.0117101
0.0108348
0.00978201
0.00856162
0.00720795
0.00568887
0.00418278
0.00227072
0.00161485
-0.00180243
0.00709906
0.00682718
0.00764203
0.00816763
0.00850143
0.00881513
0.00912685
0.00942739
0.00972029
0.0100123
0.0103076
0.0106084
0.010916
0.0112306
0.0115513
0.0118764
0.0122036
0.0125294
0.0128496
0.0131589
0.0134513
0.0137196
0.0139555
0.0141497
0.0142919
0.0143705
0.0143732
0.0142869
0.0140975
0.013791
0.0133545
0.0127777
0.0120077
0.011111
0.010047
0.00880764
0.00743392
0.00587248
0.00434763
0.00224532
0.00182247
-0.00231359
0.00714511
0.00663946
0.00754136
0.0081514
0.00851685
0.00885328
0.00919007
0.00951252
0.00982203
0.0101264
0.010431
0.0107391
0.0110524
0.0113717
0.0116969
0.0120267
0.0123589
0.0126905
0.0130172
0.013334
0.0136349
0.0139125
0.0141586
0.0143638
0.0145174
0.0146079
0.0146224
0.0145475
0.0143688
0.0140713
0.0136409
0.0130629
0.01231
0.0114038
0.0103318
0.0090755
0.00768544
0.0060854
0.0045376
0.00244317
0.00181958
-0.00242273
0.0073704
0.00658142
0.00753219
0.00821696
0.00860603
0.00895672
0.00931354
0.00965544
0.00997986
0.010295
0.0106074
0.0109207
0.0112374
0.011559
0.0118859
0.0122172
0.0125514
0.0128854
0.0132155
0.0135367
0.0138429
0.014127
0.0143807
0.0145944
0.0147575
0.0148579
0.0148829
0.0148184
0.0146496
0.0143609
0.0139375
0.0133629
0.0126196
0.0117094
0.0106323
0.00936099
0.00795895
0.0063229
0.0047615
0.0026346
0.00188141
-0.00221014
0.0078466
0.00672798
0.00766609
0.00840069
0.008798
0.00914877
0.00951561
0.00987079
0.010206
0.0105287
0.010846
0.0111618
0.0114792
0.0118
0.0121252
0.0124547
0.0127871
0.0131199
0.0134495
0.0137713
0.0140793
0.0143664
0.0146244
0.0148436
0.0150133
0.0151213
0.0151545
0.0150986
0.0149385
0.0146578
0.0142414
0.0136716
0.0129358
0.0120239
0.0109442
0.00965954
0.00824964
0.00657968
0.00501111
0.00283186
0.00200275
-0.00200555
0.00862127
0.0071575
0.00800518
0.0087472
0.00912931
0.00946044
0.00982157
0.010179
0.010517
0.0108414
0.011159
0.0114734
0.0117876
0.0121038
0.0124236
0.0127471
0.0130735
0.0134008
0.0137256
0.0140437
0.0143491
0.0146351
0.0148934
0.0151144
0.0152872
0.0153995
0.0154382
0.0153885
0.0152351
0.0149609
0.0145509
0.0139856
0.0132561
0.0123433
0.0112633
0.00996648
0.00855237
0.00685008
0.00527841
0.00304287
0.00215436
-0.00182437
0.00969304
0.00792888
0.00861045
0.00930423
0.00964149
0.00992942
0.0102639
0.010607
0.0109356
0.0112524
0.0115627
0.0118696
0.0121753
0.012482
0.0127913
0.013104
0.0134195
0.0137363
0.0140513
0.0143606
0.0146586
0.0149387
0.0151926
0.0154108
0.0155825
0.0156954
0.015736
0.0156892
0.0155399
0.0152699
0.0148648
0.0143031
0.0135787
0.0126649
0.011586
0.0102775
0.00886219
0.00712862
0.00555683
0.00326339
0.00232392
-0.0016436
0.0110071
0.00905621
0.00952343
0.010113
0.0103754
0.0105965
0.0108804
0.0111878
0.0114901
0.0117859
0.0120784
0.0123688
0.0126584
0.0129488
0.0132416
0.0135374
0.0138361
0.0141364
0.0144359
0.0147306
0.0150155
0.0152839
0.0155281
0.0157384
0.0159041
0.0160128
0.016051
0.0160033
0.0158547
0.0155859
0.0151834
0.0146231
0.0139024
0.0129864
0.0119093
0.010589
0.00917467
0.00741026
0.00584046
0.00348776
0.00250377
-0.00146059
0.0124894
0.0105097
0.0107528
0.0111972
0.0113636
0.0114997
0.0117093
0.0119572
0.012213
0.0124711
0.0127314
0.0129934
0.0132567
0.013522
0.01379
0.0140615
0.0143362
0.0146132
0.0148902
0.0151637
0.0154289
0.0156794
0.0159075
0.0161039
0.016258
0.016357
0.0163879
0.0163346
0.0161824
0.015911
0.015508
0.0149463
0.0142271
0.0133071
0.0122315
0.0108984
0.00948625
0.00769073
0.00612413
0.00371116
0.00268657
-0.00128061
0.0141078
0.0122446
0.0122774
0.0125599
0.0126255
0.0126671
0.0127828
0.0129491
0.0131377
0.0133388
0.0135499
0.0137685
0.0139928
0.0142216
0.0144549
0.0146928
0.014935
0.0151804
0.015427
0.0156716
0.0159095
0.0161348
0.01634
0.0165157
0.0166515
0.0167348
0.0167525
0.0166881
0.0165275
0.0162489
0.0158414
0.0152744
0.014554
0.0136271
0.0125519
0.0112042
0.00979443
0.00796677
0.00640366
0.00392971
0.00286581
-0.00110813
0.0159043
0.0142329
0.0140693
0.0141946
0.0141683
0.0141131
0.0141218
0.0141897
0.0142926
0.0144178
0.0145612
0.0147198
0.0148899
0.0150689
0.0152555
0.0154489
0.0156485
0.0158529
0.0160602
0.0162671
0.0164695
0.0166615
0.0168357
0.0169832
0.0170936
0.0171541
0.017152
0.0170704
0.0168956
0.0166042
0.0161877
0.0156108
0.0148856
0.0139481
0.0128712
0.0115061
0.0100979
0.00823639
0.00667595
0.00414071
0.00303645
-0.000945986
0.0179599
0.0164713
0.0161138
0.0160986
0.0159922
0.0158389
0.0157339
0.0156939
0.0156973
0.0157295
0.0157878
0.0158696
0.0159697
0.0160842
0.0162107
0.0163476
0.0164933
0.0166463
0.0168042
0.0169641
0.0171218
0.0172715
0.0174063
0.0175172
0.0175941
0.0176242
0.0175951
0.017489
0.0172935
0.0169832
0.016552
0.0159598
0.0152253
0.0142727
0.0131911
0.0118051
0.0103965
0.00849885
0.00693904
0.00434276
0.00319509
-0.000795733
0.0203272
0.0189585
0.0184125
0.0182776
0.018092
0.0178348
0.0176153
0.0174646
0.0173593
0.0172858
0.017245
0.0172349
0.0172499
0.0172852
0.017338
0.0174055
0.0174855
0.0175758
0.0176738
0.0177765
0.0178796
0.0179776
0.0180637
0.0181289
0.0181637
0.0181548
0.0180906
0.0179523
0.017729
0.0173926
0.0169405
0.0163267
0.0155777
0.0146047
0.0135142
0.0121033
0.010691
0.00875459
0.00719199
0.00453567
0.00333994
-0.000657575
0.0229831
0.0216754
0.0209794
0.0207422
0.020459
0.0200868
0.0197545
0.019492
0.0192715
0.0190843
0.0189347
0.0188209
0.0187376
0.0186805
0.0186464
0.0186319
0.0186342
0.0186505
0.0186779
0.018713
0.0187515
0.0187881
0.018816
0.0188264
0.01881
0.0187535
0.0186458
0.0184672
0.0182084
0.0178386
0.0173587
0.0167167
0.0159473
0.0149481
0.0138439
0.0124033
0.0109833
0.00900533
0.00743504
0.00472063
0.00347083
-0.00053032
0.0257686
0.0245501
0.0238104
0.0234872
0.023079
0.0225807
0.0221326
0.0217503
0.0214063
0.0210991
0.0208337
0.0206077
0.0204167
0.0202574
0.0201264
0.0200199
0.0199347
0.0198675
0.0198152
0.019774
0.0197395
0.0197062
0.0196677
0.0196151
0.0195395
0.0194272
0.019268
0.0190412
0.0187391
0.0183283
0.0178136
0.0171365
0.0163403
0.0153089
0.0141855
0.0127104
0.0112773
0.00925528
0.00767058
0.00490108
0.00358959
-0.000411213
0.0283121
0.0273351
0.0267399
0.0264061
0.0259093
0.0253189
0.02477
0.0242687
0.0238003
0.0233713
0.0229858
0.0226417
0.0223362
0.0220667
0.0218297
0.0216217
0.021439
0.0212783
0.0211359
0.0210079
0.0208898
0.020776
0.0206603
0.0205337
0.0203878
0.0202085
0.0199867
0.0197004
0.0193442
0.0188817
0.0183224
0.0176007
0.0167692
0.0156975
0.0145473
0.0130316
0.0115781
0.00950904
0.00790122
0.0050802
0.00369936
-0.000297271
0.0307329
0.0300121
0.0297108
0.0294985
0.0290346
0.0284497
0.027855
0.0272634
0.0266843
0.0261329
0.0256166
0.0251379
0.024698
0.0242958
0.0239291
0.0235951
0.0232905
0.0230118
0.0227555
0.0225172
0.0222927
0.022076
0.0218612
0.0216391
0.0214023
0.0211362
0.020833
0.0204693
0.0200422
0.0195117
0.0188922
0.0181111
0.0172308
0.0161066
0.0149186
0.0133538
0.0118717
0.00975202
0.0081153
0.00524564
0.00379872
-0.000193144
0.0354678
0.033691
0.0328447
0.032212
0.0315272
0.0308214
0.0301307
0.0294579
0.0288055
0.0281797
0.0275856
0.027027
0.0265057
0.0260212
0.0255721
0.0251559
0.0247698
0.0244106
0.0240746
0.0237578
0.0234557
0.0231626
0.0228727
0.0225768
0.0222681
0.0219314
0.0215605
0.0211304
0.020641
0.0200493
0.0193751
0.0185391
0.0176131
0.0164402
0.0152167
0.0136075
0.0120996
0.00993703
0.00827685
0.00536786
0.00387313
-0.000117236
0.0389929
0.0370314
0.0360033
0.035264
0.034481
0.0336603
0.0328574
0.0320856
0.0313399
0.0306195
0.0299285
0.029271
0.028649
0.0280625
0.0275105
0.0269913
0.0265024
0.0260411
0.0256041
0.0251874
0.0247869
0.0243967
0.0240117
0.0236224
0.0232228
0.0227974
0.0223413
0.0218287
0.0212615
0.0205953
0.0198529
0.018952
0.0179694
0.0167425
0.0154747
0.0138228
0.0122806
0.0100868
0.008391
0.00547011
0.00390717
-4.70476e-05
0.0422914
0.0401645
0.0391804
0.0384482
0.0375964
0.0366714
0.0357651
0.0348983
0.0340597
0.0332439
0.0324544
0.0316957
0.0309702
0.0302781
0.029619
0.0289916
0.0283941
0.027824
0.0272785
0.0267538
0.0262463
0.02575
0.0252603
0.0247677
0.0242668
0.0237424
0.0231902
0.0225847
0.0219291
0.0211784
0.0203576
0.0193834
0.018335
0.0170483
0.0157283
0.0140319
0.0124479
0.0102279
0.00848664
0.00556934
0.00392229
3.86723e-05
0.0456216
0.0434067
0.0424633
0.0417243
0.040798
0.0397721
0.0387668
0.0378073
0.0368772
0.0359675
0.0350807
0.0342219
0.0333938
0.0325969
0.0318311
0.0310955
0.0303888
0.0297089
0.0290535
0.0284188
0.0278016
0.0271963
0.0265983
0.0259985
0.0253922
0.0247641
0.024111
0.0234074
0.0226579
0.0218174
0.0209125
0.0198595
0.0187394
0.0173878
0.0160095
0.0142648
0.0126321
0.0103845
0.0085897
0.00567961
0.00393852
0.000143913
0.0491552
0.0468122
0.0458396
0.0450711
0.0440763
0.0429589
0.0418593
0.0408087
0.0397881
0.0387853
0.0378024
0.0368445
0.0359147
0.0350138
0.0341417
0.0332981
0.0324821
0.0316918
0.0309253
0.0301791
0.0294504
0.0287335
0.0280246
0.0273147
0.0265995
0.0258641
0.0251062
0.0243003
0.0234524
0.0225173
0.0215233
0.0203868
0.0191894
0.0177683
0.0163254
0.0145284
0.0128398
0.0105626
0.00870565
0.00580503
0.00396078
0.000266836
0.0528464
0.0503454
0.0492978
0.0484833
0.0474255
0.0462245
0.0450343
0.0438936
0.0427833
0.0416888
0.0406109
0.0395552
0.0385248
0.0375209
0.0365436
0.0355926
0.0346674
0.0337665
0.0328882
0.0320296
0.0311878
0.0303577
0.0295357
0.0287131
0.0278861
0.0270401
0.0261738
0.0252619
0.0243114
0.0232775
0.0221896
0.0209649
0.0196848
0.0181897
0.0166759
0.0148231
0.0130712
0.0107629
0.00883509
0.00594659
0.00399053
0.000404868
0.0566139
0.0539815
0.0528377
0.0519601
0.0508379
0.0495571
0.0482782
0.047048
0.0458485
0.0446632
0.0434917
0.0423394
0.04121
0.0401044
0.039023
0.0379657
0.0369322
0.0359212
0.0349315
0.0339601
0.0330048
0.0320605
0.0311241
0.030187
0.0292463
0.0282875
0.02731
0.026289
0.0252324
0.0240963
0.0229102
0.0215935
0.0202257
0.0186527
0.0170621
0.0151502
0.0133278
0.010987
0.00897995
0.00610539
0.00403011
0.000555089
0.0604377
0.0577035
0.0564521
0.0554958
0.0543045
0.0529454
0.0515796
0.0502602
0.0489718
0.0476965
0.0464326
0.045185
0.0439576
0.0427517
0.0415676
0.0404053
0.0392646
0.0381445
0.037044
0.0359604
0.0348916
0.033833
0.0327816
0.0317294
0.0306738
0.0296007
0.0285101
0.0273782
0.0262128
0.0249719
0.0236841
0.0222723
0.0208123
0.0191582
0.0174851
0.0155113
0.0136114
0.0112366
0.00914261
0.00628215
0.00408201
0.000713666
0.0643027
0.0614873
0.0601252
0.0590804
0.0578159
0.0563796
0.0549286
0.053521
0.0521441
0.0507795
0.049424
0.0480822
0.0467581
0.0454532
0.0441676
0.0429016
0.0416549
0.0404268
0.0392164
0.0380213
0.0368396
0.035667
0.0345007
0.0333333
0.0321621
0.0309741
0.0297694
0.028525
0.0272491
0.0259014
0.0245092
0.0229999
0.0214438
0.019706
0.0179453
0.0159071
0.0139234
0.0115126
0.00932494
0.00647666
0.00414796
0.000876001
0.0681867
0.0653101
0.0638411
0.0627035
0.0613632
0.0598507
0.0583165
0.0568218
0.0553572
0.053904
0.052458
0.0510232
0.0496036
0.0482008
0.046815
0.0454464
0.044095
0.04276
0.0414408
0.0401351
0.0388413
0.0375552
0.0362745
0.0349919
0.0337053
0.0324021
0.0310825
0.0297252
0.0283373
0.0268816
0.0253828
0.0237743
0.0221188
0.0202951
0.0184422
0.0163373
0.014264
0.011815
0.00952809
0.00668772
0.00422884
0.00103729
0.0720766
0.0691557
0.0675858
0.0663547
0.0649376
0.0633501
0.0617348
0.0601548
0.0586035
0.0570628
0.0555275
0.054001
0.0524871
0.0509876
0.049503
0.0480331
0.0465781
0.0451375
0.0437105
0.0422953
0.0408902
0.0394915
0.0380969
0.0366996
0.0352977
0.0338795
0.0324448
0.0309741
0.0294734
0.027909
0.0263018
0.0245929
0.0228351
0.0209238
0.0189747
0.0168009
0.0146333
0.0121428
0.00975261
0.00691345
0.00432478
0.00119307
0.075964
0.0730109
0.0713468
0.0700236
0.0685301
0.0668691
0.0651751
0.0635118
0.0618755
0.0602488
0.0586256
0.0570088
0.0554021
0.0538075
0.0522253
0.0506555
0.0490983
0.0475533
0.0460198
0.044496
0.0429807
0.0414702
0.0399624
0.0384513
0.0369344
0.0354015
0.0338518
0.0322678
0.0306537
0.02898
0.0272631
0.0254528
0.0235905
0.02159
0.0195415
0.0172963
0.0150306
0.0124945
0.0099985
0.00715156
0.0044352
0.0013397
0.0798394
0.0768639
0.0751126
0.0736999
0.0721313
0.070399
0.068629
0.066885
0.0651658
0.0634548
0.0617455
0.0600402
0.0583425
0.0566543
0.0549761
0.0533081
0.0516502
0.0500021
0.0483634
0.0467324
0.0451079
0.0434867
0.0418667
0.0402423
0.0386112
0.0369641
0.0352995
0.0336023
0.0318745
0.0300914
0.0282638
0.0263512
0.0243827
0.0222913
0.0201408
0.0178215
0.015455
0.0128681
0.0102653
0.00739965
0.00455899
0.00147468
0.0836932
0.0807049
0.0788729
0.0773736
0.0757317
0.0739307
0.0720878
0.070266
0.0684664
0.0666734
0.0648802
0.0630885
0.0613018
0.059522
0.0577498
0.0559852
0.0542283
0.0524788
0.0507364
0.0489997
0.0472673
0.0455366
0.0438053
0.0420687
0.040324
0.0385634
0.0367844
0.0349743
0.0331327
0.03124
0.0293011
0.0272853
0.0252093
0.0230253
0.020771
0.0183743
0.0159054
0.0132617
0.010552
0.00765553
0.00469467
0.00159675
0.0875156
0.0845236
0.0826171
0.0810343
0.0793215
0.0774547
0.0755424
0.0736463
0.0717692
0.0698969
0.0680224
0.0661467
0.0642734
0.0624043
0.0605402
0.0586812
0.0568273
0.0549783
0.053134
0.0512931
0.0494544
0.0476155
0.0457743
0.0439266
0.0420693
0.040196
0.0383031
0.0363806
0.0344254
0.032423
0.0303724
0.0282527
0.0260681
0.0237896
0.0214304
0.0189527
0.0163803
0.0136733
0.0108575
0.00791742
0.00484054
0.00170592
0.0912957
0.0883091
0.0863344
0.0846714
0.0828905
0.0809613
0.0789834
0.0770167
0.0750656
0.0731171
0.0711641
0.0692075
0.0672503
0.0652946
0.0633412
0.0613901
0.0594414
0.0574951
0.0555509
0.0536078
0.0516645
0.0497192
0.0477695
0.045812
0.0438434
0.0418583
0.0398523
0.0378179
0.0357496
0.0336374
0.031475
0.0292506
0.026957
0.0245821
0.022117
0.0195545
0.0168785
0.0141009
0.0111804
0.00818407
0.00499492
0.00180319
0.0950215
0.0920494
0.0900133
0.0882741
0.0864282
0.0844402
0.0824011
0.0803679
0.0783466
0.0763254
0.0742974
0.0722631
0.0702252
0.0681859
0.0661459
0.0641055
0.0620647
0.0600236
0.0579818
0.0559387
0.053893
0.0518431
0.0497867
0.047721
0.0456424
0.0435468
0.0414288
0.0392833
0.0371023
0.0348805
0.0326066
0.0302767
0.0278739
0.0254005
0.0228293
0.020178
0.0173982
0.0145433
0.0115191
0.00845474
0.00515624
0.00189024
0.0986816
0.0957324
0.093642
0.0918314
0.0899242
0.0878817
0.0857857
0.0836906
0.0816032
0.0795133
0.077414
0.0753054
0.0731903
0.0710707
0.0689474
0.0668208
0.0646908
0.0625576
0.060421
0.0582803
0.0561345
0.0539823
0.0518212
0.0496492
0.0474623
0.0452577
0.043029
0.0407732
0.0384806
0.0361494
0.0337644
0.0313283
0.0288164
0.0262426
0.0235651
0.0208212
0.0179378
0.0149989
0.0118719
0.0087291
0.00532316
0.00196911
0.102266
0.0993463
0.0972092
0.0953327
0.0933686
0.0912758
0.0891277
0.0869753
0.0848265
0.0826719
0.0805053
0.0783265
0.076138
0.0739417
0.0717386
0.0695291
0.0673131
0.065091
0.0628624
0.060627
0.0583838
0.0561316
0.0538683
0.051592
0.0492989
0.0469868
0.044649
0.0422841
0.039881
0.0374409
0.0349455
0.0324028
0.0297821
0.0271061
0.0243224
0.0214825
0.0184954
0.0154668
0.0122373
0.00900707
0.00549457
0.00204188
0.105764
0.102881
0.100704
0.098768
0.0967516
0.0946131
0.0924178
0.0902131
0.0880074
0.0857927
0.0835631
0.0813182
0.0790603
0.0767913
0.0745122
0.0722233
0.0699249
0.0676172
0.0652999
0.0629729
0.0606351
0.0582858
0.0559227
0.0535446
0.0511474
0.0487298
0.0462848
0.0438122
0.0413
0.0387517
0.0361469
0.0334974
0.0307684
0.0279889
0.0250989
0.02216
0.0190693
0.0159457
0.0126136
0.00928869
0.00566962
0.0021104
0.10917
0.106326
0.104118
0.102128
0.100064
0.0978847
0.095647
0.0933949
0.0911373
0.0888671
0.0865789
0.0842723
0.0819493
0.0796117
0.0772606
0.0748963
0.0725192
0.0701294
0.0677269
0.0653116
0.0628825
0.060439
0.0579791
0.0555018
0.053003
0.0504822
0.047932
0.0453534
0.0427337
0.0400783
0.0373651
0.034609
0.0317723
0.0288882
0.0258923
0.0228519
0.0196572
0.0164347
0.0129993
0.00957395
0.00584761
0.00217622
0.112476
0.109674
0.10744
0.105404
0.103298
0.101082
0.0988066
0.0965122
0.0942075
0.0918867
0.0895446
0.0871807
0.084797
0.0823952
0.0799762
0.0775406
0.0750888
0.0726208
0.0701368
0.0676367
0.0651197
0.0625854
0.0600317
0.0574581
0.0548605
0.0522389
0.0495859
0.0469033
0.044178
0.0414167
0.0385966
0.0357343
0.0327906
0.0298015
0.0266998
0.0235561
0.0202571
0.0169324
0.0133928
0.00986272
0.00602801
0.00224044
0.115674
0.112918
0.110665
0.108587
0.106444
0.104196
0.101888
0.0995565
0.0972097
0.0948429
0.0924516
0.0900352
0.0875953
0.0851336
0.0826513
0.0801487
0.0776262
0.0750841
0.0725225
0.0699415
0.0673402
0.0647185
0.0620744
0.0594077
0.0567143
0.0539947
0.0512414
0.048457
0.0456283
0.0427627
0.0398373
0.0368696
0.03382
0.0307257
0.0275186
0.0242705
0.0208667
0.0174375
0.0137928
0.0101547
0.00621035
0.00230384
0.118759
0.116051
0.113784
0.11167
0.109495
0.10722
0.104884
0.10252
0.100135
0.0977275
0.0952917
0.0928274
0.090336
0.0878191
0.0852778
0.0827126
0.0801238
0.0775119
0.0748768
0.0722188
0.0695371
0.0668318
0.0641009
0.0613444
0.0585585
0.0557438
0.0528932
0.0500095
0.0470798
0.0441118
0.0410829
0.0380111
0.0348568
0.0316576
0.0283456
0.0249924
0.0214838
0.0179484
0.0141977
0.0104493
0.00639414
0.00236686
0.121725
0.119066
0.11679
0.114646
0.112443
0.110145
0.107785
0.105393
0.102977
0.100532
0.0980567
0.0955491
0.0930108
0.0904433
0.0878476
0.0852243
0.0825738
0.0798963
0.077192
0.0744612
0.0717033
0.0689182
0.0661043
0.0632617
0.0603868
0.0574803
0.0545355
0.0515553
0.0485272
0.0454591
0.0423288
0.0391545
0.035897
0.0325937
0.0291775
0.0257192
0.0221057
0.0184633
0.0146059
0.0107457
0.0065789
0.00242974
0.124566
0.121956
0.119676
0.117508
0.115282
0.112965
0.110585
0.10817
0.105725
0.103249
0.100738
0.0981921
0.0956115
0.0929981
0.0903527
0.0876758
0.0849679
0.0822294
0.0794604
0.0766611
0.073831
0.0709704
0.0680775
0.0651527
0.0621924
0.0591978
0.0561621
0.0530885
0.0499649
0.0467994
0.04357
0.0402951
0.0369362
0.0335302
0.0300109
0.0264478
0.0227299
0.0189801
0.0150158
0.0110432
0.00676403
0.00249252
0.127277
0.124718
0.122437
0.120248
0.118004
0.115672
0.113277
0.110842
0.108374
0.10587
0.103329
0.100748
0.09813
0.0954752
0.0927846
0.0900588
0.0872981
0.0845031
0.0816738
0.0788104
0.0759127
0.0729807
0.0700131
0.06701
0.0639684
0.0608893
0.0577663
0.0546028
0.0513869
0.0481268
0.0448012
0.0414281
0.0379698
0.0344627
0.0308418
0.027175
0.0233533
0.0194966
0.0154255
0.0113404
0.00694888
0.00255512
0.129854
0.127344
0.125067
0.122862
0.120603
0.118259
0.115853
0.113402
0.110915
0.108388
0.10582
0.10321
0.100558
0.0978664
0.0951351
0.0923649
0.0895561
0.086709
0.0838239
0.0809011
0.0779401
0.0749412
0.0719031
0.0688262
0.0657073
0.0625477
0.0593413
0.0560915
0.0527868
0.0494355
0.0460165
0.042548
0.0389929
0.0353868
0.0316661
0.0278972
0.023973
0.0200102
0.0158331
0.0116361
0.00713265
0.00261735
0.132292
0.129832
0.12756
0.125344
0.123073
0.120722
0.118306
0.115844
0.113341
0.110795
0.108205
0.105569
0.102888
0.100164
0.0973961
0.0945859
0.0917333
0.0888388
0.0859025
0.0829247
0.079905
0.0768437
0.0737396
0.0705931
0.0674012
0.0641654
0.0608797
0.0575476
0.0541578
0.0507188
0.04721
0.0436491
0.04
0.0362977
0.0324796
0.0286105
0.0245856
0.0205183
0.0162364
0.0119288
0.00731447
0.00267896
0.134588
0.132176
0.129913
0.127689
0.12541
0.123053
0.120632
0.118162
0.115646
0.113085
0.110476
0.107818
0.105112
0.102359
0.0995593
0.0967134
0.0938215
0.090884
0.087901
0.0848727
0.0817989
0.0786797
0.0755141
0.0723026
0.0690423
0.0657346
0.0623739
0.0589636
0.0554929
0.0519701
0.0483751
0.0447254
0.0409857
0.03719
0.0332773
0.0293108
0.0251874
0.0210178
0.0166331
0.0122168
0.00749333
0.0027396
0.136739
0.134373
0.13212
0.129892
0.127607
0.125248
0.122824
0.120348
0.117823
0.11525
0.112625
0.109949
0.107222
0.104444
0.101617
0.0987392
0.0958122
0.092836
0.0898107
0.0867364
0.083613
0.0804406
0.0772181
0.0739462
0.070622
0.067247
0.0638157
0.0603317
0.0567844
0.053182
0.0495049
0.0457704
0.0419437
0.0380584
0.0340544
0.0299935
0.0257747
0.0215056
0.0170206
0.0124982
0.00766812
0.00279887
0.138742
0.136419
0.134179
0.131948
0.129661
0.127301
0.124876
0.122397
0.119866
0.117283
0.114647
0.111956
0.109211
0.106412
0.10356
0.100655
0.0976968
0.0946861
0.0916228
0.088507
0.0853384
0.0821173
0.0788427
0.0755149
0.0721316
0.068694
0.0651969
0.0616439
0.0580246
0.0543471
0.0505924
0.0467773
0.0428679
0.0388969
0.0348055
0.030654
0.0263432
0.0219782
0.0173963
0.0127711
0.00783763
0.00285635
0.140593
0.138312
0.136084
0.133853
0.131565
0.129207
0.126784
0.124303
0.121769
0.119179
0.116533
0.11383
0.11107
0.108253
0.105381
0.102452
0.0994666
0.0964254
0.0933282
0.0901752
0.086966
0.0837008
0.0803785
0.0769998
0.073562
0.0700668
0.0665087
0.0628915
0.0592051
0.0554574
0.0516298
0.0477389
0.0437513
0.0396993
0.035525
0.0312872
0.0268887
0.0224318
0.0177571
0.0130333
0.00800053
0.00291157
0.142289
0.140047
0.137832
0.135603
0.133316
0.130961
0.12854
0.12606
0.123524
0.120929
0.118276
0.115564
0.112792
0.109961
0.107071
0.104121
0.101113
0.0980448
0.0949178
0.0917317
0.0884861
0.0851813
0.0818161
0.0783911
0.0749039
0.0713558
0.0677419
0.0640656
0.0603172
0.0565045
0.0526092
0.0486476
0.0445871
0.040459
0.0362067
0.0318877
0.0274064
0.0228627
0.0180999
0.0132826
0.00815541
0.00296401
0.143827
0.14162
0.139419
0.137193
0.134909
0.132557
0.13014
0.127662
0.125125
0.122528
0.11987
0.117151
0.114369
0.111526
0.108621
0.105655
0.102626
0.0995349
0.0963819
0.0931668
0.0898891
0.086549
0.0831455
0.079679
0.0761472
0.0725515
0.0688869
0.0651569
0.0613518
0.0574795
0.0535221
0.0494954
0.0453675
0.0411691
0.0368445
0.0324498
0.0278914
0.0232665
0.0184214
0.0135163
0.00830075
0.00301315
0.145203
0.143028
0.14084
0.138618
0.136337
0.13399
0.131577
0.129102
0.126566
0.123968
0.121306
0.118582
0.115793
0.11294
0.110023
0.107042
0.103996
0.100886
0.0977102
0.09447
0.0911643
0.0877934
0.0843561
0.080853
0.0772816
0.0736434
0.0699334
0.0661552
0.0622993
0.0583733
0.0543596
0.0502739
0.0460847
0.0418221
0.0374315
0.0329676
0.0283384
0.0236388
0.018718
0.013732
0.00843492
0.00305838
0.146412
0.144266
0.14209
0.139872
0.137595
0.135252
0.132844
0.130373
0.127838
0.125239
0.122576
0.119848
0.117053
0.114193
0.111266
0.108273
0.105213
0.102086
0.098892
0.0956303
0.0923007
0.0889032
0.0854368
0.0819018
0.0782959
0.0746206
0.0708708
0.0670502
0.0631493
0.0591758
0.0551122
0.050974
0.0467302
0.0424103
0.0379605
0.0334345
0.0287418
0.0239749
0.018986
0.0139267
0.00855618
0.00309912
0.147448
0.145327
0.143162
0.140948
0.138675
0.136337
0.133934
0.131465
0.128933
0.126335
0.12367
0.120939
0.118141
0.115275
0.11234
0.109338
0.106266
0.103126
0.0999157
0.0966362
0.0932865
0.0898667
0.0863756
0.0828136
0.0791784
0.0754713
0.0716876
0.0678306
0.0638911
0.0598765
0.0557698
0.0515862
0.047295
0.0429252
0.0384241
0.0338437
0.0290956
0.0242697
0.0192212
0.0140975
0.0086627
0.00313469
0.148302
0.146202
0.144046
0.141836
0.139566
0.137232
0.134833
0.132369
0.129838
0.127241
0.124576
0.121843
0.119042
0.116172
0.113232
0.110222
0.107141
0.10399
0.100768
0.0974738
0.094108
0.0906701
0.087159
0.083575
0.0799158
0.0761827
0.072371
0.068484
0.0645125
0.060464
0.0563216
0.0521
0.0477695
0.043358
0.0388138
0.0341879
0.0293934
0.0245179
0.0194194
0.0142413
0.00875247
0.00316438
0.148975
0.146891
0.144742
0.142535
0.140267
0.137936
0.13554
0.133078
0.130548
0.127951
0.125286
0.122552
0.119748
0.116875
0.11393
0.110914
0.107827
0.104667
0.101435
0.0981304
0.0947521
0.0913002
0.0877736
0.0841726
0.0804948
0.0767415
0.0729081
0.0689976
0.0650013
0.0609262
0.0567559
0.0525047
0.0481433
0.0436991
0.0391212
0.0344594
0.0296285
0.0247137
0.0195759
0.0143546
0.00882342
0.0031874
0.149424
0.147351
0.145208
0.143005
0.14074
0.138413
0.13602
0.13356
0.131033
0.128437
0.125773
0.123039
0.120234
0.117359
0.114412
0.111393
0.108301
0.105137
0.101898
0.0985863
0.0951997
0.0917385
0.0882014
0.0845888
0.0808984
0.0771312
0.0732828
0.0693563
0.0653428
0.0612493
0.0570597
0.0527878
0.048405
0.0439379
0.0393367
0.0346496
0.0297934
0.0248507
0.019686
0.0144335
0.00887352
0.00320244
0.149707
0.147634
0.145488
0.14328
0.141013
0.138683
0.136289
0.133828
0.131299
0.128702
0.126036
0.123301
0.120495
0.117618
0.114669
0.111647
0.108553
0.105385
0.102143
0.0988268
0.0954357
0.0919694
0.0884267
0.0848079
0.0811107
0.0773362
0.07348
0.0695449
0.0655225
0.0614192
0.0572195
0.0529366
0.0485428
0.0440632
0.0394504
0.0347492
0.0298809
0.0249221
0.0197451
0.0144736
0.00890139
0.00320772
0.112534
0.107161
0.101903
0.0967558
0.0917175
0.0867859
0.0819594
0.0772371
0.072619
0.0681058
0.0636989
0.0594027
0.0552069
0.0511452
0.0470668
0.0432907
0.0385993
0.115646
0.110319
0.105099
0.0999862
0.0949784
0.0900743
0.0852732
0.0805748
0.0759788
0.0714863
0.0670932
0.0628081
0.058583
0.0545086
0.0502228
0.0464737
0.0413526
0.119172
0.113943
0.108819
0.103796
0.0988747
0.0940528
0.0893291
0.0847021
0.0801685
0.0757278
0.0713646
0.0670947
0.0628303
0.0587316
0.0543303
0.0505589
0.0454232
0.122431
0.117276
0.112217
0.107254
0.102386
0.0976098
0.0929239
0.088326
0.0838097
0.0793761
0.075001
0.0707179
0.0664143
0.0623094
0.0578984
0.0540756
0.0491664
0.125521
0.120423
0.115415
0.110494
0.10566
0.10091
0.0962428
0.0916562
0.0871431
0.0827101
0.0783288
0.0740515
0.0697521
0.0656709
0.0613273
0.0574891
0.0529043
0.128577
0.123543
0.118592
0.113723
0.108933
0.104223
0.0995887
0.0950325
0.0905463
0.0861426
0.0817895
0.0775485
0.0732905
0.0692399
0.0649945
0.0611334
0.0567821
0.13161
0.126652
0.12177
0.116964
0.112233
0.107578
0.102995
0.0984881
0.0940484
0.0896911
0.0853819
0.0811807
0.0769701
0.0729343
0.0687719
0.0648646
0.0606629
0.134599
0.12972
0.124914
0.120178
0.115514
0.11092
0.106395
0.101943
0.0975537
0.0932424
0.0889763
0.0848075
0.0806421
0.076615
0.072525
0.0685967
0.0645235
0.13753
0.132735
0.128006
0.123345
0.118749
0.11422
0.109756
0.105359
0.101021
0.0967561
0.0925364
0.088403
0.0842902
0.0802859
0.0762724
0.0723585
0.0683896
0.140402
0.135693
0.131045
0.12646
0.121936
0.117476
0.113075
0.108738
0.104458
0.100245
0.0960811
0.0919936
0.0879418
0.0839748
0.0800326
0.0761462
0.0722531
0.143213
0.138592
0.134028
0.129522
0.125075
0.120686
0.116355
0.112084
0.107868
0.103715
0.0996127
0.095578
0.091588
0.0876643
0.0837839
0.0799334
0.0761049
0.145961
0.141429
0.136952
0.132529
0.128161
0.123848
0.11959
0.115389
0.111241
0.107152
0.103114
0.0991358
0.0952071
0.0913329
0.0875126
0.0837096
0.0799445
0.148641
0.144202
0.139812
0.135474
0.131188
0.126954
0.122772
0.118643
0.114566
0.110544
0.106572
0.102655
0.0987901
0.0949731
0.0912156
0.0874677
0.0837664
0.151252
0.146906
0.142606
0.138355
0.134152
0.129998
0.125894
0.121841
0.117837
0.113884
0.109982
0.10613
0.102332
0.0985774
0.0948842
0.0911955
0.0875601
0.153791
0.149538
0.145329
0.141166
0.137048
0.132977
0.128952
0.124976
0.121047
0.117167
0.113337
0.109554
0.105824
0.102135
0.0985071
0.0948813
0.091315
0.156256
0.152096
0.147979
0.143904
0.139872
0.135884
0.131941
0.128044
0.124192
0.120387
0.116629
0.112917
0.109257
0.105635
0.102075
0.0985152
0.0950196
0.158643
0.154578
0.150552
0.146566
0.142621
0.138718
0.134857
0.131039
0.127266
0.123536
0.119853
0.116213
0.112623
0.109071
0.105579
0.102088
0.0986628
0.160953
0.156981
0.153046
0.149149
0.145291
0.141472
0.137694
0.133957
0.130262
0.126609
0.123001
0.119434
0.115916
0.112434
0.109012
0.10559
0.102235
0.163182
0.159303
0.155459
0.15165
0.147878
0.144144
0.140449
0.136792
0.133176
0.129601
0.126068
0.122575
0.11913
0.115718
0.112365
0.109013
0.105728
0.165329
0.161542
0.157787
0.154067
0.150381
0.146731
0.143118
0.139542
0.136005
0.132506
0.129049
0.12563
0.122256
0.118917
0.115632
0.112351
0.109135
0.167394
0.163697
0.160031
0.156397
0.152796
0.149229
0.145697
0.142201
0.138742
0.135321
0.131938
0.128593
0.125292
0.122023
0.118807
0.115598
0.112449
0.169375
0.165766
0.162187
0.158638
0.155121
0.151636
0.148185
0.144768
0.141386
0.13804
0.134732
0.131461
0.12823
0.125032
0.121884
0.118746
0.115666
0.171271
0.167749
0.164255
0.160789
0.157354
0.153949
0.150577
0.147238
0.143932
0.140661
0.137427
0.134227
0.131067
0.127939
0.124859
0.121789
0.118777
0.173082
0.169644
0.166233
0.162849
0.159494
0.156168
0.152873
0.149609
0.146378
0.143181
0.140018
0.136889
0.133798
0.130738
0.127724
0.124723
0.121777
0.174808
0.171452
0.168121
0.164816
0.161539
0.158289
0.155069
0.15188
0.148721
0.145595
0.142502
0.139442
0.136419
0.133426
0.130477
0.127541
0.12466
0.176448
0.173172
0.169918
0.16669
0.163488
0.160313
0.157165
0.154047
0.150959
0.147902
0.144877
0.141884
0.138926
0.135998
0.133111
0.13024
0.127421
0.178003
0.174803
0.171624
0.16847
0.16534
0.162236
0.15916
0.156111
0.15309
0.1501
0.14714
0.144211
0.141316
0.138451
0.135625
0.132815
0.130056
0.179472
0.176345
0.173239
0.170155
0.167095
0.16406
0.161051
0.158068
0.155113
0.152186
0.149289
0.146422
0.143587
0.140781
0.138013
0.135261
0.132559
0.180856
0.177799
0.174762
0.171746
0.168753
0.165783
0.162838
0.159918
0.157025
0.154159
0.151322
0.148514
0.145736
0.142986
0.140273
0.137577
0.134928
0.182155
0.179164
0.176193
0.173241
0.170311
0.167404
0.16452
0.16166
0.158826
0.156018
0.153237
0.150484
0.147761
0.145064
0.142402
0.139758
0.137159
0.18337
0.180442
0.177532
0.174642
0.171771
0.168923
0.166096
0.163293
0.160514
0.157761
0.155033
0.152332
0.149659
0.147012
0.144398
0.141803
0.139249
0.184499
0.181631
0.178779
0.175946
0.173132
0.170339
0.167566
0.164816
0.162089
0.159386
0.156708
0.154055
0.151429
0.148828
0.146258
0.143707
0.141196
0.185544
0.182731
0.179935
0.177155
0.174394
0.171651
0.168929
0.166228
0.163549
0.160893
0.15826
0.155652
0.153069
0.15051
0.14798
0.145469
0.142995
0.186505
0.183744
0.180997
0.178267
0.175555
0.17286
0.170184
0.167528
0.164893
0.162279
0.159688
0.15712
0.154576
0.152055
0.149561
0.147086
0.144645
0.18738
0.184667
0.181967
0.179283
0.176614
0.173963
0.171329
0.168714
0.166119
0.163544
0.16099
0.158458
0.155948
0.15346
0.150998
0.148555
0.146142
0.188171
0.1855
0.182843
0.1802
0.177571
0.174959
0.172363
0.169785
0.167225
0.164684
0.162163
0.159662
0.157182
0.154723
0.152288
0.149871
0.147482
0.188875
0.186243
0.183624
0.181017
0.178424
0.175847
0.173284
0.170738
0.168209
0.165697
0.163204
0.16073
0.158275
0.15584
0.153427
0.151032
0.148661
0.189489
0.186892
0.184306
0.181732
0.17917
0.176622
0.174088
0.171569
0.169066
0.166579
0.164109
0.161656
0.159222
0.156806
0.154409
0.15203
0.149672
0.190015
0.187447
0.184889
0.182342
0.179806
0.177283
0.174773
0.172276
0.169793
0.167325
0.164873
0.162437
0.160017
0.157614
0.155228
0.152859
0.150508
0.190443
0.187899
0.185365
0.182841
0.180326
0.177823
0.175331
0.172852
0.170385
0.167932
0.165492
0.163067
0.160657
0.158262
0.155882
0.153517
0.151169
0.188248
0.18573
0.18322
0.18072
0.178229
0.175749
0.17328
0.170821
0.168375
0.165941
0.163519
0.161111
0.158715
0.156334
0.153966
0.151612
0.18851
0.186008
0.183513
0.181026
0.178546
0.176075
0.173613
0.17116
0.168717
0.166284
0.163861
0.161449
0.159047
0.156656
0.154275
0.151904
0.190966
0.188457
0.185955
0.18346
0.180972
0.178493
0.176022
0.17356
0.171107
0.168664
0.166231
0.163808
0.161396
0.158994
0.156603
0.154222
0.151851
0.19072
0.188195
0.185677
0.183167
0.180667
0.178176
0.175696
0.173226
0.170768
0.168321
0.165887
0.163465
0.161057
0.158662
0.156281
0.153913
0.151559
0.19039
0.187846
0.185312
0.182787
0.180273
0.177769
0.175278
0.172798
0.170331
0.167878
0.165438
0.163013
0.160603
0.158208
0.155829
0.153464
0.151115
0.189962
0.187394
0.184836
0.182288
0.179753
0.177229
0.174719
0.172222
0.169739
0.167271
0.164819
0.162382
0.159962
0.157559
0.155174
0.152805
0.150454
0.189436
0.186838
0.184252
0.181678
0.179116
0.176567
0.174033
0.171514
0.169011
0.166524
0.164054
0.161601
0.159167
0.156751
0.154355
0.151975
0.149618
0.188821
0.186189
0.183569
0.180963
0.17837
0.175792
0.173229
0.170683
0.168154
0.165642
0.163149
0.160674
0.15822
0.155785
0.153372
0.150976
0.148605
0.188117
0.185446
0.182788
0.180145
0.177516
0.174904
0.172308
0.169729
0.167169
0.164628
0.162107
0.159606
0.157126
0.154667
0.152232
0.149815
0.147426
0.187326
0.184612
0.181912
0.179228
0.176559
0.173907
0.171273
0.168658
0.166063
0.163487
0.160933
0.158401
0.155891
0.153404
0.150941
0.148498
0.146085
0.18645
0.183688
0.180942
0.178212
0.175499
0.172803
0.170127
0.167471
0.164836
0.162222
0.159631
0.157062
0.154518
0.151997
0.149503
0.147028
0.144587
0.185489
0.182676
0.179879
0.177099
0.174337
0.171594
0.168872
0.166171
0.163491
0.160835
0.158202
0.155593
0.15301
0.150451
0.147921
0.14541
0.142936
0.184443
0.181575
0.178723
0.175889
0.173075
0.170281
0.167508
0.164758
0.162031
0.159327
0.156649
0.153995
0.151369
0.148768
0.146198
0.143647
0.141135
0.183313
0.180385
0.177475
0.174584
0.171714
0.168864
0.166038
0.163234
0.160455
0.157701
0.154973
0.152271
0.149598
0.146951
0.144337
0.141741
0.139187
0.182099
0.179107
0.176135
0.173183
0.170253
0.167345
0.16446
0.1616
0.158766
0.155957
0.153176
0.150423
0.147699
0.145002
0.142339
0.139695
0.137095
0.180799
0.177741
0.174704
0.171687
0.168693
0.165723
0.162777
0.159857
0.156964
0.154098
0.15126
0.148451
0.145673
0.142923
0.140209
0.137512
0.134863
0.179415
0.176287
0.17318
0.170096
0.167035
0.164
0.160989
0.158006
0.15505
0.152123
0.149226
0.146358
0.143523
0.140716
0.137947
0.135195
0.132492
0.177945
0.174744
0.171565
0.16841
0.16528
0.162175
0.159098
0.156048
0.153027
0.150036
0.147076
0.144146
0.14125
0.138384
0.135557
0.132746
0.129987
0.17639
0.173112
0.169858
0.166629
0.163426
0.16025
0.157102
0.153984
0.150895
0.147837
0.144811
0.141817
0.138858
0.135929
0.133042
0.13017
0.12735
0.174749
0.171392
0.16806
0.164755
0.161476
0.158226
0.155005
0.151815
0.148656
0.145529
0.142435
0.139374
0.13635
0.133356
0.130406
0.127469
0.124587
0.173023
0.169584
0.166172
0.162787
0.159431
0.156104
0.152808
0.149543
0.146311
0.143113
0.139949
0.136819
0.133727
0.130666
0.127651
0.124649
0.121702
0.171211
0.167688
0.164193
0.160726
0.15729
0.153885
0.150511
0.147171
0.143864
0.140592
0.137356
0.134156
0.130995
0.127865
0.124784
0.121713
0.118699
0.169314
0.165705
0.162124
0.158574
0.155056
0.15157
0.148118
0.144699
0.141317
0.13797
0.134661
0.131388
0.128156
0.124957
0.121807
0.118667
0.115585
0.167333
0.163635
0.159968
0.156332
0.15273
0.149162
0.145629
0.142132
0.138672
0.135249
0.131865
0.128519
0.125216
0.121945
0.118728
0.115517
0.112367
0.165268
0.161479
0.157724
0.154002
0.150315
0.146663
0.143049
0.139471
0.135933
0.132433
0.128974
0.125554
0.122178
0.118837
0.11555
0.112268
0.109049
0.16312
0.15924
0.155394
0.151585
0.147811
0.144076
0.140379
0.136721
0.133103
0.129526
0.125991
0.122497
0.119049
0.115636
0.112281
0.108927
0.105639
0.160891
0.156918
0.152981
0.149083
0.145223
0.141403
0.137623
0.133884
0.130187
0.126533
0.122923
0.119354
0.115834
0.11235
0.108925
0.105501
0.102144
0.158581
0.154514
0.150487
0.146499
0.142552
0.138647
0.134785
0.130965
0.12719
0.123458
0.119773
0.116131
0.112539
0.108984
0.105491
0.101996
0.098569
0.156193
0.152032
0.147913
0.143836
0.139803
0.135813
0.131868
0.127969
0.124115
0.120308
0.116548
0.112834
0.109171
0.105546
0.101984
0.0984212
0.0949229
0.153728
0.149473
0.145263
0.141097
0.136978
0.132905
0.128878
0.1249
0.120969
0.117087
0.113254
0.109469
0.105736
0.102044
0.0984136
0.0947846
0.0912153
0.151189
0.14684
0.142539
0.138286
0.134081
0.129926
0.125819
0.121763
0.117757
0.113802
0.109897
0.106043
0.102242
0.0984844
0.0947881
0.0910959
0.0874573
0.148578
0.144136
0.139745
0.135405
0.131117
0.12688
0.122696
0.118565
0.114486
0.11046
0.106486
0.102566
0.0986979
0.0948777
0.0911169
0.0873652
0.0836603
0.145897
0.141363
0.136884
0.132459
0.128089
0.123774
0.119513
0.11531
0.111159
0.107067
0.103026
0.0990449
0.0951129
0.0912351
0.0874112
0.0836039
0.0798349
0.143149
0.138526
0.13396
0.129452
0.125002
0.120611
0.116277
0.112004
0.107785
0.103629
0.0995233
0.0954852
0.0914917
0.0875641
0.0836798
0.0798247
0.0759918
0.140338
0.135627
0.130977
0.126389
0.121863
0.1174
0.112997
0.108657
0.104374
0.100158
0.0959902
0.091899
0.0878433
0.0838721
0.0799256
0.0760343
0.0721364
0.137466
0.132669
0.127938
0.123274
0.118676
0.114144
0.109677
0.105277
0.100936
0.0966674
0.0924439
0.0883067
0.0841897
0.0801808
0.0761626
0.0722432
0.0682692
0.134535
0.129654
0.124845
0.120107
0.11544
0.110843
0.106316
0.10186
0.0974673
0.0931523
0.0888823
0.0847092
0.0805394
0.0765074
0.0724124
0.0684782
0.0643994
0.131546
0.126586
0.121701
0.116893
0.112159
0.107501
0.102915
0.0984043
0.0939609
0.0895997
0.0852863
0.0810805
0.0768651
0.0728242
0.0686564
0.0647429
0.0605352
0.133631
0.128513
0.123477
0.118524
0.113651
0.108859
0.104145
0.0995078
0.0949479
0.0904579
0.0860499
0.0816923
0.0774465
0.0731833
0.069127
0.0648759
0.0610082
0.0566507
0.130648
0.125458
0.120357
0.115346
0.110422
0.105585
0.100832
0.0961613
0.091571
0.0870539
0.0826165
0.0782305
0.0739481
0.0696432
0.065556
0.061206
0.0573605
0.0527691
0.127624
0.122368
0.11721
0.112149
0.107183
0.102311
0.0975315
0.0928419
0.0882401
0.0837196
0.0792814
0.0749015
0.0706131
0.0663038
0.0621928
0.0577752
0.0539447
0.0490282
0.124444
0.119109
0.113878
0.10875
0.103724
0.0987995
0.093974
0.0892464
0.0846152
0.080077
0.0756314
0.0712629
0.0669875
0.062717
0.0586117
0.0542037
0.0504248
0.0452819
0.121024
0.115583
0.110253
0.10503
0.0999141
0.0949027
0.0899948
0.0851896
0.0804866
0.0758856
0.0713878
0.0669889
0.0626975
0.0584655
0.0543838
0.0500903
0.046333
0.0412049
0.117962
0.112471
0.107096
0.101834
0.0966839
0.091642
0.0867065
0.0818758
0.0771489
0.0725257
0.0680071
0.0635942
0.0592915
0.0550886
0.0510191
0.0469324
0.0431472
0.0384467
0.149654
0.147581
0.145435
0.143228
0.14096
0.138631
0.136237
0.133776
0.131248
0.128652
0.125986
0.123251
0.120446
0.11757
0.114621
0.1116
0.108507
0.10534
0.102099
0.0987842
0.0953943
0.0919293
0.0883881
0.0847709
0.0810753
0.0773026
0.0734482
0.069515
0.0654946
0.0613935
0.057196
0.0529153
0.0485238
0.0440465
0.0394359
0.034737
0.0298709
0.0249143
0.0197393
0.0144698
0.00889936
0.00320739
0.149371
0.147298
0.145155
0.142952
0.140688
0.138361
0.135968
0.133509
0.130982
0.128387
0.125723
0.122989
0.120185
0.117311
0.114364
0.111346
0.108255
0.105092
0.101854
0.0985435
0.0951582
0.0916983
0.0881627
0.0845517
0.0808629
0.0770975
0.073251
0.0693264
0.065315
0.0612236
0.0570361
0.0527666
0.048386
0.0439212
0.0393223
0.0346375
0.0297835
0.0248431
0.0196803
0.0144299
0.00887153
0.00320214
0.148922
0.146837
0.144689
0.142482
0.140215
0.137884
0.135488
0.133026
0.130497
0.1279
0.125236
0.122502
0.119699
0.116826
0.113882
0.110867
0.107781
0.104622
0.101391
0.0980874
0.0947103
0.0912598
0.0877347
0.0841353
0.0804592
0.0767077
0.0728761
0.0689677
0.0649735
0.0609006
0.0567325
0.0524836
0.0481245
0.0436826
0.0391071
0.0344476
0.0296188
0.0247062
0.0195704
0.0143511
0.00882153
0.00318715
0.148248
0.146148
0.143992
0.141782
0.139513
0.137179
0.134781
0.132316
0.129786
0.127189
0.124525
0.121793
0.118992
0.116123
0.113183
0.110174
0.107095
0.103944
0.100723
0.0974304
0.0940658
0.0906293
0.0871197
0.0835374
0.07988
0.0761487
0.072339
0.068454
0.0644847
0.0604384
0.0562983
0.0520791
0.0477509
0.0433418
0.0388
0.0341764
0.0293841
0.0245108
0.0194142
0.014238
0.00875074
0.0031642
0.147393
0.145272
0.143108
0.140894
0.138621
0.136283
0.13388
0.131412
0.12888
0.126282
0.123618
0.120888
0.11809
0.115225
0.112291
0.109289
0.106219
0.103079
0.0998705
0.0965922
0.0932438
0.0898255
0.0863359
0.0827757
0.0791423
0.0754371
0.0716554
0.0678005
0.0638633
0.059851
0.0557468
0.0515655
0.0472768
0.0429095
0.0384107
0.0338327
0.0290867
0.0242631
0.0192164
0.0140946
0.00866118
0.0031346
0.146356
0.144211
0.142035
0.139817
0.13754
0.135197
0.13279
0.130319
0.127784
0.125186
0.122523
0.119795
0.117002
0.114142
0.111216
0.108224
0.105165
0.102039
0.098846
0.0955856
0.0922574
0.0888614
0.0853966
0.0818634
0.0782595
0.0745861
0.0708385
0.0670202
0.0631216
0.0591505
0.0550894
0.0509537
0.0467125
0.0423951
0.0379477
0.0334241
0.0287335
0.0239688
0.0189817
0.0139242
0.00855494
0.00309914
0.145146
0.142972
0.140784
0.138562
0.136281
0.133934
0.131522
0.129047
0.126511
0.123913
0.121253
0.118528
0.11574
0.112888
0.109972
0.106992
0.103947
0.100838
0.0976634
0.0944244
0.0911202
0.0877509
0.0843154
0.0808141
0.0772448
0.0736087
0.069901
0.0661252
0.0622717
0.0583482
0.0543371
0.0502541
0.0460676
0.0418076
0.0374194
0.032958
0.0283309
0.0236335
0.0187144
0.0137299
0.00843401
0.00305856
0.14377
0.141563
0.139362
0.137136
0.134852
0.1325
0.130084
0.127606
0.125069
0.122473
0.119815
0.117096
0.114316
0.111473
0.108569
0.105603
0.102575
0.0994857
0.096334
0.0931203
0.0898441
0.0865058
0.0831041
0.0796396
0.0761099
0.0725165
0.0688543
0.0651268
0.0613244
0.0574548
0.0535001
0.0494763
0.0453511
0.0411554
0.0368334
0.0324412
0.0278849
0.0232621
0.0184186
0.0135149
0.00830027
0.0030135
0.142231
0.139988
0.137774
0.135545
0.133258
0.130903
0.128482
0.126003
0.123467
0.120873
0.11822
0.115508
0.112737
0.109907
0.107017
0.104069
0.101061
0.0979945
0.0948688
0.0916842
0.0884403
0.0851372
0.081774
0.0783511
0.0748661
0.0713205
0.0677092
0.0640356
0.06029
0.0564802
0.0525878
0.0486293
0.0445716
0.0404464
0.0361968
0.0318802
0.0274011
0.0228594
0.018098
0.013282
0.00815544
0.00296458
0.140533
0.138252
0.136024
0.133793
0.131506
0.129147
0.126724
0.124244
0.12171
0.11912
0.116475
0.113772
0.111013
0.108198
0.105326
0.102398
0.0994136
0.0963737
0.093278
0.0901265
0.086919
0.0836557
0.0803355
0.0769591
0.0735238
0.0700312
0.0664759
0.0628616
0.0591782
0.0554337
0.0516092
0.0477215
0.043737
0.039688
0.0355164
0.0312812
0.0268848
0.0224299
0.0177563
0.0130337
0.00800118
0.00291239
0.138681
0.136358
0.134117
0.131886
0.129599
0.12724
0.124815
0.122336
0.119806
0.117223
0.114587
0.111897
0.109152
0.106354
0.103503
0.100599
0.0976423
0.0946329
0.091571
0.0884569
0.0852902
0.0820712
0.0787988
0.0754735
0.0720928
0.0686581
0.065164
0.0616142
0.0579981
0.0543241
0.0505727
0.0467611
0.0428549
0.0388871
0.0347986
0.0306497
0.026341
0.0219778
0.0173969
0.0127726
0.007839
0.00285748
0.136677
0.13431
0.132057
0.129829
0.127544
0.125185
0.122761
0.120285
0.117761
0.115188
0.112564
0.109888
0.107162
0.104385
0.101558
0.0986817
0.0957559
0.0927811
0.0897574
0.0866849
0.0835634
0.0803933
0.0771732
0.0739039
0.0705826
0.0672108
0.0637828
0.0603022
0.0567585
0.0531598
0.0494864
0.0457556
0.0419324
0.0380505
0.0340495
0.0299912
0.0257745
0.0215071
0.0170229
0.012501
0.00767035
0.00280035
0.134524
0.132111
0.129848
0.127624
0.125345
0.122988
0.120567
0.118097
0.115582
0.113021
0.110412
0.107755
0.10505
0.102297
0.0994987
0.0966539
0.0937633
0.0908273
0.0878459
0.0848195
0.0817478
0.0786311
0.0754681
0.0722595
0.0690023
0.065698
0.0623409
0.0589344
0.0554676
0.0519488
0.0483578
0.0447122
0.0409762
0.0371842
0.0332746
0.0293109
0.0251895
0.0210216
0.0166373
0.0122211
0.00749656
0.00274148
0.132226
0.129765
0.127493
0.125278
0.123006
0.120655
0.11824
0.115778
0.113275
0.110729
0.108139
0.105504
0.102824
0.1001
0.0973332
0.0945241
0.0916729
0.08878
0.0858455
0.0828697
0.0798523
0.0767936
0.0736924
0.070549
0.0673606
0.0641285
0.0608467
0.0575187
0.0541333
0.0506987
0.0471943
0.0436378
0.0399928
0.0362943
0.0324795
0.0286134
0.0245904
0.0205246
0.0162429
0.0119349
0.00731886
0.00268132
0.129786
0.127276
0.124998
0.122794
0.120534
0.11819
0.115783
0.113333
0.110846
0.10832
0.105752
0.103142
0.100491
0.0978001
0.0950698
0.0923007
0.0894933
0.0866479
0.0837647
0.0808441
0.0778856
0.0748895
0.0718545
0.068781
0.0656659
0.0625104
0.0593083
0.0560631
0.0527631
0.0494167
0.0460026
0.0425389
0.0389882
0.0353863
0.0316692
0.0279033
0.023981
0.0200194
0.0158421
0.0116443
0.00713838
0.00262026
0.127207
0.124647
0.122366
0.120177
0.117932
0.1156
0.113205
0.11077
0.108302
0.105799
0.103258
0.100678
0.0980601
0.0954061
0.0927165
0.0899919
0.0872328
0.0844395
0.0816122
0.0787512
0.0758562
0.0729272
0.069963
0.0669637
0.0639262
0.0608516
0.0577334
0.0545749
0.0513642
0.0481096
0.0447892
0.0414214
0.037968
0.0344655
0.0308483
0.0271847
0.0233648
0.0195092
0.0154375
0.011351
0.00695614
0.00255865
0.124494
0.121883
0.119603
0.117434
0.115208
0.112891
0.110511
0.108095
0.105651
0.103175
0.100664
0.0981186
0.0955386
0.092926
0.0902816
0.087606
0.0848997
0.082163
0.0793961
0.0765994
0.0737723
0.0709149
0.0680258
0.0651051
0.0621493
0.0591596
0.0561292
0.0530612
0.0499434
0.0467838
0.0435604
0.0402913
0.0369377
0.0335367
0.0300214
0.0264616
0.0227455
0.0189965
0.0150311
0.0110565
0.00677304
0.00249676
0.121651
0.11899
0.116714
0.11457
0.112367
0.110068
0.107708
0.105316
0.102899
0.100455
0.0979795
0.0954723
0.0929346
0.0903679
0.0877733
0.0851513
0.0825023
0.0798268
0.0771249
0.0743968
0.071642
0.0688605
0.0660507
0.0632127
0.0603427
0.0574417
0.0545027
0.0515287
0.048507
0.0454455
0.0423217
0.0391538
0.0359022
0.0326044
0.0291925
0.0257377
0.0221259
0.0184841
0.014625
0.0107621
0.00658988
0.00243479
0.118682
0.115973
0.113705
0.111591
0.109416
0.10714
0.104804
0.102439
0.100055
0.0976468
0.0952111
0.0927471
0.0902562
0.0877401
0.0851999
0.082636
0.0800489
0.0774391
0.0748065
0.0721514
0.0694732
0.0667717
0.0640453
0.0612937
0.0585133
0.0557047
0.0528605
0.0499837
0.047061
0.0441004
0.0410787
0.038014
0.0348662
0.031673
0.0283656
0.0250161
0.0215092
0.0179742
0.0142211
0.0104691
0.00640736
0.00237283
0.115595
0.112838
0.110583
0.108505
0.106362
0.104113
0.101805
0.0994725
0.0971254
0.0947585
0.0923672
0.0899511
0.0875117
0.0850508
0.0825695
0.0800683
0.0775475
0.0750077
0.0724487
0.0698708
0.0672732
0.0646558
0.0620165
0.0593552
0.0566679
0.0539549
0.0512088
0.0484319
0.0456111
0.0427536
0.0398362
0.0368765
0.0338341
0.0307463
0.0275442
0.0243001
0.0208979
0.0174688
0.013821
0.0101784
0.00622608
0.00231083
0.112393
0.109591
0.107356
0.105318
0.103212
0.100995
0.0987194
0.0964245
0.0941194
0.0917983
0.0894562
0.0870925
0.0847092
0.0823081
0.0798902
0.0774561
0.075006
0.0725404
0.0700592
0.0675625
0.0650494
0.0625197
0.0599713
0.0574037
0.0548127
0.0521984
0.0495533
0.0468791
0.0441626
0.0414102
0.038599
0.0357455
0.0328098
0.0298279
0.0267317
0.0235923
0.0202948
0.0169699
0.0134264
0.00989083
0.00604655
0.00224858
0.109085
0.106239
0.10403
0.102039
0.099975
0.0977945
0.095556
0.0933033
0.0910451
0.0887746
0.0864863
0.0841797
0.0818571
0.0795201
0.07717
0.0748072
0.072432
0.0700446
0.0676451
0.0652334
0.0628086
0.0603701
0.0579159
0.0554452
0.0529537
0.0504409
0.0478994
0.0453301
0.0427201
0.0400747
0.0373714
0.034625
0.0317971
0.028921
0.0259311
0.0228953
0.019702
0.016479
0.0130388
0.00960691
0.00586927
0.00218563
0.105677
0.102791
0.100613
0.098676
0.0966586
0.0945191
0.0923228
0.0901173
0.0879109
0.0856957
0.0834658
0.0812209
0.0789632
0.0766948
0.0744167
0.0721293
0.0698328
0.0675276
0.0652135
0.0628903
0.0605572
0.0582133
0.0558565
0.0534856
0.0510963
0.0486876
0.0462522
0.0437899
0.0412884
0.0387512
0.0361573
0.0335186
0.0307993
0.0280286
0.0251454
0.0222114
0.019122
0.0159976
0.0126598
0.00932702
0.00569475
0.00212123
0.102175
0.0992534
0.0971147
0.0952371
0.0932718
0.0911777
0.0890285
0.0868751
0.0847254
0.0825702
0.0804031
0.0782241
0.0760358
0.07384
0.0716379
0.0694297
0.0672158
0.0649963
0.0627711
0.0605398
0.0583015
0.0560553
0.0537987
0.0515303
0.0492458
0.0469435
0.0446162
0.0422627
0.0398715
0.0374436
0.0349604
0.0324296
0.0298198
0.0271536
0.0243771
0.0215426
0.0185569
0.0155269
0.0122908
0.00905132
0.00552355
0.00205426
0.0985879
0.0956361
0.0935439
0.091732
0.0898234
0.0877794
0.0856821
0.0835857
0.0814973
0.0794065
0.0773065
0.0751976
0.0730826
0.0709634
0.0688409
0.0667157
0.0645878
0.0624573
0.0603242
0.0581879
0.0560475
0.0539016
0.0517479
0.0495844
0.0474071
0.0452131
0.042996
0.0407527
0.0384732
0.0361556
0.033784
0.0313612
0.0288613
0.0262983
0.0236289
0.0208908
0.0180088
0.0150682
0.0119335
0.00877984
0.00535636
0.00198318
0.0949245
0.0919496
0.0899114
0.0881707
0.0863231
0.0843335
0.0822927
0.0802581
0.0782355
0.0762132
0.0741844
0.0721495
0.0701115
0.0680724
0.0660333
0.0639942
0.0619555
0.0599172
0.0578792
0.0558407
0.0538007
0.0517576
0.0497093
0.0476528
0.0455847
0.0435008
0.0413955
0.0392637
0.0370972
0.0348904
0.0326314
0.0303161
0.0279266
0.0254651
0.0229029
0.0202579
0.0174796
0.0146224
0.0115895
0.00851258
0.0051941
0.00190614
0.0911953
0.0882055
0.0862286
0.0845638
0.082781
0.0808499
0.0788701
0.0769017
0.074949
0.0729992
0.0710452
0.0690878
0.0671303
0.0651747
0.063222
0.0612722
0.0593256
0.0573823
0.0554419
0.0535037
0.0515666
0.0496286
0.0476876
0.0457401
0.0437829
0.0418106
0.0398185
0.0377993
0.0357468
0.0336511
0.0315052
0.0292969
0.0270181
0.0246563
0.0222013
0.0196456
0.0169711
0.0141908
0.0112604
0.00824962
0.00503787
0.00182104
0.0874117
0.0844161
0.0825072
0.0809223
0.0792074
0.0773384
0.0754239
0.0735258
0.0716469
0.069773
0.0678971
0.0660205
0.0641466
0.0622775
0.060414
0.0585562
0.0567044
0.0548584
0.0530181
0.0511824
0.0493502
0.0475192
0.0456874
0.0438505
0.0420057
0.0401462
0.0382686
0.0363627
0.034425
0.0324407
0.0304083
0.0283063
0.0261381
0.0238741
0.0215259
0.0190557
0.0164852
0.0137747
0.0109479
0.00799128
0.00488905
0.00172585
0.0835856
0.0805933
0.0787586
0.077257
0.0756128
0.0738092
0.0719639
0.0701398
0.068338
0.0665431
0.0647483
0.0629554
0.0611678
0.0593878
0.057616
0.0558526
0.0540978
0.0523514
0.0506131
0.0488819
0.0471564
0.0454341
0.0437129
0.0419881
0.0402569
0.0385114
0.036749
0.0349571
0.0331347
0.0312619
0.029343
0.0273468
0.0252887
0.0231206
0.0208787
0.01849
0.0160232
0.0133755
0.0106536
0.00773832
0.00474919
0.00161887
0.079728
0.0767482
0.0749939
0.0735786
0.0720073
0.0702722
0.0684994
0.0667527
0.065031
0.0633178
0.0616066
0.0598997
0.0582009
0.0565123
0.0548343
0.0531673
0.0515115
0.0498665
0.0482321
0.046607
0.0449898
0.0433776
0.0417683
0.0401567
0.0385401
0.0369095
0.0352631
0.0335857
0.0318788
0.0301176
0.0283119
0.0264207
0.024472
0.0223981
0.0202612
0.0179507
0.0155866
0.0129951
0.0103788
0.00749194
0.00462
0.00149906
0.0758487
0.0728908
0.0712234
0.0698974
0.0684008
0.0667367
0.0650395
0.0633732
0.0617341
0.0601048
0.0584793
0.0568606
0.0552526
0.0536572
0.052075
0.0505062
0.0489509
0.047409
0.04588
0.0443623
0.0428547
0.0413538
0.0398577
0.0383601
0.036859
0.035344
0.033814
0.0322515
0.0306603
0.0290105
0.0273176
0.0255307
0.0236902
0.0217088
0.0196753
0.0174397
0.0151768
0.0126353
0.0101247
0.00725388
0.00450313
0.00136642
0.0719573
0.0690313
0.0674577
0.0662235
0.064803
0.0632119
0.0615931
0.0600096
0.0584551
0.0569115
0.0553735
0.0538447
0.0523291
0.0508286
0.0493437
0.0478746
0.0464215
0.044984
0.0435616
0.0421527
0.0407558
0.0393673
0.0379851
0.0366025
0.0352175
0.0338186
0.0324053
0.030958
0.0294822
0.0279437
0.0263627
0.0246794
0.0229454
0.021055
0.0191224
0.0169591
0.0147946
0.0122981
0.00989209
0.00702627
0.00440002
0.00122215
0.0680634
0.0651812
0.0637082
0.0625672
0.0612231
0.0597066
0.0581684
0.0566699
0.0552015
0.053745
0.0522959
0.0508585
0.0494368
0.0480326
0.0466463
0.0452783
0.0439285
0.0425967
0.0412822
0.0399831
0.0386979
0.0374227
0.0361552
0.0348883
0.0336199
0.0323375
0.031041
0.029709
0.0283481
0.0269205
0.0254502
0.0238696
0.02224
0.020439
0.0186041
0.0165106
0.0144409
0.0119852
0.0096813
0.00681138
0.00431173
0.00106873
0.0641753
0.0613539
0.0599876
0.0589388
0.0576701
0.0562294
0.054774
0.053362
0.051981
0.0506125
0.0492535
0.0479086
0.0465821
0.0452754
0.043989
0.0427232
0.0414781
0.0402531
0.0390475
0.0378593
0.0366867
0.0355255
0.0343733
0.0332225
0.0320709
0.0309053
0.0297254
0.0285084
0.0272616
0.0259443
0.024583
0.0231039
0.0215759
0.0198628
0.0181217
0.0160958
0.0141161
0.0116981
0.00949217
0.00661139
0.00423872
0.000909795
0.0603062
0.0575656
0.0563096
0.0553489
0.0541529
0.052789
0.0514182
0.0500941
0.048801
0.0475214
0.0462534
0.0450022
0.0437719
0.0425639
0.0413786
0.0402163
0.0390769
0.0379599
0.0368643
0.0357878
0.0347284
0.0336819
0.0326454
0.0316111
0.0305763
0.0295272
0.0284633
0.0273607
0.0262267
0.0250185
0.023764
0.0223848
0.0209552
0.0193277
0.0176759
0.0157154
0.01382
0.0114373
0.00932393
0.00642804
0.00418077
0.000749774
0.0564782
0.0538391
0.0526902
0.0518079
0.0506806
0.0493944
0.0481101
0.0468745
0.0456699
0.0444797
0.0433036
0.0421473
0.0410143
0.0399062
0.0388232
0.0377656
0.0367332
0.0357252
0.0347404
0.0337763
0.0328309
0.0318993
0.0309786
0.0300605
0.029142
0.0282087
0.0272598
0.0262702
0.0252472
0.0241463
0.0229959
0.0217141
0.020379
0.0188347
0.017267
0.0153695
0.013552
0.0112027
0.00917523
0.00626234
0.00413689
0.00059346
0.0527067
0.0501985
0.0491453
0.0483257
0.0472623
0.0460555
0.0448593
0.0437127
0.0425967
0.0414967
0.0404137
0.0393533
0.038319
0.037312
0.0363326
0.0353809
0.0344566
0.0335585
0.0326853
0.0318341
0.0310026
0.0301858
0.0293803
0.0285777
0.0277743
0.0269555
0.0261196
0.0252412
0.0243265
0.0233302
0.0222804
0.0210931
0.019848
0.0183836
0.0168944
0.015057
0.0133106
0.0109933
0.00904396
0.00611435
0.00410521
0.000445441
0.0490112
0.0466606
0.0456822
0.0449081
0.0439073
0.0427834
0.0416774
0.0406203
0.0395934
0.0385845
0.0375958
0.0366327
0.0356983
0.0347938
0.0339193
0.0330746
0.0322592
0.0314715
0.03071
0.0299715
0.0292533
0.0285504
0.0278589
0.0271701
0.0264798
0.0257731
0.0250475
0.0242771
0.0234673
0.0225722
0.0216187
0.0205219
0.0193618
0.0179734
0.0165566
0.0147762
0.0130935
0.010807
0.00892751
0.00598317
0.00408311
0.000309533
0.0454734
0.0432505
0.042301
0.041556
0.0406232
0.0395903
0.0385779
0.0376113
0.0366744
0.0357578
0.0348647
0.034
0.0331668
0.0323657
0.0315969
0.0308598
0.0301535
0.0294761
0.0288255
0.0281987
0.0275925
0.0270015
0.0264217
0.0258442
0.025264
0.0246662
0.0240472
0.0233811
0.0226719
0.0218736
0.0210116
0.0200007
0.0189201
0.0176031
0.0162525
0.0145255
0.0128993
0.010642
0.00882377
0.00586756
0.00406816
0.000188647
0.0421393
0.0400038
0.0390134
0.0382749
0.037416
0.0364834
0.0355694
0.0346949
0.0338488
0.0330256
0.032229
0.0314638
0.0307324
0.0300356
0.029373
0.0287436
0.028146
0.0275782
0.0270376
0.0265208
0.0260245
0.0255431
0.0250723
0.0246029
0.0241295
0.0236368
0.0231204
0.0225544
0.0219412
0.021235
0.0204594
0.0195296
0.0185228
0.0172726
0.0159819
0.0143043
0.0127274
0.0104974
0.00873204
0.00576646
0.00405883
8.53635e-05
0.0388358
0.0368664
0.035832
0.0350859
0.0342952
0.0334664
0.0326553
0.0318751
0.0311211
0.0303926
0.0296938
0.0290291
0.0284006
0.0278087
0.0272527
0.026731
0.0262417
0.0257824
0.0253501
0.0249413
0.0245523
0.0241775
0.0238121
0.0234469
0.0230759
0.0226838
0.022265
0.0217938
0.021271
0.0206514
0.0199564
0.0191021
0.0181631
0.0169746
0.0157376
0.0141056
0.0125711
0.0103673
0.00864666
0.00567559
0.00405007
1.5085e-06
0.0353049
0.0335215
0.032669
0.032029
0.0313361
0.0306216
0.0299221
0.0292404
0.0285791
0.0279445
0.027342
0.0267757
0.0262473
0.025757
0.0253033
0.0248843
0.0244976
0.0241402
0.0238091
0.0235003
0.0232102
0.0229329
0.0226635
0.0223926
0.0221137
0.0218115
0.0214795
0.0210923
0.020649
0.0201057
0.0194806
0.018693
0.0178122
0.0166792
0.0154877
0.0138992
0.0123994
0.0102267
0.00854107
0.00558036
0.00402136
-6.70935e-05
0.030568
0.0298404
0.0295309
0.0293104
0.0288377
0.0282437
0.0276396
0.0270386
0.0264503
0.0258897
0.0253647
0.0248779
0.0244307
0.0240224
0.0236512
0.0233143
0.0230092
0.0227326
0.0224813
0.0222516
0.0220395
0.0218394
0.0216458
0.0214497
0.0212437
0.0210132
0.0207501
0.0204305
0.0200508
0.01957
0.019001
0.0182694
0.0174355
0.0163521
0.0151967
0.0136531
0.0121792
0.0100493
0.00838655
0.00546401
0.00395129
-0.000141792
0.0281398
0.0271549
0.0265497
0.026207
0.025701
0.0251009
0.0245422
0.0240311
0.0235531
0.0231146
0.0227201
0.0223677
0.022055
0.0217794
0.0215381
0.0213276
0.0211448
0.0209868
0.0208503
0.0207317
0.0206271
0.0205312
0.0204381
0.020339
0.0202256
0.0200837
0.0199039
0.0196634
0.0193561
0.0189447
0.0184371
0.0177659
0.0169815
0.0159511
0.0148337
0.0133393
0.0118936
0.00981378
0.00817898
0.0053038
0.00385571
-0.000245027
0.0255873
0.0243604
0.0236092
0.0232763
0.0228586
0.0223502
0.0218917
0.0214993
0.0211453
0.0208284
0.020554
0.0203198
0.0201216
0.0199566
0.0198215
0.0197132
0.0196286
0.019565
0.0195195
0.0194889
0.0194692
0.0194552
0.0194408
0.0194173
0.0193757
0.0193023
0.0191865
0.019007
0.0187551
0.0183965
0.0179344
0.0173085
0.0165598
0.0155698
0.0144791
0.013025
0.0115992
0.00956578
0.0079532
0.00512849
0.00374866
-0.000358498
0.0227922
0.0214756
0.0207674
0.0205197
0.0202266
0.0198441
0.019501
0.0192281
0.0189974
0.0188004
0.0186417
0.0185198
0.0184295
0.018367
0.0183294
0.0183136
0.0183173
0.0183379
0.0183732
0.01842
0.0184746
0.0185317
0.0185851
0.018626
0.0186451
0.0186288
0.0185657
0.0184356
0.018228
0.0179113
0.0174846
0.0168942
0.0161724
0.0152145
0.0141428
0.0127227
0.0113095
0.00931967
0.00772079
0.0049505
0.00363159
-0.000477534
0.0201264
0.0187486
0.0181899
0.0180439
0.017848
0.0175802
0.0173497
0.0171883
0.0170726
0.0169894
0.0169395
0.0169214
0.0169297
0.0169601
0.0170098
0.0170767
0.0171588
0.0172543
0.0173612
0.0174767
0.017597
0.0177168
0.0178296
0.0179265
0.017998
0.0180306
0.018012
0.0179232
0.0177518
0.0174691
0.0170704
0.0165084
0.0158068
0.0148749
0.0138164
0.0124256
0.0110195
0.0090709
0.00747917
0.00476664
0.00350133
-0.000605161
0.0177497
0.0162516
0.0158812
0.0158544
0.0157373
0.0155731
0.015457
0.015406
0.015399
0.0154215
0.015471
0.015545
0.0156389
0.0157488
0.0158729
0.0160098
0.0161584
0.0163175
0.0164852
0.016659
0.0168349
0.0170075
0.0171701
0.0173138
0.0174284
0.0175009
0.0175183
0.0174622
0.0173192
0.0170628
0.0166851
0.0161444
0.015457
0.0145449
0.0134947
0.0121283
0.0107253
0.00881522
0.00722595
0.00457344
0.00335599
-0.000744165
0.0156856
0.0140043
0.0138277
0.013941
0.0139037
0.0138374
0.0138348
0.0138917
0.0139843
0.0141
0.0142347
0.0143859
0.0145503
0.0147252
0.0149099
0.0151041
0.0153073
0.0155187
0.0157366
0.0159584
0.01618
0.0163958
0.0165989
0.01678
0.0169289
0.0170325
0.0170775
0.0170461
0.0169239
0.0166863
0.016323
0.015797
0.0151182
0.0142205
0.0131743
0.0118281
0.0104251
0.00855093
0.00696091
0.00436974
0.00319572
-0.000895729
0.0138819
0.0120081
0.0120279
0.0122984
0.0123526
0.0123829
0.0124874
0.0126429
0.0128213
0.0130132
0.0132159
0.0134276
0.0136465
0.0138719
0.0141039
0.0143432
0.0145898
0.014843
0.0151011
0.0153613
0.0156193
0.0158694
0.016104
0.0163141
0.0164889
0.0166156
0.0166805
0.0166665
0.0165582
0.0163329
0.0159781
0.0154612
0.0147862
0.0138981
0.0128527
0.0115231
0.010118
0.00827765
0.00668508
0.00415582
0.00302234
-0.00105961
0.0122576
0.0102667
0.0104968
0.0109292
0.0110842
0.011209
0.0114075
0.0116449
0.0118908
0.0121399
0.0123924
0.0126479
0.0129064
0.0131688
0.0134362
0.0137098
0.0139896
0.0142751
0.0145643
0.0148542
0.0151401
0.0154159
0.0156741
0.0159053
0.0160986
0.0162412
0.0163191
0.0163157
0.0162154
0.0159966
0.0156452
0.0151324
0.0144574
0.013575
0.0125281
0.0112124
0.00980434
0.00799621
0.00640054
0.00393322
0.00283925
-0.00123421
0.010771
0.00880815
0.00926263
0.00984039
0.0100915
0.0103015
0.0105746
0.0108718
0.0111646
0.0114519
0.011737
0.0120215
0.0123068
0.0125949
0.0128877
0.0131862
0.0134907
0.0138002
0.0141125
0.0144242
0.0147303
0.0150246
0.015299
0.0155442
0.0157492
0.0159011
0.0159859
0.0159875
0.0158898
0.0156725
0.0153202
0.0148075
0.0141294
0.0132496
0.0121999
0.0108961
0.00948549
0.00770871
0.00611054
0.00370486
0.00265148
-0.0014166
0.00945394
0.00767734
0.00834666
0.00902907
0.00935532
0.00963247
0.00995664
0.01029
0.0106096
0.0109184
0.0112219
0.0115233
0.0118253
0.0121303
0.0124403
0.0127563
0.0130782
0.0134046
0.0137331
0.0140598
0.0143794
0.0146853
0.0149696
0.0152226
0.0154332
0.0155887
0.0156751
0.0156765
0.015577
0.015357
0.0150006
0.0144846
0.013801
0.0129217
0.0118689
0.0105761
0.00916406
0.00741854
0.00581946
0.00347495
0.00246544
-0.00160226
0.00838072
0.00690436
0.00774052
0.00847176
0.00884333
0.00916415
0.00951545
0.00986364
0.0101933
0.0105102
0.0108215
0.0111311
0.0114422
0.0117573
0.0120783
0.0124057
0.012739
0.0130764
0.0134151
0.0137507
0.0140779
0.0143898
0.0146782
0.0149335
0.0151445
0.0152986
0.015382
0.015379
0.0152739
0.0150479
0.0146847
0.0141632
0.0134724
0.0125923
0.0115371
0.0102549
0.00884374
0.0071301
0.00553266
0.00324875
0.00228825
-0.00178584
0.00760641
0.00647548
0.0074029
0.0081274
0.00851473
0.00885577
0.00921336
0.00955993
0.00988727
0.0102031
0.0105147
0.0108264
0.0111412
0.0114615
0.0117886
0.0121224
0.0124621
0.0128054
0.013149
0.0134885
0.0138181
0.0141308
0.0144185
0.0146713
0.0148782
0.0150268
0.0151032
0.0150924
0.0149787
0.0147441
0.0143725
0.0138442
0.0131446
0.0122635
0.0112072
0.00993626
0.00852908
0.00684856
0.00525622
0.00303264
0.00212709
-0.00196991
0.00713269
0.00633204
0.00727296
0.00794831
0.00832804
0.00866964
0.00901786
0.00935178
0.00966901
0.00997795
0.0102853
0.010595
0.0109097
0.0112314
0.0115605
0.0118966
0.0122384
0.0125831
0.0129272
0.013266
0.0135935
0.0139027
0.0141853
0.0144316
0.0146307
0.0147702
0.0148366
0.0148153
0.0146907
0.0144459
0.014065
0.0135297
0.0128196
0.0119384
0.0108832
0.00962467
0.00822516
0.00657947
0.00499681
0.00283201
0.00199334
-0.00217752
0.00691217
0.00639563
0.00728856
0.00788988
0.00824666
0.00857468
0.00890354
0.00921869
0.00952165
0.00982043
0.0101207
0.0104257
0.0107376
0.0110575
0.0113853
0.0117202
0.0120602
0.0124025
0.0127432
0.0130773
0.0133989
0.0137008
0.0139749
0.0142114
0.0143996
0.0145273
0.0145812
0.0145473
0.0144104
0.0141544
0.013764
0.0132232
0.0124997
0.0116208
0.0105693
0.00932491
0.00793722
0.00632853
0.00476238
0.00264166
0.00191362
-0.00239315
0.00687325
0.00659134
0.00739809
0.00791566
0.00824148
0.00854747
0.00885196
0.00914587
0.00943291
0.00971995
0.0100114
0.0103098
0.0106165
0.010932
0.0112558
0.0115861
0.0119212
0.0122576
0.0125914
0.0129176
0.01323
0.0135217
0.0137843
0.0140084
0.0141833
0.0142971
0.014337
0.0142892
0.0141391
0.0138714
0.0134725
0.0129314
0.0121851
0.0113148
0.01027
0.00904169
0.00767022
0.00610097
0.00456052
0.00245423
0.0018887
-0.00228514
0.00693772
0.00686667
0.00756749
0.00799918
0.00829116
0.00857149
0.00885017
0.00912268
0.00939353
0.00966815
0.00994975
0.01024
0.0105395
0.0108483
0.0111654
0.0114882
0.0118156
0.0121433
0.0124675
0.0127829
0.0130837
0.0133626
0.0136116
0.0138213
0.0139812
0.0140799
0.0141047
0.0140424
0.0138788
0.0135995
0.0131929
0.0126653
0.0118723
0.0110246
0.0099896
0.00877939
0.00742777
0.00590155
0.0043803
0.00244818
0.00169397
-0.00177396
0.00699491
0.00718546
0.00777801
0.00812438
0.00838142
0.0086352
0.00888877
0.00914084
0.00939586
0.00965778
0.00992866
0.0102094
0.0105002
0.0108006
0.0111094
0.0114199
0.0117379
0.0120549
0.0123672
0.0126699
0.012957
0.0132215
0.0134553
0.0136493
0.0137933
0.013876
0.0138853
0.0138083
0.0136312
0.0133404
0.0129233
0.012371
0.0116215
0.0107594
0.00973284
0.00854216
0.00721337
0.00573193
0.00423653
0.00244779
0.00158131
-0.00130204
0.00731918
0.00752728
0.00800114
0.00828135
0.00850383
0.00873001
0.00895981
0.00919284
0.00943258
0.0096816
0.009941
0.010211
0.0104912
0.0107808
0.011078
0.0113798
0.011685
0.011989
0.0122877
0.0125761
0.0128482
0.0130971
0.0133149
0.0134926
0.0136202
0.0136869
0.0136809
0.0135895
0.0133997
0.0130982
0.0126723
0.0121094
0.0113796
0.0105174
0.00950162
0.00833172
0.0070287
0.00559177
0.00412862
0.00245675
0.00152777
-0.000910569
0.00780793
0.00785601
0.0082189
0.00845261
0.00864539
0.00884614
0.00905486
0.00927082
0.00949621
0.00973247
0.00997998
0.0102385
0.0105073
0.010785
0.01107
0.0113597
0.0116514
0.0119416
0.0122258
0.0124992
0.0127557
0.0129885
0.01319
0.0133513
0.0134628
0.0135138
0.013493
0.0133883
0.0131867
0.0128757
0.0124429
0.0118757
0.0111567
0.0103004
0.00929761
0.00814936
0.00687386
0.00548008
0.00405265
0.00248241
0.00150769
-0.000581111
0.00811537
0.00813968
0.00842368
0.00862184
0.00879317
0.00897429
0.00916575
0.00936691
0.00957907
0.00980294
0.0100385
0.0102851
0.0105418
0.0108072
0.0110793
0.0113558
0.0116338
0.0119097
0.0121791
0.0124372
0.012678
0.012895
0.0130804
0.0132259
0.0133218
0.0133581
0.0133235
0.0132064
0.0129944
0.0126753
0.0122372
0.0116686
0.0109579
0.01011
0.00912144
0.00799509
0.00674762
0.00539471
0.00400407
0.00252092
0.00151056
-0.000307354
0.00835731
0.00839082
0.00861748
0.00878736
0.00894225
0.00910805
0.00928529
0.00947357
0.00967362
0.0098857
0.0101095
0.0103443
0.0105889
0.0108418
0.0111011
0.0113644
0.0116287
0.0118904
0.0121453
0.0123885
0.0126142
0.012816
0.0129862
0.0131167
0.0131982
0.0132208
0.0131737
0.0130455
0.0128244
0.0124986
0.0120568
0.0114886
0.0107849
0.00994658
0.00897265
0.00786769
0.00664756
0.00533232
0.00397756
0.00256664
0.00152845
-9.03637e-05
0.0085673
0.00861309
0.00879692
0.0089451
0.0090872
0.00924081
0.00940629
0.00958341
0.00977257
0.00997375
0.0101865
0.0104099
0.0106429
0.0108839
0.011131
0.0113816
0.0116328
0.0118811
0.0121224
0.0123516
0.0125633
0.012751
0.0129073
0.0130242
0.0130926
0.013103
0.0130448
0.0129069
0.012678
0.0123468
0.0119025
0.0113355
0.0106382
0.00980954
0.0088499
0.00776501
0.00657043
0.00528882
0.00396728
0.00261444
0.0015545
8.38627e-05
0.00875089
0.00880629
0.00895805
0.00908997
0.00922214
0.00936601
0.00952183
0.00968946
0.00986909
0.0100606
0.0102633
0.0104765
0.0106989
0.010929
0.0111648
0.0114039
0.0116433
0.0118795
0.0121084
0.0123252
0.0125243
0.0126994
0.0128434
0.0129483
0.0130053
0.0130051
0.0129373
0.0127912
0.0125558
0.0122203
0.0117743
0.0112089
0.0105174
0.00969775
0.00875122
0.00768429
0.00651245
0.00525973
0.00396742
0.00265982
0.00158166
0.000217834
0.00890762
0.00896911
0.00909699
0.00921684
0.00934131
0.0094775
0.00962556
0.0097854
0.00995707
0.0101403
0.0103346
0.010539
0.0107523
0.010973
0.0111991
0.0114283
0.0116575
0.0118834
0.0121017
0.0123079
0.0124963
0.0126608
0.0127943
0.0128891
0.0129365
0.0129273
0.0128515
0.0126986
0.012458
0.012119
0.011672
0.0111081
0.0104214
0.00960959
0.00867427
0.00762251
0.00646975
0.00524068
0.00397265
0.002699
0.00160667
0.000317595
0.00903384
0.00909867
0.0092094
0.00932062
0.00943937
0.00956979
0.00971196
0.00986582
0.0100313
0.0102081
0.0103957
0.0105931
0.0107992
0.0110125
0.011231
0.0114522
0.0116734
0.0118909
0.0121009
0.0122985
0.0124784
0.0126344
0.0127596
0.0128463
0.0128861
0.0128698
0.0127876
0.0126293
0.0123844
0.0120428
0.0115947
0.0110321
0.010349
0.00954329
0.00861672
0.00757673
0.00643877
0.00522776
0.00397845
0.00272902
0.00162759
0.000388184
0.00912503
0.00919147
0.00929111
0.00939678
0.00951176
0.00963834
0.00977658
0.0099264
0.0100877
0.0102601
0.010443
0.0106357
0.0108368
0.0110449
0.0112579
0.0114736
0.011689
0.0119008
0.0121047
0.0122963
0.01247
0.0126199
0.012739
0.0128198
0.0128539
0.0128324
0.0127454
0.012583
0.0123349
0.011991
0.011542
0.0109799
0.010299
0.00949721
0.00857647
0.00754442
0.00641654
0.00521777
0.00398135
0.00274767
0.0016408
0.000432916
0.00917741
0.00924459
0.00933889
0.00944195
0.00955515
0.00967992
0.00981628
0.00996414
0.0101234
0.0102936
0.0104742
0.0106644
0.0108629
0.0110682
0.0112784
0.0114911
0.0117034
0.0119118
0.0121123
0.0123004
0.0124705
0.0126167
0.0127321
0.0128093
0.0128399
0.0128149
0.0127248
0.0125595
0.012309
0.0119632
0.011513
0.0109506
0.0102703
0.00947007
0.00855196
0.00752374
0.00640092
0.00520847
0.00397894
0.00275352
0.00164523
0.000453883
)
;

boundaryField
{
    inlet
    {
        type            zeroGradient;
    }
    outlet
    {
        type            fixedValue;
        value           uniform 0;
    }
    cylinder
    {
        type            zeroGradient;
    }
    top
    {
        type            symmetryPlane;
    }
    bottom
    {
        type            symmetryPlane;
    }
    defaultFaces
    {
        type            empty;
    }
    procBoundary1to0
    {
        type            processor;
        value           nonuniform List<scalar> 
163
(
-0.00175433
-0.00175433
-0.00329242
-0.0049109
-0.00662569
-0.00699694
-0.00699694
-0.00859245
-0.0102973
-0.0121262
-0.0102952
-0.0102952
-0.0120595
-0.00865645
-0.00865645
-0.010275
-0.0120629
-0.0077644
-0.0077644
-0.00933303
-0.00346532
-0.00346532
0.00485324
0.00485324
0.00517976
0.0182736
0.0182736
0.0338228
0.0338228
0.0503763
0.0503763
0.0670338
0.0670338
0.0830584
0.0830584
0.0986527
0.0986527
0.112685
0.112627
0.112627
0.0879146
0.0985961
0.0985961
0.0714278
0.0714278
0.0541992
0.0503311
0.0503311
0.033784
0.033784
0.0182418
0.0182418
0.00515495
0.00482961
0.00482961
-0.00348248
-0.00348248
-0.00934653
-0.00777651
-0.00777651
-0.0120751
-0.0102862
-0.0102862
-0.0140014
-0.012073
-0.0103085
-0.0103085
-0.0121428
-0.0103142
-0.00860974
-0.00860974
-0.00847588
-0.00664744
-0.00493363
-0.00331616
-0.00177907
-0.00177907
0.118022
0.121084
0.124505
0.127685
0.130709
0.133693
0.136646
0.139549
0.142392
0.145174
0.147893
0.150546
0.153131
0.155646
0.158088
0.160456
0.162747
0.16496
0.167094
0.169148
0.171121
0.173011
0.174819
0.176545
0.178188
0.179748
0.181225
0.18262
0.183933
0.185164
0.186314
0.187383
0.188372
0.18928
0.190107
0.190853
0.191517
0.192097
0.192592
0.192994
0.190773
0.190773
0.191019
0.193481
0.193253
0.192941
0.192539
0.192043
0.191464
0.190799
0.190053
0.189225
0.188317
0.187328
0.186259
0.185108
0.183876
0.182563
0.181168
0.17969
0.178129
0.176486
0.17476
0.172952
0.171061
0.169088
0.167034
0.164899
0.162686
0.160394
0.158026
0.155584
0.153069
0.150484
0.147831
0.145112
0.14233
0.139487
0.136584
0.136584
0.138833
0.135929
0.132979
0.129886
0.126575
0.123572
)
;
    }
}


// ************************************************************************* //
