/*--------------------------------*- C++ -*----------------------------------*\
  =========                 |
  \\      /  F ield         | OpenFOAM: The Open Source CFD Toolbox
   \\    /   O peration     | Website:  https://openfoam.org
    \\  /    A nd           | Version:  7
     \\/     M anipulation  |
\*---------------------------------------------------------------------------*/
FoamFile
{
    version     2.0;
    format      ascii;
    class       volScalarField;
    location    "5";
    object      p;
}
// * * * * * * * * * * * * * * * * * * * * * * * * * * * * * * * * * * * * * //

dimensions      [0 2 -2 0 0 0 0];

internalField   nonuniform List<scalar> 
6386
(
-0.328107
-0.334916
-0.338548
-0.342989
-0.349015
-0.356973
-0.367075
-0.379355
-0.393679
-0.410054
-0.329231
-0.335805
-0.339369
-0.343775
-0.349782
-0.357738
-0.367854
-0.380174
-0.394528
-0.410919
-0.331401
-0.337518
-0.340947
-0.345277
-0.35124
-0.359182
-0.369311
-0.381691
-0.396091
-0.412468
-0.334473
-0.339936
-0.343162
-0.347368
-0.35325
-0.361146
-0.371262
-0.383689
-0.398128
-0.414377
-0.338252
-0.342897
-0.345854
-0.349878
-0.355623
-0.36342
-0.373464
-0.385875
-0.400326
-0.416228
-0.342509
-0.346217
-0.348838
-0.352613
-0.358147
-0.365764
-0.375641
-0.387925
-0.402353
-0.417571
-0.347004
-0.349707
-0.35193
-0.355379
-0.360608
-0.367939
-0.377526
-0.389518
-0.403897
-0.417969
-0.35151
-0.353192
-0.354963
-0.358001
-0.362816
-0.369733
-0.378884
-0.390365
-0.404708
-0.417116
-0.35583
-0.356527
-0.357803
-0.360343
-0.364623
-0.370982
-0.379543
-0.390249
-0.404488
-0.415285
-0.359802
-0.359606
-0.360359
-0.362317
-0.36594
-0.37159
-0.379413
-0.389342
-0.402758
-0.412395
-0.363328
-0.362368
-0.36258
-0.363886
-0.366739
-0.371535
-0.378468
-0.387407
-0.400064
-0.408182
-0.366358
-0.36479
-0.364465
-0.365064
-0.36705
-0.370873
-0.376791
-0.384586
-0.396549
-0.402864
-0.368896
-0.366892
-0.366047
-0.365906
-0.366957
-0.36972
-0.374545
-0.381117
-0.392417
-0.396775
-0.370996
-0.368722
-0.36739
-0.366499
-0.366585
-0.368244
-0.371941
-0.377285
-0.387975
-0.390272
-0.372756
-0.370359
-0.368577
-0.366952
-0.366078
-0.366641
-0.369219
-0.373411
-0.383533
-0.383809
-0.371901
-0.369708
-0.367386
-0.365596
-0.365117
-0.366622
-0.369826
-0.379284
-0.377841
-0.373462
-0.370895
-0.367928
-0.365297
-0.36387
-0.36437
-0.366837
-0.375235
-0.372726
-0.375166
-0.372256
-0.368705
-0.365329
-0.363072
-0.36264
-0.364679
-0.37127
-0.368636
-0.373905
-0.369837
-0.36582
-0.362859
-0.361595
-0.363426
-0.367381
-0.366281
-0.375951
-0.371425
-0.366866
-0.363312
-0.361302
-0.362884
-0.363885
-0.367794
-0.373547
-0.368523
-0.364451
-0.361769
-0.362682
-0.361313
-0.372476
-0.370807
-0.366247
-0.362912
-0.362633
-0.359945
-0.366808
-0.373703
-0.368634
-0.364574
-0.362801
-0.358645
-0.360393
-0.371529
-0.366598
-0.363148
-0.357172
-0.354644
-0.368861
-0.363537
-0.355505
-0.349118
-0.363842
-0.353541
-0.343867
-0.351263
-0.338716
-0.333592
-0.348622
-0.333559
-0.351238
-0.338685
-0.363825
-0.353518
-0.343837
-0.368849
-0.36352
-0.355483
-0.34909
-0.371519
-0.366585
-0.363132
-0.357151
-0.354616
-0.373695
-0.368624
-0.364562
-0.362785
-0.358625
-0.360367
-0.370798
-0.366237
-0.3629
-0.362618
-0.359925
-0.366782
-0.373538
-0.368513
-0.36444
-0.361756
-0.362667
-0.361293
-0.372451
-0.375942
-0.371416
-0.366856
-0.3633
-0.361289
-0.362868
-0.363865
-0.367768
-0.373895
-0.369826
-0.365809
-0.362847
-0.361581
-0.363409
-0.367361
-0.366253
-0.375155
-0.372245
-0.368694
-0.365318
-0.363059
-0.362626
-0.364661
-0.37125
-0.368607
-0.37345
-0.370884
-0.367916
-0.365285
-0.363856
-0.364355
-0.366818
-0.375215
-0.372695
-0.374294
-0.371888
-0.369696
-0.367374
-0.365584
-0.365103
-0.366606
-0.369807
-0.379263
-0.377809
-0.372741
-0.370346
-0.368564
-0.366939
-0.366065
-0.366626
-0.369202
-0.373391
-0.38351
-0.383776
-0.370981
-0.368708
-0.367376
-0.366486
-0.366571
-0.368228
-0.371923
-0.377263
-0.38795
-0.390238
-0.368881
-0.366877
-0.366034
-0.365892
-0.366943
-0.369704
-0.374526
-0.381095
-0.392391
-0.396741
-0.366342
-0.364776
-0.364451
-0.36505
-0.367035
-0.370856
-0.376772
-0.384563
-0.396522
-0.402829
-0.363312
-0.362353
-0.362566
-0.363872
-0.366723
-0.371518
-0.378448
-0.387383
-0.400036
-0.408146
-0.359786
-0.359591
-0.360344
-0.362303
-0.365925
-0.371572
-0.379393
-0.389317
-0.40273
-0.412359
-0.355813
-0.356512
-0.357788
-0.360329
-0.364608
-0.370965
-0.379523
-0.390223
-0.404461
-0.415248
-0.351494
-0.353178
-0.354949
-0.357987
-0.362801
-0.369716
-0.378865
-0.39034
-0.404679
-0.417081
-0.346989
-0.349693
-0.351917
-0.355365
-0.360594
-0.367923
-0.377507
-0.389495
-0.40387
-0.417935
-0.342495
-0.346205
-0.348826
-0.352601
-0.358134
-0.365749
-0.375623
-0.387904
-0.402327
-0.417539
-0.338241
-0.342887
-0.345843
-0.349867
-0.355611
-0.363407
-0.373448
-0.385856
-0.400303
-0.4162
-0.334464
-0.339928
-0.343154
-0.347359
-0.35324
-0.361135
-0.37125
-0.383673
-0.398109
-0.414353
-0.331394
-0.337512
-0.340941
-0.34527
-0.351233
-0.359174
-0.369302
-0.38168
-0.396077
-0.41245
-0.329227
-0.335801
-0.339365
-0.343771
-0.349778
-0.357733
-0.367848
-0.380167
-0.394519
-0.410908
-0.328106
-0.334915
-0.338546
-0.342988
-0.349013
-0.356972
-0.367073
-0.379353
-0.393676
-0.410051
-0.425675
-0.438618
-0.450797
-0.46111
-0.468763
-0.472761
-0.472002
-0.465187
-0.4513
-0.429423
-0.398661
-0.358555
-0.309439
-0.252848
-0.191663
-0.129894
-0.0718255
-0.0210477
0.0202254
0.0513416
0.0727831
0.0858734
0.0922576
0.0935913
0.0913405
0.0867249
0.0806745
0.0738954
0.0668471
0.059881
0.053145
0.0468087
0.0408226
0.0353169
0.0301051
0.0253998
0.0208523
0.0168556
0.0127727
0.00933271
0.00537991
0.00228484
-0.427023
-0.440005
-0.45229
-0.462717
-0.470498
-0.474642
-0.474066
-0.467474
-0.453833
-0.432217
-0.401707
-0.361801
-0.312778
-0.256125
-0.194721
-0.132603
-0.0741364
-0.0230044
0.0186232
0.0500324
0.0717147
0.0850034
0.0915515
0.0930204
0.0908808
0.0863557
0.0803786
0.0736585
0.0666576
0.0597294
0.053024
0.0467128
0.0407472
0.0352584
0.0300604
0.025366
0.0208274
0.0168372
0.0127601
0.00932375
0.0053753
0.00228172
-0.429485
-0.442536
-0.455021
-0.46567
-0.473702
-0.478128
-0.477906
-0.471749
-0.45859
-0.437493
-0.407487
-0.367995
-0.319183
-0.262444
-0.200649
-0.137891
-0.0786945
-0.0268447
0.0154478
0.0474242
0.0695797
0.0832615
0.0901367
0.0918765
0.08996
0.0856168
0.079787
0.0731855
0.0662795
0.0594274
0.0527834
0.046522
0.0405973
0.035142
0.0299714
0.0252987
0.0207776
0.0168006
0.0127348
0.00930587
0.00536611
0.00227552
-0.432637
-0.445783
-0.458537
-0.469504
-0.477901
-0.482737
-0.483019
-0.477489
-0.465023
-0.444689
-0.415441
-0.376594
-0.328154
-0.271365
-0.209107
-0.145537
-0.0853577
-0.0324225
0.0107658
0.043546
0.0663882
0.08065
0.0880126
0.0901587
0.0885781
0.0845091
0.0789013
0.0724786
0.0657156
0.0589778
0.0524256
0.0462385
0.0403747
0.0349691
0.029839
0.0251985
0.0207035
0.016746
0.0126972
0.00927917
0.00535239
0.0022663
-0.435941
-0.449195
-0.462262
-0.473635
-0.482497
-0.487866
-0.488769
-0.484021
-0.472441
-0.453104
-0.424858
-0.386897
-0.339041
-0.282324
-0.219676
-0.155227
-0.0937546
-0.0396419
0.00466642
0.0384461
0.062164
0.0771802
0.0851847
0.0878702
0.0867378
0.0830356
0.0777252
0.0715416
0.0649699
0.0583846
0.0519544
0.0458656
0.040082
0.0347415
0.0296647
0.0250664
0.0206057
0.0166738
0.0126473
0.00924381
0.00533423
0.00225418
-0.438827
-0.452193
-0.465598
-0.47745
-0.486864
-0.492871
-0.494489
-0.490594
-0.480127
-0.461997
-0.434979
-0.398149
-0.351151
-0.294736
-0.231847
-0.166412
-0.103653
-0.048311
-0.00273767
0.0321943
0.0569497
0.072878
0.0816694
0.0850226
0.0844478
0.0812038
0.0762652
0.0703808
0.0640481
0.057653
0.0513743
0.0454073
0.0397222
0.0344617
0.0294501
0.0249034
0.0204849
0.0165845
0.0125856
0.00919998
0.00531172
0.00223929
-0.44083
-0.454244
-0.468006
-0.480397
-0.490437
-0.497175
-0.499591
-0.496535
-0.487448
-0.470699
-0.445107
-0.409654
-0.363827
-0.307958
-0.244848
-0.178564
-0.114887
-0.058211
-0.0113062
0.024887
0.05081
0.0677869
0.077497
0.0816375
0.0817242
0.0790261
0.0745315
0.0690046
0.0629574
0.0567892
0.0506909
0.0448679
0.0392991
0.0341324
0.0291972
0.024711
0.020342
0.0164786
0.0125124
0.00914791
0.00528499
0.00222177
-0.441658
-0.454945
-0.469077
-0.482046
-0.49277
-0.500323
-0.503667
-0.501638
-0.493937
-0.478665
-0.454665
-0.420822
-0.376359
-0.320984
-0.258196
-0.191622
-0.127004
-0.0690994
-0.0208687
0.016645
0.0438303
0.0619682
0.0727114
0.0777468
0.0785906
0.0765205
0.072538
0.067424
0.0617069
0.0558007
0.0499102
0.0442524
0.0388164
0.0337565
0.0289082
0.0244907
0.020178
0.0163569
0.0124281
0.00908785
0.00525419
0.00220179
-0.440249
-0.454234
-0.468591
-0.482117
-0.493569
-0.502
-0.50642
-0.506007
-0.499218
-0.485416
-0.463071
-0.430902
-0.387954
-0.334007
-0.271639
-0.204969
-0.139677
-0.080722
-0.0312365
0.00760673
0.0361132
0.0554976
0.0673687
0.0733919
0.0750775
0.07371
0.070302
0.0656523
0.0603067
0.0546955
0.0490387
0.0435661
0.0382783
0.033337
0.0285852
0.024244
0.0199941
0.01622
0.0123332
0.00902009
0.00521946
0.00217953
-0.437114
-0.451904
-0.466466
-0.480519
-0.492687
-0.501996
-0.507499
-0.50829
-0.502948
-0.490715
-0.470133
-0.439809
-0.398579
-0.346152
-0.284635
-0.218233
-0.152597
-0.0928255
-0.0422132
-0.00207799
0.0277725
0.048461
0.0615334
0.0686206
0.0712206
0.070621
0.0678435
0.0637045
0.0587682
0.0534825
0.0480831
0.0428142
0.0376889
0.0328772
0.0282306
0.0239725
0.0197913
0.0160687
0.0122281
0.00894493
0.00518097
0.00215514
-0.432592
-0.448009
-0.46279
-0.477303
-0.490161
-0.50034
-0.506905
-0.508909
-0.505034
-0.4944
-0.475602
-0.447184
-0.407833
-0.357127
-0.296841
-0.23109
-0.165475
-0.105169
-0.053604
-0.0122553
0.0189277
0.04095
0.0552747
0.0634851
0.0670587
0.0672823
0.0651839
0.0615967
0.0571036
0.0521706
0.0470505
0.042002
0.0370521
0.0323801
0.0278466
0.0236779
0.0195707
0.0159037
0.0121133
0.00886267
0.00513887
0.00212879
-0.426902
-0.442857
-0.457775
-0.47264
-0.486113
-0.497103
-0.504688
-0.507868
-0.505466
-0.496419
-0.479386
-0.452884
-0.415508
-0.366706
-0.307977
-0.243268
-0.178059
-0.117529
-0.0652215
-0.0227734
0.00969876
0.0330574
0.0486633
0.0580386
0.0626318
0.0637234
0.0623455
0.0593455
0.0553251
0.050769
0.0459475
0.0411347
0.0363721
0.0318486
0.0274356
0.0233617
0.0193335
0.0157257
0.0119893
0.00877363
0.00509333
0.00210064
-0.420507
-0.436803
-0.451692
-0.466782
-0.480757
-0.492461
-0.50099
-0.505281
-0.504298
-0.496802
-0.481484
-0.456856
-0.421486
-0.374724
-0.317842
-0.254551
-0.190137
-0.129712
-0.0768965
-0.0334922
0.000197697
0.0248705
0.0417663
0.0523322
0.0579785
0.0599727
0.0593495
0.0569668
0.0534448
0.0492868
0.0447811
0.0402175
0.0356527
0.0312858
0.0269996
0.0230256
0.0190808
0.0155356
0.0118565
0.00867812
0.00504453
0.00207082
-0.413907
-0.430211
-0.444844
-0.460014
-0.474348
-0.486634
-0.496001
-0.501326
-0.501627
-0.495598
-0.481921
-0.459108
-0.425721
-0.381089
-0.326306
-0.264791
-0.201551
-0.141563
-0.0884888
-0.0442917
-0.00947738
0.0164674
0.0346446
0.0464128
0.0531344
0.0560572
0.056216
0.0544758
0.051474
0.0477324
0.0435575
0.039255
0.0348974
0.0306944
0.0265407
0.0226711
0.0188136
0.015334
0.0117155
0.00857646
0.00499264
0.00203944
-0.407501
-0.423406
-0.437525
-0.452611
-0.467127
-0.479837
-0.489907
-0.496125
-0.497559
-0.49288
-0.480739
-0.459662
-0.42824
-0.38579
-0.333305
-0.273888
-0.212179
-0.152946
-0.0998627
-0.0550482
-0.0192205
0.00793472
0.0273668
0.0403335
0.0481394
0.0520067
0.0529665
0.051888
0.0494238
0.0461139
0.0422827
0.0382517
0.0341096
0.0300768
0.0260608
0.0222996
0.0185329
0.0151216
0.0115665
0.00846893
0.0049378
0.0020066
-0.401541
-0.416616
-0.429979
-0.444801
-0.459294
-0.472245
-0.482864
-0.489807
-0.492198
-0.488719
-0.477988
-0.458552
-0.429064
-0.388856
-0.3388
-0.281728
-0.221851
-0.163664
-0.110817
-0.0655777
-0.0288768
-0.00060428
0.0200269
0.0341637
0.0430443
0.0478579
0.0496267
0.0492214
0.0473069
0.0444399
0.0409625
0.0372118
0.0332923
0.0294351
0.0255615
0.021912
0.0182395
0.0148989
0.01141
0.00835571
0.00488011
0.00197235
-0.396121
-0.409925
-0.422365
-0.436756
-0.450997
-0.463983
-0.475041
-0.48251
-0.48567
-0.483221
-0.473758
-0.455861
-0.42826
-0.390323
-0.342804
-0.288243
-0.230451
-0.173586
-0.121234
-0.0757874
-0.0383771
-0.00910014
0.0126599
0.027929
0.0378684
0.0436265
0.0462104
0.046489
0.0451344
0.0427195
0.039604
0.0361403
0.0324492
0.0287724
0.0250447
0.0215101
0.0179344
0.0146668
0.0112465
0.0082372
0.00481973
0.00193674
-0.391138
-0.403223
-0.414712
-0.428572
-0.44235
-0.455158
-0.466729
-0.474191
-0.478006
-0.47646
-0.468178
-0.451792
-0.426124
-0.39059
-0.345811
-0.294007
-0.238584
-0.183327
-0.1317
-0.0861933
-0.0481451
-0.0178791
0.00502857
0.0214654
0.0325042
0.0392451
0.0426771
0.0436703
0.0428991
0.0409529
0.038211
0.0350428
0.031586
0.0280938
0.0245152
0.0210977
0.0176207
0.0144277
0.0110776
0.0081149
0.00475744
0.0019001
-0.387118
-0.396501
-0.406898
-0.420021
-0.433076
-0.445445
-0.455857
-0.464362
-0.468716
-0.468049
-0.461033
-0.44635
-0.422914
-0.390154
-0.34851
-0.299794
-0.246984
-0.193535
-0.142749
-0.0972147
-0.0584977
-0.0271709
-0.00302764
0.0146638
0.0268784
0.0346652
0.0389921
0.0407341
0.0405773
0.0391242
0.0367739
0.0339141
0.0307007
0.0273992
0.0239738
0.0206761
0.0172999
0.014183
0.0109047
0.00798965
0.0046942
0.00186264
-0.384562
-0.38958
-0.399196
-0.41116
-0.422997
-0.434568
-0.444912
-0.453866
-0.458259
-0.458015
-0.451882
-0.438523
-0.4169
-0.386446
-0.347471
-0.301487
-0.251119
-0.199568
-0.150016
-0.105067
-0.0663683
-0.0346255
-0.00979259
0.0087228
0.0217935
0.0303992
0.0354673
0.0378521
0.0382463
0.0372543
0.0352836
0.0327295
0.0297639
0.0266583
0.0233941
0.0202213
0.0169534
0.0139159
0.0107164
0.00785086
0.00462563
0.00182164
-0.367596
-0.377278
-0.391723
-0.404487
-0.415917
-0.427146
-0.436563
-0.444069
-0.447956
-0.447196
-0.440569
-0.426899
-0.405298
-0.375389
-0.337628
-0.293531
-0.245557
-0.196635
-0.14962
-0.106826
-0.0697469
-0.0390436
-0.0147173
0.00371507
0.0170037
0.0260126
0.0315822
0.0344985
0.0354074
0.0348813
0.0333241
0.0311202
0.0284578
0.0255997
0.0225534
0.0195492
0.0164379
0.0135099
0.0104304
0.00763421
0.0045192
0.00175867
-0.363461
-0.371664
-0.383061
-0.393149
-0.402022
-0.410114
-0.417926
-0.423436
-0.425514
-0.42314
-0.415361
-0.401282
-0.380253
-0.352095
-0.31732
-0.277252
-0.233933
-0.189775
-0.147133
-0.107958
-0.0735752
-0.0446446
-0.0212675
-0.00313062
0.0103305
0.0198108
0.0260162
0.0296301
0.0312349
0.0313601
0.0303928
0.0287023
0.026485
0.0239987
0.0212728
0.0185283
0.0156478
0.012898
0.00999186
0.00731638
0.00434988
0.00167263
-0.353163
-0.361538
-0.369536
-0.376804
-0.383677
-0.390212
-0.395943
-0.399556
-0.399993
-0.396399
-0.388021
-0.374172
-0.354367
-0.328528
-0.297124
-0.261245
-0.222529
-0.182932
-0.14441
-0.108635
-0.0768089
-0.0496
-0.0272063
-0.00945939
0.00405029
0.0138738
0.0205996
0.0248188
0.0270524
0.0277848
0.0273806
0.0261913
0.0244156
0.0223053
0.0199066
0.0174331
0.0147932
0.0122352
0.00951176
0.00697194
0.00416051
0.00158556
-0.338431
-0.347341
-0.352905
-0.357695
-0.362784
-0.367816
-0.371897
-0.373939
-0.373099
-0.36871
-0.360168
-0.346929
-0.32863
-0.305236
-0.277152
-0.24526
-0.210877
-0.175583
-0.140992
-0.108522
-0.0792428
-0.0538132
-0.0325039
-0.0152673
-0.00183097
0.00822418
0.0153753
0.0201243
0.0229292
0.024227
0.0243574
0.0236515
0.0223076
0.0205697
0.0184981
0.0162985
0.0139032
0.0115426
0.0090072
0.00661067
0.00395953
0.00149829
-0.320591
-0.330095
-0.334325
-0.337249
-0.340718
-0.344367
-0.347116
-0.347944
-0.34618
-0.341325
-0.332906
-0.320496
-0.303815
-0.28285
-0.257934
-0.229772
-0.199408
-0.168105
-0.137181
-0.107833
-0.0810111
-0.057354
-0.0371849
-0.0205526
-0.00729917
0.00287952
0.0103598
0.0155591
0.0188732
0.0206911
0.0213246
0.0210828
0.0201597
0.0187899
0.0170451
0.0151222
0.0129755
0.0108184
0.00847671
0.00623151
0.00374624
0.00140913
-0.301168
-0.311004
-0.314564
-0.316252
-0.318432
-0.32093
-0.322646
-0.322599
-0.320231
-0.315173
-0.307073
-0.2956
-0.280537
-0.261875
-0.239878
-0.2151
-0.188362
-0.160667
-0.13309
-0.10664
-0.0821547
-0.0602396
-0.0412473
-0.0252983
-0.0123274
-0.00212825
0.00558539
0.0111529
0.0149098
0.0171975
0.0182981
0.0184964
0.0179795
0.0169707
0.01555
0.0139053
0.0120102
0.0100625
0.00791984
0.00583411
0.00352028
0.00131748
-0.281423
-0.291137
-0.294347
-0.295315
-0.296587
-0.298197
-0.299133
-0.298491
-0.295779
-0.290721
-0.283066
-0.272564
-0.259043
-0.242493
-0.223116
-0.201347
-0.177826
-0.153354
-0.128803
-0.105018
-0.082734
-0.0625099
-0.04471
-0.0295051
-0.0169022
-0.00677681
0.00107898
0.00693366
0.0110658
0.0137702
0.0152982
0.0159091
0.0157802
0.0151221
0.0140204
0.0126534
0.0110114
0.00927762
0.00733834
0.00541952
0.00328238
0.00122331
-0.261944
-0.27125
-0.274256
-0.274848
-0.275533
-0.276499
-0.276883
-0.275866
-0.27301
-0.268102
-0.260966
-0.251421
-0.239331
-0.224682
-0.20763
-0.18851
-0.167827
-0.146217
-0.124385
-0.103037
-0.0828076
-0.0642081
-0.0475987
-0.0331817
-0.0210188
-0.0110515
-0.00313868
0.00292484
0.00736487
0.0104313
0.0123445
0.0133372
0.0135752
0.0132547
0.0124643
0.0113726
0.00998354
0.00846684
0.0067345
0.00498912
0.00303351
0.00112668
-0.24308
-0.251838
-0.254687
-0.255105
-0.255442
-0.255979
-0.255996
-0.254771
-0.251914
-0.247259
-0.240684
-0.23206
-0.221281
-0.208334
-0.193334
-0.176544
-0.158357
-0.13928
-0.119882
-0.100751
-0.0824299
-0.0653791
-0.049944
-0.036344
-0.0246794
-0.0149438
-0.00705195
-0.000853951
0.0038279
0.00720112
0.00945544
0.0107969
0.0113779
0.0113793
0.0108904
0.0100692
0.00893144
0.00763373
0.00611082
0.00454444
0.00277472
0.00102772
-0.225039
-0.233176
-0.235883
-0.236236
-0.23639
-0.236662
-0.236458
-0.235149
-0.232395
-0.228061
-0.222066
-0.214318
-0.204737
-0.193309
-0.180122
-0.165378
-0.149387
-0.13255
-0.11533
-0.0982087
-0.0816525
-0.0660684
-0.0517803
-0.0390125
-0.0278916
-0.0184505
-0.0106497
-0.00438659
0.000473416
0.00409859
0.00664898
0.00830423
0.00920195
0.00950719
0.00930774
0.0087505
0.00786057
0.00678224
0.00547018
0.00408731
0.00250716
0.000926662
-0.207906
-0.215408
-0.217977
-0.218325
-0.218399
-0.218527
-0.218213
-0.216913
-0.214332
-0.210363
-0.20495
-0.198028
-0.189538
-0.179468
-0.167883
-0.15494
-0.140882
-0.12603
-0.110754
-0.0954538
-0.0805239
-0.0663212
-0.0531433
-0.0412116
-0.0306675
-0.021573
-0.0139249
-0.00766038
-0.00268262
0.00114087
0.003942
0.00587468
0.00706118
0.00765001
0.0077258
0.00742398
0.00677686
0.0059168
0.00481586
0.00361985
0.00223217
0.000823849
-0.191724
-0.198608
-0.201042
-0.201416
-0.201474
-0.201539
-0.201197
-0.199972
-0.197611
-0.194027
-0.189183
-0.183035
-0.175539
-0.166683
-0.156516
-0.145161
-0.13281
-0.119715
-0.106177
-0.0925248
-0.0790892
-0.0661812
-0.0540701
-0.0429677
-0.0330226
-0.0243166
-0.0168744
-0.0106659
-0.00562688
-0.00165674
0.00135022
0.00352326
0.00496911
0.0058195
0.00615449
0.00609768
0.00568668
0.00504226
0.00415145
0.00314443
0.00195124
0.000719703
-0.176518
-0.18281
-0.185113
-0.185528
-0.185608
-0.185659
-0.185348
-0.184241
-0.182125
-0.178931
-0.174635
-0.169206
-0.162612
-0.154842
-0.145935
-0.135984
-0.12514
-0.113605
-0.10162
-0.0894564
-0.0773905
-0.0656907
-0.0545976
-0.0443095
-0.0349755
-0.0266902
-0.0194987
-0.0133972
-0.00834875
-0.004281
-0.00111206
0.00126415
0.00293895
0.00402741
0.00460389
0.00477995
0.00459676
0.00416379
0.00348087
0.00266367
0.00166599
0.000614705
-0.162287
-0.168019
-0.170197
-0.17066
-0.170793
-0.170885
-0.170609
-0.16964
-0.16778
-0.164969
-0.161191
-0.156427
-0.150651
-0.143854
-0.136065
-0.127356
-0.117846
-0.107696
-0.0971004
-0.08628
-0.0754668
-0.0648902
-0.0547627
-0.0452667
-0.0365474
-0.0287059
-0.0218016
-0.0158514
-0.0108404
-0.00672091
-0.00343218
-0.00088959
0.000983292
0.00228521
0.00308408
0.00347927
0.00351408
0.00328686
0.00280825
0.00218042
0.00137814
0.000509393
-0.149018
-0.154224
-0.156278
-0.156788
-0.156975
-0.1571
-0.156906
-0.156093
-0.154491
-0.152049
-0.148756
-0.144601
-0.139564
-0.133637
-0.126842
-0.119233
-0.110906
-0.101986
-0.0926327
-0.0830243
-0.0733543
-0.063818
-0.0546014
-0.0458699
-0.0377611
-0.0303783
-0.0237902
-0.0180286
-0.013097
-0.00896782
-0.0055993
-0.00292617
-0.000886102
0.000603968
0.00160499
0.00220421
0.00244578
0.00241714
0.00213794
0.00169767
0.00108952
0.000404344
-0.136685
-0.141401
-0.143335
-0.143886
-0.14413
-0.144307
-0.144198
-0.143541
-0.142186
-0.14009
-0.137245
-0.133645
-0.129274
-0.124125
-0.118213
-0.11158
-0.1043
-0.0964753
-0.0882314
-0.0797151
-0.0710863
-0.0625104
-0.0541488
-0.0461496
-0.038641
-0.0317245
-0.0254739
-0.019932
-0.015116
-0.0110155
-0.00760453
-0.0048353
-0.00265849
-0.00100591
0.000176206
0.000963191
0.00139901
0.00156041
0.00147442
0.00121855
0.000802048
0.000300171
-0.125254
-0.129516
-0.131333
-0.131919
-0.132219
-0.132451
-0.132429
-0.131923
-0.130799
-0.129022
-0.126587
-0.123489
-0.119715
-0.11526
-0.110131
-0.104363
-0.098013
-0.0911612
-0.0839091
-0.0763758
-0.0686936
-0.0610016
-0.0534389
-0.0461367
-0.0392123
-0.0327633
-0.026865
-0.0215675
-0.0168981
-0.0128601
-0.00944105
-0.0066083
-0.00432434
-0.00253483
-0.00119317
-0.000235587
0.00038085
0.000722489
0.000822214
0.00074626
0.000517681
0.000197507
-0.114683
-0.118528
-0.120232
-0.120847
-0.121199
-0.121483
-0.121543
-0.121175
-0.120266
-0.11878
-0.116716
-0.114069
-0.11083
-0.106991
-0.102558
-0.0975562
-0.0920301
-0.0860434
-0.0796771
-0.0730278
-0.0662044
-0.0593235
-0.052504
-0.0458611
-0.0395009
-0.0335149
-0.0279777
-0.0229432
-0.0184461
-0.0145003
-0.0111042
-0.00823827
-0.0058755
-0.0039742
-0.00249472
-0.00138436
-0.000601853
-9.09228e-05
0.000185854
0.000284042
0.000238402
9.69963e-05
-0.104929
-0.108391
-0.109986
-0.110623
-0.111021
-0.111356
-0.111488
-0.111241
-0.110524
-0.109303
-0.107574
-0.105331
-0.102567
-0.0992755
-0.0954588
-0.0911354
-0.0863395
-0.0811213
-0.0755456
-0.0696902
-0.0636446
-0.0575058
-0.0513751
-0.0453526
-0.0395329
-0.0340008
-0.0288279
-0.0240696
-0.0197654
-0.015937
-0.0125914
-0.00972013
-0.00730528
-0.00531656
-0.00372085
-0.0024759
-0.0015426
-0.000874301
-0.000430241
-0.000164914
-3.38182e-05
-7.1804e-07
-0.0959431
-0.0990573
-0.100548
-0.1012
-0.101635
-0.102009
-0.102207
-0.102074
-0.10153
-0.100543
-0.0991101
-0.0972262
-0.0948837
-0.092076
-0.088804
-0.0850802
-0.0809308
-0.0763949
-0.071524
-0.0663807
-0.0610379
-0.0555764
-0.0500815
-0.0446397
-0.0393345
-0.034243
-0.0294328
-0.024959
-0.0208634
-0.0171732
-0.0139021
-0.0110507
-0.00860862
-0.00655573
-0.00486495
-0.00350372
-0.00243537
-0.00162243
-0.00102183
-0.000597513
-0.000297058
-9.50048e-05
-0.087679
-0.0904767
-0.0918683
-0.092527
-0.0929925
-0.0934021
-0.0936568
-0.093624
-0.0932296
-0.0924496
-0.0912783
-0.089711
-0.0877402
-0.0853593
-0.0825674
-0.0793728
-0.075795
-0.0718641
-0.0676207
-0.063115
-0.0584062
-0.0535609
-0.0486508
-0.0437499
-0.0389312
-0.0342641
-0.029811
-0.0256254
-0.0217494
-0.0182142
-0.015038
-0.0122287
-0.00978209
-0.00768693
-0.0059215
-0.00446212
-0.00327475
-0.00233052
-0.00158495
-0.00101082
-0.000549481
-0.000185258
-0.0800892
-0.0826005
-0.0838978
-0.0845582
-0.0850473
-0.0854855
-0.085789
-0.0858422
-0.0855762
-0.0849752
-0.0840337
-0.0827453
-0.0811015
-0.0790957
-0.0767259
-0.0739975
-0.0709241
-0.0675289
-0.0638434
-0.0599076
-0.0557694
-0.0514833
-0.047109
-0.0427096
-0.0383483
-0.0340867
-0.0299816
-0.0260837
-0.0224345
-0.019067
-0.0160025
-0.0132546
-0.010824
-0.0087068
-0.00688616
-0.00534636
-0.00405603
-0.00299427
-0.00211597
-0.00140213
-0.000789377
-0.00027091
-0.0731282
-0.0753808
-0.0765893
-0.0772466
-0.0777526
-0.078212
-0.0785528
-0.0786753
-0.0785217
-0.0780804
-0.0773393
-0.0762935
-0.0749355
-0.0732584
-0.071259
-0.06894
-0.0663111
-0.0633892
-0.0601989
-0.0567716
-0.0531456
-0.0493654
-0.0454805
-0.041544
-0.0376102
-0.0337334
-0.0299644
-0.0263505
-0.0229312
-0.0197404
-0.0168011
-0.0141308
-0.0117342
-0.00961351
-0.00775591
-0.00615276
-0.00477533
-0.00361002
-0.00261173
-0.00176902
-0.0010152
-0.000351447
-0.066752
-0.0687716
-0.0698967
-0.0705465
-0.0710635
-0.0715387
-0.0719118
-0.0720979
-0.0720443
-0.0717279
-0.0711564
-0.0703225
-0.0692144
-0.0678241
-0.0661483
-0.0641881
-0.0619497
-0.0594453
-0.0566934
-0.0537187
-0.0505514
-0.0472277
-0.0437881
-0.0402771
-0.0367408
-0.0332265
-0.0297794
-0.0264426
-0.0232533
-0.0202448
-0.0174408
-0.0148615
-0.0125144
-0.0104067
-0.00852902
-0.00687874
-0.00542966
-0.00417478
-0.00306955
-0.00210941
-0.00122559
-0.000426419
-0.0609191
-0.0627294
-0.0637763
-0.0644153
-0.0649381
-0.065423
-0.0658188
-0.0660519
-0.0660766
-0.0658778
-0.0654555
-0.0648033
-0.063911
-0.0627702
-0.0613766
-0.0597299
-0.0578338
-0.0556968
-0.0533324
-0.0507595
-0.048002
-0.0450888
-0.0420529
-0.0389312
-0.0357627
-0.032588
-0.0294467
-0.0263778
-0.0234154
-0.0205917
-0.01793
-0.0154523
-0.0131678
-0.0110877
-0.00920515
-0.0075229
-0.006017
-0.00468636
-0.00348734
-0.00242162
-0.00141944
-0.000495454
-0.0555906
-0.057213
-0.058187
-0.0588123
-0.0593363
-0.0598261
-0.0602385
-0.0605111
-0.0606053
-0.0605054
-0.0602055
-0.0597071
-0.0590014
-0.0580774
-0.056929
-0.0555553
-0.0539584
-0.0521436
-0.0501206
-0.0479036
-0.0455111
-0.0429659
-0.0402947
-0.0375278
-0.0346977
-0.0318391
-0.0289863
-0.026174
-0.023433
-0.0207938
-0.0182786
-0.0159104
-0.0136991
-0.011659
-0.00978529
-0.00808501
-0.00653636
-0.00514335
-0.00386362
-0.00270442
-0.00159589
-0.000558268
-0.0507303
-0.0521845
-0.0530906
-0.0537002
-0.0542217
-0.0547123
-0.0551358
-0.0554388
-0.0555877
-0.0555688
-0.0553776
-0.0550115
-0.0544649
-0.0537271
-0.052791
-0.0516544
-0.0503181
-0.0487853
-0.0470624
-0.0451597
-0.0430912
-0.0408748
-0.0385318
-0.0360867
-0.0335665
-0.0310005
-0.0284178
-0.0258493
-0.0233222
-0.0208647
-0.0184978
-0.0162442
-0.0141145
-0.0121248
-0.0102718
-0.00856609
-0.00698776
-0.00554522
-0.00419759
-0.00295702
-0.00175435
-0.000614671
-0.0463048
-0.0476085
-0.0484517
-0.049044
-0.0495601
-0.0500481
-0.0504777
-0.0508039
-0.0509976
-0.051047
-0.0509468
-0.0506919
-0.0502801
-0.0497022
-0.0489497
-0.0480186
-0.0469086
-0.0456216
-0.0441615
-0.0425354
-0.0407536
-0.03883
-0.0367811
-0.0346267
-0.0323888
-0.030092
-0.0277607
-0.0254219
-0.0230993
-0.0208188
-0.0185995
-0.0164636
-0.0144214
-0.0124903
-0.0106682
-0.00896831
-0.00737229
-0.00589231
-0.00448913
-0.00317914
-0.00189455
-0.000664576
-0.0422833
-0.0434528
-0.0442379
-0.0448119
-0.0453201
-0.0458028
-0.0462346
-0.0465777
-0.0468071
-0.046912
-0.0468876
-0.0467293
-0.0464309
-0.0459887
-0.0453935
-0.0446394
-0.0437253
-0.0426519
-0.0414211
-0.0400377
-0.0385087
-0.0368447
-0.0350583
-0.0331654
-0.0311834
-0.0291327
-0.0270338
-0.0249098
-0.022781
-0.020671
-0.0185965
-0.0165792
-0.0146284
-0.0127623
-0.0109794
-0.00929498
-0.00769205
-0.00618583
-0.00473881
-0.00337103
-0.00201652
-0.000708001
-0.0386378
-0.0396878
-0.0404194
-0.0409745
-0.041473
-0.0419482
-0.042379
-0.0427336
-0.0429908
-0.0431408
-0.0431788
-0.0430998
-0.0428975
-0.0425718
-0.0421111
-0.0415094
-0.0407644
-0.0398757
-0.0388444
-0.0376729
-0.036366
-0.0349313
-0.0333782
-0.0317191
-0.0299679
-0.028141
-0.0262554
-0.0243306
-0.0223839
-0.0204363
-0.0185024
-0.0166024
-0.014745
-0.0129484
-0.0112113
-0.00955049
-0.00795011
-0.00642784
-0.00494792
-0.0035334
-0.0021206
-0.000745073
-0.0353432
-0.036287
-0.0369694
-0.0375056
-0.037993
-0.038459
-0.0388862
-0.0392481
-0.0395267
-0.0397133
-0.0398036
-0.0397932
-0.0396765
-0.0394433
-0.0390945
-0.0386224
-0.0380222
-0.0372927
-0.0364339
-0.0354468
-0.0343341
-0.033101
-0.0317542
-0.0303034
-0.0287589
-0.0271344
-0.0254432
-0.0237019
-0.0219248
-0.0201303
-0.0183311
-0.0165457
-0.0147817
-0.0130573
-0.0113708
-0.0097402
-0.00815047
-0.00662119
-0.00511836
-0.0036675
-0.00220744
-0.000776021
-0.0323767
-0.0332266
-0.0338641
-0.0343813
-0.0348569
-0.0353125
-0.0357341
-0.0360996
-0.0363939
-0.0366091
-0.0367408
-0.0367846
-0.0367347
-0.0365859
-0.036333
-0.0359711
-0.035495
-0.0349023
-0.0341923
-0.0333649
-0.0324212
-0.0313644
-0.0301992
-0.0289326
-0.0275725
-0.0261295
-0.0246143
-0.0230405
-0.0214199
-0.0197685
-0.0180967
-0.0164218
-0.0147498
-0.0130984
-0.0114658
-0.00987038
-0.00829798
-0.00676952
-0.0052527
-0.003775
-0.00227797
-0.000801179
-0.0297186
-0.0304855
-0.0310821
-0.031581
-0.0320441
-0.0324887
-0.0329032
-0.0332695
-0.0335748
-0.0338122
-0.0339774
-0.0340662
-0.0340732
-0.0339924
-0.0338194
-0.0335508
-0.0331806
-0.0327049
-0.0321223
-0.0314324
-0.030635
-0.0297316
-0.0287251
-0.0276206
-0.0264236
-0.0251425
-0.0237852
-0.0223632
-0.0208857
-0.0193665
-0.0178139
-0.0162437
-0.0146607
-0.0130818
-0.0115047
-0.00994805
-0.00839821
-0.00687709
-0.00535405
-0.00385803
-0.0023334
-0.000820971
-0.0273515
-0.0280455
-0.0286053
-0.0290865
-0.0295371
-0.0299704
-0.0303768
-0.0307418
-0.0310545
-0.0313088
-0.0315006
-0.0316256
-0.0316789
-0.031655
-0.03155
-0.0313588
-0.0310772
-0.0307007
-0.0302269
-0.0296547
-0.028983
-0.0282121
-0.0273435
-0.0263804
-0.0253267
-0.0241886
-0.022972
-0.0216861
-0.020338
-0.0189395
-0.0174972
-0.0160251
-0.0145267
-0.0130182
-0.0114968
-0.00998087
-0.00845737
-0.00694879
-0.00542603
-0.0039191
-0.00237519
-0.000835909
-0.0252608
-0.0258914
-0.0264182
-0.0268827
-0.027321
-0.027743
-0.028141
-0.028503
-0.0288203
-0.0290872
-0.0292998
-0.029454
-0.0295453
-0.0295685
-0.0295184
-0.0293914
-0.0291841
-0.0288915
-0.0285098
-0.0280374
-0.0274728
-0.0268155
-0.0260655
-0.0252248
-0.0242957
-0.0232828
-0.02219
-0.0210249
-0.0197925
-0.0185029
-0.017161
-0.0157793
-0.0143601
-0.0129186
-0.0114516
-0.009977
-0.0084822
-0.00698996
-0.00547268
-0.00396103
-0.00240498
-0.000846576
-0.023435
-0.0240108
-0.0245083
-0.0249573
-0.025384
-0.0257952
-0.0261845
-0.0265427
-0.0268623
-0.0271383
-0.0273669
-0.0275442
-0.0276658
-0.0277269
-0.0277226
-0.027649
-0.027503
-0.0272797
-0.026975
-0.0265865
-0.0261123
-0.0255512
-0.0249022
-0.0241662
-0.0233442
-0.0224394
-0.0214544
-0.0203949
-0.0192645
-0.0180716
-0.0168197
-0.0155199
-0.0141735
-0.0127944
-0.011379
-0.00994497
-0.00847978
-0.00700633
-0.00549835
-0.00398691
-0.0024246
-0.000853612
-0.0218649
-0.0223941
-0.0228662
-0.0233013
-0.0237171
-0.0241181
-0.0244992
-0.024853
-0.0251733
-0.0254557
-0.0256965
-0.0258918
-0.0260374
-0.0261291
-0.0261623
-0.0261331
-0.0260364
-0.0258695
-0.025628
-0.0253089
-0.0249099
-0.024429
-0.0238647
-0.0232169
-0.0224856
-0.0216728
-0.0207798
-0.0198112
-0.018769
-0.0176605
-0.0164877
-0.0152605
-0.0139791
-0.0126568
-0.0112892
-0.00989348
-0.00845745
-0.00700384
-0.00550761
-0.00399996
-0.00243599
-0.000857698
-0.0205453
-0.0210357
-0.0214861
-0.0219089
-0.0223151
-0.022707
-0.0230805
-0.0234298
-0.0237497
-0.0240364
-0.024286
-0.0244951
-0.0246594
-0.024775
-0.0248375
-0.0248424
-0.024786
-0.0246649
-0.0244749
-0.0242124
-0.0238746
-0.0234593
-0.0229646
-0.0223895
-0.0217332
-0.0209969
-0.0201809
-0.0192885
-0.0183208
-0.0172839
-0.0161787
-0.0150141
-0.0137894
-0.012517
-0.0111921
-0.00983128
-0.00842259
-0.00698851
-0.00550512
-0.00400354
-0.00244113
-0.00085953
-0.0194739
-0.019933
-0.0203657
-0.0207781
-0.0211761
-0.0215601
-0.021927
-0.0222721
-0.0225911
-0.0228804
-0.0231365
-0.0233557
-0.0235342
-0.0236679
-0.0237529
-0.0237847
-0.0237596
-0.0236741
-0.0235243
-0.0233063
-0.0230169
-0.0226537
-0.0222142
-0.0216971
-0.0211008
-0.020426
-0.019672
-0.0188414
-0.0179344
-0.0169561
-0.0159065
-0.0147938
-0.0136164
-0.012386
-0.0110975
-0.00976692
-0.00838247
-0.0069663
-0.0054955
-0.00400093
-0.002442
-0.000859807
-0.0186531
-0.0190884
-0.0195073
-0.0199115
-0.0203029
-0.0206807
-0.0210422
-0.0213837
-0.0217016
-0.0219925
-0.0222529
-0.0224793
-0.0226679
-0.0228149
-0.0229162
-0.0229679
-0.0229659
-0.0229071
-0.0227871
-0.0226022
-0.0223491
-0.0220249
-0.0216269
-0.0211535
-0.0206027
-0.0199745
-0.0192677
-0.0184844
-0.0176239
-0.0166907
-0.0156843
-0.0146119
-0.0134716
-0.0122743
-0.0110148
-0.00970857
-0.008344
-0.00694286
-0.00548312
-0.00399527
-0.00244047
-0.000859166
-0.0180905
-0.0185094
-0.0189187
-0.0193172
-0.019704
-0.0200774
-0.0204351
-0.020774
-0.0210909
-0.0213826
-0.0216457
-0.0218768
-0.022072
-0.0222278
-0.02234
-0.0224046
-0.0224175
-0.0223768
-0.0222769
-0.0221144
-0.0218855
-0.0215876
-0.0212177
-0.0207739
-0.020254
-0.0196575
-0.018983
-0.0182319
-0.0174034
-0.0165013
-0.0155246
-0.0144802
-0.0133658
-0.0121917
-0.0109527
-0.00966372
-0.0083135
-0.00692333
-0.00547197
-0.00398937
-0.00243828
-0.000858147
-0.0177962
-0.0182071
-0.0186119
-0.0190076
-0.0193921
-0.0197634
-0.0201192
-0.0204568
-0.0207733
-0.0210655
-0.02133
-0.0215635
-0.0217624
-0.0219229
-0.0220412
-0.0221136
-0.0221362
-0.0221025
-0.0220118
-0.0218601
-0.0216435
-0.021359
-0.0210034
-0.0205749
-0.0200708
-0.0194907
-0.0188329
-0.0180985
-0.0172866
-0.0164006
-0.0154395
-0.0144096
-0.0133088
-0.0121468
-0.0109187
-0.00963879
-0.0082964
-0.00691192
-0.00546545
-0.00398542
-0.00243696
-0.000857074
-0.310308
-0.316499
-0.3227
-0.329021
-0.335676
-0.342801
-0.351321
-0.359997
-0.374529
-0.293662
-0.300793
-0.308181
-0.315891
-0.324303
-0.332971
-0.343363
-0.351793
-0.366324
-0.276745
-0.284326
-0.292198
-0.300206
-0.308754
-0.316917
-0.326622
-0.334358
-0.34808
-0.259764
-0.267193
-0.274808
-0.282389
-0.290464
-0.298255
-0.307686
-0.316107
-0.328788
-0.242899
-0.250023
-0.257352
-0.264737
-0.272671
-0.280546
-0.28959
-0.298032
-0.309015
-0.22669
-0.233568
-0.240662
-0.247849
-0.25541
-0.262917
-0.271073
-0.279101
-0.288815
-0.21125
-0.217783
-0.224463
-0.231207
-0.238175
-0.245198
-0.252677
-0.260403
-0.269223
-0.196477
-0.202577
-0.208786
-0.215087
-0.221576
-0.228216
-0.23516
-0.242429
-0.250411
-0.182452
-0.188134
-0.193919
-0.19981
-0.205844
-0.212022
-0.218385
-0.225089
-0.232354
-0.169238
-0.174509
-0.179862
-0.185306
-0.190852
-0.196533
-0.202364
-0.208536
-0.215176
-0.156798
-0.16165
-0.166568
-0.171567
-0.176656
-0.181875
-0.187219
-0.192866
-0.198908
-0.145111
-0.149559
-0.154066
-0.158646
-0.163303
-0.168071
-0.17294
-0.178072
-0.183548
-0.134166
-0.138232
-0.142348
-0.146525
-0.150765
-0.155099
-0.159519
-0.164168
-0.169116
-0.123934
-0.127638
-0.131383
-0.135179
-0.139028
-0.142957
-0.146958
-0.151157
-0.15561
-0.114384
-0.117749
-0.121149
-0.12459
-0.128076
-0.131627
-0.135238
-0.139018
-0.143012
-0.105485
-0.108536
-0.111615
-0.114728
-0.117876
-0.121078
-0.124328
-0.127723
-0.131297
-0.0972045
-0.0999657
-0.102748
-0.105558
-0.108396
-0.111278
-0.114198
-0.117241
-0.120432
-0.0895092
-0.0920043
-0.0945156
-0.0970482
-0.0996022
-0.102192
-0.104811
-0.107533
-0.110377
-0.0823667
-0.0846184
-0.086882
-0.0891616
-0.0914572
-0.0937808
-0.0961261
-0.0985582
-0.101089
-0.0757451
-0.0777751
-0.0798133
-0.081863
-0.0839241
-0.0860066
-0.0881049
-0.0902752
-0.0925253
-0.0696133
-0.0714422
-0.0732759
-0.0751175
-0.0769664
-0.0788314
-0.080707
-0.0826418
-0.0846403
-0.0655884
-0.0672373
-0.0688908
-0.0705485
-0.0722175
-0.0738931
-0.0756168
-0.0773907
-0.060184
-0.0616662
-0.0631503
-0.0646359
-0.066129
-0.0676252
-0.0691602
-0.070734
-0.0552009
-0.056533
-0.0578648
-0.0591959
-0.0605313
-0.0618671
-0.0632336
-0.0646296
-0.0506123
-0.0518096
-0.0530047
-0.0541975
-0.0553918
-0.0565844
-0.0578008
-0.0590391
-0.0463933
-0.0474696
-0.0485424
-0.0496113
-0.0506797
-0.0517446
-0.0528276
-0.0539262
-0.0425208
-0.0434888
-0.0444521
-0.0454105
-0.0463666
-0.0473178
-0.0482824
-0.0492575
-0.0389732
-0.0398443
-0.0407099
-0.0415697
-0.0424259
-0.0432762
-0.0441358
-0.0450019
-0.0357304
-0.0365151
-0.0372937
-0.0380658
-0.0388333
-0.0395941
-0.0403608
-0.0411308
-0.0327743
-0.0334822
-0.0341834
-0.0348777
-0.0355664
-0.036248
-0.0369328
-0.0376182
-0.0300884
-0.030728
-0.0313606
-0.0319859
-0.0326051
-0.0332168
-0.0338294
-0.0344407
-0.0276579
-0.028237
-0.028809
-0.0293735
-0.0299314
-0.0304816
-0.0310308
-0.0315771
-0.0254696
-0.0259955
-0.026514
-0.027025
-0.0275291
-0.0280254
-0.0285192
-0.029009
-0.0235122
-0.0239914
-0.0244632
-0.0249274
-0.0253846
-0.0258339
-0.0262795
-0.0267201
-0.0217763
-0.0222148
-0.022646
-0.0230696
-0.023486
-0.0238947
-0.0242987
-0.0246971
-0.0202542
-0.0206578
-0.021054
-0.0214428
-0.0218243
-0.0221981
-0.0225666
-0.0229291
-0.0189405
-0.0193143
-0.019681
-0.0200403
-0.0203923
-0.0207369
-0.0210755
-0.0214077
-0.0178324
-0.0181816
-0.0185237
-0.0188586
-0.0191864
-0.0195068
-0.0198209
-0.0201284
-0.0169289
-0.0172584
-0.0175809
-0.0178964
-0.0182049
-0.0185062
-0.0188009
-0.0190889
-0.016234
-0.0165486
-0.0168563
-0.0171572
-0.0174512
-0.0177382
-0.0180186
-0.0182922
-0.0157537
-0.0160583
-0.0163564
-0.0166477
-0.0169324
-0.0172102
-0.0174813
-0.0177457
-0.0154965
-0.0157959
-0.0160891
-0.0163759
-0.0166562
-0.0169301
-0.0171976
-0.0174585
-0.0154912
-0.0157906
-0.0160838
-0.0163706
-0.016651
-0.016925
-0.0171924
-0.0174534
-0.0157483
-0.016053
-0.0163511
-0.0166425
-0.0169271
-0.017205
-0.0174761
-0.0177405
-0.0162286
-0.0165432
-0.016851
-0.0171519
-0.0174459
-0.0177329
-0.0180133
-0.018287
-0.0169234
-0.017253
-0.0175755
-0.0178911
-0.0181996
-0.0185009
-0.0187956
-0.0190836
-0.0178269
-0.0181761
-0.0185183
-0.0188532
-0.019181
-0.0195014
-0.0198155
-0.020123
-0.0189349
-0.0193088
-0.0196754
-0.0200347
-0.0203868
-0.0207314
-0.02107
-0.0214023
-0.0202485
-0.0206521
-0.0210484
-0.0214372
-0.0218187
-0.0221926
-0.0225611
-0.0229235
-0.0217705
-0.022209
-0.0226402
-0.0230639
-0.0234803
-0.023889
-0.024293
-0.0246915
-0.0235063
-0.0239855
-0.0244573
-0.0249216
-0.0253787
-0.025828
-0.0262736
-0.0267143
-0.0254635
-0.0259894
-0.026508
-0.027019
-0.0275231
-0.0280194
-0.0285132
-0.029003
-0.0276516
-0.0282308
-0.0288027
-0.0293672
-0.0299251
-0.0304754
-0.0310246
-0.031571
-0.0300819
-0.0307215
-0.0313541
-0.0319795
-0.0325987
-0.0332104
-0.033823
-0.0344343
-0.0327676
-0.0334754
-0.0341767
-0.034871
-0.0355597
-0.0362414
-0.0369261
-0.0376116
-0.0349321
-0.0357234
-0.0365081
-0.0372867
-0.0380589
-0.0388263
-0.0395871
-0.0403539
-0.0411239
-0.0380888
-0.0389659
-0.039837
-0.0407026
-0.0415624
-0.0424186
-0.0432689
-0.0441286
-0.0449946
-0.04154
-0.0425132
-0.0434811
-0.0444445
-0.0454028
-0.0463589
-0.0473102
-0.0482748
-0.0492498
-0.0453047
-0.0463853
-0.0474616
-0.0485343
-0.0496033
-0.0506717
-0.0517365
-0.0528196
-0.0539181
-0.0494035
-0.0506039
-0.0518011
-0.0529962
-0.054189
-0.0553833
-0.0565758
-0.0577923
-0.0590305
-0.0538581
-0.0551919
-0.056524
-0.0578558
-0.0591869
-0.0605223
-0.0618581
-0.0632246
-0.0646205
-0.0586924
-0.0601745
-0.0616567
-0.0631408
-0.0646264
-0.0661194
-0.0676156
-0.0691506
-0.0707243
-0.0639316
-0.0655782
-0.0672272
-0.0688806
-0.0705383
-0.0722073
-0.0738829
-0.0756066
-0.0773804
-0.0696026
-0.0714314
-0.0732651
-0.0751066
-0.0769555
-0.0788205
-0.0806961
-0.0826308
-0.0846293
-0.0757336
-0.0777636
-0.0798017
-0.0818514
-0.0839124
-0.0859949
-0.0880932
-0.0902634
-0.0925134
-0.0823544
-0.084606
-0.0868695
-0.0891491
-0.0914446
-0.0937682
-0.0961135
-0.0985455
-0.101077
-0.089496
-0.0919909
-0.0945022
-0.0970348
-0.0995887
-0.102178
-0.104797
-0.107519
-0.110363
-0.0971902
-0.0999514
-0.102734
-0.105544
-0.108382
-0.111264
-0.114183
-0.117226
-0.120417
-0.10547
-0.108521
-0.111599
-0.114712
-0.11786
-0.121063
-0.124312
-0.127707
-0.131281
-0.114368
-0.117733
-0.121132
-0.124574
-0.128059
-0.13161
-0.135221
-0.139001
-0.142995
-0.123916
-0.12762
-0.131365
-0.135161
-0.13901
-0.142939
-0.14694
-0.151139
-0.155591
-0.134146
-0.138212
-0.142328
-0.146506
-0.150746
-0.155079
-0.159499
-0.164148
-0.169095
-0.14509
-0.149538
-0.154045
-0.158625
-0.163282
-0.168049
-0.172918
-0.17805
-0.183526
-0.156776
-0.161627
-0.166545
-0.171544
-0.176633
-0.181851
-0.187196
-0.192842
-0.198883
-0.169214
-0.174484
-0.179837
-0.185281
-0.190826
-0.196507
-0.202338
-0.208508
-0.215148
-0.182425
-0.188107
-0.193891
-0.199782
-0.205815
-0.211993
-0.218355
-0.225059
-0.232322
-0.196448
-0.202547
-0.208756
-0.215056
-0.221544
-0.228184
-0.235126
-0.242395
-0.250374
-0.211218
-0.21775
-0.22443
-0.231173
-0.23814
-0.245162
-0.25264
-0.260364
-0.269182
-0.226655
-0.233532
-0.240625
-0.247812
-0.255371
-0.262878
-0.271033
-0.27906
-0.288772
-0.242861
-0.249984
-0.257312
-0.264697
-0.27263
-0.280504
-0.289548
-0.29799
-0.308971
-0.259723
-0.267152
-0.274767
-0.282348
-0.290422
-0.298213
-0.307644
-0.316065
-0.328746
-0.276703
-0.284285
-0.292157
-0.300165
-0.308714
-0.316876
-0.326582
-0.334319
-0.348041
-0.293622
-0.300753
-0.308142
-0.315852
-0.324265
-0.332934
-0.343327
-0.351758
-0.36629
-0.31027
-0.316463
-0.322664
-0.328986
-0.335642
-0.342768
-0.351289
-0.359965
-0.3745
-0.0177911
-0.0182021
-0.0186069
-0.0190026
-0.0193872
-0.0197586
-0.0201145
-0.0204522
-0.0207687
-0.021061
-0.0213257
-0.0215594
-0.0217584
-0.0219191
-0.0220377
-0.0221105
-0.0221337
-0.0220996
-0.0220087
-0.0218569
-0.0216404
-0.0213559
-0.0210004
-0.020572
-0.0200681
-0.0194881
-0.0188304
-0.0180962
-0.0172844
-0.0163986
-0.0154376
-0.0144079
-0.0133072
-0.0121455
-0.0109175
-0.00963773
-0.0082955
-0.00691119
-0.00546488
-0.00398501
-0.00243671
-0.000856992
-0.0180854
-0.0185043
-0.0189137
-0.0193122
-0.0196991
-0.0200726
-0.0204303
-0.0207693
-0.0210863
-0.0213781
-0.0216413
-0.0218724
-0.0220678
-0.0222235
-0.0223357
-0.0224003
-0.0224128
-0.0223727
-0.0222732
-0.0221108
-0.0218822
-0.0215844
-0.0212147
-0.020771
-0.0202512
-0.0196549
-0.0189805
-0.0182296
-0.0174013
-0.0164993
-0.0155228
-0.0144785
-0.0133642
-0.0121903
-0.0109515
-0.00966268
-0.00831261
-0.0069226
-0.0054714
-0.00398896
-0.00243804
-0.000858066
-0.018648
-0.0190833
-0.0195022
-0.0199065
-0.0202979
-0.0206758
-0.0210374
-0.021379
-0.021697
-0.0219879
-0.0222484
-0.0224748
-0.0226635
-0.0228106
-0.022912
-0.0229637
-0.0229618
-0.0229031
-0.0227833
-0.0225987
-0.0223457
-0.0220216
-0.0216238
-0.0211506
-0.0206
-0.0199719
-0.0192653
-0.018482
-0.0176218
-0.0166887
-0.0156825
-0.0146102
-0.0134701
-0.012273
-0.0110136
-0.00970754
-0.00834313
-0.00694215
-0.00548256
-0.00399487
-0.00244023
-0.000859087
-0.0194687
-0.0199279
-0.0203605
-0.020773
-0.021171
-0.0215552
-0.0219221
-0.0222673
-0.0225864
-0.0228758
-0.0231319
-0.0233512
-0.0235297
-0.0236636
-0.0237486
-0.0237805
-0.0237555
-0.0236702
-0.0235206
-0.0233027
-0.0230135
-0.0226504
-0.0222111
-0.0216941
-0.0210981
-0.0204234
-0.0196695
-0.0188391
-0.0179323
-0.0169541
-0.0159047
-0.0147921
-0.0136149
-0.0123847
-0.0110963
-0.00976591
-0.00838162
-0.0069656
-0.00549495
-0.00400054
-0.00244176
-0.00085973
-0.02054
-0.0210305
-0.0214809
-0.0219037
-0.02231
-0.022702
-0.0230755
-0.0234249
-0.0237449
-0.0240316
-0.0242814
-0.0244905
-0.024655
-0.0247707
-0.0248333
-0.0248383
-0.024782
-0.024661
-0.0244712
-0.0242088
-0.0238712
-0.0234561
-0.0229615
-0.0223865
-0.0217304
-0.0209943
-0.0201784
-0.0192862
-0.0183187
-0.017282
-0.0161769
-0.0150125
-0.013788
-0.0125157
-0.0111909
-0.0098303
-0.00842177
-0.00698784
-0.0055046
-0.00400316
-0.0024409
-0.000859455
-0.0218595
-0.0223888
-0.0228609
-0.023296
-0.023712
-0.024113
-0.0244942
-0.0248481
-0.0251685
-0.025451
-0.0256918
-0.0258872
-0.0260329
-0.0261248
-0.0261581
-0.0261289
-0.0260323
-0.0258656
-0.0256243
-0.0253054
-0.0249064
-0.0244257
-0.0238616
-0.023214
-0.0224828
-0.0216702
-0.0207774
-0.0198089
-0.018767
-0.0176586
-0.0164859
-0.0152589
-0.0139777
-0.0126555
-0.0112881
-0.00989253
-0.00845665
-0.00700318
-0.0055071
-0.0039996
-0.00243577
-0.000857627
-0.0234295
-0.0240053
-0.0245029
-0.024952
-0.0253787
-0.02579
-0.0261794
-0.0265376
-0.0268573
-0.0271334
-0.0273622
-0.0275395
-0.0276612
-0.0277225
-0.0277183
-0.0276447
-0.027499
-0.0272758
-0.0269713
-0.026583
-0.0261089
-0.0255479
-0.0248991
-0.0241633
-0.0233415
-0.0224369
-0.021452
-0.0203927
-0.0192625
-0.0180698
-0.0168181
-0.0155184
-0.0141721
-0.0127932
-0.011378
-0.00994406
-0.00847902
-0.00700571
-0.00549786
-0.00398656
-0.0024244
-0.000853545
-0.0252552
-0.0258858
-0.0264127
-0.0268772
-0.0273157
-0.0277377
-0.0281357
-0.0284979
-0.0288152
-0.0290823
-0.0292949
-0.0294492
-0.0295406
-0.0295641
-0.0295141
-0.0293872
-0.0291801
-0.0288876
-0.028506
-0.0280338
-0.0274694
-0.0268123
-0.0260625
-0.025222
-0.0242931
-0.0232803
-0.0221877
-0.0210228
-0.0197905
-0.0185011
-0.0171594
-0.0157778
-0.0143589
-0.0129175
-0.0114506
-0.00997614
-0.00848148
-0.00698938
-0.00547222
-0.00396071
-0.00240479
-0.000846514
-0.0273457
-0.0280398
-0.0285997
-0.0290809
-0.0295316
-0.029965
-0.0303715
-0.0307365
-0.0310494
-0.0313038
-0.0314957
-0.0316207
-0.0316742
-0.0316505
-0.0315456
-0.0313546
-0.0310732
-0.0306968
-0.0302232
-0.0296511
-0.0289796
-0.0282089
-0.0273405
-0.0263776
-0.0253241
-0.0241862
-0.0229698
-0.0216841
-0.0203361
-0.0189378
-0.0174956
-0.0160237
-0.0145255
-0.0130171
-0.0114958
-0.00998007
-0.0084567
-0.00694824
-0.00542561
-0.0039188
-0.00237501
-0.000835852
-0.0297126
-0.0304795
-0.0310763
-0.0315752
-0.0320384
-0.0324831
-0.0328977
-0.0332641
-0.0335695
-0.0338071
-0.0339724
-0.0340613
-0.0340685
-0.0339877
-0.0338149
-0.0335464
-0.0331764
-0.0327009
-0.0321186
-0.0314289
-0.0306316
-0.0297284
-0.0287222
-0.0276178
-0.026421
-0.0251401
-0.0237831
-0.0223613
-0.0208839
-0.0193648
-0.0178125
-0.0162424
-0.0146596
-0.0130808
-0.0115038
-0.00994731
-0.00839759
-0.00687659
-0.00535366
-0.00385776
-0.00233324
-0.000820919
-0.0323706
-0.0332204
-0.033858
-0.0343754
-0.034851
-0.0353068
-0.0357284
-0.0360941
-0.0363885
-0.0366038
-0.0367357
-0.0367796
-0.03673
-0.0365813
-0.0363285
-0.0359668
-0.0354909
-0.0348984
-0.0341885
-0.0333613
-0.0324179
-0.0313613
-0.0301963
-0.0289299
-0.02757
-0.0261273
-0.0246122
-0.0230387
-0.0214182
-0.019767
-0.0180954
-0.0164206
-0.0147487
-0.0130974
-0.011465
-0.00986971
-0.00829742
-0.00676907
-0.00525235
-0.00377475
-0.00227782
-0.000801133
-0.0353368
-0.0362807
-0.0369632
-0.0374994
-0.037987
-0.0384531
-0.0388804
-0.0392424
-0.0395211
-0.0397079
-0.0397984
-0.0397882
-0.0396718
-0.0394387
-0.03909
-0.0386182
-0.0380181
-0.0372888
-0.0364302
-0.0354433
-0.0343308
-0.0330979
-0.0317514
-0.0303008
-0.0287566
-0.0271322
-0.0254412
-0.0237001
-0.0219232
-0.0201289
-0.0183298
-0.0165446
-0.0147808
-0.0130565
-0.0113701
-0.00973961
-0.00814998
-0.0066208
-0.00511806
-0.00366728
-0.00220731
-0.000775983
-0.0386312
-0.0396812
-0.0404128
-0.0409681
-0.0414667
-0.041942
-0.0423729
-0.0427276
-0.042985
-0.0431351
-0.0431733
-0.0430945
-0.0428923
-0.042567
-0.0421064
-0.041505
-0.0407602
-0.0398717
-0.0388406
-0.0376694
-0.0363628
-0.0349283
-0.0333754
-0.0317166
-0.0299656
-0.028139
-0.0262536
-0.024329
-0.0223825
-0.020435
-0.0185013
-0.0166015
-0.0147441
-0.0129477
-0.0112107
-0.00954997
-0.00794969
-0.0064275
-0.00494766
-0.00353322
-0.00212049
-0.000745041
-0.0422763
-0.0434459
-0.044231
-0.0448052
-0.0453135
-0.0457963
-0.0462283
-0.0465715
-0.0468011
-0.0469061
-0.0468819
-0.0467239
-0.0464256
-0.0459837
-0.0453887
-0.044635
-0.0437211
-0.0426479
-0.0414174
-0.0400342
-0.0385056
-0.0368418
-0.0350557
-0.033163
-0.0311813
-0.0291308
-0.0270321
-0.0249083
-0.0227797
-0.0206698
-0.0185955
-0.0165783
-0.0146276
-0.0127617
-0.0109789
-0.00929455
-0.0076917
-0.00618556
-0.0047386
-0.00337088
-0.00201643
-0.000707977
-0.0462975
-0.0476013
-0.0484446
-0.049037
-0.0495532
-0.0500413
-0.0504711
-0.0507974
-0.0509914
-0.0510409
-0.0509409
-0.0506863
-0.0502747
-0.0496971
-0.0489449
-0.048014
-0.0469043
-0.0456176
-0.0441578
-0.042532
-0.0407505
-0.0388272
-0.0367785
-0.0346245
-0.0323868
-0.0300902
-0.0277592
-0.0254206
-0.0230982
-0.0208178
-0.0185986
-0.0164629
-0.0144208
-0.0124898
-0.0106678
-0.00896797
-0.00737202
-0.0058921
-0.00448896
-0.00317903
-0.00189448
-0.00066456
-0.0507227
-0.0521769
-0.0530831
-0.0536928
-0.0542145
-0.0547052
-0.0551288
-0.0554321
-0.0555812
-0.0555624
-0.0553716
-0.0550057
-0.0544593
-0.0537218
-0.052786
-0.0516498
-0.0503138
-0.0487814
-0.0470588
-0.0451564
-0.0430882
-0.0408722
-0.0385294
-0.0360846
-0.0335646
-0.0309989
-0.0284165
-0.0258482
-0.0233212
-0.0208639
-0.0184971
-0.0162437
-0.014114
-0.0121244
-0.0102715
-0.00856585
-0.00698757
-0.00554507
-0.00419747
-0.00295694
-0.0017543
-0.000614663
-0.0555825
-0.057205
-0.058179
-0.0588045
-0.0593286
-0.0598186
-0.0602311
-0.060504
-0.0605984
-0.0604988
-0.0601992
-0.0597011
-0.0589957
-0.058072
-0.056924
-0.0555506
-0.0539541
-0.0521397
-0.0501171
-0.0479004
-0.0455082
-0.0429634
-0.0402925
-0.0375259
-0.034696
-0.0318377
-0.0289851
-0.0261731
-0.0234323
-0.0207932
-0.0182781
-0.01591
-0.0136988
-0.0116588
-0.0097851
-0.00808487
-0.00653625
-0.00514327
-0.00386355
-0.00270438
-0.00159586
-0.000558268
-0.0609105
-0.0627208
-0.0637679
-0.064407
-0.06493
-0.0654151
-0.065811
-0.0660443
-0.0660694
-0.0658709
-0.065449
-0.0647971
-0.0639051
-0.0627647
-0.0613715
-0.0597252
-0.0578295
-0.0556929
-0.0533289
-0.0507564
-0.0479993
-0.0450865
-0.0420509
-0.0389295
-0.0357613
-0.0325869
-0.0294458
-0.0263771
-0.0234148
-0.0205912
-0.0179296
-0.0154521
-0.0131676
-0.0110876
-0.00920508
-0.00752285
-0.00601697
-0.00468634
-0.00348733
-0.00242162
-0.00141944
-0.000495462
-0.0667428
-0.0687625
-0.0698877
-0.0705378
-0.071055
-0.0715304
-0.0719036
-0.0720897
-0.0720359
-0.0717205
-0.0711496
-0.0703161
-0.0692085
-0.0678186
-0.0661432
-0.0641834
-0.0619454
-0.0594415
-0.05669
-0.0537157
-0.0505489
-0.0472256
-0.0437863
-0.0402756
-0.0367396
-0.0332256
-0.0297787
-0.0264422
-0.023253
-0.0202446
-0.0174406
-0.0148615
-0.0125144
-0.0104068
-0.00852908
-0.0068788
-0.00542971
-0.00417484
-0.00306959
-0.00210945
-0.00122561
-0.000426435
-0.0731185
-0.0753711
-0.0765798
-0.0772374
-0.0777436
-0.0782034
-0.0785446
-0.0786677
-0.0785149
-0.0780732
-0.0773324
-0.0762869
-0.0749295
-0.0732528
-0.0712538
-0.0689354
-0.0663069
-0.0633855
-0.0601957
-0.0567688
-0.0531433
-0.0493635
-0.045479
-0.0415429
-0.0376094
-0.0337328
-0.029964
-0.0263503
-0.0229312
-0.0197405
-0.0168012
-0.014131
-0.0117344
-0.0096137
-0.00775609
-0.00615293
-0.00477547
-0.00361014
-0.00261182
-0.00176909
-0.00101524
-0.00035147
-0.0800788
-0.0825901
-0.0838877
-0.0845484
-0.0850379
-0.0854764
-0.0857802
-0.0858339
-0.0855682
-0.0849675
-0.0840265
-0.0827385
-0.0810952
-0.0790899
-0.0767207
-0.0739928
-0.07092
-0.0675253
-0.0638403
-0.0599051
-0.0557673
-0.0514817
-0.0471078
-0.0427087
-0.0383477
-0.0340864
-0.0299815
-0.0260838
-0.0224347
-0.0190673
-0.0160029
-0.0132549
-0.0108243
-0.00870713
-0.00688647
-0.00534663
-0.00405626
-0.00299446
-0.00211612
-0.00140224
-0.000789441
-0.000270941
-0.0876678
-0.0904657
-0.0918575
-0.0925164
-0.0929823
-0.0933923
-0.0936474
-0.0936151
-0.0932211
-0.0924415
-0.0912707
-0.0897039
-0.0877337
-0.0853534
-0.0825621
-0.0793682
-0.075791
-0.0718607
-0.0676179
-0.0631127
-0.0584045
-0.0535597
-0.04865
-0.0437494
-0.038931
-0.0342642
-0.0298112
-0.0256257
-0.0217499
-0.0182147
-0.0150385
-0.0122292
-0.00978261
-0.00768741
-0.00592193
-0.00446249
-0.00327506
-0.00233077
-0.00158514
-0.00101096
-0.000549565
-0.000185296
-0.0959311
-0.0990454
-0.100537
-0.101188
-0.101624
-0.101999
-0.102197
-0.102065
-0.101521
-0.100535
-0.0991022
-0.0972189
-0.0948771
-0.0920701
-0.0887987
-0.0850757
-0.080927
-0.0763917
-0.0715214
-0.0663787
-0.0610365
-0.0555755
-0.0500811
-0.0446396
-0.0393347
-0.0342435
-0.0294334
-0.0249598
-0.0208642
-0.017174
-0.0139029
-0.0110515
-0.00860932
-0.00655636
-0.00486551
-0.00350419
-0.00243576
-0.00162275
-0.00102207
-0.000597687
-0.000297161
-9.50496e-05
-0.104916
-0.108378
-0.109974
-0.110611
-0.111009
-0.111344
-0.111477
-0.111231
-0.110514
-0.109294
-0.107566
-0.105324
-0.10256
-0.0992694
-0.0954535
-0.0911309
-0.0863358
-0.0811184
-0.0755433
-0.0696886
-0.0636436
-0.0575054
-0.0513751
-0.045353
-0.0395336
-0.0340017
-0.0288288
-0.0240707
-0.0197665
-0.0159381
-0.0125924
-0.0097211
-0.00730616
-0.00531734
-0.00372153
-0.00247648
-0.00154307
-0.000874678
-0.000430525
-0.000165119
-3.394e-05
-7.69684e-07
-0.114669
-0.118514
-0.120218
-0.120834
-0.121186
-0.121471
-0.121532
-0.121164
-0.120255
-0.11877
-0.116707
-0.114061
-0.110823
-0.106984
-0.102553
-0.0975518
-0.0920266
-0.0860407
-0.0796752
-0.0730266
-0.0662039
-0.0593235
-0.0525045
-0.045862
-0.039502
-0.0335162
-0.0279791
-0.0229446
-0.0184476
-0.0145017
-0.0111055
-0.00823945
-0.00587655
-0.00397513
-0.00249551
-0.00138503
-0.000602398
-9.13568e-05
0.000185528
0.000283808
0.000238263
9.69384e-05
-0.125238
-0.129501
-0.131318
-0.131905
-0.132205
-0.132438
-0.132417
-0.131911
-0.130788
-0.129012
-0.126578
-0.12348
-0.119708
-0.115253
-0.110126
-0.104359
-0.0980097
-0.0911589
-0.0839077
-0.0763752
-0.0686936
-0.0610022
-0.05344
-0.0461381
-0.0392139
-0.0327651
-0.0268669
-0.0215693
-0.0168999
-0.0128618
-0.00944259
-0.00660969
-0.00432557
-0.0025359
-0.00119408
-0.000236346
0.000380234
0.000722001
0.00082185
0.000745999
0.000517527
0.000197443
-0.136669
-0.141384
-0.143319
-0.143871
-0.144115
-0.144293
-0.144185
-0.143528
-0.142174
-0.140079
-0.137236
-0.133636
-0.129267
-0.124119
-0.118207
-0.111576
-0.104297
-0.0964734
-0.0882306
-0.079715
-0.071087
-0.0625117
-0.0541505
-0.0461516
-0.0386432
-0.0317268
-0.0254762
-0.0199342
-0.0151181
-0.0110175
-0.00760631
-0.00483689
-0.00265988
-0.00100711
0.000175189
0.000962348
0.00139833
0.00155988
0.00147402
0.00121826
0.000801881
0.000300102
-0.149
-0.154206
-0.156261
-0.156772
-0.156959
-0.157085
-0.156891
-0.156079
-0.154479
-0.152037
-0.148745
-0.144591
-0.139556
-0.133631
-0.126837
-0.119229
-0.110903
-0.101985
-0.0926325
-0.0830249
-0.0733557
-0.06382
-0.0546038
-0.0458725
-0.0377639
-0.0303812
-0.0237929
-0.0180312
-0.0130994
-0.00897008
-0.00560132
-0.00292796
-0.000887657
0.000602637
0.00160387
0.00220328
0.00244504
0.00241656
0.00213751
0.00169736
0.00108934
0.000404271
-0.162268
-0.167999
-0.170177
-0.170642
-0.170775
-0.17087
-0.170593
-0.169626
-0.167767
-0.164956
-0.16118
-0.156417
-0.150642
-0.143847
-0.136059
-0.127352
-0.117844
-0.107695
-0.0971008
-0.0862814
-0.075469
-0.064893
-0.0547658
-0.0452701
-0.0365509
-0.0287093
-0.0218049
-0.0158544
-0.0108433
-0.00672346
-0.00343445
-0.000891573
0.000981583
0.00228376
0.00308287
0.00347828
0.00351329
0.00328624
0.00280779
0.00218009
0.00137795
0.000509316
-0.176496
-0.182788
-0.185092
-0.185507
-0.185588
-0.185639
-0.18533
-0.184225
-0.18211
-0.178917
-0.174622
-0.169196
-0.162603
-0.154836
-0.14593
-0.13598
-0.125138
-0.113604
-0.101622
-0.0894586
-0.0773936
-0.0656944
-0.0546016
-0.0443136
-0.0349797
-0.0266942
-0.0195024
-0.0134007
-0.00835192
-0.00428383
-0.00111456
0.00126198
0.0029371
0.00402584
0.0046026
0.00477889
0.00459592
0.00416313
0.00348038
0.00266333
0.00166579
0.000614626
-0.191701
-0.198584
-0.201019
-0.201394
-0.201452
-0.201518
-0.201178
-0.199954
-0.197594
-0.194012
-0.18917
-0.183024
-0.175529
-0.166675
-0.156511
-0.145158
-0.132809
-0.119716
-0.106179
-0.092528
-0.0790933
-0.0661858
-0.054075
-0.0429726
-0.0330274
-0.0243212
-0.0168786
-0.0106699
-0.00563039
-0.00165985
0.0013475
0.00352092
0.00496712
0.00581784
0.00615312
0.00609657
0.0056858
0.00504157
0.00415095
0.00314407
0.00195104
0.00071962
-0.20788
-0.215381
-0.21795
-0.2183
-0.218375
-0.218504
-0.218191
-0.216892
-0.214313
-0.210346
-0.204935
-0.198015
-0.189528
-0.17946
-0.167878
-0.154937
-0.140882
-0.126031
-0.110757
-0.0954581
-0.080529
-0.0663268
-0.0531491
-0.0412173
-0.030673
-0.0215782
-0.0139297
-0.00766471
-0.00268648
0.00113748
0.00393907
0.00587217
0.00705907
0.00764825
0.00772436
0.00742282
0.00677594
0.0059161
0.00481534
0.00361948
0.00223196
0.000823765
-0.22501
-0.233146
-0.235853
-0.236208
-0.236362
-0.236636
-0.236433
-0.235125
-0.232373
-0.228041
-0.222049
-0.214304
-0.204725
-0.1933
-0.180116
-0.165375
-0.149387
-0.132553
-0.115334
-0.098214
-0.0816587
-0.0660751
-0.051787
-0.0390192
-0.0278979
-0.0184563
-0.010655
-0.00439133
0.000469233
0.00409495
0.00664585
0.00830158
0.00919973
0.00950536
0.00930625
0.0087493
0.00785963
0.00678152
0.00546965
0.00408694
0.00250694
0.000926576
-0.243046
-0.251804
-0.254654
-0.255073
-0.255411
-0.255949
-0.255967
-0.254744
-0.251889
-0.247236
-0.240664
-0.232043
-0.221268
-0.208324
-0.193328
-0.176541
-0.158358
-0.139283
-0.119887
-0.100757
-0.0824373
-0.0653869
-0.0499518
-0.0363515
-0.0246865
-0.0149502
-0.00705776
-0.000859101
0.0038234
0.00719723
0.00945213
0.0107942
0.0113755
0.0113774
0.0108889
0.010068
0.00893048
0.007633
0.00611028
0.00454407
0.0027745
0.00102763
-0.261907
-0.271213
-0.274219
-0.274813
-0.275498
-0.276465
-0.27685
-0.275836
-0.272982
-0.268076
-0.260944
-0.251402
-0.239315
-0.224671
-0.207623
-0.188508
-0.167828
-0.146221
-0.124391
-0.103045
-0.0828162
-0.0642171
-0.0476076
-0.0331901
-0.0210267
-0.0110586
-0.003145
0.00291929
0.00736007
0.0104272
0.012341
0.0133343
0.0135728
0.0132527
0.0124628
0.0113713
0.00998256
0.0084661
0.00673396
0.00498874
0.0030333
0.0011266
-0.281383
-0.291098
-0.294309
-0.295277
-0.296549
-0.29816
-0.299097
-0.298457
-0.295747
-0.290692
-0.283041
-0.272543
-0.259027
-0.242481
-0.22311
-0.201344
-0.177828
-0.153359
-0.12881
-0.105028
-0.082744
-0.0625201
-0.04472
-0.0295145
-0.0169108
-0.00678454
0.00107217
0.00692773
0.0110607
0.0137658
0.0152946
0.0159061
0.0157777
0.0151201
0.0140188
0.0126522
0.0110105
0.00927688
0.0073378
0.00541915
0.00328216
0.00122322
-0.301128
-0.310965
-0.314525
-0.316213
-0.318393
-0.320891
-0.322608
-0.322563
-0.320198
-0.315142
-0.307046
-0.295578
-0.28052
-0.261864
-0.239872
-0.2151
-0.188365
-0.160674
-0.1331
-0.10665
-0.0821663
-0.0602512
-0.0412585
-0.0253087
-0.0123368
-0.00213658
0.00557811
0.0111466
0.0149044
0.0171929
0.0182943
0.0184933
0.017977
0.0169687
0.0155484
0.0139041
0.0120093
0.0100618
0.0079193
0.00583374
0.00352006
0.00131739
-0.320552
-0.330058
-0.334287
-0.337209
-0.340678
-0.344328
-0.347078
-0.347907
-0.346145
-0.341293
-0.332879
-0.320473
-0.303798
-0.28284
-0.257929
-0.229773
-0.199414
-0.168115
-0.137193
-0.107846
-0.0810244
-0.057367
-0.0371972
-0.0205638
-0.00730927
0.00287062
0.0103521
0.0155525
0.0188676
0.0206864
0.0213207
0.0210796
0.0201571
0.0187879
0.0170435
0.0151209
0.0129745
0.0108177
0.00847619
0.00623114
0.00374604
0.00140905
-0.338394
-0.347306
-0.352868
-0.357657
-0.362745
-0.367778
-0.371859
-0.373901
-0.373064
-0.368678
-0.360141
-0.346908
-0.328615
-0.305228
-0.277151
-0.245265
-0.210886
-0.175596
-0.141006
-0.108537
-0.079258
-0.0538277
-0.0325173
-0.0152794
-0.00184173
0.00821478
0.0153672
0.0201174
0.0229234
0.0242222
0.0243534
0.0236483
0.022305
0.0205676
0.0184965
0.0162972
0.0139022
0.0115419
0.00900668
0.00661031
0.00395932
0.0014982
-0.353129
-0.361505
-0.369501
-0.376766
-0.38364
-0.390179
-0.395906
-0.399518
-0.399958
-0.396368
-0.387995
-0.374152
-0.354356
-0.328524
-0.297127
-0.261254
-0.222543
-0.182949
-0.144428
-0.108653
-0.0768261
-0.0496159
-0.0272208
-0.00947228
0.00403898
0.013864
0.0205912
0.0248116
0.0270465
0.0277798
0.0273765
0.026188
0.024413
0.0223032
0.019905
0.0174318
0.0147923
0.0122345
0.00951125
0.0069716
0.00416031
0.00158547
-0.36343
-0.371632
-0.383027
-0.393113
-0.401985
-0.41009
-0.417888
-0.423398
-0.425479
-0.423109
-0.415336
-0.401265
-0.380245
-0.352096
-0.317329
-0.277267
-0.233953
-0.189797
-0.147155
-0.10798
-0.0735946
-0.044662
-0.0212829
-0.00314415
0.0103188
0.0198007
0.0260076
0.0296228
0.0312288
0.0313551
0.0303887
0.028699
0.0264824
0.0239966
0.0212712
0.0185271
0.0156469
0.0128973
0.00999137
0.00731604
0.00434969
0.00167255
-0.367569
-0.377247
-0.391688
-0.404449
-0.415873
-0.427086
-0.436514
-0.444028
-0.447919
-0.447164
-0.440545
-0.426884
-0.405292
-0.375393
-0.337642
-0.293553
-0.245583
-0.196663
-0.149647
-0.106851
-0.0697687
-0.0390626
-0.0147336
0.00370107
0.0169917
0.0260023
0.0315736
0.0344912
0.0354013
0.0348763
0.03332
0.0311169
0.0284552
0.0255977
0.0225518
0.019548
0.016437
0.0135093
0.0104299
0.00763388
0.00451902
0.00175858
-0.384537
-0.38955
-0.399162
-0.411122
-0.422954
-0.434515
-0.444857
-0.453825
-0.458223
-0.457984
-0.451858
-0.438508
-0.416895
-0.386453
-0.347488
-0.301512
-0.251149
-0.199599
-0.150046
-0.105094
-0.0663919
-0.0346456
-0.00980961
0.0087084
0.0217813
0.0303889
0.0354586
0.0378448
0.0382403
0.0372493
0.0352796
0.0327263
0.0297613
0.0266563
0.0233925
0.0202202
0.0169526
0.0139152
0.0107159
0.00785055
0.00462546
0.00182156
-0.387091
-0.396471
-0.406863
-0.419982
-0.433032
-0.445394
-0.45579
-0.464321
-0.468681
-0.468019
-0.461011
-0.446337
-0.422912
-0.390165
-0.348532
-0.299824
-0.247019
-0.19357
-0.142781
-0.0972433
-0.0585221
-0.0271914
-0.00304476
0.0146494
0.0268664
0.034655
0.0389835
0.0407269
0.0405713
0.0391193
0.03677
0.033911
0.0306982
0.0273973
0.0239723
0.020675
0.0172991
0.0141824
0.0109042
0.00798935
0.00469403
0.00186256
-0.391109
-0.403192
-0.414676
-0.428533
-0.442308
-0.455116
-0.46671
-0.474154
-0.477972
-0.476432
-0.468157
-0.451782
-0.426127
-0.390605
-0.345839
-0.294042
-0.238622
-0.183364
-0.131734
-0.0862228
-0.0481697
-0.0178995
0.00501178
0.0214515
0.0324925
0.0392353
0.0426688
0.0436634
0.0428933
0.0409481
0.0382072
0.0350397
0.0315836
0.0280919
0.0245137
0.0210966
0.0176199
0.0144271
0.0110772
0.00811461
0.00475728
0.00190002
-0.396091
-0.409892
-0.422328
-0.436716
-0.450955
-0.463943
-0.475009
-0.482474
-0.485637
-0.483193
-0.473739
-0.455853
-0.428265
-0.390343
-0.342836
-0.288283
-0.230493
-0.173626
-0.12127
-0.0758175
-0.0384017
-0.00912018
0.0126436
0.0279155
0.0378571
0.043617
0.0462024
0.0464822
0.0451288
0.0427149
0.0396003
0.0361374
0.0324469
0.0287706
0.0250434
0.021509
0.0179336
0.0146662
0.0112461
0.00823693
0.00481958
0.00193667
-0.40151
-0.416582
-0.42994
-0.44476
-0.459252
-0.472204
-0.482829
-0.489771
-0.492166
-0.488692
-0.47797
-0.458546
-0.429072
-0.388879
-0.338836
-0.281772
-0.221896
-0.163706
-0.110853
-0.0656081
-0.0289013
-0.000623915
0.020011
0.0341507
0.0430335
0.0478488
0.049619
0.0492149
0.0473015
0.0444355
0.0409589
0.0372089
0.03329
0.0294334
0.0255601
0.021911
0.0182387
0.0148984
0.0114097
0.00835545
0.00487997
0.00197228
-0.407469
-0.42337
-0.437485
-0.452569
-0.467084
-0.479797
-0.48987
-0.496091
-0.497528
-0.492855
-0.480722
-0.459657
-0.428251
-0.385817
-0.333345
-0.273935
-0.212227
-0.15299
-0.0999002
-0.0550786
-0.0192447
0.00791566
0.0273516
0.0403211
0.0481291
0.051998
0.0529591
0.0518818
0.0494187
0.0461096
0.0422792
0.038249
0.0341075
0.0300751
0.0260596
0.0222986
0.0185322
0.0151211
0.0115662
0.00846868
0.00493767
0.00200653
-0.413873
-0.430173
-0.444802
-0.459971
-0.474304
-0.486593
-0.495963
-0.501294
-0.501597
-0.495574
-0.481906
-0.459105
-0.425734
-0.381118
-0.326348
-0.26484
-0.201601
-0.141608
-0.0885265
-0.0443217
-0.00950087
0.0164491
0.0346301
0.0464011
0.0531246
0.056049
0.0562091
0.05447
0.0514691
0.0477283
0.0435542
0.0392524
0.0348954
0.0306928
0.0265395
0.0226702
0.018813
0.0153335
0.0117151
0.00857622
0.00499251
0.00203937
-0.420472
-0.436763
-0.451649
-0.466738
-0.480713
-0.492419
-0.500953
-0.505251
-0.504269
-0.496779
-0.481469
-0.456854
-0.4215
-0.374755
-0.317887
-0.254603
-0.190188
-0.129757
-0.0769339
-0.0335216
0.000175073
0.0248531
0.0417527
0.0523212
0.0579694
0.059965
0.059343
0.0569613
0.0534402
0.049283
0.044778
0.040215
0.0356508
0.0312843
0.0269984
0.0230248
0.0190802
0.0155351
0.0118562
0.0086779
0.00504442
0.00207075
-0.426865
-0.442816
-0.45773
-0.472595
-0.486067
-0.49706
-0.504652
-0.507842
-0.505439
-0.496396
-0.479373
-0.452884
-0.415524
-0.366739
-0.308023
-0.24332
-0.17811
-0.117574
-0.0652582
-0.0228018
0.00967721
0.033041
0.0486506
0.0580285
0.0626234
0.0637163
0.0623394
0.0593403
0.0553208
0.0507654
0.0459446
0.0411324
0.0363703
0.0318472
0.0274345
0.0233609
0.019333
0.0157253
0.011989
0.00877342
0.00509322
0.00210058
-0.432554
-0.447966
-0.462744
-0.477256
-0.490114
-0.500297
-0.506871
-0.508892
-0.505009
-0.494377
-0.475588
-0.447184
-0.40785
-0.357161
-0.296887
-0.231143
-0.165526
-0.105213
-0.0536394
-0.0122824
0.0189074
0.0409348
0.055263
0.0634758
0.067051
0.0672758
0.0651784
0.061592
0.0570996
0.0521672
0.0470477
0.0419998
0.0370504
0.0323788
0.0278456
0.0236771
0.0195702
0.0159033
0.012113
0.00886248
0.00513877
0.00212874
-0.437075
-0.45186
-0.46642
-0.48047
-0.492639
-0.501951
-0.507465
-0.508287
-0.502922
-0.490691
-0.47012
-0.43981
-0.398596
-0.346185
-0.284681
-0.218284
-0.152646
-0.0928679
-0.042247
-0.0021035
0.0277536
0.048447
0.0615228
0.0686122
0.0712137
0.0706152
0.0678384
0.0637002
0.0587645
0.0534794
0.0480806
0.0428122
0.0376873
0.032876
0.0282297
0.0239718
0.0197908
0.0160684
0.0122279
0.00894476
0.00518087
0.00215509
-0.440209
-0.45419
-0.468543
-0.482067
-0.49352
-0.501953
-0.506381
-0.506029
-0.499187
-0.485391
-0.463057
-0.430902
-0.387971
-0.334039
-0.271683
-0.205018
-0.139724
-0.0807621
-0.0312681
0.0075831
0.0360959
0.055485
0.0673593
0.0733845
0.0750714
0.0737048
0.0702975
0.0656484
0.0603033
0.0546927
0.0490364
0.0435643
0.0382769
0.033336
0.0285844
0.0242434
0.0199937
0.0162197
0.012333
0.00901994
0.00521938
0.00217948
-0.441617
-0.454902
-0.46903
-0.481997
-0.49272
-0.500272
-0.503607
-0.501467
-0.493887
-0.478637
-0.454651
-0.420822
-0.376375
-0.321014
-0.258238
-0.191668
-0.127047
-0.0691365
-0.0208978
0.0166235
0.0438148
0.061957
0.0727031
0.0777404
0.0785852
0.076516
0.072534
0.0674206
0.0617039
0.0557982
0.0499082
0.0442508
0.0388152
0.0337555
0.0289074
0.0244902
0.0201776
0.0163566
0.0124279
0.00908771
0.00525412
0.00220175
-0.440791
-0.454202
-0.46796
-0.480349
-0.490387
-0.497125
-0.499541
-0.496507
-0.487408
-0.470671
-0.445093
-0.409653
-0.363841
-0.307986
-0.244886
-0.178605
-0.114926
-0.0582445
-0.0113322
0.0248679
0.0507963
0.0677772
0.0774898
0.0816319
0.0817196
0.0790222
0.0745281
0.0690016
0.0629548
0.056787
0.0506892
0.0448664
0.039298
0.0341316
0.0291966
0.0247106
0.0203416
0.0164784
0.0125122
0.00914779
0.00528493
0.00222174
-0.438791
-0.452153
-0.465555
-0.477405
-0.486818
-0.492824
-0.494442
-0.490553
-0.480093
-0.461972
-0.434965
-0.398148
-0.351163
-0.29476
-0.231881
-0.166449
-0.103687
-0.0483402
-0.00276042
0.0321776
0.056938
0.0728697
0.0816634
0.085018
0.084444
0.0812005
0.0762624
0.0703783
0.0640459
0.0576511
0.0513728
0.045406
0.0397213
0.034461
0.0294496
0.024903
0.0204846
0.0165843
0.0125855
0.00919988
0.00531166
0.00223926
-0.435908
-0.449159
-0.462224
-0.473595
-0.482455
-0.487823
-0.488725
-0.483975
-0.472409
-0.453081
-0.424845
-0.386895
-0.339051
-0.282345
-0.219704
-0.155258
-0.0937839
-0.0396665
0.00464731
0.0384322
0.0621543
0.0771734
0.0851798
0.0878665
0.0867347
0.083033
0.0777229
0.0715396
0.0649681
0.0583831
0.0519531
0.0458646
0.0400812
0.0347409
0.0296642
0.025066
0.0206054
0.0166736
0.0126472
0.00924373
0.00533418
0.00225416
-0.43261
-0.445753
-0.458504
-0.46947
-0.477866
-0.482701
-0.482983
-0.477453
-0.464995
-0.44467
-0.41543
-0.376592
-0.328162
-0.271382
-0.209129
-0.145561
-0.0853811
-0.032442
0.0107506
0.043535
0.0663806
0.0806447
0.0880088
0.0901558
0.0885757
0.084507
0.0788995
0.072477
0.0657142
0.0589767
0.0524246
0.0462377
0.0403741
0.0349686
0.0298387
0.0251982
0.0207033
0.0167459
0.0126971
0.00927911
0.00535236
0.00226628
-0.429464
-0.442513
-0.454997
-0.465644
-0.473675
-0.4781
-0.477878
-0.471721
-0.458569
-0.437477
-0.407478
-0.367994
-0.319188
-0.262456
-0.200665
-0.137908
-0.0787114
-0.026859
0.0154367
0.0474162
0.0695742
0.0832577
0.090134
0.0918745
0.0899584
0.0856154
0.0797857
0.0731844
0.0662785
0.0594266
0.0527827
0.0465214
0.0405969
0.0351416
0.0299711
0.0252985
0.0207775
0.0168005
0.0127348
0.00930582
0.00536608
0.0022755
-0.42701
-0.439991
-0.452275
-0.462701
-0.470481
-0.474624
-0.474048
-0.467456
-0.453819
-0.432208
-0.401701
-0.3618
-0.312781
-0.256132
-0.19473
-0.132614
-0.0741467
-0.0230131
0.0186165
0.0500275
0.0717114
0.0850011
0.0915499
0.0930192
0.0908798
0.0863548
0.0803778
0.0736579
0.066657
0.0597289
0.0530236
0.0467124
0.0407469
0.0352582
0.0300602
0.0253659
0.0208273
0.0168372
0.01276
0.00932372
0.00537529
0.00228171
-0.425671
-0.438614
-0.450792
-0.461105
-0.468757
-0.472755
-0.471997
-0.465182
-0.451294
-0.429419
-0.398658
-0.358554
-0.30944
-0.25285
-0.191666
-0.129898
-0.0718288
-0.0210506
0.0202232
0.05134
0.072782
0.0858727
0.0922571
0.0935909
0.0913402
0.0867246
0.0806743
0.0738952
0.0668469
0.0598808
0.0531448
0.0468086
0.0408225
0.0353168
0.030105
0.0253998
0.0208523
0.0168556
0.0127727
0.0093327
0.0053799
0.00228484
)
;

boundaryField
{
    inlet
    {
        type            zeroGradient;
    }
    outlet
    {
        type            fixedValue;
        value           uniform 0;
    }
    cylinder
    {
        type            zeroGradient;
    }
    top
    {
        type            symmetryPlane;
    }
    bottom
    {
        type            symmetryPlane;
    }
    defaultFaces
    {
        type            empty;
    }
    procBoundary1to0
    {
        type            processor;
        value           nonuniform List<scalar> 
133
(
-0.374308
-0.374308
-0.375813
-0.377445
-0.377138
-0.377138
-0.379498
-0.378483
-0.378483
-0.376246
-0.376246
-0.37954
-0.377173
-0.377173
-0.374848
-0.374848
-0.371251
-0.371251
-0.363942
-0.363942
-0.348648
-0.348648
-0.328411
-0.328411
-0.345662
-0.328377
-0.328377
-0.363719
-0.363924
-0.363924
-0.371239
-0.371239
-0.374839
-0.374839
-0.377165
-0.377165
-0.379532
-0.376237
-0.376237
-0.378475
-0.378475
-0.379488
-0.377128
-0.377128
-0.377433
-0.3758
-0.3758
-0.304044
-0.286642
-0.269317
-0.252396
-0.23582
-0.219899
-0.204797
-0.190442
-0.176841
-0.164036
-0.152005
-0.140714
-0.130144
-0.120267
-0.111049
-0.102458
-0.094462
-0.0870284
-0.0801253
-0.0737218
-0.0677884
-0.0639417
-0.0639417
-0.0587019
-0.0538671
-0.0494119
-0.0453127
-0.0415476
-0.0380961
-0.0349391
-0.0320596
-0.0294417
-0.0270714
-0.0249363
-0.0230256
-0.0213303
-0.0198433
-0.0185594
-0.0174761
-0.0165924
-0.0159128
-0.0154425
-0.0151909
-0.0151855
-0.0154371
-0.0159074
-0.016587
-0.0174706
-0.0185538
-0.0198376
-0.0213245
-0.0230197
-0.0249302
-0.0270651
-0.0294352
-0.0320528
-0.0320528
-0.0341343
-0.0372056
-0.0405613
-0.0442194
-0.0481995
-0.0525222
-0.0572098
-0.0622865
-0.0677777
-0.0737104
-0.0801129
-0.0870152
-0.0944478
-0.102443
-0.111032
-0.120249
-0.130125
-0.140693
-0.151982
-0.164012
-0.176814
-0.190413
-0.204765
-0.219865
-0.235782
-0.252355
-0.269276
-0.286601
-0.304006
)
;
    }
}


// ************************************************************************* //
