/*--------------------------------*- C++ -*----------------------------------*\
  =========                 |
  \\      /  F ield         | OpenFOAM: The Open Source CFD Toolbox
   \\    /   O peration     | Website:  https://openfoam.org
    \\  /    A nd           | Version:  7
     \\/     M anipulation  |
\*---------------------------------------------------------------------------*/
FoamFile
{
    version     2.0;
    format      ascii;
    class       volScalarField;
    location    "20";
    object      p;
}
// * * * * * * * * * * * * * * * * * * * * * * * * * * * * * * * * * * * * * //

dimensions      [0 2 -2 0 0 0 0];

internalField   nonuniform List<scalar> 
6386
(
-0.282978
-0.288521
-0.290465
-0.290919
-0.290109
-0.288107
-0.285076
-0.281173
-0.276514
-0.271026
-0.283718
-0.289139
-0.291004
-0.291385
-0.290509
-0.288446
-0.285358
-0.281409
-0.276705
-0.271096
-0.285193
-0.29037
-0.292077
-0.292315
-0.291304
-0.28912
-0.285918
-0.281875
-0.277084
-0.271228
-0.287394
-0.292208
-0.293679
-0.293701
-0.292489
-0.29012
-0.286747
-0.282561
-0.27764
-0.271403
-0.290303
-0.294639
-0.295797
-0.295531
-0.294052
-0.291437
-0.287833
-0.283454
-0.278362
-0.271583
-0.293902
-0.297648
-0.298416
-0.297793
-0.295979
-0.293056
-0.289161
-0.284537
-0.279244
-0.271705
-0.298169
-0.301216
-0.301522
-0.30047
-0.298256
-0.294961
-0.290714
-0.285792
-0.28028
-0.271832
-0.303079
-0.305325
-0.305095
-0.303547
-0.300865
-0.297137
-0.292476
-0.287194
-0.281301
-0.272013
-0.308607
-0.309951
-0.309117
-0.307004
-0.303791
-0.299566
-0.29443
-0.288732
-0.282418
-0.272045
-0.314725
-0.315075
-0.313566
-0.310825
-0.307017
-0.302236
-0.296561
-0.290388
-0.283607
-0.271899
-0.32141
-0.320673
-0.318424
-0.314993
-0.31053
-0.305135
-0.298862
-0.292148
-0.284839
-0.271556
-0.328635
-0.32672
-0.323673
-0.319491
-0.314318
-0.308255
-0.301326
-0.294009
-0.286101
-0.270984
-0.336374
-0.333198
-0.329292
-0.324305
-0.318372
-0.311594
-0.303958
-0.295976
-0.287396
-0.270108
-0.344602
-0.340082
-0.335261
-0.329421
-0.322685
-0.315153
-0.306769
-0.298069
-0.288733
-0.268973
-0.353291
-0.347348
-0.341564
-0.334828
-0.327252
-0.318938
-0.30978
-0.300321
-0.290139
-0.267566
-0.354971
-0.348179
-0.340513
-0.332073
-0.32296
-0.313021
-0.302788
-0.291676
-0.265996
-0.362924
-0.355087
-0.346463
-0.337144
-0.327233
-0.316529
-0.30554
-0.293388
-0.264367
-0.371174
-0.362263
-0.352666
-0.342463
-0.331771
-0.320361
-0.308663
-0.29517
-0.262479
-0.369683
-0.359103
-0.348026
-0.336595
-0.324607
-0.312351
-0.297211
-0.26127
-0.377315
-0.365751
-0.353815
-0.34171
-0.329341
-0.316925
-0.301656
-0.270223
-0.372578
-0.359798
-0.347059
-0.334432
-0.322227
-0.310539
-0.30852
-0.365923
-0.352534
-0.33957
-0.327318
-0.316506
-0.321152
-0.372146
-0.358065
-0.344609
-0.331947
-0.320527
-0.325447
-0.363615
-0.349539
-0.336253
-0.323924
-0.327624
-0.354344
-0.340268
-0.326858
-0.328298
-0.343952
-0.329275
-0.327838
-0.331165
-0.326569
-0.32466
-0.332529
-0.324659
-0.331175
-0.326571
-0.343976
-0.329285
-0.327843
-0.354378
-0.340291
-0.326868
-0.328305
-0.363656
-0.34957
-0.336274
-0.323934
-0.327633
-0.372193
-0.358103
-0.344637
-0.331966
-0.320537
-0.325457
-0.365966
-0.352569
-0.339596
-0.327335
-0.316515
-0.321162
-0.372625
-0.359837
-0.34709
-0.334456
-0.322242
-0.310546
-0.308527
-0.377364
-0.365793
-0.353851
-0.341738
-0.329362
-0.316939
-0.301662
-0.270216
-0.369727
-0.359141
-0.348058
-0.336621
-0.324626
-0.312363
-0.297216
-0.26126
-0.371218
-0.362303
-0.352701
-0.342493
-0.331795
-0.320378
-0.308675
-0.295175
-0.26247
-0.362963
-0.355123
-0.346495
-0.337171
-0.327254
-0.316545
-0.30555
-0.293393
-0.26436
-0.362449
-0.355007
-0.348212
-0.340541
-0.332097
-0.32298
-0.313035
-0.302798
-0.291681
-0.265991
-0.353325
-0.34738
-0.341593
-0.334854
-0.327275
-0.318956
-0.309794
-0.30033
-0.290144
-0.267562
-0.344632
-0.34011
-0.335288
-0.329444
-0.322705
-0.315169
-0.306782
-0.298077
-0.288737
-0.26897
-0.336401
-0.333223
-0.329315
-0.324326
-0.31839
-0.311609
-0.303969
-0.295983
-0.2874
-0.270105
-0.328659
-0.326743
-0.323694
-0.319509
-0.314335
-0.308268
-0.301336
-0.294016
-0.286106
-0.270984
-0.321431
-0.320693
-0.318443
-0.315009
-0.310545
-0.305147
-0.298871
-0.292155
-0.284843
-0.271556
-0.314744
-0.315093
-0.313583
-0.31084
-0.30703
-0.302246
-0.29657
-0.290394
-0.283611
-0.2719
-0.308623
-0.309967
-0.309131
-0.307017
-0.303802
-0.299575
-0.294437
-0.288738
-0.282422
-0.272047
-0.303093
-0.305338
-0.305108
-0.303558
-0.300875
-0.297145
-0.292483
-0.287199
-0.281304
-0.272014
-0.298181
-0.301227
-0.301533
-0.30048
-0.298264
-0.294969
-0.29072
-0.285796
-0.280283
-0.271834
-0.293912
-0.297657
-0.298425
-0.297801
-0.295986
-0.293062
-0.289166
-0.28454
-0.279247
-0.271707
-0.290311
-0.294646
-0.295804
-0.295537
-0.294058
-0.291442
-0.287837
-0.283457
-0.278364
-0.271584
-0.2874
-0.292214
-0.293684
-0.293706
-0.292494
-0.290124
-0.28675
-0.282564
-0.277642
-0.271404
-0.285198
-0.290375
-0.292081
-0.292319
-0.291308
-0.289122
-0.28592
-0.281877
-0.277085
-0.271228
-0.28372
-0.289141
-0.291006
-0.291388
-0.29051
-0.288447
-0.285359
-0.28141
-0.276706
-0.271096
-0.282978
-0.288522
-0.290466
-0.29092
-0.29011
-0.288108
-0.285076
-0.281174
-0.276514
-0.271026
-0.266515
-0.26155
-0.255979
-0.249923
-0.243311
-0.236205
-0.228651
-0.220698
-0.212402
-0.203822
-0.195017
-0.186046
-0.176966
-0.167832
-0.158695
-0.1496
-0.140591
-0.131705
-0.122978
-0.114439
-0.106115
-0.098028
-0.090199
-0.0826439
-0.0753762
-0.0684065
-0.0617436
-0.0553911
-0.0493578
-0.0436326
-0.0382427
-0.0331262
-0.0284041
-0.023817
-0.019864
-0.015555
-0.0127519
-0.00795441
-0.00755065
4.07631e-06
-0.00573351
0.0110343
-0.266917
-0.261869
-0.256249
-0.250167
-0.243533
-0.236407
-0.228836
-0.22087
-0.212562
-0.203971
-0.195156
-0.186177
-0.17709
-0.167949
-0.158805
-0.149704
-0.140688
-0.131797
-0.123064
-0.114519
-0.106189
-0.0980967
-0.0902624
-0.0827021
-0.0754295
-0.068455
-0.0617877
-0.0554309
-0.0493936
-0.0436647
-0.0382713
-0.0331516
-0.0284266
-0.0238369
-0.0198811
-0.0155706
-0.0127638
-0.00796797
-0.00755603
-1.2429e-05
-0.00572676
0.0110006
-0.267718
-0.262501
-0.256786
-0.250653
-0.243972
-0.236806
-0.229203
-0.221209
-0.212877
-0.204265
-0.195433
-0.186437
-0.177335
-0.168181
-0.159024
-0.14991
-0.140883
-0.131979
-0.123234
-0.114678
-0.106337
-0.0982338
-0.0903888
-0.0828183
-0.0755359
-0.068552
-0.0618757
-0.0555105
-0.0494653
-0.0437289
-0.0383286
-0.0332025
-0.0284714
-0.0238766
-0.0199151
-0.0156019
-0.0127875
-0.00799503
-0.00756673
-4.53566e-05
-0.00571325
0.0109332
-0.268908
-0.263434
-0.257577
-0.251369
-0.24462
-0.237395
-0.229744
-0.221708
-0.213341
-0.2047
-0.195841
-0.186822
-0.177699
-0.168525
-0.159349
-0.150217
-0.141172
-0.132251
-0.123489
-0.114915
-0.106558
-0.0984384
-0.0905777
-0.0829919
-0.0756949
-0.068697
-0.0620074
-0.0556295
-0.0495724
-0.0438249
-0.0384143
-0.0332787
-0.0285385
-0.0239361
-0.019966
-0.0156487
-0.012823
-0.00803553
-0.00758272
-9.45827e-05
-0.0056931
0.0108327
-0.270501
-0.264652
-0.258607
-0.252305
-0.245462
-0.238161
-0.230446
-0.222358
-0.213946
-0.205267
-0.196375
-0.187327
-0.178177
-0.168977
-0.159777
-0.150621
-0.141553
-0.132609
-0.123825
-0.115229
-0.10685
-0.0987095
-0.090828
-0.0832222
-0.0759058
-0.0688893
-0.0621821
-0.0557875
-0.0497147
-0.0439525
-0.038528
-0.0333798
-0.0286276
-0.0240152
-0.0200336
-0.0157108
-0.01287
-0.00808933
-0.00760395
-0.000159921
-0.00566646
0.0106997
-0.272527
-0.266115
-0.259853
-0.253441
-0.246481
-0.239085
-0.231296
-0.223144
-0.21468
-0.205956
-0.197025
-0.187942
-0.178761
-0.169531
-0.160303
-0.151119
-0.142023
-0.133052
-0.124241
-0.115618
-0.107212
-0.0990454
-0.0911385
-0.0835078
-0.0761675
-0.0691282
-0.0623991
-0.0559838
-0.0498915
-0.044111
-0.0386694
-0.0335056
-0.0287384
-0.0241135
-0.0201177
-0.0157881
-0.0129285
-0.00815628
-0.00763036
-0.000241126
-0.00563356
0.0105351
-0.274736
-0.267843
-0.261292
-0.254749
-0.247661
-0.240153
-0.232275
-0.224051
-0.215528
-0.206754
-0.197781
-0.18866
-0.179444
-0.170182
-0.160921
-0.151706
-0.142579
-0.133576
-0.124733
-0.116079
-0.107642
-0.0994444
-0.0915074
-0.0838476
-0.076479
-0.0694125
-0.0626575
-0.0562176
-0.0501021
-0.0442998
-0.0388379
-0.0336554
-0.0288704
-0.0242307
-0.0202178
-0.0158803
-0.0129983
-0.00823618
-0.00766188
-0.000337894
-0.00559467
0.0103399
-0.277191
-0.269818
-0.262899
-0.25621
-0.248975
-0.24134
-0.233363
-0.225061
-0.216474
-0.207648
-0.198631
-0.189471
-0.180218
-0.17092
-0.161625
-0.152376
-0.143214
-0.134177
-0.125298
-0.116609
-0.108136
-0.0999043
-0.091933
-0.0842397
-0.0768387
-0.069741
-0.0629561
-0.0564879
-0.0503456
-0.0445183
-0.0390329
-0.0338288
-0.0290232
-0.0243664
-0.0203338
-0.0159871
-0.013079
-0.0083288
-0.00769843
-0.000449862
-0.00555007
0.0101154
-0.27997
-0.272327
-0.264688
-0.257801
-0.250399
-0.242622
-0.23454
-0.226155
-0.217503
-0.208624
-0.199562
-0.190362
-0.181072
-0.171739
-0.162409
-0.153123
-0.143925
-0.134849
-0.125932
-0.117205
-0.108693
-0.100422
-0.092413
-0.0846823
-0.077245
-0.0701122
-0.0632938
-0.0567937
-0.0506212
-0.0447655
-0.0392535
-0.0340252
-0.0291961
-0.02452
-0.020465
-0.0161082
-0.0131704
-0.00843386
-0.0077399
-0.000576616
-0.00550009
0.00986286
-0.282978
-0.274645
-0.26656
-0.259493
-0.251903
-0.243975
-0.235782
-0.227313
-0.218596
-0.209666
-0.200561
-0.191323
-0.181998
-0.17263
-0.163264
-0.153942
-0.144705
-0.13559
-0.126632
-0.117863
-0.109309
-0.100996
-0.0929451
-0.0851734
-0.077696
-0.0705246
-0.0636691
-0.0571336
-0.0509276
-0.0450405
-0.039499
-0.0342436
-0.0293886
-0.0246911
-0.0206111
-0.0162431
-0.0132722
-0.00855105
-0.00778618
-0.000717688
-0.00544509
0.0095839
-0.28626
-0.277191
-0.268538
-0.261252
-0.25346
-0.245372
-0.237066
-0.228514
-0.219736
-0.210758
-0.201614
-0.192343
-0.182985
-0.173584
-0.164183
-0.154824
-0.145548
-0.136393
-0.127392
-0.118579
-0.109981
-0.101623
-0.0935267
-0.0857106
-0.0781899
-0.0709764
-0.0640804
-0.0575063
-0.0512637
-0.0453422
-0.0397683
-0.0344835
-0.0295999
-0.0248791
-0.0207716
-0.0163914
-0.0133841
-0.00868002
-0.00783714
-0.000872561
-0.00538541
0.0092801
-0.289756
-0.27989
-0.270572
-0.263043
-0.255037
-0.246787
-0.238369
-0.229739
-0.220905
-0.211886
-0.20271
-0.193409
-0.184022
-0.174591
-0.165158
-0.155764
-0.14645
-0.137253
-0.128209
-0.11935
-0.110705
-0.102299
-0.094155
-0.0862915
-0.0787243
-0.0714656
-0.064526
-0.0579102
-0.0516281
-0.0456694
-0.0400605
-0.0347437
-0.0298291
-0.0250832
-0.0209457
-0.0165527
-0.0135055
-0.00882037
-0.00789267
-0.00104067
-0.00532145
0.00895318
-0.292861
-0.282599
-0.272614
-0.264826
-0.256602
-0.248192
-0.23967
-0.230969
-0.222088
-0.213036
-0.203834
-0.19451
-0.185101
-0.175644
-0.166182
-0.156755
-0.147403
-0.138165
-0.129077
-0.120171
-0.111477
-0.103021
-0.0948273
-0.0869137
-0.0792972
-0.0719903
-0.0650043
-0.058344
-0.0520195
-0.046021
-0.0403746
-0.0350235
-0.0300756
-0.0253027
-0.021133
-0.0167264
-0.0136362
-0.0089717
-0.00795264
-0.00122141
-0.00525358
0.00860489
-0.296429
-0.285359
-0.274621
-0.266564
-0.258123
-0.249564
-0.240947
-0.232187
-0.22327
-0.214195
-0.204976
-0.195638
-0.186212
-0.176735
-0.167247
-0.157789
-0.148402
-0.139124
-0.129991
-0.121038
-0.112294
-0.103787
-0.0955408
-0.0875748
-0.0799064
-0.0725488
-0.0655135
-0.058806
-0.0524366
-0.0463958
-0.0407093
-0.0353219
-0.0303384
-0.025537
-0.0213328
-0.016912
-0.0137756
-0.00913356
-0.00801691
-0.00141415
-0.00518216
0.00823698
-0.299821
-0.28802
-0.27655
-0.268212
-0.259563
-0.250874
-0.242181
-0.233376
-0.224436
-0.21535
-0.206125
-0.196781
-0.187345
-0.177854
-0.168346
-0.158861
-0.149441
-0.140124
-0.130948
-0.121947
-0.113152
-0.104592
-0.0962919
-0.0882714
-0.0805488
-0.073138
-0.0660512
-0.059294
-0.0528772
-0.0467918
-0.0410631
-0.0356373
-0.0306163
-0.025785
-0.0215441
-0.0171087
-0.0139232
-0.00930538
-0.00808517
-0.00161825
-0.00510735
0.00785116
-0.302914
-0.290444
-0.278326
-0.269709
-0.260876
-0.252093
-0.243347
-0.234517
-0.22557
-0.216486
-0.207266
-0.197924
-0.188487
-0.178988
-0.169464
-0.159957
-0.150507
-0.141153
-0.131935
-0.122887
-0.114042
-0.105429
-0.0970728
-0.0889965
-0.0812182
-0.0737526
-0.0666123
-0.0598036
-0.0533376
-0.0472058
-0.0414331
-0.0359675
-0.0309072
-0.0260448
-0.0217654
-0.0173153
-0.0140781
-0.00948637
-0.008157
-0.00183293
-0.00502933
0.00744916
-0.305345
-0.292388
-0.279888
-0.271018
-0.26204
-0.253209
-0.244441
-0.235606
-0.226668
-0.217598
-0.208393
-0.199063
-0.189632
-0.180131
-0.170598
-0.161073
-0.151596
-0.142209
-0.13295
-0.123856
-0.11496
-0.106293
-0.0978819
-0.0897488
-0.0819135
-0.0743914
-0.067196
-0.0603342
-0.0538172
-0.0476374
-0.041819
-0.0363121
-0.0312109
-0.0263165
-0.0219969
-0.0175317
-0.0142404
-0.00967614
-0.00823321
-0.00205691
-0.0049499
0.0070333
-0.306823
-0.293861
-0.281338
-0.272196
-0.263095
-0.254262
-0.245504
-0.236688
-0.227775
-0.218734
-0.209555
-0.200247
-0.190831
-0.181336
-0.1718
-0.162261
-0.15276
-0.143341
-0.134041
-0.1249
-0.115952
-0.107229
-0.0987579
-0.0905638
-0.082667
-0.0750839
-0.0678286
-0.060909
-0.0543365
-0.0481043
-0.0422361
-0.036684
-0.0315385
-0.0266088
-0.0222461
-0.0177634
-0.0144155
-0.00987688
-0.00831792
-0.00228879
-0.00487387
0.00660659
-0.30742
-0.294328
-0.28234
-0.273034
-0.263904
-0.255161
-0.246479
-0.237724
-0.228869
-0.219882
-0.210752
-0.201485
-0.192101
-0.182627
-0.173098
-0.163554
-0.154037
-0.144588
-0.13525
-0.126061
-0.117057
-0.108273
-0.0997373
-0.0914756
-0.0835102
-0.0758584
-0.0685356
-0.0615503
-0.0549147
-0.0486229
-0.042698
-0.0370945
-0.0318985
-0.0269286
-0.0225175
-0.0180141
-0.0146044
-0.0100912
-0.00840925
-0.00253213
-0.00479504
0.0061664
-0.300362
-0.289116
-0.281136
-0.272536
-0.263731
-0.255292
-0.246809
-0.238186
-0.22943
-0.220527
-0.211468
-0.202262
-0.192928
-0.183493
-0.173992
-0.164464
-0.154952
-0.145498
-0.136144
-0.12693
-0.117895
-0.109073
-0.100495
-0.0921873
-0.0841735
-0.0764723
-0.0690997
-0.0620655
-0.0553819
-0.0490448
-0.0430754
-0.0374332
-0.0321955
-0.0271984
-0.0227422
-0.0182353
-0.0147562
-0.0102992
-0.00846259
-0.00280141
-0.00465773
0.00569131
-0.263752
-0.274424
-0.278409
-0.271729
-0.263499
-0.25544
-0.247161
-0.238621
-0.229886
-0.220973
-0.211887
-0.202644
-0.193271
-0.183798
-0.174263
-0.164705
-0.155167
-0.145692
-0.136322
-0.127096
-0.118051
-0.109222
-0.100638
-0.0923263
-0.0843096
-0.0766064
-0.0692321
-0.0621969
-0.0555117
-0.049175
-0.0432026
-0.0375643
-0.0323177
-0.0273359
-0.0228511
-0.0183945
-0.0148278
-0.0105212
-0.00843227
-0.00318898
-0.0043611
0.0050072
-0.258448
-0.264054
-0.269896
-0.264545
-0.257215
-0.25002
-0.242471
-0.234504
-0.226243
-0.217744
-0.20903
-0.200128
-0.191068
-0.181884
-0.172616
-0.163304
-0.153991
-0.14472
-0.135532
-0.126469
-0.117569
-0.108866
-0.100392
-0.0921747
-0.0842383
-0.0766025
-0.0692841
-0.0622948
-0.0556459
-0.0493385
-0.0433862
-0.0377667
-0.0325245
-0.02756
-0.0230568
-0.018637
-0.0149997
-0.0108056
-0.0085053
-0.00360136
-0.00417356
0.00422854
-0.253288
-0.25584
-0.261103
-0.256611
-0.250017
-0.243511
-0.236616
-0.229224
-0.221469
-0.21343
-0.205141
-0.196635
-0.187948
-0.179115
-0.170176
-0.161172
-0.152145
-0.143138
-0.134192
-0.125349
-0.116647
-0.108122
-0.0998054
-0.0917271
-0.0839118
-0.076381
-0.0691525
-0.0622396
-0.0556544
-0.0494004
-0.04349
-0.0379066
-0.0326866
-0.0277496
-0.0232446
-0.0188615
-0.0151768
-0.0110747
-0.00860991
-0.00398136
-0.00405941
0.00348296
-0.248137
-0.248222
-0.252468
-0.248618
-0.242655
-0.236709
-0.230391
-0.223549
-0.216302
-0.208734
-0.200888
-0.192798
-0.184503
-0.176041
-0.16745
-0.158773
-0.150051
-0.141327
-0.132643
-0.124038
-0.115553
-0.107223
-0.099082
-0.091159
-0.0834806
-0.0760694
-0.0689443
-0.0621202
-0.0556101
-0.0494195
-0.0435602
-0.0380208
-0.0328305
-0.0279262
-0.0234265
-0.0190814
-0.0153581
-0.0113429
-0.00872791
-0.00436002
-0.00396721
0.00274469
-0.241986
-0.240434
-0.243458
-0.240041
-0.234662
-0.229239
-0.223479
-0.217202
-0.210495
-0.20344
-0.196081
-0.188452
-0.180594
-0.172544
-0.164342
-0.15603
-0.147649
-0.139242
-0.130849
-0.122513
-0.114272
-0.106162
-0.098219
-0.0904722
-0.0829495
-0.0756747
-0.0686682
-0.0619463
-0.0555229
-0.049406
-0.0436067
-0.0381186
-0.0329649
-0.0280976
-0.0236093
-0.0193025
-0.0155481
-0.0116137
-0.00886202
-0.00473793
-0.0038982
0.00201873
-0.234255
-0.231923
-0.233751
-0.230662
-0.22587
-0.220977
-0.215777
-0.210083
-0.20395
-0.197449
-0.190621
-0.183502
-0.176127
-0.168536
-0.160769
-0.152865
-0.144867
-0.136815
-0.128753
-0.120719
-0.112754
-0.104896
-0.0971778
-0.0896327
-0.0822889
-0.0751716
-0.0683025
-0.0616994
-0.0553777
-0.0493471
-0.0436192
-0.0381915
-0.0330831
-0.0282583
-0.0237887
-0.0195214
-0.0157448
-0.0118843
-0.00901219
-0.00511021
-0.00385726
0.00131646
-0.224845
-0.222388
-0.223206
-0.22043
-0.216259
-0.211927
-0.207299
-0.202206
-0.196676
-0.190764
-0.184507
-0.177937
-0.171089
-0.164
-0.156709
-0.149256
-0.14168
-0.134023
-0.126326
-0.11863
-0.110975
-0.103398
-0.0959353
-0.0886189
-0.0814788
-0.0745415
-0.0678302
-0.0613643
-0.0551606
-0.0492308
-0.0435871
-0.0382304
-0.0331771
-0.0284017
-0.0239591
-0.0197333
-0.0159438
-0.0121516
-0.00917545
-0.00547337
-0.00384433
0.000647948
-0.213793
-0.211709
-0.211786
-0.209358
-0.205846
-0.202117
-0.198082
-0.193607
-0.188702
-0.183408
-0.177754
-0.171768
-0.165483
-0.158934
-0.152158
-0.145191
-0.138075
-0.130849
-0.123554
-0.116231
-0.108918
-0.101654
-0.0944749
-0.0874145
-0.0805036
-0.0737698
-0.0672377
-0.0609285
-0.0548602
-0.0490466
-0.0435008
-0.0382268
-0.0332393
-0.0285214
-0.0241144
-0.0199336
-0.0161406
-0.0124119
-0.00934802
-0.00582427
-0.00385741
2.22415e-05
-0.201303
-0.199922
-0.199554
-0.197529
-0.194707
-0.191615
-0.188194
-0.184351
-0.180087
-0.175428
-0.1704
-0.165025
-0.159331
-0.153351
-0.14712
-0.140674
-0.13405
-0.127288
-0.120428
-0.113508
-0.106569
-0.0996482
-0.0927821
-0.0860051
-0.0793489
-0.0728424
-0.0665117
-0.0603792
-0.0544647
-0.0487837
-0.0433505
-0.038172
-0.0332619
-0.0286103
-0.0242483
-0.0201168
-0.0163298
-0.0126615
-0.0095256
-0.00615933
-0.00389377
-0.000552216
-0.18771
-0.187198
-0.186663
-0.185093
-0.182972
-0.180538
-0.177744
-0.174538
-0.170918
-0.166903
-0.162509
-0.157759
-0.152678
-0.147284
-0.141621
-0.13572
-0.129615
-0.123345
-0.116947
-0.11046
-0.103922
-0.0973724
-0.0908463
-0.0843789
-0.0780024
-0.071747
-0.0656397
-0.0597045
-0.0539625
-0.0484312
-0.043126
-0.0380567
-0.0332361
-0.0286609
-0.0243537
-0.0202771
-0.0165058
-0.0128958
-0.00970333
-0.00647456
-0.00394992
-0.00106798
-0.173419
-0.173805
-0.173332
-0.172253
-0.170818
-0.169039
-0.16687
-0.164293
-0.16131
-0.157932
-0.154172
-0.150045
-0.145571
-0.140785
-0.135704
-0.130363
-0.124795
-0.119036
-0.113123
-0.107091
-0.10098
-0.0948248
-0.088663
-0.0825291
-0.0764559
-0.070474
-0.0646115
-0.0588938
-0.0533432
-0.0479789
-0.0428176
-0.0378714
-0.0331533
-0.028665
-0.0244232
-0.020408
-0.0166622
-0.0131098
-0.00987584
-0.00676574
-0.00402156
-0.00151909
-0.158851
-0.160059
-0.159809
-0.159233
-0.158443
-0.157292
-0.155729
-0.15376
-0.151393
-0.148635
-0.145492
-0.14198
-0.138117
-0.133924
-0.129426
-0.124651
-0.119629
-0.114393
-0.108978
-0.103419
-0.0977514
-0.0920113
-0.0862343
-0.0804547
-0.0747054
-0.0690176
-0.06342
-0.0579389
-0.052598
-0.0474177
-0.0424161
-0.0376074
-0.0330049
-0.0286149
-0.0244493
-0.0205027
-0.0167926
-0.0132981
-0.0100375
-0.00702856
-0.00410369
-0.00190154
-0.144382
-0.146277
-0.146343
-0.146254
-0.146048
-0.145478
-0.144485
-0.143089
-0.141305
-0.139135
-0.136585
-0.133665
-0.130391
-0.126781
-0.122857
-0.118642
-0.114166
-0.109457
-0.104547
-0.0994695
-0.0942576
-0.0889461
-0.0835692
-0.0781605
-0.0727526
-0.0673767
-0.0620617
-0.0568348
-0.0517205
-0.0467404
-0.0419139
-0.0372568
-0.0327832
-0.0285029
-0.0244247
-0.0205545
-0.0168904
-0.0134553
-0.0101824
-0.00725888
-0.00419098
-0.00221337
-0.13032
-0.13274
-0.133157
-0.133514
-0.133817
-0.133766
-0.133292
-0.132424
-0.131178
-0.129557
-0.127562
-0.125203
-0.122491
-0.119441
-0.116072
-0.112405
-0.108465
-0.104277
-0.099871
-0.0952764
-0.0905254
-0.0856501
-0.0806833
-0.0756574
-0.0706042
-0.0655544
-0.0605372
-0.0555797
-0.0507072
-0.0459423
-0.0413052
-0.0368134
-0.0324814
-0.0283223
-0.0243426
-0.0205572
-0.0169494
-0.013576
-0.0103049
-0.00745288
-0.00427798
-0.00245483
-0.116884
-0.119673
-0.120428
-0.121175
-0.121907
-0.122303
-0.122288
-0.121893
-0.121135
-0.120015
-0.118533
-0.116695
-0.114509
-0.11199
-0.10915
-0.106009
-0.102587
-0.0989073
-0.0949958
-0.0908795
-0.0865876
-0.0821502
-0.0775979
-0.0729616
-0.068272
-0.0635588
-0.0588508
-0.0541753
-0.0495576
-0.0450209
-0.0405863
-0.0362723
-0.0320943
-0.0280674
-0.0241971
-0.0205051
-0.0169638
-0.0136553
-0.0103998
-0.00760735
-0.0043594
-0.00262846
-0.104214
-0.107231
-0.108286
-0.109358
-0.110438
-0.111207
-0.111586
-0.111605
-0.111281
-0.11061
-0.109593
-0.108232
-0.106533
-0.104507
-0.102164
-0.099521
-0.0965938
-0.0934029
-0.0899706
-0.0863214
-0.082481
-0.0784772
-0.0743385
-0.0700937
-0.0657719
-0.0614017
-0.0570111
-0.0526269
-0.0482743
-0.0439769
-0.039756
-0.0356312
-0.0316181
-0.0277341
-0.0239836
-0.0203933
-0.0169287
-0.013689
-0.0104622
-0.00771988
-0.00443032
-0.00273892
-0.0923773
-0.0955101
-0.0968117
-0.0981415
-0.0994946
-0.100566
-0.101275
-0.101648
-0.1017
-0.101426
-0.100823
-0.0998916
-0.0986365
-0.0970639
-0.0951829
-0.0930049
-0.0905443
-0.0878177
-0.0848442
-0.0816451
-0.0782436
-0.0746643
-0.0709332
-0.067077
-0.0631229
-0.0590982
-0.0550294
-0.0509427
-0.0468628
-0.0428132
-0.0388153
-0.0348893
-0.0310512
-0.0273195
-0.0236985
-0.0202183
-0.01684
-0.0136736
-0.0104882
-0.00778902
-0.00448641
-0.00279268
-0.0813933
-0.0845559
-0.0860471
-0.0875727
-0.0891312
-0.090439
-0.0914175
-0.0920867
-0.0924582
-0.0925274
-0.0922886
-0.0917401
-0.0908837
-0.0897233
-0.0882651
-0.0865175
-0.0844918
-0.0822015
-0.0796625
-0.076893
-0.0739133
-0.0707449
-0.0674113
-0.0639368
-0.0603465
-0.0566657
-0.0529197
-0.0491335
-0.0453311
-0.0415354
-0.0377677
-0.0340483
-0.0303935
-0.0268227
-0.0233401
-0.0199777
-0.0166949
-0.0136067
-0.0104747
-0.00781437
-0.00452417
-0.00279759
-0.0712461
-0.0743764
-0.0760042
-0.0776701
-0.079376
-0.0808624
-0.0820537
-0.0829646
-0.083604
-0.0839655
-0.0840418
-0.0838292
-0.083327
-0.0825367
-0.0814618
-0.0801081
-0.0784838
-0.0765995
-0.074468
-0.0721045
-0.0695261
-0.0667519
-0.0638021
-0.0606988
-0.0574647
-0.0541232
-0.0506978
-0.0472121
-0.0436891
-0.0401509
-0.0366184
-0.0331117
-0.0296471
-0.0262443
-0.0229078
-0.0196705
-0.0164918
-0.013487
-0.0104197
-0.00779652
-0.004541
-0.00276226
-0.0619
-0.0649555
-0.0666737
-0.0684329
-0.0702374
-0.0718529
-0.0732072
-0.0743107
-0.0751694
-0.0757757
-0.0761208
-0.076199
-0.0760078
-0.0755463
-0.0748155
-0.0738187
-0.0725614
-0.0710514
-0.0692987
-0.0673155
-0.0651159
-0.062716
-0.0601339
-0.0573884
-0.0545001
-0.0514902
-0.0483804
-0.0451926
-0.0419484
-0.0386689
-0.0353744
-0.0320845
-0.0288153
-0.0255864
-0.0224028
-0.019297
-0.0162302
-0.0133143
-0.0103219
-0.00773703
-0.00453524
-0.00269555
-0.0533099
-0.0562625
-0.0580329
-0.0598469
-0.0617103
-0.0634131
-0.0648874
-0.0661401
-0.0671745
-0.0679821
-0.0685529
-0.0688798
-0.0689583
-0.0687856
-0.0683606
-0.0676843
-0.0667597
-0.065592
-0.0641884
-0.0625584
-0.0607134
-0.0586667
-0.0564335
-0.0540303
-0.051475
-0.0487867
-0.0459849
-0.0430898
-0.0401215
-0.0370999
-0.0340442
-0.0309733
-0.0279031
-0.0248526
-0.0218273
-0.0188587
-0.0159108
-0.0130894
-0.0101815
-0.00763823
-0.00450619
-0.00260592
-0.0454269
-0.0482593
-0.0500516
-0.0518894
-0.05378
-0.0555358
-0.0570938
-0.0584579
-0.0596295
-0.0605994
-0.0613567
-0.0618932
-0.0622029
-0.0622812
-0.0621253
-0.0617341
-0.0611083
-0.0602509
-0.0591667
-0.0578623
-0.0563467
-0.0546306
-0.0527263
-0.050648
-0.048411
-0.0460321
-0.0435288
-0.0409192
-0.0382218
-0.0354551
-0.0326371
-0.0297859
-0.0269166
-0.0240477
-0.021185
-0.0183585
-0.0155356
-0.0128143
-0.00999916
-0.00750304
-0.00445402
-0.00250096
-0.0382024
-0.0409046
-0.0426955
-0.0445333
-0.046426
-0.0482069
-0.0498183
-0.0512618
-0.0525372
-0.0536349
-0.0545435
-0.055254
-0.0557592
-0.0560532
-0.0561317
-0.0559917
-0.0556322
-0.0550539
-0.0542594
-0.053253
-0.0520412
-0.0506322
-0.0490358
-0.0472637
-0.0453289
-0.0432457
-0.0410294
-0.0386964
-0.0362631
-0.0337467
-0.0311637
-0.028531
-0.0258631
-0.0231776
-0.0204806
-0.0178
-0.0151073
-0.0124916
-0.00977676
-0.00733478
-0.0043796
-0.00238706
-0.03159
-0.0341573
-0.0359292
-0.0377486
-0.039624
-0.041408
-0.0430481
-0.044544
-0.0458946
-0.04709
-0.0481188
-0.0489714
-0.0496397
-0.0501169
-0.0503973
-0.0504767
-0.0503522
-0.0500229
-0.0494891
-0.0487534
-0.0478198
-0.0466941
-0.045384
-0.0438985
-0.0422486
-0.0404461
-0.0385042
-0.0364372
-0.0342597
-0.0319872
-0.0296348
-0.0272181
-0.0247507
-0.0222491
-0.0197196
-0.017188
-0.0146298
-0.0121248
-0.0095168
-0.007137
-0.00428441
-0.00226919
-0.025546
-0.0279774
-0.0297173
-0.0315047
-0.0333482
-0.0351181
-0.0367668
-0.0382929
-0.0396945
-0.0409619
-0.0420837
-0.04305
-0.0438523
-0.0444831
-0.0449356
-0.0452045
-0.0452857
-0.0451765
-0.0448758
-0.044384
-0.0437032
-0.0428372
-0.0417913
-0.0405725
-0.0391893
-0.0376515
-0.0359702
-0.0341574
-0.0322261
-0.0301898
-0.0280622
-0.0258575
-0.0235883
-0.0212699
-0.0189088
-0.0165282
-0.0141077
-0.0117182
-0.00922246
-0.00691332
-0.00417038
-0.00215094
-0.0200298
-0.0223268
-0.0240256
-0.0257712
-0.027572
-0.0293145
-0.030956
-0.0324943
-0.0339269
-0.0352443
-0.0364356
-0.0374909
-0.0384014
-0.039159
-0.0397565
-0.0401875
-0.0404469
-0.0405308
-0.0404365
-0.0401628
-0.0397102
-0.0390804
-0.0382769
-0.0373044
-0.0361694
-0.0348796
-0.0334441
-0.0318727
-0.0301767
-0.0283678
-0.026458
-0.0244601
-0.0223856
-0.0202485
-0.0180552
-0.0158268
-0.0135462
-0.0112763
-0.00889748
-0.0066674
-0.00403969
-0.00203457
-0.0150038
-0.0171698
-0.0188214
-0.0205183
-0.0222689
-0.0239741
-0.0255961
-0.0271321
-0.0285792
-0.0299285
-0.0311694
-0.0322923
-0.0332882
-0.034149
-0.0348669
-0.035435
-0.0358474
-0.036099
-0.0361861
-0.0361061
-0.0358579
-0.0354415
-0.0348586
-0.0341122
-0.0332067
-0.0321477
-0.0309425
-0.029599
-0.0281264
-0.0265349
-0.0248347
-0.0230373
-0.0211528
-0.019194
-0.0171669
-0.0150907
-0.0129515
-0.0108043
-0.00854607
-0.00640286
-0.00389475
-0.00192133
-0.0104335
-0.0124732
-0.0140737
-0.0157176
-0.0174128
-0.0190738
-0.020667
-0.0221894
-0.0236379
-0.025004
-0.0262778
-0.0274499
-0.0285117
-0.0294548
-0.0302713
-0.030954
-0.0314962
-0.0318923
-0.0321374
-0.032228
-0.0321615
-0.0319365
-0.0315532
-0.0310128
-0.0303179
-0.0294724
-0.0284816
-0.0273517
-0.0260901
-0.024705
-0.0232054
-0.0216009
-0.0199007
-0.0181159
-0.0162526
-0.0143277
-0.0123299
-0.0103079
-0.00817281
-0.00612331
-0.00373804
-0.00181171
-0.00628684
-0.0082061
-0.00975344
-0.011342
-0.0129789
-0.014591
-0.0161487
-0.0176489
-0.0190883
-0.020459
-0.0217519
-0.022958
-0.0240688
-0.0250761
-0.0259721
-0.0267492
-0.0274005
-0.0279197
-0.0283014
-0.0285409
-0.0286346
-0.0285801
-0.0283759
-0.028022
-0.0275192
-0.0268698
-0.0260774
-0.0251464
-0.0240825
-0.0228924
-0.0215832
-0.0201633
-0.0186405
-0.0170247
-0.0153214
-0.0135456
-0.0116886
-0.00979304
-0.00778257
-0.00583235
-0.00357208
-0.00170578
-0.0025348
-0.00434005
-0.00583373
-0.007366
-0.00894352
-0.0105039
-0.0120216
-0.0134932
-0.0149156
-0.0162814
-0.0175822
-0.0188094
-0.0199551
-0.0210112
-0.02197
-0.0228238
-0.0235656
-0.0241887
-0.0246872
-0.0250556
-0.0252897
-0.0253857
-0.0253413
-0.0251548
-0.024826
-0.0243555
-0.0237453
-0.0229983
-0.0221185
-0.0211111
-0.0199817
-0.0187371
-0.017384
-0.0159309
-0.0143828
-0.0127532
-0.0110349
-0.00926591
-0.00738052
-0.00553363
-0.00339941
-0.0016034
0.000849191
-0.000849068
-0.00228969
-0.00376615
-0.00528441
-0.00679197
-0.00826682
-0.00970561
-0.0111051
-0.0124587
-0.0137584
-0.0149965
-0.0161652
-0.017257
-0.0182642
-0.0191794
-0.0199953
-0.0207052
-0.0213026
-0.0217818
-0.0221376
-0.0223657
-0.0224625
-0.0224255
-0.022253
-0.0219445
-0.0215005
-0.0209225
-0.0202129
-0.0193755
-0.0184144
-0.0173351
-0.0161431
-0.0148456
-0.013447
-0.0119593
-0.0103768
-0.00873311
-0.00697201
-0.00523091
-0.00322263
-0.00150449
0.0038891
0.00229044
0.000901349
-0.000520757
-0.0019811
-0.00343603
-0.0048668
-0.0062701
-0.00764273
-0.00897861
-0.0102705
-0.0115112
-0.0126935
-0.01381
-0.0148536
-0.0158168
-0.0166926
-0.017474
-0.0181544
-0.0187278
-0.0191884
-0.0195312
-0.019752
-0.0198473
-0.0198143
-0.0196514
-0.0193578
-0.0189337
-0.0183804
-0.0176999
-0.0168953
-0.0159706
-0.0149303
-0.0137802
-0.0125244
-0.0111731
-0.00972221
-0.00820147
-0.00656261
-0.00492807
-0.00304432
-0.00140909
0.00660636
0.00509959
0.00375979
0.00238974
0.000985028
-0.00041858
-0.00180529
-0.00317187
-0.00451518
-0.00582966
-0.00710874
-0.00834573
-0.00953388
-0.0106663
-0.0117361
-0.0127361
-0.0136594
-0.0144991
-0.0152484
-0.0159011
-0.0164511
-0.0168929
-0.0172216
-0.0174329
-0.0175234
-0.0174902
-0.0173317
-0.0170467
-0.0166353
-0.0160985
-0.0154381
-0.0146568
-0.013758
-0.0127465
-0.0116256
-0.0104045
-0.00907971
-0.00767808
-0.00615807
-0.00462915
-0.00286717
-0.00131749
0.00901979
0.00759701
0.00630363
0.00498267
0.00363053
0.00227601
0.000932236
-0.000397629
-0.00171052
-0.00300135
-0.00426417
-0.00549282
-0.00668102
-0.00782232
-0.00891007
-0.00993751
-0.0108978
-0.0117843
-0.0125901
-0.0133088
-0.0139343
-0.0144606
-0.0148824
-0.0151947
-0.0153933
-0.0154748
-0.0154363
-0.0152758
-0.0149924
-0.0145859
-0.014057
-0.0134073
-0.0126392
-0.0117564
-0.0107618
-0.00966313
-0.00845797
-0.00717025
-0.00576432
-0.00433836
-0.0026939
-0.00123018
0.0111456
0.00979872
0.0085484
0.00727298
0.00596967
0.00466121
0.00335835
0.00206414
0.000781604
-0.000484638
-0.00172916
-0.00294632
-0.00413027
-0.00527498
-0.00637414
-0.0074213
-0.00840989
-0.00933326
-0.0101848
-0.010958
-0.0116465
-0.0122442
-0.0127453
-0.0131445
-0.013437
-0.0136186
-0.0136857
-0.0136355
-0.0134661
-0.0131764
-0.012766
-0.0122356
-0.0115867
-0.0108221
-0.00994403
-0.00895928
-0.00786592
-0.00668553
-0.00538746
-0.00406007
-0.00252735
-0.00114787
0.0129972
0.011718
0.0105069
0.00927298
0.00801422
0.0067481
0.00548331
0.0042228
0.00296951
0.00172769
0.000502274
-0.000701552
-0.00187837
-0.0030225
-0.00412801
-0.00518874
-0.00619835
-0.00715041
-0.00803841
-0.00885585
-0.00959632
-0.0102536
-0.0108215
-0.0112946
-0.0116675
-0.0119354
-0.0120942
-0.0121404
-0.0120711
-0.0118845
-0.0115795
-0.0111558
-0.010614
-0.00995621
-0.00918401
-0.00830335
-0.00731274
-0.00623168
-0.00503377
-0.00379885
-0.00237046
-0.00107144
0.0145851
0.013365
0.012189
0.0109921
0.00977303
0.00854494
0.00731468
0.00608508
0.00485905
0.0036405
0.00243392
0.0012441
7.60902e-05
-0.00106479
-0.00217292
-0.00324243
-0.00426724
-0.00524111
-0.00615766
-0.00701047
-0.00779311
-0.00849926
-0.00912271
-0.00965754
-0.0100981
-0.0104393
-0.0106763
-0.0108052
-0.0108224
-0.0107253
-0.0105121
-0.010182
-0.00973461
-0.00917142
-0.00849351
-0.00770604
-0.00680785
-0.00581668
-0.00470972
-0.00355943
-0.00222624
-0.00100189
0.0159166
0.0147471
0.0136014
0.0124365
0.0112519
0.010057
0.00885701
0.00765482
0.00645324
0.00525589
0.00406691
0.00289074
0.00173209
0.000595996
-0.000512226
-0.00158697
-0.00262239
-0.00361243
-0.00455086
-0.00543136
-0.00624752
-0.00699297
-0.00766144
-0.00824678
-0.00874314
-0.009145
-0.00944727
-0.0096454
-0.00973544
-0.00971417
-0.00957915
-0.00932886
-0.00896257
-0.00848095
-0.00788472
-0.00717835
-0.00636096
-0.00544875
-0.00442194
-0.00334669
-0.00209784
-0.000940325
0.0169947
0.0158667
0.0147465
0.0136083
0.0124524
0.0112851
0.0101107
0.0089318
0.00775115
0.00657218
0.00539874
0.00423496
0.0030853
0.00195452
0.000847713
-0.000229764
-0.00127226
-0.0022739
-0.00322859
-0.00413009
-0.00497208
-0.00574815
-0.00645198
-0.0070773
-0.00761809
-0.00806857
-0.00842335
-0.00867752
-0.00882673
-0.00886731
-0.00879633
-0.00861177
-0.00831242
-0.00789844
-0.00737022
-0.00673165
-0.00598205
-0.00513635
-0.00417729
-0.00316568
-0.00198847
-0.000887926
0.0178203
0.0167242
0.0156238
0.0145064
0.0133728
0.0122272
0.0110728
0.00991224
0.00874821
0.00758397
0.00642312
0.0052696
0.00412763
0.00300179
0.00189695
0.000818311
-0.000228666
-0.00123824
-0.00220444
-0.00312113
-0.00398201
-0.00478071
-0.00551087
-0.00616616
-0.00674041
-0.0072277
-0.0076224
-0.00791935
-0.00811389
-0.00820202
-0.00818044
-0.00804676
-0.00779941
-0.00743815
-0.00696309
-0.0063777
-0.00568145
-0.00488825
-0.00398282
-0.00302161
-0.0019014
-0.000845801
0.0183832
0.0173098
0.0162235
0.0151209
0.014003
0.0128727
0.0117326
0.010585
0.00943284
0.00827916
0.00712744
0.00598143
0.00484524
0.00372329
0.00262032
0.00154139
0.000491866
-0.000522633
-0.00149622
-0.00242283
-0.0032962
-0.00410998
-0.0048578
-0.00553328
-0.00613019
-0.00664248
-0.0070644
-0.00739059
-0.00761622
-0.00773704
-0.00774952
-0.00765101
-0.00743969
-0.00711505
-0.00667702
-0.00612874
-0.00546985
-0.00471345
-0.0038459
-0.00291996
-0.00184035
-0.000814549
0.0186798
0.017617
0.0165376
0.0154421
0.014332
0.0132092
0.0120762
0.0109352
0.00978905
0.00864079
0.00749377
0.00635169
0.00521854
0.00409869
0.00299678
0.00191783
0.000867104
-0.000149811
-0.00112709
-0.00205869
-0.00293839
-0.00375986
-0.00451671
-0.00520255
-0.00581111
-0.00633628
-0.00677225
-0.00711359
-0.00735533
-0.00749314
-0.00752335
-0.00744314
-0.00725061
-0.0069451
-0.00652647
-0.0059976
-0.00535846
-0.00462118
-0.00377427
-0.00286583
-0.00181085
-0.000794243
-0.278478
-0.280751
-0.283036
-0.2855
-0.288312
-0.291488
-0.295582
-0.305243
-0.319254
-0.267813
-0.272553
-0.277456
-0.282686
-0.288394
-0.294505
-0.301483
-0.313523
-0.325382
-0.253112
-0.2588
-0.264541
-0.270453
-0.276641
-0.283003
-0.289958
-0.301346
-0.312669
-0.235632
-0.241919
-0.248272
-0.254796
-0.261584
-0.268555
-0.276069
-0.287455
-0.29895
-0.218467
-0.225213
-0.232053
-0.239068
-0.246329
-0.253754
-0.26161
-0.272663
-0.283925
-0.201428
-0.208349
-0.215373
-0.222566
-0.229985
-0.237566
-0.245521
-0.256125
-0.267096
-0.184632
-0.191516
-0.198509
-0.205668
-0.213043
-0.22059
-0.228483
-0.238539
-0.249031
-0.168373
-0.175072
-0.18188
-0.188843
-0.196006
-0.203342
-0.210993
-0.22037
-0.23017
-0.1528
-0.159209
-0.165716
-0.172362
-0.179182
-0.186166
-0.193431
-0.202036
-0.210992
-0.138004
-0.144057
-0.150193
-0.156445
-0.162843
-0.169384
-0.176168
-0.183953
-0.191986
-0.124043
-0.129707
-0.135436
-0.141256
-0.147192
-0.153247
-0.159499
-0.166466
-0.173574
-0.110945
-0.116208
-0.121521
-0.126901
-0.132367
-0.137926
-0.143638
-0.149831
-0.156072
-0.0987133
-0.103582
-0.108485
-0.113436
-0.118448
-0.123527
-0.12872
-0.134212
-0.139686
-0.0873355
-0.0918256
-0.0963384
-0.100883
-0.105467
-0.1101
-0.114812
-0.119688
-0.124509
-0.0767874
-0.0809204
-0.0850672
-0.0892334
-0.0934249
-0.0976489
-0.101925
-0.106274
-0.110551
-0.0670354
-0.0708357
-0.0746433
-0.0784617
-0.0822948
-0.0861492
-0.0900363
-0.0939358
-0.0977631
-0.0580399
-0.0615323
-0.0650275
-0.0685277
-0.0720354
-0.0755567
-0.0790966
-0.0826129
-0.0860675
-0.0497574
-0.0529662
-0.0561747
-0.0593842
-0.0625968
-0.0658174
-0.069047
-0.0722333
-0.0753731
-0.0421427
-0.0450909
-0.0480367
-0.0509809
-0.0539251
-0.0568736
-0.0598245
-0.0627224
-0.0655907
-0.0351506
-0.0378597
-0.040565
-0.0432668
-0.0459665
-0.0486679
-0.051367
-0.0540096
-0.0566386
-0.0287371
-0.0312271
-0.0337121
-0.0361925
-0.0386691
-0.0411454
-0.0436159
-0.0460298
-0.0484446
-0.0251495
-0.0274331
-0.0297109
-0.0319838
-0.0342548
-0.0365174
-0.038725
-0.0409455
-0.019586
-0.0216854
-0.0237783
-0.0258653
-0.0279488
-0.030022
-0.0320427
-0.034086
-0.0144984
-0.0164298
-0.0183538
-0.0202712
-0.0221839
-0.0240846
-0.0259357
-0.027817
-0.00985161
-0.0116297
-0.0134
-0.0151628
-0.01692
-0.0186639
-0.0203614
-0.0220943
-0.00561294
-0.00725164
-0.00888198
-0.0105044
-0.0121202
-0.0137219
-0.0152804
-0.0168777
-0.00175256
-0.00326465
-0.00476804
-0.00626308
-0.00775071
-0.0092237
-0.0106569
-0.0121303
0.00175696
0.000359573
-0.00102887
-0.00240865
-0.00378043
-0.00513733
-0.00645778
-0.00781824
0.00494065
0.00364694
0.0023623
0.00108653
-0.000180804
-0.00143328
-0.0026526
-0.00391045
0.00782133
0.00662106
0.00542989
0.0042477
0.00307423
0.00191537
0.000786451
-0.000378382
0.0104197
0.00930338
0.0081961
0.00709781
0.00600841
0.00493315
0.00388475
0.00280394
0.0127544
0.0117132
0.0106809
0.00965753
0.00864309
0.00764221
0.00666522
0.00565999
0.014842
0.0138677
0.0129022
0.0119454
0.0109974
0.0100623
0.00914838
0.00821076
0.0166972
0.0157822
0.0148756
0.0139775
0.0130882
0.012211
0.0113523
0.0104747
0.0183326
0.0174696
0.0166147
0.0157681
0.01493
0.0141031
0.0132925
0.0124677
0.0197587
0.0189408
0.0181307
0.0173287
0.0165348
0.0157513
0.0149819
0.014203
0.0209838
0.0202044
0.0194326
0.0186684
0.0179121
0.0171653
0.0164306
0.0156908
0.0220138
0.0212667
0.0205267
0.0197939
0.0190687
0.0183521
0.017646
0.0169384
0.0228511
0.0221299
0.0214154
0.0207078
0.0200072
0.0193145
0.0186308
0.0179488
0.0234979
0.0227964
0.0221011
0.0214121
0.0207298
0.0200546
0.019387
0.0187234
0.0239437
0.0232553
0.0225727
0.021896
0.0212255
0.0205614
0.0199039
0.0192518
0.0241969
0.0235148
0.0228378
0.022166
0.0214995
0.0208387
0.0201835
0.0195338
0.0242111
0.023529
0.022852
0.0221802
0.0215138
0.0208529
0.0201978
0.0195481
0.023958
0.0232697
0.0225871
0.0219104
0.0212399
0.0205757
0.0199183
0.0192662
0.0235124
0.0228109
0.0221156
0.0214267
0.0207444
0.0200691
0.0194016
0.018738
0.0228659
0.0221447
0.0214302
0.0207226
0.0200221
0.0193294
0.0186457
0.0179637
0.0220289
0.0212818
0.0205418
0.0198091
0.0190839
0.0183673
0.0176612
0.0169537
0.0209994
0.0202201
0.0194482
0.0186841
0.0179278
0.017181
0.0164463
0.0157065
0.0197749
0.018957
0.0181469
0.0173449
0.0165511
0.0157676
0.0149982
0.0142193
0.0183494
0.0174864
0.0166315
0.0157849
0.0149469
0.01412
0.0133094
0.0124847
0.0167147
0.0157997
0.0148931
0.0139951
0.0131058
0.0122286
0.0113699
0.0104924
0.0148603
0.0138861
0.0129205
0.0119638
0.0110159
0.0100808
0.00916687
0.00822929
0.0127736
0.0117324
0.0107002
0.00967686
0.00866246
0.0076616
0.00668464
0.00567945
0.0104399
0.00932365
0.00821642
0.00711817
0.0060288
0.00495359
0.00390521
0.00282445
0.00784268
0.00664246
0.00545134
0.0042692
0.00309578
0.00193695
0.000808062
-0.000356722
0.00626569
0.00496325
0.00366959
0.002385
0.00110928
-0.000158004
-0.00141044
-0.00262973
-0.00388752
0.00318692
0.00178092
0.000383597
-0.00100479
-0.00238452
-0.00375625
-0.00511311
-0.00643353
-0.00779394
-0.000206589
-0.00172709
-0.00323912
-0.00474246
-0.00623745
-0.00772503
-0.00919799
-0.0106312
-0.0121045
-0.00393904
-0.00558584
-0.00722448
-0.00885476
-0.0104771
-0.0120929
-0.0136945
-0.0152531
-0.0168503
-0.0080369
-0.00982272
-0.0116008
-0.013371
-0.0151338
-0.0168909
-0.0186348
-0.0203323
-0.0220652
-0.0125291
-0.0144676
-0.0163989
-0.0183229
-0.0202403
-0.0221529
-0.0240536
-0.0259048
-0.027786
-0.017447
-0.0195531
-0.0216525
-0.0237453
-0.0258323
-0.0279158
-0.029989
-0.0320097
-0.034053
-0.0228249
-0.0251143
-0.0273979
-0.0296757
-0.0319486
-0.0342196
-0.0364822
-0.0386898
-0.0409103
-0.0286994
-0.0311894
-0.0336745
-0.0361548
-0.0386314
-0.0411077
-0.0435783
-0.0459923
-0.048407
-0.0351103
-0.0378194
-0.0405246
-0.0432265
-0.0459261
-0.0486276
-0.0513267
-0.0539694
-0.0565984
-0.0420995
-0.0450477
-0.0479935
-0.0509377
-0.0538818
-0.0568304
-0.0597812
-0.0626792
-0.0655473
-0.0497111
-0.0529198
-0.0561283
-0.0593378
-0.0625503
-0.0657709
-0.0690004
-0.0721865
-0.075326
-0.0579902
-0.0614826
-0.0649777
-0.0684778
-0.0719854
-0.0755065
-0.0790462
-0.0825621
-0.086016
-0.0669821
-0.0707824
-0.0745898
-0.078408
-0.0822409
-0.086095
-0.0899816
-0.0938804
-0.0977068
-0.0767303
-0.0808632
-0.0850098
-0.0891758
-0.0933669
-0.0975904
-0.101866
-0.106214
-0.110489
-0.0872743
-0.0917643
-0.0962768
-0.100821
-0.105405
-0.110037
-0.114748
-0.119623
-0.124442
-0.0986478
-0.103516
-0.108419
-0.11337
-0.118381
-0.12346
-0.128652
-0.134141
-0.139614
-0.110875
-0.116138
-0.121451
-0.126831
-0.132296
-0.137854
-0.143566
-0.149757
-0.155997
-0.123969
-0.129633
-0.135362
-0.141182
-0.147118
-0.153172
-0.159424
-0.16639
-0.173497
-0.137926
-0.143979
-0.150116
-0.156368
-0.162766
-0.169308
-0.176092
-0.183877
-0.19191
-0.152719
-0.159129
-0.165637
-0.172284
-0.179105
-0.18609
-0.193357
-0.201962
-0.21092
-0.16829
-0.174991
-0.1818
-0.188766
-0.19593
-0.203268
-0.210922
-0.220302
-0.230105
-0.184549
-0.191435
-0.198431
-0.205593
-0.212971
-0.220522
-0.228418
-0.238478
-0.248976
-0.201347
-0.208272
-0.215299
-0.222496
-0.229919
-0.237505
-0.245465
-0.256073
-0.267053
-0.218391
-0.225141
-0.231985
-0.239005
-0.246271
-0.253701
-0.261563
-0.272623
-0.283894
-0.235564
-0.241855
-0.248213
-0.254742
-0.261536
-0.268513
-0.276032
-0.287425
-0.298932
-0.253053
-0.258747
-0.264493
-0.27041
-0.276604
-0.282972
-0.289933
-0.301328
-0.312662
-0.267765
-0.272509
-0.277417
-0.282652
-0.288366
-0.294483
-0.301468
-0.313516
-0.325387
-0.278441
-0.280717
-0.283006
-0.285473
-0.288289
-0.29147
-0.295569
-0.305238
-0.319259
0.0186941
0.0176313
0.0165519
0.0154563
0.0143462
0.0132234
0.0120903
0.0109493
0.00980307
0.00865473
0.00750761
0.00636541
0.00523213
0.00411213
0.00301006
0.00193091
0.000879986
-0.000137156
-0.00111468
-0.00204655
-0.00292655
-0.00374833
-0.00450552
-0.00519172
-0.00580066
-0.00632625
-0.00676266
-0.00710445
-0.00734668
-0.00748499
-0.00751574
-0.00743607
-0.0072441
-0.00693918
-0.00652116
-0.00599292
-0.00535442
-0.0046178
-0.00377157
-0.00286381
-0.0018096
-0.000793683
0.0183976
0.0173242
0.0162379
0.0151353
0.0140174
0.012887
0.0117468
0.0105992
0.00944695
0.00829319
0.00714136
0.00599524
0.00485892
0.00373681
0.00263367
0.00155455
0.000504815
-0.000509914
-0.00148376
-0.00241063
-0.0032843
-0.00409841
-0.00484657
-0.00552242
-0.00611972
-0.00663242
-0.00705478
-0.00738144
-0.00760755
-0.00772887
-0.00774187
-0.00764393
-0.00743318
-0.00710913
-0.00667171
-0.00612405
-0.00546582
-0.00471007
-0.00384321
-0.00291796
-0.0018391
-0.000813984
0.0178349
0.0167388
0.0156384
0.014521
0.0133874
0.0122417
0.0110873
0.00992662
0.00876251
0.00759818
0.00643722
0.00528357
0.00414147
0.00301547
0.00191045
0.000831609
-0.000215586
-0.0012254
-0.00219186
-0.00310883
-0.00397002
-0.00476905
-0.00549956
-0.00615523
-0.00672989
-0.00721759
-0.00761275
-0.00791016
-0.0081052
-0.00819383
-0.00817279
-0.00803967
-0.0077929
-0.00743223
-0.00695779
-0.00637302
-0.00567741
-0.00488487
-0.00398014
-0.00301961
-0.00190015
-0.000845235
0.0170096
0.0158816
0.0147613
0.0136231
0.0124672
0.0112999
0.0101255
0.00894645
0.00776572
0.00658665
0.00541309
0.00424917
0.00309936
0.00196842
0.000861418
-0.000216267
-0.001259
-0.00226088
-0.00321585
-0.00411765
-0.00495995
-0.00573637
-0.00644056
-0.00706628
-0.00760748
-0.0080584
-0.00841364
-0.00866829
-0.008818
-0.0088591
-0.00878866
-0.00860467
-0.0083059
-0.00789253
-0.00736492
-0.00672698
-0.00597803
-0.00513299
-0.00417462
-0.00316368
-0.00198724
-0.000887359
0.0159319
0.0147624
0.0136167
0.0124518
0.0112671
0.0100721
0.0088721
0.00766983
0.00646815
0.00527069
0.00408158
0.00290526
0.00174645
0.000610174
-0.000498251
-0.00157322
-0.00260889
-0.00359919
-0.00453792
-0.00541873
-0.00623523
-0.00698104
-0.00764989
-0.00823564
-0.00873243
-0.00913475
-0.00943749
-0.00963611
-0.00972667
-0.00970594
-0.00957148
-0.00932176
-0.00895605
-0.00847504
-0.00787943
-0.0071737
-0.00635695
-0.0054454
-0.00441928
-0.0033447
-0.00209661
-0.000939758
0.0146009
0.0133808
0.0122048
0.0110078
0.00978869
0.00856054
0.0073302
0.00610052
0.00487438
0.00365571
0.00244898
0.00125901
9.08122e-05
-0.00105027
-0.00215862
-0.00322837
-0.00425346
-0.00522761
-0.00614447
-0.00699762
-0.00778062
-0.00848715
-0.009111
-0.00964626
-0.0100873
-0.0104289
-0.0106665
-0.0107958
-0.0108136
-0.0107171
-0.0105044
-0.0101748
-0.0097281
-0.00916552
-0.00848823
-0.0077014
-0.00680387
-0.00581335
-0.00470708
-0.00355746
-0.00222502
-0.00100132
0.0130136
0.0117344
0.0105232
0.00928925
0.00803043
0.00676424
0.00549936
0.00423874
0.00298533
0.00174337
0.000517796
-0.00068621
-0.00186323
-0.00300758
-0.00411334
-0.00517433
-0.00618424
-0.00713661
-0.00802495
-0.00884275
-0.0095836
-0.0102412
-0.0108097
-0.0112832
-0.0116565
-0.011925
-0.0120843
-0.012131
-0.0120623
-0.0118762
-0.0115718
-0.0111486
-0.0106075
-0.00995033
-0.00917875
-0.00829874
-0.00730878
-0.00622837
-0.00503116
-0.0037969
-0.00236925
-0.00107087
0.0111626
0.00981575
0.00856537
0.00728989
0.00598651
0.00467796
0.003375
0.00208067
0.000797991
-0.000468412
-0.00171312
-0.00293047
-0.00411466
-0.00525961
-0.00635904
-0.0074065
-0.0083954
-0.00931912
-0.010171
-0.0109446
-0.0116335
-0.0122317
-0.0127332
-0.0131329
-0.0134259
-0.013608
-0.0136757
-0.0136261
-0.0134572
-0.0131681
-0.0127582
-0.0122285
-0.0115802
-0.0108163
-0.00993881
-0.0089547
-0.00786199
-0.00668226
-0.00538487
-0.00405814
-0.00252616
-0.00114731
0.00903759
0.00761481
0.00632135
0.00500032
0.00364808
0.00229346
0.000949566
-0.000380443
-0.00169349
-0.00298452
-0.00424754
-0.00547642
-0.00666487
-0.00780645
-0.0088945
-0.00992227
-0.0108829
-0.0117697
-0.012576
-0.0132952
-0.0139211
-0.0144479
-0.0148701
-0.0151829
-0.0153821
-0.0154641
-0.0154261
-0.0152663
-0.0149835
-0.0145776
-0.0140492
-0.0134002
-0.0126327
-0.0117506
-0.0107566
-0.00965859
-0.00845408
-0.00716701
-0.00576176
-0.00433645
-0.00269273
-0.00122962
0.00662502
0.00511825
0.00377835
0.0024082
0.00100338
-0.000400347
-0.00178721
-0.00315395
-0.00449745
-0.00581215
-0.00709146
-0.00832871
-0.00951715
-0.0106499
-0.01172
-0.0127204
-0.0136441
-0.0144842
-0.015234
-0.0158871
-0.0164376
-0.0168799
-0.0172091
-0.017421
-0.017512
-0.0174795
-0.0173215
-0.0170371
-0.0166264
-0.0160902
-0.0154304
-0.0146498
-0.0137516
-0.0127407
-0.0116205
-0.0104
-0.00907587
-0.00767488
-0.00615554
-0.00462727
-0.00286601
-0.00131693
0.00390874
0.00231005
0.000920848
-0.000501381
-0.00196186
-0.00341693
-0.00484787
-0.00625137
-0.00762422
-0.00896035
-0.0102525
-0.0114935
-0.0126761
-0.013793
-0.0148369
-0.0158006
-0.0166768
-0.0174586
-0.0181396
-0.0187134
-0.0191746
-0.019518
-0.0197394
-0.0198352
-0.0198028
-0.0196406
-0.0193476
-0.0189241
-0.0183714
-0.0176915
-0.0168876
-0.0159636
-0.0149239
-0.0137745
-0.0125193
-0.0111687
-0.00971842
-0.00819832
-0.00656012
-0.00492622
-0.00304319
-0.00140853
0.000869903
-0.000828387
-0.00226916
-0.00374577
-0.00526418
-0.00677192
-0.00824697
-0.009686
-0.0110858
-0.0124396
-0.0137397
-0.0149781
-0.0161472
-0.0172394
-0.018247
-0.0191627
-0.0199791
-0.0206895
-0.0212874
-0.0217671
-0.0221235
-0.0223522
-0.0224496
-0.0224132
-0.0222414
-0.0219336
-0.0214902
-0.0209128
-0.020204
-0.0193672
-0.0184068
-0.0173282
-0.0161368
-0.0148399
-0.013442
-0.0119549
-0.010373
-0.00873002
-0.00696957
-0.00522909
-0.00322151
-0.00150393
-0.0025129
-0.0043182
-0.00581206
-0.00734451
-0.00892222
-0.0104828
-0.0120007
-0.0134727
-0.0148953
-0.0162615
-0.0175626
-0.0187902
-0.0199363
-0.0209929
-0.0219521
-0.0228065
-0.0235489
-0.0241725
-0.0246716
-0.0250407
-0.0252753
-0.025372
-0.0253282
-0.0251424
-0.0248143
-0.0243445
-0.023735
-0.0229887
-0.0221096
-0.0211028
-0.0199741
-0.0187302
-0.0173778
-0.0159253
-0.0143779
-0.0127489
-0.0110313
-0.00926288
-0.00737813
-0.00553184
-0.00339833
-0.00160285
-0.00626363
-0.00818295
-0.00973051
-0.0113193
-0.0129565
-0.0145688
-0.0161268
-0.0176273
-0.019067
-0.0204382
-0.0217315
-0.022938
-0.0240493
-0.0250571
-0.0259537
-0.0267314
-0.0273833
-0.0279031
-0.0282854
-0.0285256
-0.02862
-0.0285662
-0.0283627
-0.0280094
-0.0275074
-0.0268588
-0.026067
-0.0251368
-0.0240736
-0.0228842
-0.0215757
-0.0201565
-0.0186344
-0.0170192
-0.0153165
-0.0135414
-0.011685
-0.00979008
-0.00778024
-0.00583059
-0.00357102
-0.00170522
-0.0104088
-0.0124487
-0.0140494
-0.0156936
-0.0173891
-0.0190504
-0.0206439
-0.0221667
-0.0236156
-0.0249821
-0.0262564
-0.0274291
-0.0284914
-0.0294351
-0.0302522
-0.0309355
-0.0314784
-0.0318752
-0.0321211
-0.0322123
-0.0321466
-0.0319224
-0.0315398
-0.0310001
-0.030306
-0.0294613
-0.0284713
-0.0273422
-0.0260813
-0.0246969
-0.023198
-0.0215942
-0.0198947
-0.0181106
-0.0162479
-0.0143236
-0.0123265
-0.010305
-0.00817053
-0.00612159
-0.00373701
-0.00181115
-0.0149777
-0.0171437
-0.0187956
-0.0204929
-0.0222438
-0.0239494
-0.0255718
-0.0271082
-0.0285558
-0.0299056
-0.0311471
-0.0322705
-0.0332671
-0.0341286
-0.0348471
-0.035416
-0.0358291
-0.0360814
-0.0361693
-0.0360902
-0.0358427
-0.0354272
-0.0348451
-0.0340995
-0.0331948
-0.0321367
-0.0309322
-0.0295895
-0.0281177
-0.0265269
-0.0248275
-0.0230307
-0.0211469
-0.0191887
-0.0171623
-0.0150868
-0.0129481
-0.0108015
-0.00854386
-0.00640119
-0.00389375
-0.00192076
-0.0200019
-0.022299
-0.0239983
-0.0257443
-0.0275455
-0.0292884
-0.0309303
-0.0324691
-0.0339023
-0.0352203
-0.0364123
-0.0374683
-0.0383795
-0.0391378
-0.039736
-0.0401679
-0.0404281
-0.0405128
-0.0404193
-0.0401466
-0.0396949
-0.039066
-0.0382633
-0.0372917
-0.0361576
-0.0348686
-0.0334339
-0.0318634
-0.0301681
-0.0283599
-0.0264509
-0.0244537
-0.0223799
-0.0202434
-0.0180507
-0.0158229
-0.0135429
-0.0112735
-0.00889534
-0.00666576
-0.00403872
-0.00203399
-0.0255163
-0.0279478
-0.0296882
-0.0314761
-0.0333201
-0.0350905
-0.0367397
-0.0382665
-0.0396687
-0.0409368
-0.0420593
-0.0430264
-0.0438295
-0.0444611
-0.0449145
-0.0451843
-0.0452664
-0.0451581
-0.0448583
-0.0443674
-0.0436876
-0.0428225
-0.0417776
-0.0405597
-0.0391775
-0.0376406
-0.0359601
-0.0341481
-0.0322176
-0.0301821
-0.0280553
-0.0258513
-0.0235828
-0.021265
-0.0189044
-0.0165244
-0.0141045
-0.0117155
-0.00922037
-0.00691172
-0.00416943
-0.00215035
-0.0315583
-0.0341258
-0.0358982
-0.0377182
-0.0395942
-0.0413788
-0.0430195
-0.0445162
-0.0458675
-0.0470637
-0.0480934
-0.0489468
-0.049616
-0.0500941
-0.0503755
-0.0504559
-0.0503324
-0.0500041
-0.0494714
-0.0487366
-0.047804
-0.0466794
-0.0453702
-0.0438858
-0.0422368
-0.0404352
-0.0384943
-0.0364281
-0.0342515
-0.0319798
-0.0296281
-0.0272121
-0.0247454
-0.0222444
-0.0197155
-0.0171844
-0.0146267
-0.0121223
-0.00951478
-0.00713543
-0.00428349
-0.0022686
-0.0381685
-0.0408709
-0.0426625
-0.044501
-0.0463944
-0.048176
-0.0497882
-0.0512325
-0.0525088
-0.0536074
-0.054517
-0.0552284
-0.0557346
-0.0560297
-0.0561092
-0.0559703
-0.0556119
-0.0550347
-0.0542413
-0.053236
-0.0520253
-0.0506174
-0.0490221
-0.047251
-0.0453172
-0.043235
-0.0410197
-0.0386875
-0.0362551
-0.0337395
-0.0311572
-0.0285252
-0.025858
-0.0231731
-0.0204766
-0.0177965
-0.0151043
-0.0124891
-0.0097748
-0.00733326
-0.0043787
-0.00238646
-0.0453905
-0.0482232
-0.0500164
-0.0518551
-0.0537465
-0.0555031
-0.057062
-0.0584271
-0.0595997
-0.0605707
-0.0613291
-0.0618667
-0.0621774
-0.0622569
-0.0621022
-0.0617121
-0.0610876
-0.0602314
-0.0591483
-0.0578452
-0.0563308
-0.0546158
-0.0527126
-0.0506354
-0.0483995
-0.0460216
-0.0435192
-0.0409106
-0.038214
-0.0354482
-0.032631
-0.0297804
-0.0269117
-0.0240434
-0.0211812
-0.0183552
-0.0155327
-0.0128119
-0.00999726
-0.00750156
-0.00445313
-0.00250037
-0.0532709
-0.0562239
-0.0579954
-0.0598104
-0.0616748
-0.0633785
-0.064854
-0.0661077
-0.0671433
-0.0679521
-0.0685241
-0.0688522
-0.068932
-0.0687606
-0.0683369
-0.0676619
-0.0667386
-0.0655721
-0.0641699
-0.0625411
-0.0606974
-0.0586519
-0.0564199
-0.0540179
-0.0514637
-0.0487764
-0.0459757
-0.0430815
-0.040114
-0.0370933
-0.0340383
-0.0309681
-0.0278984
-0.0248486
-0.0218237
-0.0188556
-0.0159081
-0.0130872
-0.0101796
-0.00763679
-0.00450533
-0.00260535
-0.061858
-0.0649141
-0.0666336
-0.0683941
-0.0701998
-0.0718164
-0.0731719
-0.0742767
-0.0751367
-0.0757444
-0.0760908
-0.0761705
-0.0759806
-0.0755205
-0.0747911
-0.0737958
-0.0725399
-0.0710313
-0.06928
-0.0672981
-0.0650998
-0.0627013
-0.0601205
-0.0573762
-0.0544891
-0.0514803
-0.0483715
-0.0451846
-0.0419413
-0.0386627
-0.0353689
-0.0320796
-0.0288109
-0.0255826
-0.0223994
-0.019294
-0.0162276
-0.0133121
-0.0103202
-0.00773563
-0.00453438
-0.00269503
-0.0712009
-0.074332
-0.0759615
-0.0776289
-0.0793361
-0.0808239
-0.0820167
-0.082929
-0.0835699
-0.0839329
-0.0840107
-0.0837996
-0.083299
-0.0825103
-0.081437
-0.0800848
-0.078462
-0.0765792
-0.0744492
-0.0720871
-0.0695102
-0.0667373
-0.0637889
-0.0606868
-0.0574539
-0.0541136
-0.0506893
-0.0472046
-0.0436824
-0.040145
-0.0366132
-0.0331071
-0.0296431
-0.0262408
-0.0229047
-0.0196677
-0.0164894
-0.0134849
-0.0104179
-0.00779515
-0.00454014
-0.00276181
-0.0813448
-0.0845085
-0.0860017
-0.087529
-0.0890892
-0.0903985
-0.0913787
-0.0920495
-0.0924228
-0.0924937
-0.0922565
-0.0917097
-0.090855
-0.0896963
-0.0882398
-0.0864939
-0.0844698
-0.082181
-0.0796437
-0.0768758
-0.0738975
-0.0707306
-0.0673984
-0.0639252
-0.0603361
-0.0566565
-0.0529116
-0.0491264
-0.0453248
-0.0415299
-0.0377629
-0.0340441
-0.0303899
-0.0268195
-0.0233372
-0.0199751
-0.0166926
-0.0136047
-0.010473
-0.00781304
-0.00452332
-0.00279722
-0.0923255
-0.0954599
-0.0967636
-0.0980954
-0.0994504
-0.100523
-0.101235
-0.10161
-0.101663
-0.101391
-0.10079
-0.0998605
-0.0986072
-0.0970365
-0.0951573
-0.0929811
-0.0905222
-0.0877973
-0.0848255
-0.081628
-0.0782281
-0.0746503
-0.0709207
-0.0670659
-0.0631131
-0.0590895
-0.0550218
-0.0509361
-0.0468571
-0.0428082
-0.038811
-0.0348855
-0.0310479
-0.0273166
-0.0236959
-0.0202159
-0.0168378
-0.0136717
-0.0104866
-0.00778773
-0.00448554
-0.00279243
-0.104159
-0.107178
-0.108236
-0.109309
-0.110392
-0.111163
-0.111545
-0.111566
-0.111243
-0.110575
-0.109559
-0.1082
-0.106503
-0.104479
-0.102139
-0.0994971
-0.0965718
-0.0933827
-0.0899522
-0.0863046
-0.0824659
-0.0784637
-0.0743265
-0.0700831
-0.0657625
-0.0613936
-0.0570041
-0.0526208
-0.0482691
-0.0439724
-0.0397521
-0.0356278
-0.0316152
-0.0277315
-0.0239812
-0.0203911
-0.0169267
-0.0136872
-0.0104606
-0.00771863
-0.00442941
-0.0027388
-0.116827
-0.119618
-0.120376
-0.121125
-0.12186
-0.122258
-0.122245
-0.121852
-0.121097
-0.119979
-0.118499
-0.116663
-0.11448
-0.111962
-0.109124
-0.105985
-0.102565
-0.0988875
-0.0949778
-0.0908633
-0.0865731
-0.0821373
-0.0775865
-0.0729517
-0.0682633
-0.0635513
-0.0588445
-0.0541699
-0.049553
-0.045017
-0.040583
-0.0362695
-0.0320917
-0.0280652
-0.024195
-0.0205031
-0.0169619
-0.0136536
-0.0103981
-0.00760613
-0.00435846
-0.0026285
-0.130261
-0.132686
-0.133104
-0.133463
-0.133769
-0.133721
-0.133249
-0.132383
-0.13114
-0.129521
-0.127529
-0.125171
-0.122461
-0.119414
-0.116047
-0.112382
-0.108444
-0.104258
-0.0998536
-0.0952609
-0.0905115
-0.0856379
-0.0806726
-0.0756481
-0.0705963
-0.0655477
-0.0605315
-0.0555749
-0.0507032
-0.045939
-0.0413024
-0.036811
-0.0324793
-0.0283203
-0.0243408
-0.0205554
-0.0169477
-0.0135743
-0.0103033
-0.00745169
-0.00427699
-0.00245504
-0.144324
-0.146223
-0.14629
-0.146203
-0.146
-0.145433
-0.144442
-0.143049
-0.141267
-0.139099
-0.136551
-0.133634
-0.130362
-0.126754
-0.122832
-0.11862
-0.114146
-0.109439
-0.104531
-0.0994547
-0.0942446
-0.0889347
-0.0835593
-0.078152
-0.0727455
-0.0673707
-0.0620568
-0.0568308
-0.0517172
-0.0467377
-0.0419117
-0.0372549
-0.0327815
-0.0285013
-0.0244231
-0.0205529
-0.0168888
-0.0134537
-0.0101808
-0.00725772
-0.00418993
-0.00221376
-0.158794
-0.160007
-0.159757
-0.159183
-0.158396
-0.157248
-0.155688
-0.153721
-0.151357
-0.1486
-0.14546
-0.14195
-0.138089
-0.133899
-0.129403
-0.124629
-0.119609
-0.114376
-0.108963
-0.103405
-0.0977393
-0.0920009
-0.0862253
-0.0804471
-0.0746991
-0.0690124
-0.0634158
-0.0579356
-0.0525953
-0.0474156
-0.0424144
-0.037606
-0.0330036
-0.0286136
-0.024448
-0.0205013
-0.0167911
-0.0132966
-0.0100359
-0.00702743
-0.00410257
-0.00190212
-0.173367
-0.173757
-0.173282
-0.172206
-0.170773
-0.168997
-0.16683
-0.164255
-0.161275
-0.157899
-0.154141
-0.150017
-0.145546
-0.140761
-0.135682
-0.130343
-0.124777
-0.11902
-0.113108
-0.107078
-0.100968
-0.0948153
-0.088655
-0.0825224
-0.0764504
-0.0704696
-0.0646081
-0.0588911
-0.0533412
-0.0479774
-0.0428165
-0.0378705
-0.0331524
-0.0286641
-0.0244222
-0.0204068
-0.0166608
-0.0131084
-0.00987427
-0.00676463
-0.00402036
-0.00151985
-0.187662
-0.187155
-0.186618
-0.185049
-0.182931
-0.180499
-0.177707
-0.174503
-0.170885
-0.166872
-0.162481
-0.157732
-0.152652
-0.147262
-0.141601
-0.135702
-0.129599
-0.12333
-0.116934
-0.110448
-0.103912
-0.097364
-0.0908393
-0.0843731
-0.0779979
-0.0717435
-0.065637
-0.0597026
-0.0539612
-0.0484303
-0.0431255
-0.0380562
-0.0332356
-0.0286603
-0.0243529
-0.0202761
-0.0165045
-0.0128945
-0.00970177
-0.00647347
-0.00394864
-0.00106891
-0.201262
-0.199884
-0.199513
-0.197488
-0.194669
-0.191579
-0.18816
-0.184319
-0.180057
-0.1754
-0.170373
-0.165
-0.159309
-0.15333
-0.147101
-0.140657
-0.134035
-0.127275
-0.120416
-0.113498
-0.10656
-0.0996408
-0.092776
-0.0860002
-0.0793451
-0.0728397
-0.0665098
-0.060378
-0.054464
-0.0487834
-0.0433504
-0.038172
-0.0332618
-0.0286101
-0.0242478
-0.020116
-0.0163287
-0.0126602
-0.00952404
-0.00615826
-0.0038924
-0.000553312
-0.213759
-0.211676
-0.21175
-0.209323
-0.205813
-0.202085
-0.198051
-0.193579
-0.188675
-0.183382
-0.17773
-0.171746
-0.165463
-0.158916
-0.152141
-0.145176
-0.138062
-0.130837
-0.123544
-0.116221
-0.10891
-0.101648
-0.0944698
-0.0874106
-0.0805007
-0.0737678
-0.0672365
-0.0609279
-0.0548601
-0.0490468
-0.0435012
-0.0382273
-0.0332396
-0.0285215
-0.0241141
-0.019933
-0.0161395
-0.0124107
-0.00934647
-0.00582322
-0.00385595
2.09998e-05
-0.224817
-0.222361
-0.223175
-0.2204
-0.21623
-0.2119
-0.207273
-0.202181
-0.196652
-0.190741
-0.184486
-0.177918
-0.171071
-0.163984
-0.156694
-0.149242
-0.141668
-0.134012
-0.126317
-0.118622
-0.110969
-0.103393
-0.0959311
-0.0886158
-0.0814767
-0.0745402
-0.0678296
-0.0613644
-0.0551611
-0.0492315
-0.0435879
-0.0382312
-0.0331777
-0.0284021
-0.023959
-0.0197329
-0.0159429
-0.0121504
-0.00917392
-0.00547234
-0.00384279
0.00064658
-0.234232
-0.2319
-0.233726
-0.230637
-0.225846
-0.220954
-0.215754
-0.210061
-0.203929
-0.19743
-0.190603
-0.183485
-0.176111
-0.168522
-0.160756
-0.152854
-0.144856
-0.136806
-0.128745
-0.120712
-0.112749
-0.104891
-0.0971744
-0.0896304
-0.0822875
-0.075171
-0.0683025
-0.0616999
-0.0553786
-0.0493482
-0.0436204
-0.0381926
-0.033084
-0.0282589
-0.0237889
-0.0195211
-0.015744
-0.0118833
-0.00901067
-0.00510921
-0.00385564
0.00131499
-0.241968
-0.240415
-0.243437
-0.240021
-0.234642
-0.22922
-0.22346
-0.217184
-0.210478
-0.203424
-0.196065
-0.188438
-0.18058
-0.172531
-0.164331
-0.15602
-0.14764
-0.139234
-0.130843
-0.122507
-0.114267
-0.106159
-0.0982164
-0.0904705
-0.0829487
-0.0756746
-0.0686687
-0.0619473
-0.0555243
-0.0494075
-0.0436083
-0.03812
-0.0329661
-0.0280984
-0.0236096
-0.0193024
-0.0155474
-0.0116127
-0.00886052
-0.00473696
-0.0038965
0.00201717
-0.248122
-0.248206
-0.252452
-0.248602
-0.24264
-0.236693
-0.230376
-0.223534
-0.216287
-0.208721
-0.200875
-0.192786
-0.184492
-0.17603
-0.167441
-0.158764
-0.150044
-0.14132
-0.132637
-0.124033
-0.115549
-0.10722
-0.0990801
-0.091158
-0.0834804
-0.0760698
-0.0689453
-0.0621216
-0.0556118
-0.0494214
-0.043562
-0.0380225
-0.0328319
-0.0279272
-0.023427
-0.0190814
-0.0153575
-0.011342
-0.00872643
-0.00435908
-0.00396545
0.00274307
-0.253276
-0.255827
-0.261092
-0.2566
-0.250005
-0.243499
-0.236605
-0.229212
-0.221457
-0.213418
-0.20513
-0.196625
-0.187938
-0.179106
-0.170168
-0.161165
-0.152139
-0.143132
-0.134187
-0.125345
-0.116644
-0.10812
-0.0998041
-0.0917266
-0.0839121
-0.0763819
-0.0691539
-0.0622414
-0.0556564
-0.0494025
-0.043492
-0.0379085
-0.0326882
-0.0277508
-0.0232453
-0.0188616
-0.0151763
-0.0110739
-0.00860846
-0.00398046
-0.0040576
0.0034813
-0.258439
-0.264045
-0.269889
-0.264538
-0.257207
-0.250011
-0.242462
-0.234495
-0.226234
-0.217735
-0.209021
-0.200119
-0.191059
-0.181877
-0.172609
-0.163298
-0.153985
-0.144715
-0.135528
-0.126466
-0.117566
-0.108864
-0.100391
-0.0921747
-0.0842389
-0.0766037
-0.0692858
-0.0622968
-0.0556481
-0.0493409
-0.0433885
-0.0377687
-0.0325263
-0.0275613
-0.0230575
-0.0186372
-0.0149992
-0.0108049
-0.00850387
-0.00360049
-0.00417171
0.00422687
-0.263739
-0.274418
-0.278406
-0.271725
-0.263494
-0.255434
-0.247155
-0.238614
-0.229879
-0.220965
-0.211879
-0.202637
-0.193264
-0.183792
-0.174257
-0.1647
-0.155163
-0.145688
-0.136319
-0.127093
-0.118049
-0.109221
-0.100638
-0.0923266
-0.0843106
-0.0766078
-0.069234
-0.0621991
-0.0555141
-0.0491775
-0.043205
-0.0375665
-0.0323195
-0.0273373
-0.022852
-0.0183949
-0.0148275
-0.0105205
-0.00843088
-0.00318817
-0.00435921
0.00500552
-0.300372
-0.28912
-0.281137
-0.272535
-0.263728
-0.255288
-0.246805
-0.23818
-0.229424
-0.220521
-0.211462
-0.202256
-0.192922
-0.183487
-0.173987
-0.16446
-0.154948
-0.145494
-0.136141
-0.126928
-0.117894
-0.109072
-0.100495
-0.0921877
-0.0841744
-0.0764737
-0.0691015
-0.0620676
-0.0553842
-0.0490471
-0.0430777
-0.0374353
-0.0321973
-0.0271997
-0.0227431
-0.0182357
-0.014756
-0.0102986
-0.00846129
-0.00280074
-0.00465583
0.00568957
-0.307432
-0.294336
-0.282343
-0.273035
-0.263903
-0.255159
-0.246476
-0.23772
-0.228864
-0.219877
-0.210747
-0.20148
-0.192096
-0.182622
-0.173093
-0.16355
-0.154033
-0.144585
-0.135247
-0.126059
-0.117056
-0.108272
-0.0997373
-0.0914762
-0.0835112
-0.0758599
-0.0685375
-0.0615525
-0.054917
-0.0486253
-0.0427003
-0.0370966
-0.0319003
-0.02693
-0.0225184
-0.0180145
-0.0146042
-0.0100907
-0.00840799
-0.00253151
-0.00479315
0.00616465
-0.306834
-0.293868
-0.281341
-0.272197
-0.263095
-0.25426
-0.245501
-0.236684
-0.227771
-0.21873
-0.209551
-0.200243
-0.190827
-0.181332
-0.171796
-0.162257
-0.152757
-0.143338
-0.134039
-0.124899
-0.115951
-0.107228
-0.0987582
-0.0905646
-0.0826683
-0.0750856
-0.0678307
-0.0609112
-0.0543389
-0.0481067
-0.0422384
-0.0366861
-0.0315403
-0.0266102
-0.022247
-0.0177638
-0.0144153
-0.00987638
-0.00831669
-0.0022882
-0.004872
0.00660486
-0.305356
-0.292395
-0.279891
-0.271019
-0.26204
-0.253207
-0.244439
-0.235603
-0.226664
-0.217595
-0.208389
-0.199059
-0.189628
-0.180128
-0.170595
-0.16107
-0.151594
-0.142207
-0.132948
-0.123855
-0.11496
-0.106293
-0.0978824
-0.0897498
-0.0819149
-0.0743932
-0.0671981
-0.0603365
-0.0538197
-0.0476399
-0.0418213
-0.0363142
-0.0312127
-0.0263179
-0.0219978
-0.0175322
-0.0142402
-0.00967567
-0.00823201
-0.00205634
-0.00494807
0.00703161
-0.302924
-0.290451
-0.278329
-0.26971
-0.260876
-0.252092
-0.243346
-0.234515
-0.225567
-0.216483
-0.207263
-0.197921
-0.188483
-0.178984
-0.169461
-0.159955
-0.150505
-0.141152
-0.131934
-0.122886
-0.114041
-0.105429
-0.0970735
-0.0889976
-0.0812198
-0.0737545
-0.0666144
-0.059806
-0.05334
-0.0472082
-0.0414354
-0.0359695
-0.0309089
-0.0260462
-0.0217663
-0.0173157
-0.0140779
-0.00948593
-0.00815585
-0.00183239
-0.00502754
0.00744752
-0.29983
-0.288027
-0.276554
-0.268214
-0.259563
-0.250874
-0.242179
-0.233374
-0.224434
-0.215348
-0.206123
-0.196778
-0.187342
-0.177851
-0.168343
-0.158859
-0.149439
-0.140122
-0.130947
-0.121946
-0.113152
-0.104593
-0.0962927
-0.0882726
-0.0805504
-0.07314
-0.0660533
-0.0592964
-0.0528796
-0.0467942
-0.0410654
-0.0356394
-0.0306181
-0.0257863
-0.0215449
-0.0171091
-0.0139231
-0.00930497
-0.00808406
-0.00161773
-0.00510562
0.00784958
-0.296436
-0.285366
-0.274624
-0.266566
-0.258124
-0.249564
-0.240946
-0.232186
-0.223268
-0.214193
-0.204974
-0.195636
-0.186209
-0.176733
-0.167245
-0.157788
-0.148401
-0.139123
-0.129991
-0.121038
-0.112294
-0.103788
-0.0955418
-0.0875762
-0.0799081
-0.0725507
-0.0655157
-0.0588084
-0.052439
-0.0463981
-0.0407115
-0.0353239
-0.0303401
-0.0255383
-0.0213336
-0.0169124
-0.0137755
-0.00913318
-0.00801585
-0.00141367
-0.00518049
0.00823546
-0.292857
-0.282604
-0.272617
-0.264828
-0.256603
-0.248193
-0.23967
-0.230968
-0.222087
-0.213035
-0.203832
-0.194509
-0.185099
-0.175643
-0.16618
-0.156753
-0.147402
-0.138164
-0.129076
-0.120171
-0.111477
-0.103022
-0.0948283
-0.0869151
-0.0792989
-0.0719923
-0.0650065
-0.0583463
-0.0520218
-0.0460233
-0.0403767
-0.0350254
-0.0300772
-0.025304
-0.0211338
-0.0167268
-0.013636
-0.00897135
-0.00795164
-0.00122096
-0.00525199
0.00860344
-0.289779
-0.279897
-0.270575
-0.263045
-0.255038
-0.246787
-0.238369
-0.229739
-0.220904
-0.211885
-0.202708
-0.193407
-0.184021
-0.17459
-0.165157
-0.155763
-0.146449
-0.137252
-0.128209
-0.11935
-0.110705
-0.1023
-0.0941561
-0.0862929
-0.078726
-0.0714675
-0.0645281
-0.0579124
-0.0516303
-0.0456716
-0.0400626
-0.0347456
-0.0298307
-0.0250844
-0.0209465
-0.0165531
-0.0135054
-0.00882005
-0.00789174
-0.00104025
-0.00531995
0.00895182
-0.286264
-0.277195
-0.26854
-0.261254
-0.253461
-0.245372
-0.237066
-0.228514
-0.219735
-0.210757
-0.201613
-0.192342
-0.182984
-0.173583
-0.164182
-0.154823
-0.145548
-0.136392
-0.127392
-0.118579
-0.109981
-0.101624
-0.0935279
-0.085712
-0.0781915
-0.0709782
-0.0640824
-0.0575084
-0.0512658
-0.0453442
-0.0397703
-0.0344852
-0.0296013
-0.0248802
-0.0207723
-0.0163918
-0.013384
-0.00867972
-0.00783627
-0.000872171
-0.00538401
0.00927883
-0.282983
-0.27465
-0.266562
-0.259495
-0.251905
-0.243976
-0.235782
-0.227313
-0.218596
-0.209665
-0.20056
-0.191322
-0.181997
-0.172629
-0.163263
-0.153941
-0.144704
-0.13559
-0.126632
-0.117863
-0.10931
-0.100997
-0.0929462
-0.0851747
-0.0776976
-0.0705264
-0.063671
-0.0571355
-0.0509296
-0.0450424
-0.0395008
-0.0342453
-0.02939
-0.0246922
-0.0206118
-0.0162434
-0.0132722
-0.00855079
-0.00778537
-0.000717331
-0.00544378
0.00958273
-0.279976
-0.272344
-0.264692
-0.257802
-0.2504
-0.242623
-0.23454
-0.226155
-0.217503
-0.208624
-0.199561
-0.190361
-0.181072
-0.171739
-0.162408
-0.153123
-0.143924
-0.134849
-0.125933
-0.117205
-0.108694
-0.100423
-0.0924141
-0.0846836
-0.0772465
-0.0701139
-0.0632956
-0.0567955
-0.050623
-0.0447673
-0.0392552
-0.0340266
-0.0291974
-0.024521
-0.0204657
-0.0161085
-0.0131704
-0.00843363
-0.00773917
-0.000576293
-0.0054989
0.00986179
-0.277193
-0.269798
-0.2629
-0.256212
-0.248976
-0.241341
-0.233364
-0.225061
-0.216474
-0.207648
-0.19863
-0.18947
-0.180217
-0.17092
-0.161625
-0.152376
-0.143214
-0.134177
-0.125298
-0.116609
-0.108137
-0.0999051
-0.091934
-0.0842409
-0.0768401
-0.0697425
-0.0629578
-0.0564896
-0.0503473
-0.0445199
-0.0390344
-0.0338302
-0.0290243
-0.0243672
-0.0203343
-0.0159874
-0.013079
-0.00832859
-0.00769778
-0.000449574
-0.00554899
0.0101144
-0.27474
-0.267848
-0.261295
-0.254751
-0.247662
-0.240154
-0.232275
-0.224051
-0.215528
-0.206754
-0.197781
-0.18866
-0.179444
-0.170181
-0.160921
-0.151706
-0.142578
-0.133576
-0.124733
-0.116079
-0.107642
-0.0994452
-0.0915084
-0.0838487
-0.0764802
-0.0694139
-0.0626589
-0.0562191
-0.0501036
-0.0443012
-0.0388393
-0.0336566
-0.0288714
-0.0242315
-0.0202183
-0.0158806
-0.0129982
-0.008236
-0.00766131
-0.000337642
-0.00559372
0.0103391
-0.272531
-0.266118
-0.259856
-0.253443
-0.246482
-0.239086
-0.231296
-0.223144
-0.21468
-0.205955
-0.197025
-0.187942
-0.17876
-0.169531
-0.160302
-0.151119
-0.142023
-0.133052
-0.124241
-0.115618
-0.107213
-0.0990461
-0.0911393
-0.0835088
-0.0761686
-0.0691294
-0.0624004
-0.0559851
-0.0498928
-0.0441122
-0.0386706
-0.0335066
-0.0287392
-0.0241142
-0.0201181
-0.0157883
-0.0129285
-0.00815612
-0.00762987
-0.000240912
-0.00563275
0.0105344
-0.270503
-0.264654
-0.258609
-0.252306
-0.245463
-0.238161
-0.230447
-0.222358
-0.213946
-0.205267
-0.196375
-0.187327
-0.178176
-0.168977
-0.159776
-0.150621
-0.141553
-0.13261
-0.123825
-0.11523
-0.10685
-0.0987101
-0.0908287
-0.083223
-0.0759067
-0.0688903
-0.0621832
-0.0557886
-0.0497158
-0.0439535
-0.038529
-0.0333807
-0.0286283
-0.0240158
-0.020034
-0.015711
-0.01287
-0.0080892
-0.00760354
-0.000159745
-0.00566579
0.0106991
-0.26891
-0.263435
-0.257579
-0.25137
-0.24462
-0.237396
-0.229744
-0.221708
-0.213342
-0.2047
-0.195841
-0.186822
-0.177699
-0.168525
-0.159349
-0.150217
-0.141172
-0.132251
-0.123489
-0.114916
-0.106558
-0.0984389
-0.0905783
-0.0829926
-0.0756956
-0.0686978
-0.0620082
-0.0556304
-0.0495733
-0.0438257
-0.038415
-0.0332794
-0.0285391
-0.0239366
-0.0199663
-0.0156488
-0.0128229
-0.00803543
-0.0075824
-9.44447e-05
-0.00569257
0.0108323
-0.267719
-0.262502
-0.256788
-0.250653
-0.243973
-0.236807
-0.229203
-0.221209
-0.212877
-0.204265
-0.195433
-0.186437
-0.177335
-0.168181
-0.159023
-0.14991
-0.140883
-0.131979
-0.123234
-0.114678
-0.106337
-0.0982341
-0.0903892
-0.0828188
-0.0755364
-0.0685526
-0.0618763
-0.0555111
-0.0494659
-0.0437295
-0.0383291
-0.033203
-0.0284718
-0.0238769
-0.0199153
-0.015602
-0.0127875
-0.00799496
-0.0075665
-4.52579e-05
-0.00571287
0.0109329
-0.266918
-0.26187
-0.25625
-0.250168
-0.243533
-0.236407
-0.228836
-0.22087
-0.212562
-0.203971
-0.195156
-0.186177
-0.17709
-0.167949
-0.158805
-0.149704
-0.140688
-0.131797
-0.123064
-0.114519
-0.106189
-0.0980969
-0.0902626
-0.0827024
-0.0754298
-0.0684554
-0.0617881
-0.0554313
-0.049394
-0.043665
-0.0382717
-0.0331519
-0.0284268
-0.023837
-0.0198812
-0.0155707
-0.0127638
-0.00796793
-0.00755589
-1.23693e-05
-0.00572653
0.0110004
-0.266515
-0.26155
-0.255976
-0.249922
-0.243311
-0.236205
-0.228651
-0.220698
-0.212402
-0.203822
-0.195017
-0.186046
-0.176966
-0.167832
-0.158695
-0.1496
-0.140591
-0.131705
-0.122978
-0.114439
-0.106115
-0.0980281
-0.0901991
-0.082644
-0.0753763
-0.0684066
-0.0617438
-0.0553912
-0.0493579
-0.0436327
-0.0382428
-0.0331263
-0.0284042
-0.023817
-0.0198641
-0.015555
-0.0127519
-0.0079544
-0.0075506
4.09574e-06
-0.00573343
0.0110343
)
;

boundaryField
{
    inlet
    {
        type            zeroGradient;
    }
    outlet
    {
        type            fixedValue;
        value           uniform 0;
    }
    cylinder
    {
        type            zeroGradient;
    }
    top
    {
        type            symmetryPlane;
    }
    bottom
    {
        type            symmetryPlane;
    }
    defaultFaces
    {
        type            empty;
    }
    procBoundary1to0
    {
        type            processor;
        value           nonuniform List<scalar> 
133
(
-0.362411
-0.362411
-0.371927
-0.381801
-0.379689
-0.379689
-0.388428
-0.385124
-0.385124
-0.379548
-0.379548
-0.386619
-0.378426
-0.378426
-0.369145
-0.369145
-0.35898
-0.35898
-0.34726
-0.34726
-0.332519
-0.332519
-0.32219
-0.32219
-0.333313
-0.322186
-0.322186
-0.350166
-0.347285
-0.347285
-0.359017
-0.359017
-0.36919
-0.36919
-0.378478
-0.378478
-0.386675
-0.379599
-0.379599
-0.385178
-0.385178
-0.388482
-0.379738
-0.379738
-0.381848
-0.37197
-0.37197
-0.276069
-0.263098
-0.247381
-0.229332
-0.211749
-0.194556
-0.177811
-0.161742
-0.146456
-0.132008
-0.118426
-0.105716
-0.0938686
-0.0828608
-0.0726631
-0.0632391
-0.0545482
-0.046547
-0.0391913
-0.0324371
-0.0262418
-0.02286
-0.02286
-0.0174799
-0.0125599
-0.00806574
-0.00396608
-0.000231993
0.00316302
0.00624315
0.00903042
0.0115448
0.0138042
0.0158248
0.0176205
0.0192036
0.0205843
0.0217704
0.0227678
0.0235788
0.0242054
0.0246377
0.0248839
0.0248981
0.024652
0.0242199
0.0235936
0.0227829
0.0217859
0.0206004
0.0192204
0.017638
0.015843
0.0138234
0.011565
0.00905171
0.00905171
0.00757658
0.0046013
0.00132211
-0.00228429
-0.00624349
-0.0105834
-0.0153343
-0.0205294
-0.0262041
-0.0323968
-0.0391481
-0.0465007
-0.0544985
-0.0631859
-0.0726061
-0.0827997
-0.0938032
-0.105647
-0.118352
-0.13193
-0.146374
-0.161658
-0.177726
-0.194472
-0.211669
-0.229259
-0.247318
-0.263045
-0.276028
)
;
    }
}


// ************************************************************************* //
