/*--------------------------------*- C++ -*----------------------------------*\
  =========                 |
  \\      /  F ield         | OpenFOAM: The Open Source CFD Toolbox
   \\    /   O peration     | Website:  https://openfoam.org
    \\  /    A nd           | Version:  7
     \\/     M anipulation  |
\*---------------------------------------------------------------------------*/
FoamFile
{
    version     2.0;
    format      ascii;
    class       volScalarField;
    location    "35";
    object      p;
}
// * * * * * * * * * * * * * * * * * * * * * * * * * * * * * * * * * * * * * //

dimensions      [0 2 -2 0 0 0 0];

internalField   nonuniform List<scalar> 
6386
(
-0.194802
-0.196743
-0.197656
-0.198397
-0.199035
-0.199597
-0.200104
-0.200563
-0.200973
-0.201342
-0.195003
-0.196919
-0.197819
-0.198546
-0.199171
-0.199719
-0.200213
-0.200659
-0.201053
-0.201397
-0.195393
-0.197262
-0.198136
-0.198837
-0.199436
-0.199957
-0.200423
-0.20084
-0.201202
-0.201488
-0.195965
-0.197767
-0.198602
-0.199265
-0.199825
-0.200306
-0.200728
-0.2011
-0.20141
-0.201599
-0.196709
-0.198427
-0.199211
-0.199823
-0.200329
-0.200755
-0.201117
-0.201425
-0.201666
-0.20171
-0.197616
-0.199233
-0.199954
-0.200501
-0.20094
-0.201295
-0.201578
-0.201802
-0.201958
-0.201794
-0.198673
-0.200175
-0.200822
-0.20129
-0.201646
-0.201913
-0.202099
-0.202215
-0.202275
-0.201813
-0.199868
-0.201243
-0.201803
-0.202179
-0.202436
-0.202599
-0.202665
-0.202645
-0.202605
-0.201718
-0.20119
-0.202428
-0.20289
-0.203158
-0.203298
-0.203339
-0.203266
-0.203075
-0.20295
-0.201436
-0.202627
-0.203722
-0.204073
-0.204217
-0.204224
-0.204124
-0.203891
-0.203491
-0.203341
-0.200871
-0.204174
-0.205118
-0.205346
-0.205349
-0.205204
-0.204945
-0.204534
-0.203876
-0.203807
-0.200105
-0.205825
-0.206613
-0.206702
-0.206547
-0.206231
-0.205796
-0.205189
-0.204217
-0.20398
-0.19941
-0.207581
-0.208206
-0.208142
-0.207808
-0.2073
-0.20667
-0.205859
-0.204672
-0.204068
-0.198416
-0.209447
-0.209901
-0.209664
-0.20913
-0.20841
-0.207568
-0.206526
-0.205117
-0.204211
-0.197128
-0.211432
-0.211704
-0.211275
-0.210515
-0.20956
-0.208487
-0.207204
-0.205561
-0.204366
-0.195663
-0.213631
-0.212983
-0.211969
-0.210752
-0.209429
-0.207891
-0.206043
-0.204458
-0.194188
-0.215697
-0.214802
-0.213503
-0.211994
-0.210396
-0.208581
-0.206595
-0.204371
-0.192883
-0.217927
-0.216751
-0.215134
-0.213299
-0.211398
-0.209276
-0.207254
-0.203912
-0.191855
-0.218863
-0.216885
-0.214688
-0.212454
-0.20999
-0.208052
-0.202986
-0.191858
-0.221162
-0.218786
-0.216193
-0.213595
-0.210759
-0.208942
-0.201972
-0.196207
-0.220877
-0.217852
-0.214859
-0.21162
-0.209724
-0.201519
-0.20742
-0.219713
-0.216291
-0.212624
-0.210273
-0.2018
-0.206559
-0.221831
-0.21794
-0.213814
-0.21069
-0.202343
-0.203824
-0.21985
-0.215198
-0.211134
-0.202777
-0.20115
-0.216772
-0.211651
-0.202976
-0.198451
-0.212222
-0.202862
-0.195831
-0.202413
-0.193219
-0.190536
-0.201736
-0.19058
-0.202553
-0.193281
-0.212442
-0.203025
-0.195913
-0.217038
-0.211894
-0.203163
-0.198554
-0.220127
-0.215481
-0.211399
-0.202988
-0.201272
-0.222098
-0.218228
-0.214113
-0.210974
-0.202575
-0.203963
-0.219985
-0.216588
-0.212936
-0.210574
-0.20205
-0.206707
-0.221121
-0.218124
-0.21516
-0.21194
-0.210037
-0.201783
-0.207569
-0.221376
-0.219024
-0.216461
-0.213895
-0.211081
-0.209262
-0.202245
-0.196362
-0.219065
-0.217113
-0.214949
-0.212749
-0.210309
-0.208372
-0.203263
-0.192013
-0.218096
-0.216937
-0.215348
-0.213546
-0.21168
-0.209584
-0.207565
-0.204186
-0.192003
-0.215845
-0.214969
-0.213699
-0.212224
-0.210661
-0.208871
-0.206888
-0.204632
-0.193018
-0.213662
-0.213756
-0.21313
-0.212144
-0.21096
-0.209671
-0.208156
-0.206311
-0.204698
-0.194305
-0.211511
-0.211806
-0.211398
-0.210667
-0.209744
-0.208702
-0.207441
-0.205799
-0.20458
-0.195757
-0.209497
-0.209978
-0.209764
-0.209257
-0.208567
-0.207753
-0.206732
-0.205319
-0.204391
-0.197196
-0.207604
-0.208259
-0.208217
-0.207909
-0.20743
-0.206825
-0.206032
-0.204838
-0.204217
-0.198452
-0.205822
-0.206643
-0.206755
-0.206624
-0.206333
-0.20592
-0.205326
-0.204354
-0.204077
-0.199427
-0.204148
-0.205128
-0.205377
-0.205403
-0.20528
-0.20504
-0.204638
-0.203982
-0.203801
-0.200152
-0.202582
-0.203714
-0.204086
-0.204251
-0.204277
-0.204192
-0.203966
-0.203563
-0.203342
-0.200879
-0.20113
-0.202406
-0.202888
-0.203174
-0.203331
-0.203383
-0.203314
-0.203116
-0.202942
-0.201399
-0.199799
-0.20121
-0.201789
-0.202181
-0.202451
-0.202624
-0.202692
-0.202661
-0.202581
-0.201654
-0.1986
-0.200136
-0.200799
-0.201282
-0.201649
-0.201923
-0.202108
-0.202212
-0.202238
-0.201733
-0.197544
-0.199191
-0.199927
-0.200486
-0.200934
-0.201294
-0.201576
-0.201788
-0.201915
-0.201709
-0.196643
-0.198387
-0.199183
-0.199805
-0.200319
-0.200748
-0.201107
-0.201405
-0.201621
-0.201628
-0.195908
-0.197732
-0.198577
-0.199248
-0.199813
-0.200296
-0.200715
-0.201078
-0.201369
-0.201526
-0.19535
-0.197235
-0.198115
-0.198822
-0.199425
-0.199948
-0.200411
-0.200822
-0.201169
-0.201431
-0.194976
-0.196902
-0.197806
-0.198536
-0.199163
-0.199712
-0.200205
-0.200646
-0.201032
-0.201362
-0.194793
-0.196737
-0.197652
-0.198394
-0.199033
-0.199594
-0.200101
-0.200559
-0.200966
-0.20133
-0.201782
-0.202088
-0.202397
-0.202703
-0.203002
-0.203292
-0.203567
-0.203819
-0.204039
-0.204216
-0.204339
-0.204396
-0.204373
-0.204256
-0.20403
-0.203675
-0.203173
-0.202499
-0.201624
-0.200517
-0.199135
-0.197438
-0.19538
-0.192899
-0.189927
-0.186389
-0.18219
-0.177242
-0.171413
-0.164641
-0.156726
-0.147731
-0.137337
-0.125888
-0.112924
-0.0990872
-0.0842
-0.0679816
-0.0536183
-0.0336481
-0.0252319
0.00282249
-0.201884
-0.20218
-0.20249
-0.202804
-0.203113
-0.203417
-0.203709
-0.203981
-0.204225
-0.20443
-0.204584
-0.204674
-0.204687
-0.204606
-0.204414
-0.204092
-0.203615
-0.202957
-0.202085
-0.200964
-0.199544
-0.197784
-0.195635
-0.193036
-0.189919
-0.186212
-0.181828
-0.176691
-0.170682
-0.163757
-0.155729
-0.14669
-0.136308
-0.124957
-0.112187
-0.098608
-0.0840044
-0.068116
-0.0540277
-0.0342728
-0.0259694
0.00240921
-0.20206
-0.202333
-0.202638
-0.202955
-0.203272
-0.203587
-0.203894
-0.204186
-0.204453
-0.204685
-0.204869
-0.204992
-0.205039
-0.204994
-0.204838
-0.204547
-0.204097
-0.203458
-0.202593
-0.201455
-0.200002
-0.198182
-0.195948
-0.193235
-0.189978
-0.186109
-0.181547
-0.176229
-0.170045
-0.162975
-0.154839
-0.145756
-0.135397
-0.124123
-0.111546
-0.0982265
-0.0838938
-0.06833
-0.0544953
-0.0349514
-0.0267658
0.00196703
-0.202302
-0.202536
-0.20283
-0.203148
-0.20347
-0.203795
-0.204117
-0.204427
-0.204716
-0.204973
-0.205186
-0.205341
-0.205423
-0.205413
-0.205292
-0.205034
-0.204611
-0.203991
-0.203135
-0.201989
-0.2005
-0.198625
-0.196311
-0.193491
-0.190101
-0.186078
-0.181346
-0.175856
-0.169507
-0.162299
-0.15406
-0.14494
-0.134595
-0.123572
-0.110995
-0.0979434
-0.0838669
-0.0686184
-0.0550224
-0.0356791
-0.0275435
0.00144109
-0.202597
-0.202779
-0.203056
-0.203373
-0.203698
-0.204032
-0.204366
-0.204694
-0.205004
-0.205285
-0.205526
-0.205713
-0.205828
-0.205854
-0.205767
-0.205542
-0.205148
-0.204548
-0.203699
-0.202556
-0.201031
-0.199107
-0.196718
-0.193799
-0.190284
-0.186116
-0.181224
-0.175571
-0.169065
-0.16173
-0.153395
-0.144244
-0.133915
-0.122973
-0.110607
-0.0977839
-0.0839461
-0.0689946
-0.0556165
-0.0364029
-0.0283267
0.000867963
-0.202934
-0.203046
-0.203302
-0.203618
-0.203944
-0.204285
-0.204631
-0.204975
-0.205305
-0.20561
-0.205878
-0.206095
-0.206243
-0.206304
-0.206252
-0.206061
-0.205696
-0.205118
-0.20428
-0.203132
-0.201604
-0.199618
-0.197161
-0.194149
-0.190518
-0.186214
-0.181173
-0.175369
-0.168717
-0.161265
-0.152841
-0.143668
-0.133355
-0.122504
-0.11027
-0.0977357
-0.0841164
-0.0694412
-0.0562475
-0.0371958
-0.0290514
0.000275717
-0.2033
-0.203323
-0.203556
-0.20387
-0.204196
-0.204542
-0.204899
-0.205258
-0.205607
-0.205934
-0.206229
-0.206475
-0.206656
-0.206751
-0.206735
-0.206578
-0.206243
-0.20569
-0.204865
-0.203716
-0.202179
-0.200147
-0.19763
-0.194533
-0.190795
-0.186367
-0.181186
-0.175243
-0.168456
-0.160898
-0.152393
-0.143204
-0.132911
-0.122162
-0.110064
-0.0977495
-0.0843363
-0.069915
-0.0568798
-0.0380088
-0.0297492
-0.000334084
-0.203696
-0.203593
-0.203801
-0.204115
-0.20444
-0.204791
-0.205158
-0.20553
-0.205896
-0.206246
-0.206566
-0.206841
-0.207054
-0.207183
-0.207202
-0.20708
-0.206777
-0.20625
-0.205443
-0.204297
-0.202742
-0.200682
-0.198113
-0.194941
-0.191105
-0.186563
-0.181255
-0.175186
-0.168275
-0.160623
-0.152044
-0.142847
-0.132573
-0.121928
-0.109963
-0.0978537
-0.0846276
-0.0704375
-0.057527
-0.0387912
-0.0304057
-0.000958302
-0.204157
-0.203839
-0.204026
-0.204342
-0.204664
-0.205019
-0.205393
-0.205779
-0.206161
-0.206531
-0.206875
-0.207178
-0.207423
-0.207586
-0.207641
-0.207554
-0.207285
-0.206786
-0.206
-0.204862
-0.203299
-0.201215
-0.198598
-0.19536
-0.191436
-0.186792
-0.181369
-0.175186
-0.168163
-0.160428
-0.151785
-0.142585
-0.132331
-0.121792
-0.109944
-0.0980326
-0.0849638
-0.0709935
-0.058191
-0.03954
-0.0310003
-0.0015907
-0.204736
-0.204049
-0.204218
-0.20454
-0.204858
-0.205216
-0.205592
-0.205991
-0.206388
-0.206776
-0.207144
-0.207474
-0.20775
-0.207948
-0.208038
-0.207988
-0.207754
-0.207285
-0.206523
-0.205399
-0.203832
-0.201735
-0.199076
-0.19578
-0.191779
-0.187045
-0.181518
-0.175234
-0.168111
-0.160305
-0.151605
-0.142408
-0.132171
-0.12174
-0.109998
-0.0982673
-0.0853454
-0.071555
-0.0588546
-0.0402548
-0.0315219
-0.00222499
-0.205106
-0.204307
-0.204379
-0.204698
-0.205012
-0.205375
-0.205737
-0.206153
-0.206564
-0.20697
-0.20736
-0.207717
-0.208024
-0.208255
-0.208383
-0.208369
-0.208171
-0.207736
-0.206999
-0.205893
-0.204328
-0.202229
-0.199532
-0.196189
-0.192122
-0.187309
-0.181691
-0.175319
-0.168106
-0.160242
-0.151491
-0.142303
-0.132091
-0.12175
-0.110112
-0.0985443
-0.0857573
-0.0721128
-0.0595031
-0.0409311
-0.0319645
-0.00285543
-0.205355
-0.20461
-0.204502
-0.204807
-0.205117
-0.205462
-0.205843
-0.206257
-0.206678
-0.207101
-0.207512
-0.207895
-0.208232
-0.208498
-0.208662
-0.208687
-0.208526
-0.208125
-0.207418
-0.206333
-0.204774
-0.202681
-0.199955
-0.196575
-0.192452
-0.187573
-0.181877
-0.17543
-0.168141
-0.160224
-0.151434
-0.142256
-0.132067
-0.121817
-0.110271
-0.0988489
-0.0861861
-0.0726564
-0.0601252
-0.0415644
-0.0323247
-0.00347668
-0.20565
-0.204907
-0.204582
-0.20487
-0.205168
-0.205494
-0.205875
-0.206289
-0.206718
-0.207156
-0.207587
-0.207996
-0.208363
-0.208663
-0.208864
-0.208928
-0.208806
-0.208442
-0.207767
-0.206708
-0.20516
-0.203077
-0.200335
-0.196927
-0.19276
-0.187827
-0.182065
-0.175555
-0.168201
-0.160243
-0.151419
-0.142256
-0.13209
-0.121925
-0.110464
-0.0991669
-0.0866197
-0.0731748
-0.0607107
-0.0421516
-0.0326014
-0.004084
-0.205982
-0.205211
-0.204625
-0.204884
-0.205159
-0.205455
-0.205825
-0.206238
-0.206675
-0.207126
-0.207577
-0.208011
-0.208408
-0.208742
-0.20898
-0.209083
-0.209
-0.208675
-0.208035
-0.207004
-0.205472
-0.203405
-0.200658
-0.197232
-0.193033
-0.188058
-0.182243
-0.175682
-0.168275
-0.160285
-0.151435
-0.142289
-0.132147
-0.122058
-0.110677
-0.0994847
-0.0870467
-0.0736583
-0.0612498
-0.0426907
-0.032795
-0.00467336
-0.206338
-0.205537
-0.204639
-0.204847
-0.20508
-0.205332
-0.205684
-0.206093
-0.206535
-0.206998
-0.207469
-0.207928
-0.208355
-0.208723
-0.208999
-0.209141
-0.209099
-0.208813
-0.20821
-0.207213
-0.205699
-0.203655
-0.200913
-0.197479
-0.193259
-0.188255
-0.1824
-0.175802
-0.168352
-0.16034
-0.151471
-0.142343
-0.132226
-0.122204
-0.110899
-0.0997895
-0.0874557
-0.0740984
-0.0617338
-0.0431799
-0.0329073
-0.00524143
-0.206713
-0.205862
-0.204613
-0.204748
-0.204914
-0.205108
-0.205438
-0.205841
-0.206285
-0.206762
-0.207253
-0.207738
-0.208196
-0.208598
-0.208911
-0.209093
-0.209092
-0.208847
-0.208283
-0.207322
-0.205824
-0.203813
-0.201088
-0.197657
-0.193427
-0.188407
-0.182524
-0.175901
-0.16842
-0.160395
-0.151512
-0.142404
-0.132314
-0.122348
-0.111117
-0.100069
-0.0878355
-0.074487
-0.0621546
-0.0436171
-0.0329411
-0.00578543
-0.207049
-0.206079
-0.204504
-0.204569
-0.204641
-0.204766
-0.205073
-0.205471
-0.205921
-0.206411
-0.206923
-0.207435
-0.207924
-0.20836
-0.20871
-0.208931
-0.208971
-0.208767
-0.208245
-0.207322
-0.205787
-0.203865
-0.201171
-0.197754
-0.193525
-0.188501
-0.182603
-0.175967
-0.168466
-0.160436
-0.151548
-0.14246
-0.132398
-0.122479
-0.111319
-0.100312
-0.0881777
-0.0748188
-0.0625083
-0.0440017
-0.0329029
-0.00630351
-0.207275
-0.206063
-0.204282
-0.204304
-0.20425
-0.204297
-0.204581
-0.204974
-0.20543
-0.205934
-0.206466
-0.207004
-0.207522
-0.207992
-0.208378
-0.208638
-0.208719
-0.20856
-0.208083
-0.207214
-0.20588
-0.203819
-0.201153
-0.197761
-0.193548
-0.188534
-0.182635
-0.176
-0.168492
-0.160467
-0.151581
-0.142515
-0.132482
-0.1226
-0.111511
-0.100524
-0.0884876
-0.0750991
-0.062804
-0.0443382
-0.032807
-0.00679709
-0.208173
-0.205778
-0.203895
-0.203867
-0.203641
-0.203601
-0.203863
-0.204259
-0.204726
-0.205251
-0.205809
-0.206378
-0.206931
-0.207438
-0.207864
-0.208168
-0.208296
-0.208188
-0.207763
-0.206946
-0.205621
-0.203646
-0.201028
-0.197678
-0.193498
-0.188514
-0.182633
-0.176016
-0.168515
-0.160503
-0.151627
-0.142581
-0.132579
-0.122719
-0.111699
-0.100709
-0.0887686
-0.0753325
-0.063042
-0.0446338
-0.0326529
-0.00727274
-0.207967
-0.203412
-0.202534
-0.202757
-0.20247
-0.202447
-0.202763
-0.203217
-0.203739
-0.204316
-0.204928
-0.205551
-0.206158
-0.20672
-0.207199
-0.207553
-0.207728
-0.207664
-0.207282
-0.206493
-0.205196
-0.203309
-0.200744
-0.197439
-0.193294
-0.18834
-0.182479
-0.175881
-0.168392
-0.160395
-0.151537
-0.142507
-0.132549
-0.1227
-0.11176
-0.100754
-0.0889057
-0.0754411
-0.0631126
-0.0448541
-0.0323605
-0.00773007
-0.192664
-0.194687
-0.199475
-0.201046
-0.201058
-0.201173
-0.201597
-0.202145
-0.202741
-0.203377
-0.204045
-0.204721
-0.205377
-0.205984
-0.206506
-0.2069
-0.207114
-0.20709
-0.206758
-0.206046
-0.204795
-0.20281
-0.200196
-0.196859
-0.192684
-0.187701
-0.181821
-0.175207
-0.167726
-0.159734
-0.150929
-0.141923
-0.132071
-0.122244
-0.111454
-0.10045
-0.0887251
-0.075307
-0.0628569
-0.0449843
-0.0317325
-0.00828283
-0.191945
-0.19212
-0.1965
-0.198265
-0.19834
-0.198474
-0.199016
-0.199734
-0.200479
-0.201234
-0.202
-0.202762
-0.203491
-0.204155
-0.204719
-0.205142
-0.205368
-0.205336
-0.204966
-0.204167
-0.20284
-0.200937
-0.198337
-0.195004
-0.190841
-0.185884
-0.180047
-0.173491
-0.166093
-0.158188
-0.14951
-0.140601
-0.130919
-0.121163
-0.110577
-0.0995998
-0.0880478
-0.0747079
-0.0621753
-0.0447884
-0.03083
-0.00875329
-0.189095
-0.189035
-0.191916
-0.193626
-0.194111
-0.194525
-0.195276
-0.196204
-0.197145
-0.198064
-0.198969
-0.199851
-0.200683
-0.20143
-0.202059
-0.202527
-0.202781
-0.202761
-0.202391
-0.201596
-0.200287
-0.198377
-0.195778
-0.192462
-0.188336
-0.183437
-0.177679
-0.171222
-0.163948
-0.156172
-0.147656
-0.138873
-0.129382
-0.119716
-0.109333
-0.0984083
-0.0870101
-0.0738023
-0.0611879
-0.0443441
-0.029836
-0.00905048
-0.183749
-0.184501
-0.186077
-0.187431
-0.188331
-0.189185
-0.19023
-0.191395
-0.192559
-0.193683
-0.194769
-0.19581
-0.196781
-0.197648
-0.198376
-0.198924
-0.19924
-0.19927
-0.198941
-0.198186
-0.196914
-0.195041
-0.192481
-0.189227
-0.185184
-0.180391
-0.174762
-0.168449
-0.161347
-0.153734
-0.145417
-0.136786
-0.127503
-0.117946
-0.10776
-0.09692
-0.08565
-0.0726362
-0.059938
-0.0436889
-0.0287822
-0.00919418
-0.175921
-0.178083
-0.179131
-0.180105
-0.18125
-0.182536
-0.183918
-0.185334
-0.186725
-0.188066
-0.189354
-0.190578
-0.191712
-0.192724
-0.193578
-0.194234
-0.194644
-0.194756
-0.194501
-0.193816
-0.192614
-0.190835
-0.188367
-0.18522
-0.181312
-0.176675
-0.171229
-0.16511
-0.158227
-0.150821
-0.14274
-0.134292
-0.125236
-0.115819
-0.105826
-0.0951141
-0.0839602
-0.0711994
-0.0584473
-0.0428183
-0.0276897
-0.00919697
-0.166285
-0.169932
-0.171095
-0.171907
-0.173204
-0.17485
-0.176572
-0.178247
-0.179855
-0.181401
-0.182884
-0.184289
-0.185587
-0.186749
-0.187737
-0.188515
-0.189035
-0.189249
-0.18909
-0.188502
-0.187402
-0.185739
-0.183439
-0.180442
-0.176713
-0.172281
-0.167067
-0.161188
-0.15457
-0.147412
-0.1396
-0.131372
-0.122562
-0.113321
-0.103526
-0.0929893
-0.0819566
-0.0694994
-0.0567518
-0.041745
-0.0265797
-0.00908055
-0.155855
-0.160585
-0.162184
-0.163104
-0.164556
-0.166485
-0.168512
-0.170439
-0.172252
-0.173981
-0.175637
-0.177203
-0.178651
-0.17995
-0.181064
-0.181959
-0.182591
-0.182913
-0.182863
-0.182389
-0.181418
-0.17991
-0.177795
-0.174981
-0.171466
-0.167272
-0.162328
-0.156727
-0.150409
-0.143534
-0.13602
-0.128047
-0.1195
-0.110474
-0.100887
-0.0905716
-0.0796815
-0.0675659
-0.054899
-0.0405
-0.0254707
-0.00887159
-0.145194
-0.150594
-0.152727
-0.153941
-0.155594
-0.157751
-0.160031
-0.162189
-0.164193
-0.166086
-0.167891
-0.169596
-0.171173
-0.172591
-0.173817
-0.174818
-0.175553
-0.175979
-0.176039
-0.175686
-0.17485
-0.173488
-0.171523
-0.168974
-0.165704
-0.161768
-0.157114
-0.151816
-0.145819
-0.139254
-0.132057
-0.124368
-0.1161
-0.107325
-0.0979617
-0.0879059
-0.077192
-0.0654427
-0.0529394
-0.0391244
-0.0243766
-0.00859692
-0.134633
-0.140408
-0.143034
-0.144619
-0.146508
-0.148863
-0.151347
-0.153707
-0.155887
-0.157929
-0.159866
-0.161693
-0.163382
-0.164904
-0.166227
-0.167322
-0.16815
-0.168673
-0.168839
-0.168604
-0.167904
-0.166701
-0.164937
-0.162592
-0.15957
-0.155905
-0.151551
-0.146565
-0.1409
-0.13466
-0.12779
-0.120408
-0.11243
-0.103934
-0.0948149
-0.0850479
-0.0745501
-0.0631805
-0.0509193
-0.0376621
-0.0233071
-0.00828041
-0.124387
-0.130315
-0.133337
-0.135287
-0.137423
-0.139956
-0.14261
-0.145141
-0.14748
-0.149661
-0.151717
-0.153652
-0.155441
-0.157056
-0.158467
-0.159647
-0.160562
-0.161176
-0.161442
-0.16132
-0.160754
-0.159708
-0.158126
-0.155985
-0.153211
-0.149818
-0.145761
-0.141088
-0.135753
-0.129844
-0.123304
-0.11624
-0.108564
-0.100367
-0.0915129
-0.0820548
-0.071813
-0.0608295
-0.0488769
-0.0361534
-0.0222683
-0.00794108
-0.114533
-0.120474
-0.123788
-0.12606
-0.128427
-0.131119
-0.133915
-0.136589
-0.139069
-0.141376
-0.143543
-0.145576
-0.147456
-0.149156
-0.150649
-0.15191
-0.152907
-0.153608
-0.153971
-0.15396
-0.153522
-0.152627
-0.151216
-0.149274
-0.146744
-0.143615
-0.139845
-0.135478
-0.130466
-0.124886
-0.118675
-0.111935
-0.104567
-0.0966813
-0.0881134
-0.0789775
-0.0690275
-0.0584326
-0.0468401
-0.0346306
-0.0212633
-0.0075928
-0.105106
-0.110972
-0.114489
-0.117022
-0.119588
-0.122417
-0.125327
-0.12812
-0.13072
-0.133139
-0.135406
-0.137529
-0.139493
-0.141274
-0.142845
-0.144183
-0.145259
-0.146046
-0.146504
-0.1466
-0.146289
-0.145539
-0.144298
-0.142552
-0.140245
-0.137368
-0.133875
-0.129805
-0.125107
-0.119849
-0.113962
-0.107547
-0.100494
-0.0929261
-0.0846614
-0.0758566
-0.0662278
-0.0560226
-0.0448272
-0.0331168
-0.0202925
-0.00724487
-0.0961284
-0.10186
-0.105503
-0.108234
-0.110959
-0.113897
-0.116897
-0.119783
-0.122481
-0.124995
-0.127351
-0.129555
-0.131596
-0.133451
-0.135096
-0.136509
-0.137663
-0.138534
-0.139085
-0.139288
-0.139099
-0.138491
-0.137416
-0.135857
-0.133762
-0.131126
-0.127901
-0.124117
-0.119722
-0.114777
-0.10921
-0.103117
-0.0963818
-0.0891362
-0.0811887
-0.0727212
-0.0634363
-0.0536223
-0.0428483
-0.031626
-0.0193546
-0.00690296
-0.0876101
-0.0931653
-0.0968702
-0.0997425
-0.102584
-0.1056
-0.108664
-0.111618
-0.11439
-0.116982
-0.119412
-0.121687
-0.123796
-0.125718
-0.127433
-0.128918
-0.130148
-0.131101
-0.131744
-0.132052
-0.131982
-0.131512
-0.130597
-0.129218
-0.127327
-0.124923
-0.121954
-0.118445
-0.114343
-0.109702
-0.104448
-0.0986727
-0.0922578
-0.0853361
-0.0777166
-0.0695915
-0.0606669
-0.0512459
-0.0409083
-0.0301661
-0.0184476
-0.00657014
-0.0795532
-0.0849015
-0.0886175
-0.09158
-0.0944979
-0.0975607
-0.100661
-0.103658
-0.106482
-0.109132
-0.111621
-0.113954
-0.11612
-0.118103
-0.11988
-0.121432
-0.122734
-0.123767
-0.1245
-0.124909
-0.124957
-0.12462
-0.123858
-0.122654
-0.120961
-0.118778
-0.116054
-0.11281
-0.108989
-0.104644
-0.0996969
-0.0942347
-0.0881403
-0.0815435
-0.0742595
-0.0664808
-0.0579279
-0.0489019
-0.0390088
-0.0287406
-0.017569
-0.00624769
-0.0719561
-0.0770759
-0.0807608
-0.0837696
-0.0867272
-0.0898072
-0.0929179
-0.0959323
-0.0987867
-0.101474
-0.104004
-0.106381
-0.108595
-0.110628
-0.11246
-0.114072
-0.115442
-0.116551
-0.117369
-0.117876
-0.118036
-0.117829
-0.117216
-0.116179
-0.114677
-0.112706
-0.110216
-0.107226
-0.103678
-0.0996189
-0.0949723
-0.0898183
-0.0840435
-0.0777714
-0.0708278
-0.0633986
-0.0552246
-0.0465955
-0.03715
-0.0273505
-0.0167165
-0.0059359
-0.0648122
-0.0696887
-0.0733087
-0.0763262
-0.0792912
-0.082361
-0.0854576
-0.088467
-0.0913291
-0.0940344
-0.0965894
-0.0989958
-0.101243
-0.103316
-0.105193
-0.106859
-0.10829
-0.109468
-0.110368
-0.110967
-0.111236
-0.111153
-0.110681
-0.109806
-0.108486
-0.106717
-0.104453
-0.101706
-0.098422
-0.0946405
-0.0902875
-0.0854362
-0.0799788
-0.0740306
-0.0674297
-0.0603521
-0.0525612
-0.0443298
-0.0353318
-0.0259957
-0.0158886
-0.00563448
-0.0581099
-0.0627348
-0.0662628
-0.0692579
-0.0722023
-0.0752382
-0.0782986
-0.0812818
-0.0841314
-0.0868357
-0.0893984
-0.0918191
-0.0940875
-0.0961881
-0.0981016
-0.0998109
-0.101295
-0.102537
-0.103511
-0.104198
-0.104568
-0.104603
-0.104267
-0.103546
-0.1024
-0.100825
-0.0987763
-0.096264
-0.0932338
-0.0897211
-0.0856547
-0.0811004
-0.075957
-0.0703308
-0.064073
-0.0573477
-0.0499412
-0.0421075
-0.0335541
-0.0246758
-0.0150838
-0.00534298
-0.0518348
-0.0562047
-0.0596202
-0.062567
-0.0654675
-0.068449
-0.0714543
-0.0743924
-0.0772111
-0.0798969
-0.082451
-0.0848714
-0.0871476
-0.0892644
-0.0912032
-0.0929471
-0.0944763
-0.0957735
-0.0968152
-0.0975829
-0.0980483
-0.0981936
-0.0979858
-0.097411
-0.0964314
-0.0950418
-0.0931989
-0.090911
-0.0881255
-0.0848729
-0.0810854
-0.076822
-0.0719882
-0.066681
-0.0607648
-0.0543913
-0.0473681
-0.0399306
-0.0318173
-0.0233903
-0.0143012
-0.00506088
-0.0459703
-0.050086
-0.0533738
-0.0562518
-0.0590891
-0.0619995
-0.0649335
-0.0678104
-0.0705818
-0.0732333
-0.0757638
-0.07817
-0.0804412
-0.0825624
-0.0845157
-0.0862845
-0.0878495
-0.0891939
-0.0902954
-0.0911362
-0.0916894
-0.091938
-0.0918507
-0.0914139
-0.0905918
-0.0893783
-0.0877323
-0.0856594
-0.0831091
-0.0801077
-0.0765912
-0.0726119
-0.0680821
-0.06309
-0.0575123
-0.0514884
-0.0448458
-0.0378014
-0.030122
-0.022139
-0.0135402
-0.00478775
-0.0404982
-0.0443637
-0.0475132
-0.0503067
-0.0530657
-0.0558913
-0.058741
-0.0615432
-0.0642533
-0.0668566
-0.06935
-0.0717292
-0.0739834
-0.0760977
-0.0780549
-0.0798386
-0.0814301
-0.0828131
-0.0839661
-0.0848719
-0.0855051
-0.085849
-0.0858742
-0.085567
-0.0848934
-0.0838467
-0.0823882
-0.0805207
-0.0781964
-0.0754373
-0.0721833
-0.0684808
-0.0642486
-0.0595665
-0.0543225
-0.0486446
-0.0423781
-0.0357222
-0.0284692
-0.0209217
-0.0128006
-0.00452326
-0.0353994
-0.0390215
-0.0420263
-0.0447233
-0.0473924
-0.0501228
-0.0528781
-0.0555948
-0.0582321
-0.0607753
-0.0632199
-0.0655607
-0.0677867
-0.0698836
-0.0718345
-0.0736234
-0.0752322
-0.076645
-0.0778409
-0.0788035
-0.0795084
-0.0799395
-0.0800687
-0.0798826
-0.0793487
-0.0784596
-0.0771783
-0.0755065
-0.0733986
-0.0708728
-0.0678726
-0.0644389
-0.0604969
-0.0561187
-0.0512026
-0.0458655
-0.0399689
-0.0336955
-0.02686
-0.019739
-0.0120822
-0.00426718
-0.0306555
-0.0340426
-0.0368994
-0.0394917
-0.0420625
-0.0446902
-0.0473434
-0.0499663
-0.0525217
-0.0549949
-0.0573807
-0.0596732
-0.0618612
-0.063931
-0.0658662
-0.0676512
-0.0692683
-0.0707021
-0.0719325
-0.0729434
-0.0737117
-0.0742215
-0.0744461
-0.0743723
-0.0739692
-0.0732289
-0.0721146
-0.0706284
-0.068727
-0.0664251
-0.0636696
-0.0604962
-0.0568363
-0.0527547
-0.0481592
-0.0431564
-0.0376222
-0.0317238
-0.0252961
-0.0185911
-0.0113852
-0.0040194
-0.0262476
-0.0294096
-0.0321179
-0.0346003
-0.0370671
-0.0395871
-0.0421332
-0.0446562
-0.0471227
-0.0495184
-0.0518373
-0.054073
-0.0562147
-0.0582488
-0.0601597
-0.0619322
-0.0635493
-0.0649957
-0.0662523
-0.0673033
-0.0681265
-0.0687065
-0.0690179
-0.0690473
-0.0687656
-0.0681638
-0.0672078
-0.0658978
-0.064193
-0.0621052
-0.0595845
-0.0566625
-0.0532756
-0.0494824
-0.0451991
-0.0405227
-0.0353421
-0.0298099
-0.0237791
-0.0174791
-0.01071
-0.00377989
-0.0221578
-0.0251056
-0.0276669
-0.0300367
-0.0323964
-0.0348059
-0.0372419
-0.0396613
-0.042034
-0.0443463
-0.046592
-0.0487643
-0.0508525
-0.0528438
-0.0547229
-0.0564753
-0.0580845
-0.0595357
-0.0608104
-0.0618934
-0.0627634
-0.0634052
-0.0637947
-0.0639185
-0.0637488
-0.0632763
-0.062469
-0.0613255
-0.0598071
-0.0579232
-0.0556273
-0.0529468
-0.0498234
-0.0463094
-0.0423288
-0.0379699
-0.0331327
-0.0279568
-0.0223109
-0.0164038
-0.010057
-0.0035487
-0.0183687
-0.021114
-0.0235317
-0.0257884
-0.0280398
-0.0303379
-0.0326627
-0.0349765
-0.0372524
-0.0394776
-0.0416455
-0.0437492
-0.0457783
-0.0477206
-0.0495616
-0.0512872
-0.0528816
-0.0543304
-0.0556159
-0.0567232
-0.057632
-0.0583275
-0.0587866
-0.058996
-0.0589293
-0.0585769
-0.0579084
-0.0569214
-0.0555791
-0.0538889
-0.0518073
-0.0493583
-0.0464879
-0.0432431
-0.0395548
-0.0355031
-0.0309983
-0.0261674
-0.0208935
-0.0153665
-0.00942687
-0.00332598
-0.0148643
-0.0174189
-0.0196978
-0.0218425
-0.0239862
-0.0261737
-0.0283878
-0.0305958
-0.0327737
-0.0349095
-0.0369966
-0.039028
-0.040994
-0.0428827
-0.0446803
-0.0463734
-0.0479469
-0.0493869
-0.0506764
-0.0518009
-0.0527411
-0.0534825
-0.054003
-0.0542895
-0.0543168
-0.0540752
-0.0535357
-0.0526953
-0.0515189
-0.0500117
-0.0481337
-0.0459054
-0.0432771
-0.0402907
-0.0368833
-0.0331276
-0.028943
-0.024445
-0.0195294
-0.0143686
-0.00882043
-0.00311191
-0.0116295
-0.0140055
-0.0161514
-0.0181867
-0.0202247
-0.0223037
-0.0244091
-0.0265124
-0.0285924
-0.0306382
-0.032643
-0.0346001
-0.0365
-0.0383315
-0.0400818
-0.0417379
-0.0432854
-0.044711
-0.0459985
-0.0471338
-0.0480984
-0.0488783
-0.0494525
-0.0498079
-0.0499206
-0.0497805
-0.0493601
-0.0486563
-0.0476353
-0.0463009
-0.0446153
-0.0425965
-0.0401987
-0.0374591
-0.0343206
-0.0308487
-0.0269712
-0.0227929
-0.0182208
-0.0134116
-0.00823861
-0.00290675
-0.00865023
-0.0108598
-0.0128793
-0.014809
-0.0167445
-0.0187183
-0.020718
-0.022719
-0.0247028
-0.0266591
-0.0285815
-0.0304634
-0.0322957
-0.0340679
-0.0357679
-0.0373835
-0.038901
-0.0403075
-0.0415877
-0.042728
-0.0437108
-0.0445224
-0.0451429
-0.0455593
-0.0457491
-0.0457021
-0.0453922
-0.0448133
-0.043937
-0.0427647
-0.0412605
-0.0394398
-0.0372603
-0.0347554
-0.0318728
-0.0286717
-0.0250872
-0.0212144
-0.0169703
-0.0124973
-0.00768242
-0.0027108
-0.00591395
-0.00796921
-0.00986948
-0.0116981
-0.0135353
-0.0154082
-0.0173063
-0.0192085
-0.0210986
-0.0229673
-0.0248083
-0.0266153
-0.0283796
-0.0300915
-0.0317395
-0.0333122
-0.0347965
-0.0361802
-0.0374488
-0.0385891
-0.0395844
-0.0404215
-0.0410813
-0.0415514
-0.04181
-0.0418471
-0.0416376
-0.0411753
-0.0404328
-0.0394114
-0.0380773
-0.036443
-0.0344694
-0.0321862
-0.0295459
-0.0266019
-0.0232955
-0.0197131
-0.0157807
-0.0116276
-0.00715304
-0.00252443
-0.00340929
-0.00532217
-0.00711085
-0.00884388
-0.0105876
-0.0123646
-0.0141659
-0.0159737
-0.0177737
-0.0195576
-0.0213194
-0.0230528
-0.0247499
-0.0264015
-0.0279968
-0.0295251
-0.0309741
-0.0323322
-0.0335856
-0.0347217
-0.0357246
-0.0365816
-0.0372745
-0.0377912
-0.0381109
-0.0382235
-0.0381054
-0.0377502
-0.0371316
-0.0362501
-0.035074
-0.0336138
-0.0318331
-0.0297584
-0.0273462
-0.0246446
-0.0216006
-0.0182928
-0.014655
-0.0108044
-0.00665171
-0.00234804
-0.00112633
-0.00290861
-0.00459363
-0.00623694
-0.00789271
-0.00957943
-0.0112895
-0.0130079
-0.0147223
-0.0164251
-0.0181106
-0.0197729
-0.0214045
-0.0229967
-0.0245396
-0.0260231
-0.0274357
-0.0287663
-0.0300018
-0.0311302
-0.0321366
-0.0330085
-0.0337288
-0.0342855
-0.0346591
-0.0348393
-0.0348039
-0.0345463
-0.0340415
-0.0332887
-0.0322586
-0.03096
-0.029359
-0.0274787
-0.0252798
-0.0228052
-0.0200074
-0.0169574
-0.0135961
-0.0100301
-0.00617982
-0.00218208
0.000943662
-0.000719619
-0.00230916
-0.00386913
-0.00544299
-0.00704558
-0.00867055
-0.0103052
-0.0119392
-0.0135654
-0.0151785
-0.0167728
-0.0183414
-0.0198762
-0.0213679
-0.0228071
-0.0241829
-0.0254849
-0.0267007
-0.0278189
-0.0288252
-0.0297078
-0.0304504
-0.0310412
-0.0314619
-0.0317022
-0.0317411
-0.0315716
-0.0311702
-0.0305352
-0.0296392
-0.0284894
-0.0270543
-0.0253543
-0.0233531
-0.0210897
-0.0185209
-0.015711
-0.0126074
-0.00930695
-0.00573887
-0.00202705
0.00280766
0.00125198
-0.000250413
-0.00173375
-0.00323215
-0.00475719
-0.00630358
-0.00786081
-0.00941991
-0.0109747
-0.0125199
-0.0140503
-0.0155593
-0.0170394
-0.0184819
-0.0198781
-0.0212177
-0.0224908
-0.0236859
-0.024792
-0.0257955
-0.0266853
-0.0274456
-0.0280653
-0.0285268
-0.0288199
-0.0289248
-0.0288343
-0.0285263
-0.0279981
-0.027224
-0.02621
-0.0249268
-0.0233923
-0.021573
-0.019504
-0.0171462
-0.0145581
-0.0116926
-0.00863764
-0.0053305
-0.00188351
0.00447127
0.00301194
0.00158822
0.00017449
-0.00125523
-0.00270968
-0.00418444
-0.00567089
-0.00716142
-0.00865041
-0.010133
-0.0116042
-0.0130576
-0.0144864
-0.0158826
-0.0172378
-0.0185425
-0.0197874
-0.0209615
-0.0220543
-0.0230532
-0.0239471
-0.0247214
-0.0253651
-0.0258615
-0.0262007
-0.0263638
-0.0263434
-0.0261185
-0.0256861
-0.0250219
-0.0241305
-0.0229848
-0.0216004
-0.0199465
-0.0180546
-0.0158892
-0.0135036
-0.0108554
-0.00802501
-0.00495649
-0.00175207
0.00593836
0.00456423
0.00321057
0.00185914
0.000490991
-0.000900146
-0.0023106
-0.00373338
-0.00516205
-0.00659155
-0.00801729
-0.00943441
-0.0108371
-0.0122188
-0.0135721
-0.0148892
-0.0161611
-0.017379
-0.0185325
-0.0196117
-0.0206045
-0.0215004
-0.0222853
-0.0229488
-0.0234748
-0.0238536
-0.0240672
-0.0241082
-0.0239567
-0.0236089
-0.0230422
-0.02226
-0.0212371
-0.0199871
-0.0184814
-0.0167485
-0.0147561
-0.0125526
-0.0101001
-0.0074722
-0.00461884
-0.0016334
0.00721112
0.00591103
0.00461863
0.00332193
0.00200792
0.000672473
-0.000681376
-0.002048
-0.00342197
-0.00479874
-0.00617393
-0.00754289
-0.00890014
-0.0102396
-0.0115542
-0.0128367
-0.0140785
-0.0152715
-0.0164055
-0.0174714
-0.0184574
-0.0193535
-0.0201464
-0.0208258
-0.0213765
-0.021789
-0.0220461
-0.0221403
-0.0220515
-0.0217772
-0.0212955
-0.0206089
-0.0196936
-0.0185617
-0.0171864
-0.0155937
-0.0137537
-0.0117112
-0.00943161
-0.00698274
-0.00431976
-0.00152829
0.0082892
0.00705199
0.00581187
0.00456203
0.00329443
0.00200671
0.000701414
-0.000616962
-0.00194386
-0.00327513
-0.00460661
-0.00593384
-0.0072516
-0.00855415
-0.00983489
-0.0110869
-0.0123022
-0.0134728
-0.0145892
-0.0156426
-0.0166217
-0.017517
-0.0183156
-0.0190076
-0.0195784
-0.0200186
-0.0203117
-0.0204499
-0.0204147
-0.0202028
-0.0197937
-0.0191888
-0.0183655
-0.0173347
-0.0160712
-0.0145988
-0.01289
-0.0109859
-0.0088552
-0.00656062
-0.00406174
-0.00143759
0.0091707
0.00798489
0.00678772
0.00557647
0.00434711
0.00309873
0.00183349
0.000554958
-0.000732992
-0.00202656
-0.00332174
-0.00461424
-0.00589907
-0.00717077
-0.00842308
-0.00964941
-0.0108422
-0.0119937
-0.0130949
-0.0141372
-0.01511
-0.0160038
-0.0168064
-0.017508
-0.0180946
-0.018557
-0.0188791
-0.0190533
-0.0190619
-0.018901
-0.0185511
-0.0180133
-0.0172658
-0.0163183
-0.0151472
-0.0137742
-0.0121739
-0.0103844
-0.00837708
-0.0062104
-0.00384764
-0.00136228
0.00984993
0.00870381
0.00753991
0.00635863
0.00515895
0.0039411
0.00270695
0.00145939
0.000201733
-0.00106246
-0.00232934
-0.00359471
-0.00485376
-0.00610128
-0.00733124
-0.00853733
-0.00971224
-0.0108486
-0.0119376
-0.0129709
-0.0139383
-0.0148305
-0.0156357
-0.0163443
-0.0169427
-0.0174218
-0.0177661
-0.017968
-0.0180102
-0.0178885
-0.0175844
-0.0170984
-0.0164096
-0.0155267
-0.0144273
-0.0131317
-0.0116158
-0.00991557
-0.00800442
-0.00593738
-0.00368074
-0.00130347
0.0103168
0.00919828
0.00805741
0.00689683
0.00571768
0.00452099
0.00330841
0.00208235
0.00084576
-0.000397993
-0.00164515
-0.00289159
-0.00413264
-0.00536322
-0.00657752
-0.00776939
-0.00893171
-0.0100573
-0.0111376
-0.0121645
-0.0131278
-0.0140187
-0.0148254
-0.0155386
-0.016145
-0.0166354
-0.0169949
-0.0172157
-0.0172809
-0.0171863
-0.0169136
-0.0164633
-0.0158152
-0.0149771
-0.0139274
-0.0126854
-0.0112282
-0.00958983
-0.00774563
-0.00574775
-0.00356504
-0.00126245
0.0105657
0.0094601
0.00833043
0.00718014
0.00601129
0.00482523
0.00362354
0.00240838
0.00118253
-5.07673e-05
-0.0012878
-0.00252449
-0.00375625
-0.00497808
-0.00618426
-0.00736874
-0.00852452
-0.00964448
-0.0107202
-0.0117437
-0.0127049
-0.013595
-0.0144025
-0.015118
-0.0157285
-0.0162248
-0.0165921
-0.0168227
-0.0169
-0.0168193
-0.0165632
-0.0161313
-0.0155046
-0.0146896
-0.0136662
-0.0124518
-0.0110257
-0.00941928
-0.00761069
-0.00564841
-0.0035052
-0.00124067
-0.17347
-0.176701
-0.179729
-0.18268
-0.185746
-0.189136
-0.193434
-0.198119
-0.207714
-0.162086
-0.166345
-0.170631
-0.175065
-0.179899
-0.184992
-0.191206
-0.195857
-0.205767
-0.151422
-0.156525
-0.161685
-0.166822
-0.172127
-0.176963
-0.182682
-0.186164
-0.195403
-0.140427
-0.145657
-0.150821
-0.155756
-0.160813
-0.165371
-0.171163
-0.175357
-0.184149
-0.129119
-0.134254
-0.139371
-0.144356
-0.14964
-0.154623
-0.160631
-0.165318
-0.172836
-0.118339
-0.123505
-0.128726
-0.133873
-0.139228
-0.144247
-0.149811
-0.154503
-0.160975
-0.108275
-0.113392
-0.118521
-0.12354
-0.128634
-0.13349
-0.138699
-0.143554
-0.149431
-0.0986812
-0.103613
-0.108532
-0.113381
-0.118293
-0.123122
-0.128154
-0.133055
-0.138438
-0.0895897
-0.094337
-0.0990861
-0.103814
-0.10858
-0.113305
-0.118095
-0.12286
-0.127877
-0.0811032
-0.085667
-0.0902305
-0.0947795
-0.0993322
-0.103867
-0.108429
-0.113041
-0.117804
-0.0731764
-0.0775252
-0.0818688
-0.0862058
-0.090546
-0.0948956
-0.0992627
-0.103697
-0.108223
-0.0657648
-0.0698901
-0.074015
-0.0781436
-0.0822783
-0.0864283
-0.0905851
-0.094807
-0.0990954
-0.0588591
-0.0627633
-0.0666698
-0.0705823
-0.0744993
-0.0784317
-0.0823701
-0.0863729
-0.0904285
-0.0524326
-0.0561148
-0.0598
-0.0634918
-0.0671892
-0.0709039
-0.0746257
-0.0784072
-0.0822268
-0.0464544
-0.0499176
-0.0533848
-0.0568597
-0.0603411
-0.0638394
-0.0673435
-0.0709017
-0.0744853
-0.0408974
-0.0441481
-0.0474032
-0.0506659
-0.0539346
-0.0572189
-0.0605077
-0.0638459
-0.0671986
-0.0357357
-0.0387812
-0.0418308
-0.0448874
-0.0479493
-0.0510255
-0.0541049
-0.057229
-0.0603577
-0.0309421
-0.0337909
-0.0366433
-0.0395018
-0.0423649
-0.0452406
-0.0481177
-0.051035
-0.0539486
-0.0264922
-0.0291536
-0.0318178
-0.0344871
-0.0371598
-0.0398433
-0.0425268
-0.0452458
-0.0479547
-0.0223631
-0.0248466
-0.0273322
-0.0298216
-0.0323132
-0.0348139
-0.037313
-0.0398433
-0.0423584
-0.018531
-0.0208468
-0.0231637
-0.0254831
-0.0278037
-0.0301313
-0.032456
-0.0348078
-0.0371407
-0.0171349
-0.0192928
-0.0214521
-0.0236113
-0.0257759
-0.0279363
-0.03012
-0.0322821
-0.0136926
-0.0157012
-0.0177102
-0.0197179
-0.0217293
-0.0237355
-0.0257614
-0.0277642
-0.0105011
-0.0123701
-0.0142384
-0.0161046
-0.0179727
-0.0198348
-0.0217134
-0.0235681
-0.0075452
-0.00928402
-0.0110211
-0.0127551
-0.0144898
-0.0162177
-0.0179589
-0.0196762
-0.00480963
-0.00642733
-0.00804241
-0.00965367
-0.0112642
-0.0128675
-0.0144813
-0.0160717
-0.00228111
-0.00378648
-0.00528844
-0.00678592
-0.00828154
-0.00976948
-0.0112655
-0.0127387
5.25774e-05
-0.00134891
-0.00274633
-0.00413868
-0.00552818
-0.00690971
-0.008297
-0.0096627
0.00220224
0.000896521
-0.000404564
-0.00170012
-0.00299196
-0.00427565
-0.00556306
-0.00683021
0.00417772
0.00295996
0.00174731
0.000540556
-0.000661767
-0.00185584
-0.00305182
-0.00422899
0.0059874
0.00485014
0.00371835
0.00259275
0.00147216
0.000359836
-0.000752817
-0.00184815
0.00763864
0.00657468
0.00551647
0.00446465
0.00341831
0.00238017
0.00134309
0.000321829
0.00913812
0.0081405
0.00714882
0.00616365
0.00518431
0.00421307
0.00324406
0.00228941
0.0104904
0.00955241
0.0086205
0.00769514
0.00677586
0.00586449
0.00495636
0.0040612
0.0116996
0.0108147
0.00993598
0.00906377
0.00819777
0.00733948
0.00648523
0.00564262
0.0127685
0.0119304
0.0110983
0.0102727
0.00945335
0.00864144
0.0078342
0.0070374
0.0136988
0.012901
0.0121093
0.0113238
0.0105445
0.00977238
0.00900537
0.00824768
0.0144898
0.0137261
0.0129682
0.0122164
0.0114707
0.0107318
0.0099983
0.00927309
0.0151412
0.0144051
0.0136746
0.0129499
0.012231
0.0115186
0.0108116
0.010112
0.0156471
0.0149323
0.0142228
0.0135186
0.0128199
0.0121272
0.0114399
0.010759
0.0160027
0.0153019
0.0146058
0.0139148
0.013229
0.0125486
0.0118735
0.0112041
0.0162066
0.0155135
0.0148244
0.0141396
0.0134591
0.0127831
0.0121115
0.0114446
0.0159173
0.01522
0.0145268
0.0138378
0.013153
0.0124727
0.0117968
0.0111255
0.015715
0.01501
0.0143098
0.0136146
0.0129245
0.0122398
0.0115603
0.0108865
0.0153627
0.0146438
0.01393
0.0132216
0.0125187
0.0118216
0.01113
0.0104447
0.0148618
0.0141216
0.0133869
0.0126579
0.0119347
0.0112179
0.0105066
0.00980265
0.014217
0.0134492
0.0126871
0.011931
0.011181
0.0104377
0.00969986
0.00897028
0.0134343
0.0126324
0.0118364
0.0110467
0.0102631
0.00948667
0.0087153
0.00795326
0.0125141
0.0116718
0.0108356
0.0100058
0.00918216
0.00836595
0.00755438
0.0067533
0.0114571
0.0105682
0.0096853
0.00880895
0.00793876
0.00707625
0.00621774
0.00537097
0.0102616
0.0093197
0.0083838
0.00745443
0.00653108
0.00561565
0.00470341
0.00380426
0.00892502
0.00792365
0.00692818
0.0059392
0.004956
0.00398089
0.00300799
0.00204963
0.00744328
0.00637583
0.00531409
0.00425872
0.0032088
0.0021671
0.00112644
0.000101836
0.00581174
0.00467134
0.00353639
0.00240762
0.00128384
0.000168354
-0.000947443
-0.00204562
0.0040238
0.00280336
0.00158801
0.000378581
-0.000826418
-0.00202312
-0.00322169
-0.00440106
0.00338479
0.00207211
0.000764262
-0.000538919
-0.00183654
-0.00313042
-0.00441606
-0.00570534
-0.00697389
0.00135547
-5.18472e-05
-0.00145475
-0.00285353
-0.00424719
-0.00563793
-0.00702059
-0.00840886
-0.00977498
-0.000848077
-0.00235793
-0.00386387
-0.00536633
-0.00686419
-0.00836009
-0.00984815
-0.011344
-0.0128165
-0.00323651
-0.00485712
-0.00647439
-0.00808892
-0.00969948
-0.0113092
-0.0129114
-0.0145239
-0.016112
-0.00582185
-0.00756176
-0.00929901
-0.0110343
-0.0127664
-0.0144988
-0.0162243
-0.0179627
-0.0196762
-0.00861731
-0.0104854
-0.0123516
-0.0142167
-0.0160794
-0.0179439
-0.019802
-0.0216759
-0.023525
-0.0116381
-0.0136435
-0.0156478
-0.017652
-0.0196548
-0.0216607
-0.023661
-0.0256804
-0.0276756
-0.0148996
-0.0170518
-0.0192037
-0.0213566
-0.0235089
-0.0256661
-0.0278186
-0.0299936
-0.0321459
-0.0184207
-0.0207292
-0.0230382
-0.0253493
-0.027661
-0.0299792
-0.0322938
-0.0346345
-0.0369551
-0.0222199
-0.0246943
-0.0271702
-0.0296493
-0.03213
-0.0346189
-0.0371055
-0.0396222
-0.0421223
-0.0263171
-0.0289674
-0.0316199
-0.0342767
-0.0369361
-0.0396055
-0.0422739
-0.0449766
-0.0476676
-0.030736
-0.0335718
-0.0364103
-0.0392541
-0.0421015
-0.0449605
-0.0478199
-0.0507179
-0.0536109
-0.0355001
-0.0385306
-0.0415642
-0.0446037
-0.0476475
-0.0507045
-0.0537634
-0.0568654
-0.0599705
-0.0406347
-0.0438683
-0.0471052
-0.0503485
-0.0535966
-0.056859
-0.0601246
-0.0634377
-0.0667641
-0.0461671
-0.0496112
-0.053058
-0.0565113
-0.0599697
-0.0634435
-0.0669218
-0.070452
-0.0740067
-0.0521241
-0.0557852
-0.059448
-0.063116
-0.0667882
-0.0704759
-0.0741694
-0.0779203
-0.0817087
-0.0585329
-0.0624144
-0.0662968
-0.0701835
-0.0740731
-0.0779764
-0.0818841
-0.0858539
-0.0898763
-0.0654255
-0.0695266
-0.0736257
-0.0777268
-0.0818324
-0.0859513
-0.0900755
-0.0942625
-0.0985162
-0.0728288
-0.0771522
-0.0814687
-0.0857769
-0.0900865
-0.0944037
-0.0987365
-0.103135
-0.107625
-0.0807526
-0.0852902
-0.0898258
-0.0943451
-0.0988664
-0.103368
-0.107894
-0.11247
-0.117197
-0.089242
-0.0939628
-0.0986836
-0.103382
-0.108115
-0.112807
-0.117562
-0.122291
-0.127272
-0.0983425
-0.103248
-0.10814
-0.112959
-0.117839
-0.122636
-0.127634
-0.1325
-0.137851
-0.107952
-0.113044
-0.118146
-0.123138
-0.128202
-0.133028
-0.138204
-0.143029
-0.148878
-0.118039
-0.123183
-0.128379
-0.1335
-0.13883
-0.143822
-0.149358
-0.154025
-0.160475
-0.12885
-0.133966
-0.139063
-0.144026
-0.149288
-0.154249
-0.160236
-0.164905
-0.172412
-0.140198
-0.145412
-0.150561
-0.155481
-0.160523
-0.165066
-0.170845
-0.17503
-0.183822
-0.15124
-0.156333
-0.161484
-0.166613
-0.171912
-0.176743
-0.18246
-0.185942
-0.195194
-0.161965
-0.166221
-0.170506
-0.174939
-0.179775
-0.184872
-0.191095
-0.19576
-0.205696
-0.173421
-0.176658
-0.179695
-0.182656
-0.185733
-0.189135
-0.193447
-0.19815
-0.207782
0.0102406
0.00912743
0.00798974
0.00683103
0.00565334
0.00445804
0.00324668
0.00202141
0.000785009
-0.000459269
-0.00170771
-0.00295623
-0.00420019
-0.00543458
-0.00665362
-0.00785119
-0.00902021
-0.0101535
-0.0112424
-0.0122789
-0.0132526
-0.0141546
-0.0149731
-0.0156984
-0.0163171
-0.0168197
-0.0171908
-0.017422
-0.0174964
-0.017409
-0.0171418
-0.0166937
-0.016045
-0.0152018
-0.0141438
-0.0128877
-0.0114129
-0.00975045
-0.0078789
-0.00584711
-0.00362807
-0.00128296
0.00999335
0.00886717
0.00771819
0.00654908
0.00536098
0.0041549
0.0029325
0.00169615
0.000448822
-0.000806137
-0.00206495
-0.00332349
-0.00457706
-0.00582054
-0.00704807
-0.00825344
-0.00942946
-0.0105688
-0.0116629
-0.0127032
-0.0136797
-0.0145831
-0.0154014
-0.016125
-0.0167403
-0.0172377
-0.0176017
-0.0178245
-0.0178867
-0.0177855
-0.0175021
-0.0170355
-0.0163655
-0.0154989
-0.0144143
-0.0131299
-0.0116232
-0.00992779
-0.00801942
-0.00595062
-0.00369052
-0.00130565
0.00952974
0.00837583
0.00720365
0.00601363
0.00480476
0.00357727
0.002333
0.00107482
-0.000193959
-0.00146979
-0.00274881
-0.00402681
-0.00529897
-0.00656004
-0.00780396
-0.00902435
-0.0102138
-0.0113649
-0.0124686
-0.0135165
-0.0144982
-0.0154041
-0.016222
-0.0169423
-0.0175507
-0.0180377
-0.0183873
-0.018591
-0.0186328
-0.0185059
-0.0181916
-0.0176896
-0.0169789
-0.0160672
-0.0149321
-0.0135929
-0.012026
-0.0102667
-0.00828897
-0.00614831
-0.00381124
-0.00134844
0.00885536
0.00766162
0.00645594
0.00523566
0.00399678
0.00273838
0.0014626
0.000172984
-0.00112663
-0.00243244
-0.00374045
-0.00504635
-0.00634515
-0.00763136
-0.00889868
-0.0101405
-0.0113491
-0.0125167
-0.0136341
-0.0146926
-0.0156813
-0.0165906
-0.0174078
-0.0181229
-0.0187213
-0.0191934
-0.0195227
-0.019701
-0.0197102
-0.0195451
-0.0191858
-0.0186324
-0.017863
-0.0168861
-0.0156781
-0.0142599
-0.0126061
-0.0107546
-0.00867732
-0.00643305
-0.00398543
-0.00140982
0.00798041
0.00673512
0.00548622
0.00422699
0.00294945
0.00165126
0.000334909
-0.000995153
-0.00233439
-0.00367868
-0.00502387
-0.00636549
-0.00769833
-0.00901663
-0.0103138
-0.0115827
-0.0128155
-0.014004
-0.0151387
-0.0162103
-0.0172077
-0.0181207
-0.0189364
-0.0196444
-0.0202295
-0.0206819
-0.0209845
-0.0211289
-0.0210964
-0.0208819
-0.0204645
-0.0198446
-0.0189994
-0.0179384
-0.0166365
-0.0151165
-0.0133511
-0.0113811
-0.00917589
-0.00679852
-0.004209
-0.00148846
0.00691072
0.00560241
0.00430093
0.00299443
0.00167002
0.000323567
-0.00104194
-0.00242094
-0.00380807
-0.00519877
-0.00658872
-0.00797327
-0.00934694
-0.0107036
-0.0120363
-0.0133376
-0.0145991
-0.0158122
-0.016967
-0.0180538
-0.0190608
-0.0199777
-0.0207908
-0.0214894
-0.0220577
-0.0224855
-0.0227551
-0.0228579
-0.0227743
-0.0224994
-0.022011
-0.0213103
-0.020373
-0.0192099
-0.0177942
-0.0161509
-0.0142505
-0.0121372
-0.0097774
-0.00723932
-0.0044786
-0.00158324
0.00564836
0.00426591
0.00290285
0.00154119
0.00016212
-0.00124059
-0.00266337
-0.00409931
-0.00554203
-0.00698651
-0.00842822
-0.0098623
-0.011283
-0.0126837
-0.0140571
-0.0153953
-0.0166892
-0.0179301
-0.0191072
-0.0202106
-0.0212279
-0.0221482
-0.0229572
-0.0236438
-0.0241915
-0.0245898
-0.0248198
-0.0248733
-0.0247293
-0.0243833
-0.0238116
-0.0230162
-0.0219712
-0.0206887
-0.0191402
-0.017353
-0.0152954
-0.0130152
-0.0104756
-0.0077508
-0.00479129
-0.00169314
0.00419386
0.00272617
0.00129276
-0.00013165
-0.00157281
-0.00303944
-0.00452721
-0.00602765
-0.00753321
-0.00903834
-0.0105383
-0.0120279
-0.0135011
-0.014951
-0.0163696
-0.0177484
-0.0190781
-0.0203491
-0.0215503
-0.0226712
-0.0236987
-0.0246216
-0.0254245
-0.0260962
-0.0266192
-0.0269826
-0.0271667
-0.027163
-0.0269495
-0.0265218
-0.0258548
-0.0249511
-0.0237831
-0.0223646
-0.0206649
-0.0187142
-0.0164779
-0.0140085
-0.0112651
-0.00832887
-0.0051445
-0.00181725
0.00254521
0.000981236
-0.000531086
-0.00202553
-0.00353589
-0.0050737
-0.0066338
-0.00820586
-0.00978102
-0.0113531
-0.0129171
-0.0144678
-0.0159985
-0.0175019
-0.0189694
-0.0203922
-0.02176
-0.023063
-0.0242894
-0.025428
-0.0264651
-0.027389
-0.0281836
-0.028837
-0.0293309
-0.029654
-0.0297855
-0.0297169
-0.0294247
-0.0289048
-0.0281306
-0.0271054
-0.0257996
-0.0242288
-0.0223602
-0.0202269
-0.0177913
-0.0151111
-0.0121409
-0.00896988
-0.00553588
-0.00195476
0.000698766
-0.000972625
-0.00257226
-0.0041437
-0.00572999
-0.0073459
-0.00898526
-0.0106356
-0.0122866
-0.0139315
-0.0155649
-0.0171812
-0.0187737
-0.0203343
-0.0218539
-0.023323
-0.0247308
-0.0260669
-0.0273187
-0.0284747
-0.0295203
-0.0304433
-0.0312266
-0.031858
-0.0323181
-0.0325952
-0.0326674
-0.0325258
-0.0321458
-0.0315235
-0.0306304
-0.0294707
-0.0280125
-0.0262737
-0.0242187
-0.0218844
-0.0192295
-0.0163177
-0.0130987
-0.00967044
-0.00596327
-0.0021049
-0.0013509
-0.00314092
-0.00483608
-0.00649116
-0.00815975
-0.00986026
-0.0115853
-0.0133202
-0.0150527
-0.0167754
-0.0184828
-0.020169
-0.0218267
-0.0234474
-0.0250214
-0.0265385
-0.0279873
-0.0293568
-0.0306337
-0.031806
-0.0328583
-0.0337778
-0.0345465
-0.0351519
-0.0355732
-0.0357986
-0.0358041
-0.0355817
-0.0351049
-0.0343702
-0.0333466
-0.0320393
-0.0304145
-0.0284922
-0.0262339
-0.0236805
-0.0207869
-0.0176234
-0.0141343
-0.0104274
-0.00642464
-0.00226697
-0.00361058
-0.00553064
-0.00732935
-0.0090743
-0.0108311
-0.0126222
-0.014439
-0.0162639
-0.018083
-0.0198881
-0.0216732
-0.0234325
-0.0251581
-0.0268411
-0.0284708
-0.0300368
-0.0315268
-0.0329292
-0.0342302
-0.035417
-0.0364736
-0.0373864
-0.0381369
-0.0387115
-0.0390888
-0.0392566
-0.039189
-0.0388778
-0.0382955
-0.0374381
-0.036272
-0.0348046
-0.032999
-0.0308781
-0.0283997
-0.0256095
-0.0224582
-0.0190235
-0.0152438
-0.0112377
-0.00691798
-0.00244024
-0.00608886
-0.00815047
-0.0100605
-0.011901
-0.0137514
-0.0156386
-0.0175525
-0.0194723
-0.0213823
-0.0232732
-0.0251391
-0.0269738
-0.0287691
-0.0305154
-0.0322015
-0.0338162
-0.0353467
-0.0367808
-0.0381039
-0.0393029
-0.0403606
-0.0412633
-0.0419912
-0.0425304
-0.0428578
-0.0429611
-0.0428144
-0.0424077
-0.0417104
-0.0407194
-0.0393998
-0.0377599
-0.0357599
-0.0334253
-0.0307104
-0.0276661
-0.0242385
-0.0205136
-0.0164232
-0.0120984
-0.00744132
-0.00262403
-0.00879554
-0.0110104
-0.013039
-0.0149803
-0.0169289
-0.018917
-0.0209325
-0.0229515
-0.0249557
-0.0269352
-0.0288838
-0.0307953
-0.032661
-0.0344707
-0.0362126
-0.0378749
-0.0394442
-0.0409078
-0.0422504
-0.0434583
-0.0445137
-0.0454022
-0.0461029
-0.0466015
-0.0468738
-0.0469069
-0.046673
-0.0461624
-0.0453415
-0.0442078
-0.042724
-0.0408996
-0.0386915
-0.0361283
-0.0331607
-0.0298451
-0.0261228
-0.0220891
-0.0176688
-0.0130065
-0.00799264
-0.0028176
-0.0117419
-0.0141216
-0.0162758
-0.0183223
-0.0203729
-0.0224658
-0.0245868
-0.026708
-0.0288087
-0.0308783
-0.0329105
-0.0348989
-0.0368345
-0.0387066
-0.0405028
-0.0422106
-0.043816
-0.045306
-0.0466646
-0.0478777
-0.0489265
-0.0497962
-0.050465
-0.050918
-0.0511294
-0.0510861
-0.0507578
-0.0501353
-0.0491825
-0.0478972
-0.0462385
-0.0442177
-0.041788
-0.0389818
-0.0357452
-0.0321415
-0.0281064
-0.0237457
-0.0189766
-0.0139587
-0.00856988
-0.00302021
-0.0149405
-0.0174969
-0.019783
-0.0219379
-0.0240935
-0.026294
-0.0285231
-0.0307485
-0.032947
-0.035107
-0.0372223
-0.0392864
-0.0412902
-0.0432224
-0.0450699
-0.0468199
-0.0484579
-0.0499703
-0.0513406
-0.0525543
-0.0535919
-0.0544381
-0.0550698
-0.0554719
-0.0556169
-0.0554911
-0.0550621
-0.0543206
-0.0532277
-0.0517816
-0.0499376
-0.0477087
-0.0450444
-0.0419805
-0.0384591
-0.0345502
-0.0301844
-0.0254789
-0.0203426
-0.0149519
-0.00917082
-0.00323107
-0.0184053
-0.0211501
-0.0235733
-0.025839
-0.028101
-0.0304109
-0.0327495
-0.0350799
-0.0373758
-0.0396249
-0.0418213
-0.0439587
-0.0460275
-0.0480161
-0.049911
-0.0516987
-0.0533645
-0.0548944
-0.0562714
-0.0574806
-0.0585018
-0.0593193
-0.0599088
-0.0602548
-0.0603279
-0.060114
-0.0595783
-0.058711
-0.0574705
-0.0558548
-0.0538157
-0.0513674
-0.0484553
-0.0451195
-0.0412972
-0.0370664
-0.032352
-0.0272838
-0.0217626
-0.0159827
-0.00979313
-0.0034493
-0.0221515
-0.0250962
-0.0276609
-0.0300379
-0.0324064
-0.0348259
-0.037274
-0.0397083
-0.0420997
-0.0444352
-0.0467092
-0.0489156
-0.0510447
-0.0530847
-0.0550214
-0.0568413
-0.0585291
-0.0600707
-0.0614486
-0.0626477
-0.063647
-0.0644304
-0.0649726
-0.0652574
-0.0652537
-0.0649466
-0.0642984
-0.0632994
-0.0619043
-0.0601111
-0.0578671
-0.0551885
-0.052016
-0.048394
-0.0442547
-0.0396851
-0.034604
-0.0291557
-0.023232
-0.0170472
-0.0104343
-0.00367398
-0.0261954
-0.0293511
-0.03206
-0.0345472
-0.0370205
-0.0395481
-0.0421038
-0.0446394
-0.0471225
-0.0495398
-0.0518859
-0.0541554
-0.0563386
-0.0584234
-0.0603952
-0.0622405
-0.0639434
-0.0654901
-0.0668625
-0.0680454
-0.069017
-0.0697611
-0.0702508
-0.0704696
-0.0703846
-0.06998
-0.0692145
-0.0680786
-0.0665227
-0.0645444
-0.0620866
-0.0591672
-0.0557216
-0.0517991
-0.0473268
-0.0424011
-0.0369354
-0.0310895
-0.0247461
-0.0181417
-0.0110915
-0.00390407
-0.0305547
-0.0339316
-0.0367858
-0.03938
-0.0419541
-0.0445861
-0.0472456
-0.0498778
-0.0524468
-0.054939
-0.05735
-0.0596749
-0.0619043
-0.0640258
-0.0660246
-0.0678871
-0.0695975
-0.0711419
-0.0725018
-0.0736621
-0.0746001
-0.0752995
-0.0757319
-0.0758805
-0.0757099
-0.0752044
-0.0743183
-0.0730414
-0.0713188
-0.0691486
-0.0664688
-0.0632985
-0.0595675
-0.0553303
-0.0505084
-0.0452094
-0.0393407
-0.0330797
-0.0262998
-0.0192617
-0.0117618
-0.00413844
-0.0352475
-0.038855
-0.0418534
-0.0445484
-0.0472169
-0.0499475
-0.0527047
-0.0554265
-0.0580733
-0.0606316
-0.063098
-0.0654689
-0.0677347
-0.0698833
-0.0718997
-0.0737705
-0.0754796
-0.0770135
-0.0783535
-0.0794845
-0.0803831
-0.0810327
-0.0814037
-0.0814784
-0.0812188
-0.0806081
-0.0796
-0.0781786
-0.0762851
-0.0739179
-0.0710086
-0.0675779
-0.0635493
-0.0589829
-0.053795
-0.0481049
-0.0418145
-0.0351207
-0.0278876
-0.0204026
-0.012442
-0.00437581
-0.0402931
-0.0441392
-0.0472777
-0.0500646
-0.0528182
-0.0556388
-0.058485
-0.0612867
-0.0640009
-0.066614
-0.0691245
-0.0715297
-0.0738207
-0.0759854
-0.0780087
-0.0798775
-0.081576
-0.0830908
-0.0844032
-0.0854981
-0.0863516
-0.0869468
-0.0872526
-0.0872508
-0.0869008
-0.0861845
-0.0850505
-0.0834822
-0.0814153
-0.0788467
-0.0757013
-0.0720011
-0.0676628
-0.0627529
-0.0571817
-0.0510823
-0.0443509
-0.0372064
-0.0295037
-0.0215593
-0.0131283
-0.00461477
-0.0457108
-0.0498016
-0.053073
-0.0559391
-0.0587651
-0.0616642
-0.0645879
-0.0674574
-0.0702258
-0.0728802
-0.0754212
-0.0778475
-0.0801508
-0.082319
-0.0843376
-0.0861934
-0.0878711
-0.0893578
-0.0906346
-0.0916868
-0.0924897
-0.0930265
-0.0932643
-0.0931843
-0.0927429
-0.0919204
-0.0906604
-0.0889449
-0.0867028
-0.0839295
-0.0805421
-0.0765638
-0.0719042
-0.066636
-0.0606641
-0.0541362
-0.046944
-0.0393304
-0.0311418
-0.0227262
-0.0138168
-0.00485372
-0.0515202
-0.0558593
-0.0592523
-0.0621807
-0.0650629
-0.0680256
-0.0710125
-0.0739347
-0.0767415
-0.0794214
-0.0819772
-0.0844096
-0.0867107
-0.0888691
-0.0908701
-0.0927013
-0.0943476
-0.0957968
-0.0970301
-0.0980331
-0.0987805
-0.0992553
-0.0994232
-0.0992644
-0.098732
-0.0978047
-0.0964202
-0.0945585
-0.0921411
-0.0891609
-0.0855268
-0.0812624
-0.0762698
-0.0706283
-0.0642375
-0.0572614
-0.0495877
-0.041486
-0.0327951
-0.0238973
-0.0145033
-0.00509085
-0.0577404
-0.0623281
-0.0658267
-0.0687959
-0.071714
-0.0747222
-0.0777546
-0.0807114
-0.0835383
-0.0862255
-0.0887788
-0.0912006
-0.0934841
-0.095618
-0.097588
-0.0993823
-0.100986
-0.102389
-0.103571
-0.104518
-0.105206
-0.105616
-0.105713
-0.105476
-0.104855
-0.103826
-0.10232
-0.100315
-0.0977235
-0.0945358
-0.0906513
-0.0860937
-0.0807565
-0.0747264
-0.0678978
-0.0604524
-0.0522757
-0.0436662
-0.0344565
-0.0250661
-0.0151828
-0.0053241
-0.064389
-0.0692216
-0.0728044
-0.0757877
-0.078717
-0.0817488
-0.084806
-0.0877767
-0.090603
-0.0932774
-0.095809
-0.0982025
-0.100452
-0.102546
-0.104471
-0.106216
-0.107767
-0.109113
-0.110236
-0.111123
-0.111747
-0.112091
-0.112117
-0.111804
-0.111098
-0.109971
-0.10835
-0.106206
-0.103444
-0.10005
-0.0959122
-0.0910546
-0.0853616
-0.0789268
-0.0716407
-0.063704
-0.0550016
-0.0458635
-0.0361185
-0.0262254
-0.0158504
-0.00555109
-0.0714815
-0.0765503
-0.0801898
-0.0831548
-0.0860662
-0.0890963
-0.0921546
-0.0951159
-0.0979187
-0.100558
-0.103048
-0.105395
-0.107593
-0.109632
-0.111498
-0.113181
-0.114668
-0.115949
-0.117006
-0.117826
-0.118383
-0.11866
-0.118617
-0.118232
-0.117446
-0.116229
-0.114499
-0.112224
-0.109296
-0.105698
-0.101307
-0.0961426
-0.0900826
-0.0832265
-0.0754624
-0.0670106
-0.0577589
-0.0480701
-0.0377733
-0.0273676
-0.0165003
-0.00576897
-0.0790306
-0.0843209
-0.0879824
-0.0908907
-0.0937506
-0.0967503
-0.0997833
-0.10271
-0.105465
-0.108047
-0.110473
-0.112754
-0.114884
-0.116852
-0.118645
-0.120254
-0.121667
-0.122873
-0.123858
-0.124607
-0.125095
-0.125305
-0.125196
-0.124744
-0.123885
-0.122587
-0.120759
-0.11836
-0.115275
-0.111476
-0.106831
-0.101355
-0.0949174
-0.0876224
-0.0793591
-0.0703665
-0.060541
-0.0502777
-0.0394126
-0.0284842
-0.0171266
-0.00597437
-0.0870445
-0.0925347
-0.0961756
-0.0989822
-0.101753
-0.104691
-0.10767
-0.110535
-0.113216
-0.115717
-0.11806
-0.120256
-0.122301
-0.124183
-0.12589
-0.127412
-0.12874
-0.129864
-0.130769
-0.131444
-0.131862
-0.132006
-0.131834
-0.131321
-0.1304
-0.129032
-0.127117
-0.124606
-0.121372
-0.117379
-0.112483
-0.10669
-0.0998632
-0.0921107
-0.0833264
-0.0737655
-0.0633411
-0.0524773
-0.0410283
-0.0295661
-0.0177231
-0.0061631
-0.0955261
-0.101186
-0.104755
-0.107408
-0.110048
-0.112892
-0.115789
-0.118565
-0.121146
-0.123542
-0.125781
-0.127874
-0.129818
-0.131599
-0.133206
-0.134631
-0.135863
-0.136897
-0.137717
-0.138313
-0.138659
-0.138739
-0.13851
-0.137945
-0.136971
-0.135548
-0.133559
-0.130948
-0.127578
-0.1234
-0.118255
-0.11214
-0.104915
-0.0966858
-0.0873586
-0.0771996
-0.0661514
-0.0546586
-0.0426116
-0.030603
-0.0182836
-0.00632998
-0.104475
-0.110263
-0.113697
-0.116139
-0.118605
-0.121322
-0.124108
-0.126767
-0.129222
-0.131491
-0.133606
-0.135581
-0.137408
-0.139074
-0.140568
-0.141884
-0.143011
-0.143946
-0.144674
-0.145187
-0.145461
-0.145479
-0.145198
-0.144588
-0.143576
-0.142109
-0.140063
-0.137368
-0.133877
-0.129522
-0.124134
-0.117694
-0.110063
-0.101337
-0.0914463
-0.080658
-0.0689625
-0.0568098
-0.044154
-0.0315835
-0.0188022
-0.00646855
-0.113883
-0.119741
-0.122962
-0.12513
-0.127381
-0.129943
-0.132591
-0.135105
-0.137409
-0.13953
-0.141505
-0.143345
-0.14504
-0.146577
-0.147945
-0.149139
-0.15015
-0.150977
-0.151606
-0.152031
-0.152228
-0.152185
-0.151857
-0.151213
-0.150174
-0.148679
-0.146591
-0.143831
-0.140235
-0.135717
-0.130094
-0.123329
-0.115285
-0.106046
-0.0955731
-0.0841244
-0.0717619
-0.0589162
-0.0456462
-0.0324947
-0.0192739
-0.00657087
-0.123729
-0.129572
-0.132491
-0.134324
-0.136328
-0.138709
-0.141193
-0.143533
-0.145663
-0.147617
-0.149435
-0.151125
-0.152673
-0.154066
-0.155293
-0.156351
-0.157234
-0.15794
-0.158459
-0.158788
-0.158906
-0.1588
-0.158427
-0.157757
-0.156705
-0.155194
-0.153082
-0.150278
-0.146597
-0.141932
-0.136087
-0.129001
-0.120545
-0.110779
-0.0997116
-0.0875746
-0.0745317
-0.0609598
-0.0470786
-0.0333221
-0.0196953
-0.00662738
-0.133983
-0.139672
-0.142186
-0.143639
-0.14538
-0.147563
-0.149852
-0.151989
-0.153922
-0.155693
-0.157339
-0.158862
-0.160246
-0.161477
-0.162546
-0.163451
-0.164187
-0.164758
-0.165153
-0.165376
-0.165405
-0.165234
-0.164815
-0.164124
-0.163069
-0.161556
-0.159439
-0.156614
-0.152871
-0.148083
-0.142033
-0.134641
-0.125779
-0.115484
-0.103819
-0.0909742
-0.0772473
-0.0629187
-0.0484408
-0.0340502
-0.0200657
-0.00662688
-0.144568
-0.149884
-0.151897
-0.152967
-0.154454
-0.15642
-0.158478
-0.160381
-0.162097
-0.16367
-0.165126
-0.166462
-0.16766
-0.168708
-0.169597
-0.170328
-0.170898
-0.171312
-0.171567
-0.171667
-0.171597
-0.171354
-0.170889
-0.170177
-0.169122
-0.167624
-0.165525
-0.162707
-0.158929
-0.154047
-0.14782
-0.140147
-0.130899
-0.120088
-0.107836
-0.0942779
-0.0798761
-0.0647682
-0.0497221
-0.0346634
-0.0203881
-0.00655675
-0.155274
-0.159923
-0.161396
-0.162159
-0.16343
-0.165149
-0.166929
-0.168569
-0.170051
-0.171409
-0.172654
-0.173779
-0.174767
-0.175607
-0.176292
-0.176824
-0.177204
-0.177441
-0.177535
-0.177497
-0.177316
-0.176992
-0.176482
-0.175755
-0.174696
-0.173231
-0.171174
-0.168392
-0.16461
-0.159674
-0.153306
-0.145395
-0.135793
-0.1245
-0.111686
-0.0974317
-0.0823789
-0.0664828
-0.0509112
-0.0351478
-0.0206693
-0.00640322
-0.16577
-0.169343
-0.170375
-0.171021
-0.172124
-0.173542
-0.174994
-0.17635
-0.177586
-0.178709
-0.179718
-0.180607
-0.18136
-0.181968
-0.182426
-0.182738
-0.182908
-0.182949
-0.182868
-0.182681
-0.18238
-0.181971
-0.181412
-0.180674
-0.179623
-0.178211
-0.176218
-0.173501
-0.16975
-0.164807
-0.158343
-0.150249
-0.14034
-0.128622
-0.115286
-0.100379
-0.0847122
-0.0680394
-0.051997
-0.0354944
-0.0209199
-0.00615225
-0.175497
-0.177593
-0.178509
-0.179309
-0.180252
-0.181297
-0.182389
-0.183457
-0.184438
-0.185306
-0.186059
-0.186694
-0.187198
-0.18756
-0.18778
-0.187862
-0.187815
-0.187657
-0.187398
-0.187058
-0.186638
-0.186146
-0.18554
-0.18479
-0.183776
-0.182433
-0.180521
-0.177898
-0.174212
-0.169309
-0.162797
-0.154587
-0.144428
-0.132361
-0.118558
-0.103065
-0.086834
-0.0694206
-0.0529689
-0.035701
-0.0211522
-0.00579107
-0.183439
-0.184135
-0.185578
-0.186757
-0.187452
-0.188057
-0.188797
-0.189592
-0.190314
-0.190923
-0.191421
-0.191806
-0.192066
-0.192193
-0.192185
-0.192051
-0.191801
-0.191457
-0.191033
-0.190555
-0.190024
-0.189458
-0.188817
-0.188069
-0.1871
-0.185834
-0.184019
-0.181509
-0.177918
-0.173096
-0.166583
-0.158323
-0.147973
-0.135645
-0.121438
-0.10545
-0.088709
-0.0706177
-0.0538178
-0.0357742
-0.021378
-0.00530998
-0.188921
-0.188812
-0.191562
-0.193103
-0.193386
-0.19355
-0.193988
-0.194532
-0.195009
-0.195381
-0.195655
-0.195824
-0.195876
-0.195802
-0.195602
-0.195286
-0.194867
-0.194368
-0.193806
-0.193211
-0.192588
-0.191956
-0.191285
-0.190556
-0.189635
-0.188448
-0.186734
-0.184347
-0.180868
-0.176155
-0.169679
-0.161425
-0.150943
-0.138441
-0.123893
-0.107514
-0.0903185
-0.0716349
-0.0545397
-0.0357327
-0.0216069
-0.00470523
-0.191923
-0.192045
-0.1963
-0.19791
-0.197793
-0.197681
-0.197911
-0.198241
-0.198512
-0.1987
-0.198803
-0.19881
-0.198705
-0.198481
-0.198137
-0.197684
-0.197137
-0.196518
-0.19585
-0.195164
-0.194471
-0.193786
-0.19307
-0.192371
-0.191492
-0.190378
-0.188759
-0.18649
-0.183128
-0.178535
-0.172121
-0.163914
-0.153349
-0.140749
-0.125922
-0.109257
-0.0916594
-0.072486
-0.055135
-0.0356032
-0.0218466
-0.0039805
-0.192789
-0.194746
-0.199411
-0.200837
-0.200667
-0.200541
-0.200657
-0.200818
-0.200936
-0.200996
-0.200983
-0.20088
-0.200668
-0.200342
-0.199901
-0.199355
-0.198719
-0.198016
-0.197273
-0.19652
-0.195778
-0.195076
-0.194405
-0.193642
-0.192761
-0.191691
-0.190135
-0.187952
-0.184684
-0.180196
-0.173846
-0.165708
-0.155099
-0.14247
-0.127434
-0.110593
-0.0926651
-0.0731181
-0.0555712
-0.0353686
-0.0220955
-0.00313307
-0.208122
-0.203499
-0.202506
-0.202582
-0.202109
-0.201845
-0.201853
-0.201919
-0.201964
-0.201963
-0.201895
-0.201738
-0.201476
-0.201102
-0.200617
-0.200029
-0.199354
-0.198614
-0.197834
-0.197044
-0.196263
-0.19551
-0.194757
-0.194029
-0.193153
-0.192081
-0.190526
-0.188364
-0.185121
-0.180687
-0.17437
-0.166305
-0.1557
-0.143126
-0.128017
-0.11115
-0.0930814
-0.0733363
-0.0557547
-0.0350319
-0.0223043
-0.00233489
-0.208328
-0.205857
-0.203865
-0.203691
-0.203276
-0.202991
-0.202938
-0.202936
-0.202915
-0.202851
-0.202718
-0.202497
-0.202173
-0.201741
-0.201202
-0.200565
-0.199846
-0.199068
-0.198255
-0.197437
-0.196633
-0.19586
-0.195096
-0.194312
-0.193461
-0.192351
-0.190762
-0.188567
-0.185293
-0.180829
-0.174477
-0.166391
-0.155745
-0.14317
-0.128
-0.111141
-0.0929899
-0.0732125
-0.0556112
-0.0346731
-0.0223208
-0.00171567
-0.20742
-0.20612
-0.204226
-0.204096
-0.203845
-0.203636
-0.203594
-0.203579
-0.203533
-0.203437
-0.203268
-0.203007
-0.202645
-0.202175
-0.201602
-0.200936
-0.200192
-0.199393
-0.198565
-0.197734
-0.196919
-0.196135
-0.195361
-0.19457
-0.193664
-0.192545
-0.190899
-0.188652
-0.185327
-0.180802
-0.174392
-0.166256
-0.155557
-0.142963
-0.12774
-0.110904
-0.0926888
-0.0729418
-0.0553188
-0.0342763
-0.0222482
-0.00110406
-0.207181
-0.20611
-0.204417
-0.204326
-0.204194
-0.204056
-0.20403
-0.204012
-0.203954
-0.203839
-0.203646
-0.203361
-0.202974
-0.202482
-0.201889
-0.201206
-0.200448
-0.199638
-0.198799
-0.197959
-0.197132
-0.196333
-0.195539
-0.194722
-0.193769
-0.192651
-0.190917
-0.188607
-0.185229
-0.180644
-0.174184
-0.166005
-0.155271
-0.142673
-0.127424
-0.110625
-0.092372
-0.072667
-0.055032
-0.0339003
-0.0221738
-0.000502537
-0.206824
-0.205859
-0.204488
-0.204464
-0.204421
-0.204347
-0.20434
-0.204324
-0.204259
-0.204132
-0.203924
-0.203622
-0.203219
-0.202712
-0.202107
-0.201413
-0.200647
-0.19983
-0.198983
-0.198133
-0.197293
-0.196474
-0.195653
-0.194798
-0.193801
-0.192506
-0.190825
-0.188438
-0.184999
-0.180349
-0.173839
-0.165622
-0.15487
-0.142281
-0.127034
-0.110288
-0.0920298
-0.072381
-0.0547524
-0.0335424
-0.0221057
9.04094e-05
-0.206423
-0.205495
-0.204471
-0.204517
-0.204538
-0.20452
-0.204534
-0.204524
-0.20446
-0.204327
-0.204111
-0.2038
-0.203389
-0.202876
-0.202265
-0.201568
-0.200799
-0.199978
-0.199126
-0.198266
-0.197411
-0.196567
-0.195712
-0.194809
-0.193756
-0.192426
-0.190651
-0.188152
-0.184642
-0.179917
-0.173355
-0.1651
-0.15434
-0.141769
-0.126549
-0.109873
-0.0916416
-0.0720685
-0.0544664
-0.0331993
-0.0220378
0.000670926
-0.206034
-0.205126
-0.204414
-0.204508
-0.204569
-0.204594
-0.204628
-0.204627
-0.204568
-0.204436
-0.204218
-0.203906
-0.203494
-0.202982
-0.202374
-0.201679
-0.200912
-0.200091
-0.199236
-0.198366
-0.197493
-0.19662
-0.195723
-0.194763
-0.19364
-0.192238
-0.190326
-0.187761
-0.184166
-0.179356
-0.172737
-0.164444
-0.153685
-0.141141
-0.125972
-0.109382
-0.0912084
-0.0717306
-0.0541766
-0.032875
-0.0219717
0.00123205
-0.205663
-0.204778
-0.204328
-0.20445
-0.204536
-0.204592
-0.204643
-0.204653
-0.2046
-0.204474
-0.204262
-0.203955
-0.20355
-0.203045
-0.202444
-0.201758
-0.200997
-0.20018
-0.199322
-0.198442
-0.197548
-0.19664
-0.195694
-0.194667
-0.193462
-0.191968
-0.189984
-0.187307
-0.183581
-0.178673
-0.171994
-0.163661
-0.152911
-0.140404
-0.125308
-0.10882
-0.0907363
-0.0713727
-0.0538907
-0.0325749
-0.021913
0.00176588
-0.205331
-0.204438
-0.204211
-0.204351
-0.20445
-0.20453
-0.204596
-0.204616
-0.204574
-0.204458
-0.204256
-0.20396
-0.203567
-0.203075
-0.202488
-0.201814
-0.201064
-0.200252
-0.199393
-0.198501
-0.197582
-0.196635
-0.195631
-0.194528
-0.193231
-0.191629
-0.189534
-0.186694
-0.182894
-0.177877
-0.171131
-0.162759
-0.152025
-0.139564
-0.124562
-0.108193
-0.0902304
-0.0709993
-0.053616
-0.0323041
-0.0218683
0.0022639
-0.205051
-0.204098
-0.204055
-0.204215
-0.204322
-0.204418
-0.204499
-0.204532
-0.204503
-0.2044
-0.204212
-0.203933
-0.203557
-0.203084
-0.202515
-0.201857
-0.20112
-0.200315
-0.199455
-0.19855
-0.197604
-0.196611
-0.195543
-0.194354
-0.192954
-0.191232
-0.189016
-0.186066
-0.182117
-0.176978
-0.170161
-0.161746
-0.151034
-0.138628
-0.12374
-0.107506
-0.0896955
-0.0706152
-0.0533598
-0.0320674
-0.021845
0.00271708
-0.204586
-0.203833
-0.203873
-0.204038
-0.204161
-0.204276
-0.204368
-0.204414
-0.204399
-0.204313
-0.204145
-0.203886
-0.203532
-0.20308
-0.202533
-0.201895
-0.201173
-0.200377
-0.199516
-0.198596
-0.197619
-0.196576
-0.195436
-0.194154
-0.19264
-0.190785
-0.188417
-0.18534
-0.181184
-0.175989
-0.169098
-0.160633
-0.149947
-0.137607
-0.122848
-0.106766
-0.089137
-0.070226
-0.0531294
-0.03187
-0.0218514
0.00311613
-0.204001
-0.203603
-0.203669
-0.203837
-0.203977
-0.204107
-0.204213
-0.204274
-0.204277
-0.20421
-0.204064
-0.203829
-0.2035
-0.203075
-0.202553
-0.201937
-0.201233
-0.200446
-0.199583
-0.198648
-0.197637
-0.196538
-0.195321
-0.193937
-0.192299
-0.190301
-0.187775
-0.184539
-0.180254
-0.17492
-0.167942
-0.159439
-0.148783
-0.136514
-0.121892
-0.105983
-0.0885615
-0.0698379
-0.0529326
-0.0317183
-0.0218971
0.00345197
-0.203535
-0.203347
-0.203445
-0.203623
-0.203779
-0.203926
-0.204046
-0.204124
-0.204147
-0.204103
-0.203981
-0.203773
-0.203473
-0.203077
-0.202583
-0.201992
-0.201306
-0.20053
-0.199665
-0.198712
-0.197664
-0.196506
-0.195206
-0.193712
-0.191942
-0.189792
-0.1871
-0.183694
-0.179283
-0.173796
-0.166719
-0.158169
-0.147547
-0.135347
-0.120897
-0.105168
-0.0879762
-0.0694564
-0.0527799
-0.0316173
-0.021992
0.00371623
-0.203135
-0.203079
-0.203213
-0.203405
-0.20358
-0.203743
-0.203881
-0.203978
-0.204022
-0.204002
-0.203907
-0.203729
-0.20346
-0.203095
-0.202631
-0.202066
-0.201401
-0.200635
-0.199768
-0.198796
-0.197709
-0.196489
-0.1951
-0.193491
-0.191582
-0.189271
-0.186404
-0.18282
-0.178253
-0.172513
-0.165442
-0.156844
-0.146256
-0.134137
-0.119861
-0.104326
-0.0873939
-0.0690909
-0.0526878
-0.0315642
-0.0221487
0.00390184
-0.202773
-0.202816
-0.202986
-0.203195
-0.20339
-0.203571
-0.203727
-0.203845
-0.203912
-0.203919
-0.203853
-0.203706
-0.20347
-0.203138
-0.202705
-0.202168
-0.201524
-0.20077
-0.199901
-0.198909
-0.197781
-0.196494
-0.195013
-0.193285
-0.19123
-0.188751
-0.185702
-0.181932
-0.1772
-0.171337
-0.164133
-0.155484
-0.144928
-0.132896
-0.118799
-0.103477
-0.0868171
-0.0687677
-0.0526522
-0.0315569
-0.0223838
0.00400503
-0.20245
-0.202573
-0.202779
-0.203006
-0.203221
-0.203421
-0.203597
-0.203736
-0.203829
-0.203862
-0.203827
-0.203713
-0.203511
-0.203213
-0.202813
-0.202305
-0.201683
-0.200941
-0.200069
-0.199057
-0.197887
-0.196532
-0.194955
-0.193103
-0.190898
-0.188246
-0.18501
-0.181048
-0.176143
-0.170148
-0.162808
-0.154108
-0.143584
-0.131643
-0.117731
-0.102635
-0.0862604
-0.0684814
-0.0526187
-0.0316817
-0.0227024
0.00402855
-0.202177
-0.202365
-0.202602
-0.202849
-0.203084
-0.203303
-0.2035
-0.203662
-0.203779
-0.203841
-0.203837
-0.203757
-0.20359
-0.203328
-0.202962
-0.202484
-0.201884
-0.201154
-0.20028
-0.199248
-0.198034
-0.19661
-0.194936
-0.192958
-0.190599
-0.18777
-0.184342
-0.180184
-0.175099
-0.168954
-0.161458
-0.152737
-0.142243
-0.130397
-0.116673
-0.101816
-0.0857361
-0.0682436
-0.0526692
-0.031923
-0.0230632
0.00397326
-0.201965
-0.202205
-0.202468
-0.202734
-0.202987
-0.203226
-0.203443
-0.203628
-0.203772
-0.203863
-0.203891
-0.203845
-0.203714
-0.203488
-0.203156
-0.202708
-0.202132
-0.201414
-0.200539
-0.199486
-0.198229
-0.196735
-0.194964
-0.192858
-0.190344
-0.187336
-0.183714
-0.179357
-0.174087
-0.167787
-0.16019
-0.151394
-0.140927
-0.129178
-0.115646
-0.101037
-0.0852563
-0.0680667
-0.0527991
-0.0322308
-0.0234863
0.00380285
-0.201824
-0.202101
-0.202386
-0.202668
-0.202939
-0.203197
-0.203434
-0.203642
-0.203811
-0.203931
-0.203991
-0.203979
-0.203885
-0.203695
-0.203398
-0.202981
-0.202429
-0.201725
-0.200849
-0.199776
-0.198476
-0.196913
-0.195044
-0.192811
-0.190143
-0.186956
-0.183139
-0.178583
-0.173126
-0.166669
-0.158975
-0.1501
-0.139658
-0.128008
-0.114666
-0.100312
-0.0848333
-0.0679598
-0.0530009
-0.0326174
-0.0239784
0.00353003
-0.201762
-0.202061
-0.202361
-0.202657
-0.202944
-0.203218
-0.203475
-0.203705
-0.2039
-0.204049
-0.204141
-0.204164
-0.204105
-0.203952
-0.20369
-0.203304
-0.202777
-0.202087
-0.201211
-0.20012
-0.198778
-0.197148
-0.195182
-0.192824
-0.190002
-0.186638
-0.182628
-0.177875
-0.172231
-0.165616
-0.157814
-0.148866
-0.138458
-0.126907
-0.113754
-0.0996584
-0.0844784
-0.06793
-0.0532744
-0.0330915
-0.0245648
0.0032003
)
;

boundaryField
{
    inlet
    {
        type            zeroGradient;
    }
    outlet
    {
        type            fixedValue;
        value           uniform 0;
    }
    cylinder
    {
        type            zeroGradient;
    }
    top
    {
        type            symmetryPlane;
    }
    bottom
    {
        type            symmetryPlane;
    }
    defaultFaces
    {
        type            empty;
    }
    procBoundary1to0
    {
        type            processor;
        value           nonuniform List<scalar> 
133
(
-0.213554
-0.213554
-0.215835
-0.218307
-0.220345
-0.220345
-0.22299
-0.223687
-0.223687
-0.223202
-0.223202
-0.225811
-0.224258
-0.224258
-0.222056
-0.222056
-0.218526
-0.218526
-0.212792
-0.212792
-0.201619
-0.201619
-0.187705
-0.187705
-0.200569
-0.187733
-0.187733
-0.213458
-0.212989
-0.212989
-0.218773
-0.218773
-0.222321
-0.222321
-0.224518
-0.224518
-0.226057
-0.223449
-0.223449
-0.22391
-0.22391
-0.22319
-0.220531
-0.220531
-0.218467
-0.21597
-0.21597
-0.169953
-0.157729
-0.146304
-0.135089
-0.123858
-0.113115
-0.103113
-0.0936963
-0.0848126
-0.0765265
-0.0688177
-0.061635
-0.054955
-0.0487521
-0.0429939
-0.03765
-0.0326934
-0.0280962
-0.0238332
-0.0198811
-0.016216
-0.0149771
-0.0149771
-0.0116832
-0.00863032
-0.00580389
-0.00318872
-0.000771903
0.00145844
0.0035128
0.00540068
0.00713014
0.00870829
0.0101416
0.0114343
0.0125903
0.0136125
0.0145022
0.015259
0.0158825
0.0163669
0.0167082
0.0169037
0.0166185
0.0164246
0.0160866
0.0156073
0.0149903
0.0142419
0.0133622
0.0123518
0.0112094
0.00993221
0.0085164
0.00695762
0.00524944
0.00524944
0.00470204
0.00276695
0.000665447
-0.00161278
-0.00407943
-0.00674738
-0.00963163
-0.0127471
-0.0161125
-0.0197465
-0.0236684
-0.0279023
-0.0324721
-0.0374034
-0.0427246
-0.0484633
-0.0546502
-0.0613184
-0.0684939
-0.0762005
-0.0844898
-0.0933822
-0.102814
-0.112837
-0.123608
-0.134874
-0.146132
-0.157611
-0.169899
)
;
    }
}


// ************************************************************************* //
