/*--------------------------------*- C++ -*----------------------------------*\
  =========                 |
  \\      /  F ield         | OpenFOAM: The Open Source CFD Toolbox
   \\    /   O peration     | Website:  https://openfoam.org
    \\  /    A nd           | Version:  7
     \\/     M anipulation  |
\*---------------------------------------------------------------------------*/
FoamFile
{
    version     2.0;
    format      ascii;
    class       volScalarField;
    location    "20";
    object      p;
}
// * * * * * * * * * * * * * * * * * * * * * * * * * * * * * * * * * * * * * //

dimensions      [0 2 -2 0 0 0 0];

internalField   nonuniform List<scalar> 
6386
(
-0.272621
-0.274963
-0.277497
-0.280263
-0.279548
-0.28331
-0.282256
-0.286689
-0.285239
-0.28295
-0.290451
-0.288545
-0.285813
-0.282443
-0.294658
-0.29222
-0.289001
-0.285119
-0.299369
-0.296313
-0.292564
-0.288141
-0.283539
-0.304637
-0.300872
-0.296553
-0.29156
-0.286399
-0.28128
-0.310513
-0.305943
-0.301015
-0.295424
-0.289661
-0.283855
-0.277563
-0.317037
-0.311566
-0.305994
-0.299774
-0.293348
-0.286742
-0.279455
-0.271362
-0.324241
-0.317776
-0.311528
-0.30464
-0.297465
-0.289918
-0.281429
-0.271734
-0.259403
-0.33214
-0.324599
-0.317648
-0.310038
-0.302
-0.293335
-0.283401
-0.271913
-0.25804
-0.244478
-0.340737
-0.332047
-0.324367
-0.315964
-0.306919
-0.296912
-0.285262
-0.271811
-0.256304
-0.241195
-0.350012
-0.340117
-0.33168
-0.322387
-0.312154
-0.300534
-0.286893
-0.271349
-0.254178
-0.237631
-0.359923
-0.348785
-0.339554
-0.32925
-0.317602
-0.304055
-0.288176
-0.270457
-0.251635
-0.233735
-0.370398
-0.357999
-0.347927
-0.336457
-0.323115
-0.307313
-0.288993
-0.269068
-0.248641
-0.229457
-0.381333
-0.367676
-0.356697
-0.343873
-0.328509
-0.310138
-0.289234
-0.267119
-0.245154
-0.224749
-0.39259
-0.377695
-0.365726
-0.351314
-0.333571
-0.312361
-0.288796
-0.264546
-0.241127
-0.21956
-0.403992
-0.387896
-0.374831
-0.358557
-0.338073
-0.313819
-0.287579
-0.261286
-0.236505
-0.213841
-0.415325
-0.398081
-0.38379
-0.36534
-0.341784
-0.314357
-0.285488
-0.257272
-0.231234
-0.207545
-0.426338
-0.408011
-0.392338
-0.371377
-0.344477
-0.31383
-0.282432
-0.252437
-0.225253
-0.200624
-0.436747
-0.417412
-0.400178
-0.376373
-0.345936
-0.312104
-0.278322
-0.246711
-0.218506
-0.193038
-0.44624
-0.425982
-0.406985
-0.380036
-0.345962
-0.309053
-0.273074
-0.240029
-0.210934
-0.184748
-0.454486
-0.433395
-0.41242
-0.382086
-0.344372
-0.304565
-0.266608
-0.232325
-0.202485
-0.175717
-0.461143
-0.439312
-0.416147
-0.382265
-0.341006
-0.298536
-0.25885
-0.223538
-0.193111
-0.165916
-0.465865
-0.443389
-0.417842
-0.380343
-0.335723
-0.290878
-0.249733
-0.213614
-0.182776
-0.155329
-0.468318
-0.445288
-0.417207
-0.376122
-0.328406
-0.281512
-0.239194
-0.202501
-0.171446
-0.143943
-0.468185
-0.444691
-0.41398
-0.369438
-0.318962
-0.27038
-0.227187
-0.190154
-0.159081
-0.131697
-0.465176
-0.441306
-0.407939
-0.360164
-0.307324
-0.257438
-0.213678
-0.176544
-0.14562
-0.118409
-0.459039
-0.434879
-0.398914
-0.348214
-0.29345
-0.242662
-0.198656
-0.161667
-0.131025
-0.103819
-0.449563
-0.425207
-0.386779
-0.333536
-0.277324
-0.226046
-0.182115
-0.145538
-0.11536
-0.0879785
-0.436588
-0.41214
-0.371453
-0.316117
-0.258953
-0.207594
-0.16406
-0.128177
-0.0986888
-0.0718082
-0.420006
-0.395583
-0.352908
-0.295978
-0.238368
-0.187332
-0.144536
-0.109668
-0.080889
-0.0551374
-0.399766
-0.375497
-0.331158
-0.273179
-0.215628
-0.16532
-0.123667
-0.0899751
-0.0621216
-0.0377781
-0.375869
-0.351899
-0.306274
-0.247815
-0.190818
-0.141681
-0.101441
-0.0691609
-0.0424874
-0.0197187
-0.348374
-0.324872
-0.278401
-0.219985
-0.164029
-0.116468
-0.0779404
-0.0473096
-0.0220579
-0.00104174
-0.317391
-0.294564
-0.247755
-0.189736
-0.135377
-0.0897789
-0.053263
-0.024511
-0.00090414
0.0181451
-0.283092
-0.261193
-0.214445
-0.157206
-0.105012
-0.0617453
-0.0275237
-0.000860797
0.0208999
0.0377582
-0.245705
-0.225026
-0.178116
-0.122961
-0.0731396
-0.0325142
-0.000848552
0.0235397
0.0432695
0.057694
-0.205445
-0.186266
-0.139396
-0.0869666
-0.0399526
-0.00224729
0.0266384
0.0485958
0.0660518
0.077566
-0.16253
-0.14464
-0.0992867
-0.0494846
-0.00563536
0.0288948
0.0548348
0.074237
0.0889674
0.0965215
-0.117359
-0.100975
-0.0576824
-0.0107934
0.0296053
0.0607516
0.0836498
0.100393
0.111751
0.114105
-0.0703835
-0.055563
-0.0147683
0.0288379
0.0655417
0.0931452
0.112936
0.126868
0.134445
0.132354
-0.0218898
-0.00883994
0.0291488
0.0691352
0.101936
0.125872
0.142446
0.153271
0.157055
0.15608
0.0277129
0.0387951
0.0737212
0.109813
0.138546
0.15871
0.171915
0.179429
0.180205
0.179923
0.0779952
0.086949
0.11859
0.150577
0.17512
0.191437
0.201174
0.205407
0.203609
0.202457
0.128524
0.135223
0.163394
0.191127
0.211403
0.223824
0.230046
0.231074
0.226842
0.224059
0.178864
0.183213
0.207776
0.231163
0.247141
0.255656
0.258366
0.256258
0.249582
0.244742
0.228582
0.230519
0.251383
0.270386
0.28208
0.286718
0.285955
0.280781
0.271655
0.264559
0.277247
0.276743
0.293868
0.308505
0.315974
0.3168
0.312636
0.304475
0.292914
0.283479
0.32444
0.321498
0.334895
0.345236
0.34858
0.345699
0.338233
0.327182
0.313238
0.301448
0.369756
0.36441
0.374142
0.380305
0.379667
0.373217
0.362579
0.348756
0.33251
0.318393
0.412806
0.405123
0.411301
0.413452
0.409015
0.399166
0.385512
0.369059
0.35062
0.334238
0.453219
0.443297
0.44608
0.444431
0.436413
0.423367
0.406879
0.387962
0.367459
0.348907
0.490652
0.478618
0.478208
0.473012
0.461667
0.445655
0.426539
0.405344
0.382926
0.362325
0.524783
0.510794
0.507435
0.498984
0.484596
0.465876
0.444362
0.421092
0.396926
0.374425
0.555324
0.539561
0.533534
0.522154
0.505038
0.48389
0.460229
0.435105
0.409373
0.385146
0.582014
0.564682
0.556304
0.542352
0.522847
0.499574
0.474036
0.447293
0.42019
0.394432
0.604626
0.585952
0.575567
0.559428
0.537896
0.512821
0.48569
0.457576
0.42931
0.40224
0.622968
0.603195
0.591173
0.573256
0.550078
0.52354
0.495116
0.46589
0.436676
0.408528
0.636882
0.616271
0.603002
0.583733
0.559306
0.531657
0.50225
0.47218
0.442243
0.413265
0.646249
0.62507
0.61096
0.590781
0.565512
0.537114
0.507047
0.476407
0.445983
0.416444
0.650988
0.629519
0.614983
0.594343
0.568649
0.539873
0.509471
0.478544
0.447882
0.418077
0.651055
0.62958
0.615038
0.594392
0.568691
0.539909
0.509501
0.47857
0.447906
0.418112
0.646449
0.625249
0.611123
0.590924
0.565635
0.537218
0.50713
0.476473
0.446035
0.416487
0.637205
0.616561
0.603265
0.583963
0.559501
0.531816
0.502375
0.472271
0.442305
0.413299
0.623401
0.603585
0.591524
0.57356
0.550332
0.523743
0.495269
0.465996
0.436739
0.408552
0.605153
0.586425
0.57599
0.559791
0.538195
0.513054
0.48586
0.457688
0.429369
0.402254
0.582614
0.565222
0.556784
0.542759
0.523177
0.499826
0.474213
0.447404
0.420244
0.394438
0.555977
0.540149
0.534056
0.522592
0.505387
0.484151
0.460409
0.435214
0.409423
0.385146
0.525469
0.511414
0.507982
0.499439
0.484954
0.46614
0.444541
0.421198
0.396973
0.374423
0.491351
0.479252
0.478767
0.473474
0.462026
0.445918
0.426715
0.405448
0.382972
0.362323
0.453914
0.44393
0.446638
0.44489
0.436768
0.423626
0.407052
0.388066
0.367507
0.348906
0.413482
0.405742
0.411848
0.413902
0.409362
0.399418
0.385682
0.369163
0.350671
0.334241
0.370402
0.365005
0.37467
0.380739
0.380003
0.373462
0.362747
0.348862
0.332566
0.318399
0.325045
0.32206
0.335397
0.345651
0.348902
0.345937
0.3384
0.327291
0.313299
0.301457
0.277804
0.277265
0.294339
0.308898
0.316281
0.317031
0.312801
0.304588
0.292981
0.283491
0.229087
0.230998
0.25182
0.270755
0.282373
0.286941
0.286119
0.280899
0.271728
0.264572
0.179315
0.183646
0.208177
0.231506
0.247419
0.255872
0.258529
0.25638
0.249665
0.244756
0.12892
0.135608
0.163758
0.191444
0.211666
0.224034
0.23021
0.231202
0.226937
0.224078
0.0783362
0.087287
0.118917
0.150869
0.175367
0.19164
0.201337
0.205541
0.203723
0.202493
0.0280015
0.039087
0.0740115
0.110079
0.138778
0.158908
0.172079
0.179567
0.180345
0.180008
-0.0216507
-0.00859225
0.0294041
0.069377
0.102154
0.126064
0.142611
0.153411
0.157217
0.156284
-0.0701903
-0.0553571
-0.0145463
0.0290561
0.0657454
0.0933318
0.113104
0.127017
0.134625
0.132703
-0.117208
-0.100808
-0.0574913
-0.0105978
0.0297949
0.0609318
0.0838195
0.10055
0.111929
0.114416
-0.162416
-0.144509
-0.0991242
-0.0493107
-0.00545992
0.0290671
0.0550021
0.0743944
0.0891295
0.09675
-0.205365
-0.186168
-0.139259
-0.0868139
-0.0397914
-0.00208458
0.0267991
0.048748
0.0661988
0.0777431
-0.245653
-0.224953
-0.178008
-0.122829
-0.0729925
-0.0323619
-0.000696418
0.0236846
0.0434064
0.0578469
-0.283065
-0.261144
-0.21436
-0.157093
-0.104879
-0.0616036
-0.0273806
-0.000723265
0.0210293
0.0378961
-0.317386
-0.294536
-0.247691
-0.189638
-0.135256
-0.0896478
-0.0531287
-0.0243807
-0.000781636
0.0182708
-0.348387
-0.324862
-0.278354
-0.219902
-0.163921
-0.116347
-0.0778147
-0.0471864
-0.0219418
-0.000925355
-0.375896
-0.351904
-0.306243
-0.247746
-0.190722
-0.14157
-0.101324
-0.0690446
-0.042377
-0.0196089
-0.399804
-0.375513
-0.33114
-0.273123
-0.215542
-0.165218
-0.123558
-0.089865
-0.062016
-0.0376729
-0.420052
-0.395609
-0.3529
-0.295933
-0.238292
-0.187238
-0.144433
-0.109563
-0.0807877
-0.0550358
-0.436639
-0.412172
-0.371454
-0.316081
-0.258886
-0.207508
-0.163964
-0.128077
-0.0985911
-0.0717094
-0.449617
-0.425243
-0.386786
-0.333508
-0.277265
-0.225967
-0.182025
-0.145444
-0.115266
-0.0878826
-0.459094
-0.434918
-0.398927
-0.348192
-0.293398
-0.24259
-0.198571
-0.161577
-0.130934
-0.103726
-0.46523
-0.441344
-0.407954
-0.360148
-0.307278
-0.257371
-0.213599
-0.176457
-0.145531
-0.118318
-0.468237
-0.444728
-0.413996
-0.369425
-0.318921
-0.270317
-0.227111
-0.190071
-0.158995
-0.131609
-0.468366
-0.445323
-0.417223
-0.376112
-0.328368
-0.281454
-0.239122
-0.202421
-0.171362
-0.143857
-0.465908
-0.44342
-0.417857
-0.380334
-0.335688
-0.290823
-0.249664
-0.213537
-0.182694
-0.155244
-0.46118
-0.439338
-0.41616
-0.382257
-0.340974
-0.298485
-0.258785
-0.223464
-0.193031
-0.165833
-0.454517
-0.433417
-0.412429
-0.382077
-0.344342
-0.304516
-0.266545
-0.232252
-0.202406
-0.175635
-0.446264
-0.425998
-0.40699
-0.380026
-0.345932
-0.309006
-0.273014
-0.239959
-0.210857
-0.184667
-0.436765
-0.417423
-0.40018
-0.376361
-0.345907
-0.312059
-0.278264
-0.246643
-0.21843
-0.192959
-0.42635
-0.408016
-0.392336
-0.371363
-0.344448
-0.313786
-0.282375
-0.25237
-0.225179
-0.200546
-0.415331
-0.398081
-0.383783
-0.365323
-0.341755
-0.314314
-0.285433
-0.257207
-0.231161
-0.207467
-0.403992
-0.387891
-0.37482
-0.358538
-0.338044
-0.313777
-0.287525
-0.261222
-0.236434
-0.213764
-0.392584
-0.377684
-0.365711
-0.351293
-0.333541
-0.312319
-0.288743
-0.264484
-0.241057
-0.219483
-0.381323
-0.367661
-0.356679
-0.343849
-0.328478
-0.310097
-0.289183
-0.267058
-0.245085
-0.224673
-0.370383
-0.357981
-0.347905
-0.336431
-0.323082
-0.307272
-0.288943
-0.269008
-0.248573
-0.229382
-0.359904
-0.348764
-0.33953
-0.329222
-0.317568
-0.304014
-0.288127
-0.270399
-0.251568
-0.23366
-0.34999
-0.340093
-0.331653
-0.322358
-0.31212
-0.300494
-0.286845
-0.271292
-0.254112
-0.237556
-0.340712
-0.33202
-0.324338
-0.315932
-0.306884
-0.296872
-0.285215
-0.271755
-0.256239
-0.241121
-0.332113
-0.32457
-0.317618
-0.310006
-0.301965
-0.293296
-0.283355
-0.271858
-0.257976
-0.244404
-0.324211
-0.317746
-0.311497
-0.304607
-0.29743
-0.289879
-0.281385
-0.271681
-0.317006
-0.311535
-0.305961
-0.29974
-0.293313
-0.286703
-0.279411
-0.27131
-0.310481
-0.30591
-0.300981
-0.29539
-0.289626
-0.283817
-0.27752
-0.304603
-0.300838
-0.296519
-0.291526
-0.286364
-0.281243
-0.299333
-0.296278
-0.29253
-0.288106
-0.283504
-0.294621
-0.292184
-0.288965
-0.285084
-0.290413
-0.288508
-0.285776
-0.282407
-0.286649
-0.285201
-0.282913
-0.283269
-0.282217
-0.28022
-0.279507
-0.277453
-0.274917
-0.165306
-0.173578
-0.181291
-0.188471
-0.195139
-0.201323
-0.207046
-0.212333
-0.217206
-0.221688
-0.2258
-0.150813
-0.158737
-0.166218
-0.173278
-0.179941
-0.186229
-0.192162
-0.197762
-0.203054
-0.208067
-0.212842
-0.137832
-0.145368
-0.152558
-0.159426
-0.165997
-0.172294
-0.178342
-0.184168
-0.189805
-0.195292
-0.200672
-0.126272
-0.133435
-0.140337
-0.146999
-0.153442
-0.159689
-0.165762
-0.171685
-0.177481
-0.183177
-0.188785
-0.116011
-0.122808
-0.129407
-0.135825
-0.142078
-0.148183
-0.154155
-0.160008
-0.165752
-0.171396
-0.176934
-0.106853
-0.113282
-0.119557
-0.125691
-0.131696
-0.137585
-0.143367
-0.149051
-0.154642
-0.160155
-0.16559
-0.0986229
-0.104685
-0.110626
-0.116458
-0.12219
-0.12783
-0.133387
-0.138873
-0.144295
-0.14967
-0.155003
-0.0912203
-0.0969202
-0.102527
-0.10805
-0.113496
-0.118873
-0.12419
-0.129457
-0.13468
-0.139869
-0.145024
-0.0845493
-0.0898971
-0.0951737
-0.100386
-0.105541
-0.110644
-0.115702
-0.120722
-0.125708
-0.130666
-0.135595
-0.0785048
-0.0835154
-0.0884716
-0.0933783
-0.0982408
-0.103065
-0.107855
-0.112616
-0.117353
-0.122072
-0.126776
-0.0730162
-0.0777053
-0.0823522
-0.0869611
-0.0915364
-0.096083
-0.100605
-0.105108
-0.109596
-0.114074
-0.118545
-0.0680127
-0.0723978
-0.0767491
-0.0810716
-0.0853692
-0.0896458
-0.0939054
-0.0981519
-0.102389
-0.10662
-0.110848
-0.0634505
-0.0675464
-0.0716151
-0.0756623
-0.0796913
-0.0837053
-0.0877074
-0.0917008
-0.0956889
-0.0996746
-0.103661
-0.0592859
-0.0631059
-0.0669052
-0.0706885
-0.0744589
-0.0782188
-0.0819709
-0.085718
-0.0894631
-0.0932091
-0.0969586
-0.0554635
-0.0590236
-0.0625685
-0.0661017
-0.0696256
-0.0731425
-0.0766547
-0.0801646
-0.0836746
-0.0871871
-0.0907046
-0.0519486
-0.0552643
-0.0585691
-0.0618654
-0.0651553
-0.0684406
-0.0717233
-0.0750054
-0.0782891
-0.0815763
-0.0848692
-0.0487109
-0.0517964
-0.0548746
-0.057947
-0.061015
-0.0640801
-0.0671442
-0.0702088
-0.0732759
-0.076347
-0.0794241
-0.0457163
-0.0485869
-0.0514527
-0.0543144
-0.0571732
-0.0600303
-0.0628872
-0.0657453
-0.0686062
-0.0714712
-0.0743418
-0.0429336
-0.0456068
-0.0482745
-0.0509387
-0.0536008
-0.0562621
-0.0589236
-0.0615865
-0.064252
-0.0669214
-0.0695958
-0.040355
-0.0428416
-0.0453231
-0.0478015
-0.0502784
-0.052755
-0.055232
-0.0577103
-0.0601909
-0.0626748
-0.0651632
-0.0379635
-0.0402733
-0.0425794
-0.0448832
-0.0471859
-0.0494885
-0.0517915
-0.0540956
-0.0564016
-0.0587104
-0.0610228
-0.0357338
-0.0378788
-0.040021
-0.0421616
-0.0443014
-0.0464409
-0.0485806
-0.0507211
-0.052863
-0.055007
-0.0571538
-0.059304
-0.033653
-0.0356446
-0.0376342
-0.0396224
-0.0416096
-0.0435965
-0.0455832
-0.0475704
-0.0495583
-0.0515476
-0.0535387
-0.0555322
-0.0317088
-0.0335579
-0.0354051
-0.037251
-0.0390959
-0.0409401
-0.0427838
-0.0446274
-0.0464712
-0.0483155
-0.0501608
-0.0520074
-0.0298907
-0.0316071
-0.0333219
-0.0350352
-0.0367474
-0.0384586
-0.0401689
-0.0418785
-0.0435876
-0.0452966
-0.0470056
-0.048715
-0.0281895
-0.0297828
-0.0313744
-0.0329645
-0.0345533
-0.0361406
-0.0377266
-0.0393114
-0.0408951
-0.0424779
-0.0440599
-0.0456413
-0.0265985
-0.0280774
-0.0295547
-0.0310304
-0.0325045
-0.0339767
-0.0354472
-0.036916
-0.038383
-0.0398485
-0.0413124
-0.0427748
-0.0251104
-0.0264837
-0.0278552
-0.029225
-0.0305928
-0.0319584
-0.0333219
-0.0346831
-0.036042
-0.0373987
-0.038753
-0.0401052
-0.0237177
-0.0249944
-0.0262689
-0.027541
-0.0288107
-0.0300779
-0.0313425
-0.0326044
-0.0338634
-0.0351196
-0.0363728
-0.037623
-0.0224212
-0.0236085
-0.0247933
-0.0259753
-0.0271546
-0.028331
-0.0295044
-0.0306746
-0.0318415
-0.033005
-0.0341649
-0.0353213
-0.0212185
-0.0223231
-0.023425
-0.0245241
-0.0256202
-0.0267131
-0.0278027
-0.0288887
-0.0299709
-0.0310493
-0.0321236
-0.0331937
-0.020105
-0.021134
-0.0221602
-0.0231835
-0.0242035
-0.0252201
-0.026233
-0.027242
-0.0282469
-0.0292475
-0.0302436
-0.031235
-0.0190795
-0.0200399
-0.0209974
-0.0219517
-0.0229026
-0.0238498
-0.024793
-0.025732
-0.0266665
-0.0275964
-0.0285215
-0.0294415
-0.018142
-0.0190404
-0.0199357
-0.0208278
-0.0217161
-0.0226006
-0.0234808
-0.0243566
-0.0252277
-0.0260938
-0.0269548
-0.0278104
-0.0172929
-0.0181357
-0.0189754
-0.0198116
-0.0206439
-0.0214722
-0.0222961
-0.0231153
-0.0239296
-0.0247387
-0.0255424
-0.0263405
-0.0165336
-0.0173272
-0.0181175
-0.0189042
-0.019687
-0.0204655
-0.0212395
-0.0220086
-0.0227727
-0.0235314
-0.0242846
-0.0250319
-0.0158663
-0.0166169
-0.0173641
-0.0181076
-0.018847
-0.0195821
-0.0203126
-0.0210381
-0.0217585
-0.0224734
-0.0231826
-0.0238859
-0.0152946
-0.0160084
-0.0167188
-0.0174253
-0.0181278
-0.0188258
-0.0195192
-0.0202076
-0.0208908
-0.0215685
-0.0222404
-0.0229064
-0.0148218
-0.0155051
-0.0161848
-0.0168607
-0.0175325
-0.0181999
-0.0188627
-0.0195205
-0.0201731
-0.0208202
-0.0214616
-0.0220971
-0.0144565
-0.0151157
-0.0157712
-0.016423
-0.0170707
-0.0177139
-0.0183526
-0.0189863
-0.0196149
-0.0202382
-0.0208559
-0.0214677
-0.014199
-0.0148408
-0.0154791
-0.0161137
-0.0167443
-0.0173706
-0.0179924
-0.0186095
-0.0192217
-0.0198286
-0.0204302
-0.0210261
-0.0140725
-0.014703
-0.01533
-0.0159532
-0.0165724
-0.0171875
-0.0177983
-0.0184046
-0.0190062
-0.0196029
-0.0201946
-0.0207812
0.124495
0.106206
0.089218
0.0725313
0.05489
0.0369677
0.019444
0.00239703
-0.0142178
-0.030352
-0.0459513
-0.0609924
-0.0754526
-0.0890783
-0.102378
-0.114762
-0.126206
-0.13691
-0.146984
-0.156448
0.115236
0.097515
0.079284
0.0632127
0.0472088
0.0308541
0.0148822
-0.000455728
-0.0152855
-0.0296597
-0.0435274
-0.0568104
-0.0694131
-0.0812128
-0.0928653
-0.103972
-0.114397
-0.124231
-0.133566
-0.142426
0.104319
0.0877519
0.0698132
0.0547189
0.0406255
0.0262308
0.0119744
-0.00169869
-0.0148363
-0.0275513
-0.0398288
-0.0516088
-0.0628588
-0.0736018
-0.084028
-0.0941698
-0.103819
-0.112953
-0.12164
-0.129928
0.0929572
0.0778877
0.0611728
0.0472718
0.0348218
0.0221938
0.00949549
-0.00275864
-0.0144909
-0.0258255
-0.0368037
-0.0473967
-0.0575745
-0.0673183
-0.0765525
-0.0857028
-0.0945641
-0.103016
-0.111086
-0.118828
0.0823099
0.0688196
0.0536335
0.0409665
0.0298812
0.0187572
0.00746242
-0.00352793
-0.0140437
-0.0241782
-0.0340028
-0.0435082
-0.0526656
-0.061469
-0.0699311
-0.0783294
-0.0864691
-0.0942684
-0.101762
-0.109
0.0727288
0.060674
0.0470313
0.0355617
0.0256304
0.015771
0.00571766
-0.00414096
-0.0135942
-0.0226944
-0.0315207
-0.0400799
-0.0483412
-0.0562938
-0.0639809
-0.0717938
-0.0793219
-0.0865302
-0.0934922
-0.10026
0.064186
0.053384
0.0412036
0.030878
0.0219564
0.0131711
0.00420518
-0.00464255
-0.0131606
-0.0213693
-0.029348
-0.0371277
-0.0447106
-0.0520952
-0.0592708
-0.0660668
-0.0728671
-0.0795682
-0.0860874
-0.09243
0.0565864
0.0468876
0.0360504
0.0267943
0.0187701
0.0109054
0.00288505
-0.00506596
-0.0127551
-0.0201804
-0.0274074
-0.0344683
-0.0413599
-0.0480674
-0.0545791
-0.0608883
-0.0671831
-0.073404
-0.0794838
-0.0854151
0.0498429
0.0411272
0.0314997
0.0232195
0.0159947
0.00892652
0.00172751
-0.00543133
-0.0123836
-0.0191151
-0.0256771
-0.0321009
-0.0383884
-0.0445314
-0.050528
-0.0563771
-0.0622002
-0.0679521
-0.073593
-0.07912
0.0438717
0.0360344
0.0274823
0.0200774
0.0135633
0.0071896
0.000706313
-0.00575421
-0.0120519
-0.0181676
-0.0241409
-0.0300003
-0.0357509
-0.0413884
-0.0469142
-0.0523336
-0.0577344
-0.0630598
-0.0682895
-0.0734329
0.0385884
0.0315348
0.0239315
0.0173041
0.0114208
0.0056564
-0.000200545
-0.00604563
-0.0117625
-0.0173313
-0.0227822
-0.0281391
-0.0334058
-0.0385769
-0.043652
-0.0486468
-0.0536832
-0.0586346
-0.0634924
-0.0682808
0.0339125
0.0275568
0.0207873
0.0148471
0.00952352
0.00429656
-0.00100958
-0.00631105
-0.011512
-0.0165942
-0.021582
-0.026497
-0.0313462
-0.0361314
-0.0408529
-0.0455062
-0.0500474
-0.0545904
-0.0591119
-0.0635866
0.0297709
0.0240365
0.017998
0.0126637
0.00783743
0.00308676
-0.00173243
-0.00655168
-0.0112922
-0.0159379
-0.0205079
-0.0250196
-0.0294783
-0.0338833
-0.0382313
-0.0425176
-0.0467272
-0.0509418
-0.0551478
-0.0593197
0.0260986
0.0209174
0.0155195
0.0107193
0.00633555
0.00200887
-0.00237765
-0.00676727
-0.0110952
-0.0153475
-0.0195389
-0.0236835
-0.0277855
-0.0318442
-0.035858
-0.0398256
-0.0437422
-0.047657
-0.0515612
-0.0554391
0.022839
0.0181507
0.0133143
0.00898527
0.00499609
0.00104825
-0.00295228
-0.00695792
-0.0109153
-0.0148127
-0.0186617
-0.0224736
-0.026252
-0.0299967
-0.0337064
-0.0373814
-0.0410206
-0.0446565
-0.0482806
-0.0518835
0.0199428
0.0156941
0.0113506
0.00743764
0.0038011
0.000192835
-0.00346218
-0.00712366
-0.0107477
-0.0143244
-0.0178632
-0.021373
-0.0248569
-0.0283146
-0.0317455
-0.0351499
-0.0385287
-0.0419059
-0.0452712
-0.0486186
0.0173675
0.0135113
0.00960118
0.00605633
0.00273558
-0.000567457
-0.00391225
-0.00726441
-0.0105877
-0.013874
-0.0171308
-0.0203653
-0.0235799
-0.0267745
-0.029949
-0.0331043
-0.036242
-0.0393815
-0.0425071
-0.0456158
0.015076
0.0115709
0.00804264
0.00482421
0.00178681
-0.00124127
-0.00430685
-0.00738047
-0.0104322
-0.0134553
-0.0164556
-0.0194389
-0.0224067
-0.0253583
-0.0282928
-0.0312107
-0.0341168
-0.0370424
-0.0399503
-0.042839
0.0130365
0.009846
0.00665506
0.00372674
0.000944116
-0.00183571
-0.0046494
-0.00747162
-0.0102776
-0.013062
-0.0158297
-0.0185854
-0.0213308
-0.024066
-0.0267914
-0.0295065
-0.0322092
-0.0348855
-0.0375681
-0.0402533
0.0112218
0.00831356
0.00542133
0.00275156
0.000198591
-0.0023565
-0.00494223
-0.00753673
-0.0101195
-0.0126861
-0.0152406
-0.0177865
-0.020325
-0.0228557
-0.0253782
-0.0278915
-0.0303936
-0.0328764
-0.0353667
-0.0378622
0.00960782
0.00695358
0.00432663
0.00188791
-0.000457568
-0.00280873
-0.00518759
-0.00757525
-0.00995466
-0.0123222
-0.0146809
-0.0170336
-0.019381
-0.0217228
-0.0240583
-0.0263871
-0.0287083
-0.0310186
-0.0333327
-0.0356492
0.00817395
0.00574857
0.0033578
0.00112604
-0.00103161
-0.00319743
-0.00538828
-0.00758782
-0.00978183
-0.0119673
-0.0141467
-0.0163222
-0.0184943
-0.0206626
-0.0228265
-0.0249856
-0.0271396
-0.0292869
-0.0314359
-0.0335858
0.00690182
0.00468303
0.002503
0.000457025
-0.00153037
-0.00352753
-0.00554731
-0.00757556
-0.00960047
-0.0116195
-0.0136346
-0.0156475
-0.0176584
-0.0196668
-0.0216724
-0.0236747
-0.0256735
-0.0276678
-0.0296633
-0.0316589
0.00577514
0.00374309
0.0017515
-0.000127374
-0.00196023
-0.00380378
-0.00566773
-0.00753988
-0.00941037
-0.0112771
-0.0131415
-0.015005
-0.0168676
-0.0187289
-0.0205883
-0.0224456
-0.0243005
-0.0261525
-0.0280053
-0.0298578
0.00477934
0.00291631
0.00109355
-0.000634787
-0.00232722
-0.00403075
-0.00575264
-0.0074824
-0.00921179
-0.010939
-0.0126653
-0.0143915
-0.0161176
-0.0178432
-0.0195678
-0.021291
-0.0230126
-0.0247323
-0.0264526
-0.0281724
0.00390138
0.00219145
0.000520199
-0.00107232
-0.00263707
-0.00421289
-0.00580518
-0.00740497
-0.00900537
-0.0106049
-0.0122043
-0.0138044
-0.0154049
-0.0170055
-0.0186056
-0.0202049
-0.0218032
-0.0234001
-0.0249977
-0.0265944
0.00312946
0.00155831
2.31878e-05
-0.00144665
-0.00289522
-0.00435453
-0.00582857
-0.00730969
-0.00879214
-0.0102746
-0.0117577
-0.0132418
-0.0147269
-0.0162123
-0.0176977
-0.0191827
-0.020667
-0.0221505
-0.0236348
-0.0251177
0.00245291
0.00100753
-0.000405164
-0.0017641
-0.00310696
-0.00446001
-0.00582618
-0.00719899
-0.00857363
-0.00994893
-0.0113253
-0.012703
-0.0140818
-0.0154611
-0.0168405
-0.0182195
-0.0195979
-0.0209759
-0.0223566
-0.023735
0.001862
0.000530537
-0.000772006
-0.00203068
-0.00327741
-0.00453364
-0.00580152
-0.00707561
-0.00835188
-0.00962933
-0.0109082
-0.0121886
-0.0134704
-0.0147529
-0.0160358
-0.0173187
-0.018601
-0.0198822
-0.0211609
-0.0224395
0.00134797
0.000119583
-0.00108386
-0.0022519
-0.00341125
-0.00457934
-0.00575771
-0.00694184
-0.00812836
-0.00931638
-0.010506
-0.0116973
-0.0128899
-0.0140833
-0.0152772
-0.0164709
-0.0176641
-0.0188559
-0.0200438
-0.0212323
0.000902847
-0.000232441
-0.00134682
-0.00243299
-0.00351304
-0.00460101
-0.005698
-0.00680028
-0.00790504
-0.00901147
-0.0101196
-0.0112293
-0.0123402
-0.0134519
-0.0145639
-0.0156757
-0.0167869
-0.017897
-0.0190047
-0.020112
0.000519334
-0.000532142
-0.00156663
-0.00257903
-0.00358733
-0.00460271
-0.00562597
-0.00665405
-0.00768462
-0.00871694
-0.00975092
-0.0107864
-0.0118231
-0.0128604
-0.0138979
-0.0149353
-0.015972
-0.0170075
-0.0180412
-0.0190739
0.00019076
-0.000785611
-0.0017487
-0.00269488
-0.00363852
-0.00458844
-0.0055452
-0.00650631
-0.00746987
-0.00843518
-0.00940209
-0.0103704
-0.0113397
-0.0123096
-0.0132796
-0.0142493
-0.0152183
-0.0161861
-0.0171522
-0.0181168
-8.89056e-05
-0.000998408
-0.00189804
-0.00278511
-0.00367083
-0.00456206
-0.0054592
-0.00636024
-0.00726362
-0.00816871
-0.00907528
-0.0099831
-0.0108918
-0.0118009
-0.01271
-0.0136187
-0.0145265
-0.0154331
-0.0163379
-0.017241
-0.000325059
-0.00117557
-0.00201927
-0.00285399
-0.00368827
-0.00452734
-0.00537147
-0.00621907
-0.00706885
-0.00792024
-0.00877297
-0.00962678
-0.0104813
-0.011336
-0.0121907
-0.0130447
-0.0138978
-0.0147495
-0.0155993
-0.0164473
-0.000522477
-0.00132161
-0.00211658
-0.0029055
-0.00369466
-0.00448791
-0.00528546
-0.00608605
-0.00688864
-0.00769269
-0.00849791
-0.00930401
-0.0101106
-0.0109173
-0.0117237
-0.0125294
-0.0133339
-0.014137
-0.0149381
-0.0157371
-0.000685311
-0.00144054
-0.00219382
-0.00294338
-0.00369361
-0.00444732
-0.00520462
-0.00596455
-0.00672624
-0.00748921
-0.00825315
-0.00901775
-0.00978264
-0.0105474
-0.0113118
-0.0120752
-0.0128374
-0.0135979
-0.0143565
-0.0151127
-0.000817064
-0.00153582
-0.00225439
-0.00297102
-0.00368858
-0.00440902
-0.0051324
-0.00585798
-0.00658508
-0.00731323
-0.00804212
-0.00877143
-0.00950082
-0.0102299
-0.0109583
-0.0116857
-0.0124117
-0.0131359
-0.013858
-0.0145777
-0.000920557
-0.00161036
-0.00230129
-0.00299151
-0.00368276
-0.00437629
-0.00507215
-0.00576977
-0.00646859
-0.0071682
-0.00786828
-0.00856853
-0.0092686
-0.00996816
-0.0106669
-0.0113643
-0.0120603
-0.0127543
-0.0134461
-0.0141354
-0.000997907
-0.00166655
-0.00233714
-0.00300779
-0.00367938
-0.00435269
-0.00502775
-0.00570414
-0.00638138
-0.0070591
-0.007737
-0.00841477
-0.00909211
-0.00976868
-0.0104442
-0.0111183
-0.0117906
-0.0124609
-0.0131288
-0.0137941
-0.0010501
-0.0017057
-0.00236345
-0.00302147
-0.00368006
-0.00433975
-0.00500058
-0.00566223
-0.00632432
-0.00698654
-0.00764859
-0.00831021
-0.00897112
-0.00963105
-0.0102897
-0.0109468
-0.011602
-0.0122551
-0.0129058
-0.0135539
-0.00107729
-0.00172895
-0.00238304
-0.0030374
-0.0036919
-0.00434683
-0.00500223
-0.00565785
-0.00631334
-0.00696839
-0.00762273
-0.00827611
-0.00892829
-0.009579
-0.010228
-0.010875
-0.0115199
-0.0121623
-0.012802
-0.0134388
0.127894
0.129384
0.132125
0.135996
0.140785
0.146444
0.152769
0.159711
0.167015
0.174604
0.182111
0.189411
0.195939
0.201544
0.20534
0.207262
0.205837
0.201399
0.191054
0.176166
0.14912
0.126842
0.128268
0.130882
0.134565
0.139099
0.144419
0.150315
0.156717
0.163354
0.170129
0.176654
0.182784
0.187943
0.19196
0.193975
0.193882
0.19036
0.18355
0.171407
0.15478
0.132575
0.125688
0.127041
0.129512
0.132982
0.137227
0.142172
0.147594
0.153409
0.159333
0.165253
0.170767
0.175722
0.179548
0.182075
0.182505
0.180732
0.175681
0.167465
0.154975
0.138944
0.119706
0.124425
0.125698
0.128016
0.131257
0.135196
0.139743
0.14467
0.149876
0.15507
0.160121
0.164631
0.168433
0.170991
0.172127
0.171159
0.167964
0.161792
0.152703
0.140265
0.124853
0.107008
0.12305
0.124238
0.126393
0.129394
0.133013
0.137148
0.141565
0.146151
0.150611
0.154799
0.158331
0.161027
0.162407
0.162279
0.160105
0.155745
0.148741
0.139101
0.126739
0.111857
0.0950667
0.121558
0.122657
0.124643
0.127391
0.130678
0.134387
0.138285
0.142243
0.145972
0.149311
0.151903
0.153554
0.153855
0.152606
0.149412
0.14413
0.136518
0.126565
0.114354
0.100095
0.08439
0.119947
0.120952
0.122761
0.125248
0.128191
0.131464
0.134837
0.138164
0.141173
0.143685
0.145383
0.146062
0.145388
0.143167
0.139125
0.133137
0.125105
0.115041
0.103116
0.0895713
0.074947
0.118215
0.119122
0.120748
0.122964
0.125557
0.128386
0.131231
0.133932
0.136237
0.137956
0.138812
0.138602
0.137062
0.134013
0.129284
0.122777
0.114495
0.104482
0.0929563
0.0801572
0.0665588
0.116358
0.117164
0.118602
0.120542
0.122778
0.125161
0.12748
0.129568
0.131192
0.13216
0.132235
0.131223
0.128926
0.125189
0.11992
0.113058
0.10467
0.0948289
0.0837738
0.0717196
0.0590875
0.114377
0.115079
0.116325
0.117983
0.11986
0.121799
0.1236
0.125092
0.126065
0.126331
0.125691
0.123969
0.121023
0.116729
0.111054
0.103974
0.0955978
0.0860164
0.0754737
0.0641539
0.0524342
0.11227
0.112866
0.113918
0.115294
0.116812
0.118311
0.119607
0.120527
0.120886
0.120503
0.119219
0.116878
0.113387
0.108655
0.102694
0.0955112
0.0872402
0.077981
0.067974
0.0573724
0.0465128
0.110039
0.110528
0.111385
0.112478
0.113641
0.114711
0.115519
0.115895
0.11568
0.114707
0.112851
0.109982
0.106045
0.100983
0.0948406
0.0876485
0.0795555
0.0706627
0.0612014
0.0512951
0.0412422
0.107685
0.108067
0.108729
0.109543
0.110358
0.111012
0.111353
0.11122
0.110476
0.108974
0.106618
0.103306
0.099017
0.0937209
0.0874863
0.0803614
0.0725015
0.0640042
0.0550875
0.0458479
0.0365477
0.105211
0.105487
0.105957
0.106498
0.106974
0.10723
0.10713
0.106525
0.1053
0.10333
0.100546
0.0968739
0.0923168
0.0868701
0.0806187
0.073622
0.0660355
0.0579506
0.0495689
0.0409631
0.032363
0.102622
0.102794
0.103074
0.103351
0.103502
0.10338
0.102868
0.101831
0.100177
0.0978001
0.0946577
0.0907003
0.0859518
0.0804271
0.0742214
0.0674004
0.0601155
0.0524499
0.0445875
0.0365806
0.0286293
0.0999218
0.099993
0.10009
0.100113
0.0999541
0.0994796
0.0985875
0.0971611
0.0951271
0.0924046
0.0889702
0.084797
0.0799251
0.0743842
0.0682749
0.0616658
0.0547005
0.0474535
0.0400905
0.0326464
0.0252954
0.0971185
0.0970927
0.0970143
0.0967963
0.0963459
0.095545
0.0943071
0.0925345
0.0901726
0.0871621
0.0834977
0.0791714
0.0742355
0.0687303
0.0627579
0.0563869
0.0497513
0.0429163
0.0360301
0.0291131
0.0223164
0.0942197
0.0941019
0.0938568
0.0934126
0.0926921
0.0915931
0.0900455
0.0879705
0.085331
0.0820876
0.0782504
0.0738271
0.0688783
0.0634516
0.0576476
0.051533
0.0452307
0.0387969
0.0323634
0.0259384
0.0196529
0.0912349
0.0910309
0.0906296
0.0899759
0.089008
0.087641
0.0858206
0.0834865
0.0806181
0.0771935
0.0732356
0.0687645
0.0638461
0.0585327
0.0529211
0.0470742
0.0411038
0.0350577
0.0290519
0.0230851
0.0172708
0.0881749
0.0878912
0.0873454
0.0865002
0.0853093
0.0837053
0.0816491
0.0790986
0.0760474
0.0724893
0.0684572
0.0639811
0.0591297
0.0539571
0.048555
0.0429819
0.0373382
0.0316641
0.026061
0.0205205
0.0151403
0.0850516
0.0846952
0.0840181
0.0830006
0.0816118
0.079802
0.0775469
0.0748207
0.0716301
0.0679819
0.0639171
0.0594726
0.0547179
0.0497074
0.0445265
0.0392289
0.033904
0.0285848
0.02336
0.0182154
0.0132353
0.0818783
0.0814567
0.0806622
0.0794922
0.0779314
0.075947
0.0735285
0.0706654
0.0673753
0.0636762
0.0596147
0.0552326
0.0505987
0.0457661
0.0408137
0.0357897
0.0307734
0.0257916
0.0209213
0.0161441
0.011533
0.0786692
0.0781902
0.0772927
0.0759906
0.0742836
0.0721551
0.0696076
0.0666437
0.0632906
0.0595751
0.0555478
0.0512538
0.0467594
0.042116
0.0373952
0.0326404
0.0279211
0.0232588
0.0187202
0.014284
0.010013
0.0754396
0.0749112
0.0739253
0.0725116
0.0706838
0.0684406
0.0657962
0.0627649
0.0593815
0.0556799
0.051713
0.0475276
0.0431871
0.03874
0.0342511
0.0297588
0.0253239
0.0209634
0.0167346
0.0126147
0.00865747
0.0722056
0.0716357
0.0705763
0.069071
0.0671471
0.064817
0.0621055
0.0590369
0.0556522
0.0519904
0.0481057
0.0440452
0.0398688
0.0356218
0.0313625
0.0271245
0.0229608
0.0188845
0.0149447
0.0111179
0.00745025
0.0689842
0.0683806
0.067262
0.0656846
0.0636879
0.061297
0.0585457
0.0554668
0.0521057
0.0485056
0.0447206
0.0407973
0.0367918
0.0327459
0.0287117
0.0247186
0.0208124
0.0170032
0.0133327
0.00977753
0.00637698
0.0657928
0.0651629
0.063999
0.0623681
0.0603205
0.0578926
0.0551259
0.0520601
0.0487442
0.0452237
0.0415521
0.0377748
0.0339438
0.0300976
0.0262824
0.0225239
0.0188614
0.0153025
0.0118825
0.00857885
0.00542469
0.0626492
0.0620003
0.060804
0.0591368
0.0570586
0.054615
0.0518545
0.0488219
0.0455689
0.0421423
0.0385943
0.0349686
0.0313132
0.0276633
0.0240596
0.0205247
0.0170919
0.013767
0.0105798
0.00750876
0.00458169
0.0595719
0.0589105
0.0576939
0.0560062
0.0539153
0.0514749
0.048739
0.0457566
0.0425807
0.0392589
0.0358414
0.0323702
0.0288892
0.0254304
0.0220297
0.0187066
0.0154898
0.0123832
0.00941174
0.00655542
0.00383742
0.0565793
0.0559114
0.0546853
0.0529912
0.0509035
0.0484826
0.0457866
0.0428679
0.0397802
0.0365708
0.0332881
0.0299716
0.0266617
0.0233873
0.0201802
0.017057
0.0140421
0.0111385
0.00836662
0.00570821
0.00318235
0.0536902
0.053021
0.0517951
0.0501068
0.0480358
0.0456478
0.0430042
0.0401596
0.0371678
0.0340757
0.0309291
0.0277655
0.0246216
0.0215239
0.0184999
0.0155643
0.0127377
0.0100219
0.00743411
0.00495758
0.00260786
0.0509235
0.0502577
0.0490399
0.0473678
0.0453246
0.0429801
0.0403983
0.0376353
0.0347444
0.0317714
0.0287601
0.0257455
0.0227611
0.0198309
0.0169791
0.0142184
0.0115662
0.00902377
0.00660494
0.00429495
0.00210614
0.0482983
0.0476396
0.0464366
0.0447887
0.042782
0.0404891
0.0379757
0.0352988
0.0325109
0.0296567
0.0267773
0.023906
0.0210731
0.0183004
0.0156091
0.0130105
0.0105189
0.00813537
0.00587091
0.00371263
0.00167012
0.0458341
0.0451852
0.044002
0.0423845
0.0404204
0.0381845
0.0357434
0.0331544
0.030469
0.0277306
0.0249782
0.0222427
0.019552
0.0169258
0.0143829
0.011933
0.00958817
0.00734923
0.00522483
0.00320385
0.00129348
0.0435503
0.0429134
0.0417533
0.0401702
0.0382526
0.0360764
0.0337088
0.0312069
0.0286212
0.0259936
0.023361
0.0207524
0.0181933
0.0157018
0.0132943
0.0109795
0.00876753
0.00665896
0.00466048
0.00276266
0.000970611
0.0414671
0.0408433
0.0397082
0.0381615
0.0362918
0.0341757
0.0318802
0.0294623
0.0269711
0.0244471
0.0219254
0.0194332
0.016994
0.0146244
0.0123388
0.0101452
0.00805183
0.00605931
0.00417266
0.00238399
0.000696636
0.0396053
0.038995
0.0378852
0.036375
0.0345525
0.0324942
0.0302671
0.0279275
0.0255234
0.0230941
0.0206727
0.018285
0.0159528
0.0136913
0.0115135
0.00942642
0.00743715
0.00554619
0.00375719
0.00206365
0.000467408
0.0379869
0.0373894
0.036304
0.0348284
0.03305
0.0310452
0.0288804
0.0266113
0.0242849
0.0219391
0.0196058
0.0173093
0.0150699
0.0129019
0.0108168
0.00882118
0.00692098
0.00511672
0.00341096
0.00179836
0.000279542
0.0366351
0.0360493
0.0349857
0.033541
0.0318017
0.0298437
0.0277329
0.0255244
0.0232641
0.0209891
0.0187298
0.0165098
0.0143478
0.0122574
0.0102491
0.00832907
0.00650231
0.0047694
0.00313202
0.00158582
0.000130465
0.0355753
0.0349993
0.0339538
0.0325346
0.0308273
0.0289074
0.0268402
0.0246801
0.0224724
0.0202534
0.0180525
0.0158925
0.0137911
0.0117613
0.00981288
0.00795162
0.00618185
0.00450422
0.00291977
0.0014249
1.85201e-05
0.0348357
0.0342667
0.0332344
0.0318337
0.0301496
0.028257
0.0262207
0.0240949
0.0219243
0.0197447
0.0175847
0.0154665
0.0134075
0.0114198
0.00951302
0.00769252
0.00596227
0.00432295
0.00277514
0.00131578
-5.6755e-05
0.034448
0.0338825
0.0328572
0.0314666
0.029795
0.027917
0.0258972
0.0237895
0.0216385
0.0194795
0.0173411
0.0152449
0.0132079
0.0112424
0.00935735
0.00755817
0.00584858
0.00422931
0.00270071
0.00126
-9.47328e-05
0.134543
0.136178
0.139244
0.143642
0.14921
0.155936
0.163645
0.172481
0.182357
0.193369
0.205457
0.218733
0.233141
0.2488
0.265636
0.283776
0.303081
0.323703
0.345347
0.368235
0.391704
0.134511
0.136142
0.139187
0.143532
0.148988
0.155648
0.163357
0.172163
0.182003
0.192978
0.205028
0.218267
0.232637
0.248256
0.265042
0.28312
0.302336
0.322837
0.344306
0.367021
0.390322
0.134445
0.136069
0.139104
0.143447
0.148943
0.155604
0.163262
0.172032
0.181831
0.192758
0.204747
0.217911
0.232184
0.247686
0.264323
0.282225
0.301222
0.321472
0.342636
0.364999
0.387803
0.134347
0.135968
0.139
0.143343
0.148825
0.155471
0.163117
0.171867
0.181634
0.192517
0.204443
0.217524
0.231682
0.247038
0.263479
0.281136
0.299811
0.31967
0.340326
0.362092
0.384083
0.134217
0.135836
0.138863
0.143198
0.14867
0.155293
0.162913
0.17163
0.181351
0.192172
0.204012
0.216981
0.230987
0.246148
0.262329
0.27966
0.297907
0.317246
0.337225
0.358197
0.37912
0.134055
0.13567
0.138691
0.143018
0.148454
0.15507
0.162659
0.171334
0.180996
0.191738
0.20347
0.216298
0.230112
0.245029
0.260884
0.277809
0.295524
0.314215
0.333352
0.35334
0.372939
0.133862
0.135472
0.138485
0.142807
0.148264
0.154802
0.162357
0.170982
0.180573
0.191223
0.202824
0.215485
0.22907
0.243696
0.259162
0.275601
0.29268
0.310598
0.32873
0.347545
0.365561
0.133637
0.135243
0.138246
0.142558
0.147974
0.154492
0.162007
0.170574
0.180084
0.190625
0.202077
0.214542
0.227863
0.242151
0.257166
0.273044
0.289384
0.306408
0.323372
0.34083
0.357012
0.133381
0.134981
0.137974
0.142274
0.147667
0.154143
0.16161
0.170112
0.179529
0.189947
0.201229
0.213473
0.226493
0.240398
0.254902
0.270143
0.285645
0.301656
0.317294
0.333217
0.347322
0.133095
0.134689
0.137671
0.141953
0.147321
0.153755
0.161168
0.169596
0.178911
0.189191
0.200284
0.212281
0.224965
0.238443
0.252376
0.266907
0.281474
0.296356
0.310515
0.324733
0.336529
0.132778
0.134367
0.137339
0.14157
0.146933
0.153327
0.160681
0.169029
0.17823
0.188359
0.199244
0.210968
0.223284
0.236291
0.249596
0.263346
0.276883
0.290525
0.303055
0.315407
0.324674
0.132432
0.134014
0.136982
0.141251
0.146507
0.152861
0.160152
0.168411
0.17749
0.187454
0.198112
0.209539
0.221454
0.233948
0.246569
0.259468
0.271884
0.28418
0.294937
0.305273
0.311806
0.132057
0.133633
0.136588
0.140808
0.146049
0.152358
0.159581
0.167745
0.176692
0.186477
0.196892
0.207998
0.21948
0.23142
0.243302
0.255285
0.266489
0.277338
0.286185
0.294366
0.297975
0.131653
0.133226
0.136154
0.140354
0.145562
0.151821
0.15897
0.167032
0.175838
0.185433
0.195586
0.206349
0.217368
0.228712
0.239804
0.250806
0.260714
0.27002
0.276825
0.282725
0.283236
0.131222
0.132792
0.135729
0.139872
0.145043
0.151249
0.158321
0.166275
0.174932
0.184323
0.1942
0.204595
0.215122
0.225833
0.236085
0.246042
0.254573
0.262245
0.266882
0.270393
0.26764
0.130764
0.132328
0.135243
0.139359
0.144495
0.150643
0.157634
0.165475
0.173973
0.183149
0.192733
0.20274
0.212747
0.222786
0.232151
0.241002
0.248081
0.254034
0.256385
0.257411
0.251234
0.13028
0.131836
0.13473
0.138821
0.143917
0.150005
0.15691
0.16463
0.172962
0.181911
0.191186
0.200783
0.210241
0.219572
0.228007
0.235694
0.241253
0.245408
0.245367
0.243827
0.234048
0.12977
0.131332
0.134197
0.138262
0.143317
0.149345
0.156162
0.163759
0.171919
0.180632
0.189585
0.198751
0.207636
0.216222
0.223684
0.230149
0.234126
0.236402
0.233874
0.229706
0.216101
0.129235
0.13079
0.133643
0.137685
0.142706
0.148678
0.155414
0.162893
0.170884
0.179362
0.187989
0.196715
0.205005
0.212811
0.219247
0.224418
0.226728
0.227019
0.221884
0.21503
0.197259
0.128676
0.130214
0.133043
0.137044
0.142008
0.147901
0.154526
0.161854
0.16964
0.17784
0.186094
0.194325
0.201963
0.208926
0.214276
0.218078
0.218679
0.216936
0.209241
0.199461
0.176905
0.128688
0.13022
0.133058
0.137078
0.142064
0.147977
0.154621
0.161962
0.169754
0.177949
0.18618
0.194371
0.201948
0.208831
0.214081
0.217779
0.218257
0.216385
0.208578
0.19873
0.176369
0.129252
0.130824
0.133731
0.137848
0.14296
0.149034
0.155874
0.163457
0.171542
0.180097
0.18877
0.19751
0.20576
0.213484
0.219767
0.224748
0.226801
0.226848
0.221475
0.214541
0.196908
0.12979
0.131387
0.13433
0.138499
0.143678
0.149838
0.15679
0.164517
0.172791
0.181595
0.190604
0.199784
0.208627
0.217117
0.224415
0.230671
0.23439
0.2364
0.233655
0.229348
0.215876
0.130298
0.131892
0.134862
0.139056
0.144272
0.150489
0.157525
0.165372
0.173819
0.182862
0.192199
0.201821
0.211255
0.220511
0.228812
0.236315
0.24165
0.24555
0.245308
0.243586
0.233908
0.130781
0.132382
0.135373
0.13959
0.144845
0.151122
0.158245
0.166216
0.174834
0.184113
0.193771
0.203818
0.213819
0.223804
0.233059
0.241743
0.248619
0.254321
0.256472
0.257284
0.251155
0.131238
0.132846
0.135868
0.140105
0.145397
0.151735
0.158942
0.167032
0.175814
0.185316
0.195278
0.205726
0.216262
0.226934
0.237095
0.246899
0.255243
0.262668
0.267103
0.270374
0.26761
0.131669
0.13328
0.136282
0.140591
0.14592
0.152313
0.159601
0.167802
0.17674
0.186452
0.1967
0.207525
0.218569
0.229888
0.240907
0.25177
0.261507
0.270571
0.277168
0.282808
0.283248
0.132072
0.133688
0.136722
0.141047
0.14641
0.152856
0.160219
0.168526
0.17761
0.187519
0.198037
0.209217
0.220737
0.232665
0.244491
0.25635
0.267396
0.27801
0.286642
0.294543
0.298024
0.132446
0.13407
0.137118
0.141489
0.146871
0.153363
0.160798
0.169203
0.178423
0.188517
0.199287
0.210798
0.222763
0.235259
0.247838
0.260628
0.272896
0.284964
0.295499
0.305538
0.311888
0.132792
0.134422
0.137477
0.141821
0.1473
0.153834
0.161334
0.169831
0.179178
0.189443
0.200447
0.212264
0.224641
0.237662
0.25094
0.264593
0.277993
0.291414
0.303714
0.315754
0.324788
0.133108
0.134745
0.137809
0.142197
0.147691
0.154266
0.161827
0.170407
0.179872
0.190293
0.201512
0.21361
0.226367
0.23987
0.253788
0.268235
0.282674
0.297341
0.311263
0.325155
0.336671
0.133394
0.135038
0.138113
0.14252
0.14804
0.154658
0.162275
0.170932
0.180502
0.191066
0.202481
0.214833
0.227935
0.241876
0.256376
0.271544
0.286926
0.302729
0.318123
0.333708
0.347491
0.13365
0.1353
0.138385
0.142806
0.148352
0.155011
0.162676
0.171402
0.181068
0.191759
0.203349
0.21593
0.229341
0.243675
0.258696
0.274511
0.290738
0.30756
0.324275
0.341383
0.357207
0.133874
0.13553
0.138625
0.143057
0.148628
0.155322
0.163031
0.171816
0.181567
0.192371
0.204116
0.216898
0.23058
0.245261
0.260741
0.277128
0.2941
0.311822
0.329699
0.348156
0.365782
0.134068
0.135728
0.138831
0.143272
0.14886
0.155593
0.163337
0.172174
0.181998
0.192898
0.204777
0.217733
0.231651
0.246631
0.262508
0.279388
0.297002
0.315502
0.334381
0.354003
0.373185
0.134229
0.135893
0.139004
0.143451
0.149043
0.155819
0.163595
0.172475
0.18236
0.193342
0.205333
0.218434
0.232549
0.24778
0.26399
0.281285
0.299436
0.318588
0.338307
0.358906
0.379392
0.134359
0.136026
0.139143
0.143596
0.149211
0.156
0.1638
0.172714
0.182648
0.193694
0.205774
0.218992
0.233264
0.248696
0.265172
0.2828
0.301384
0.321062
0.341456
0.362844
0.384379
0.134457
0.136127
0.139248
0.143704
0.149328
0.156131
0.16395
0.172889
0.182858
0.193952
0.206099
0.219404
0.233795
0.249378
0.266054
0.283933
0.302841
0.322912
0.343811
0.365795
0.388123
0.134523
0.136199
0.139329
0.143791
0.149399
0.156228
0.16408
0.173051
0.183059
0.194201
0.206409
0.219788
0.234275
0.249974
0.266796
0.28485
0.303974
0.324293
0.345497
0.367837
0.390652
0.134554
0.136231
0.139369
0.143857
0.149525
0.15635
0.164212
0.173203
0.183235
0.194403
0.206642
0.220058
0.234588
0.250342
0.267235
0.285379
0.304624
0.325099
0.346487
0.369005
0.392005
0.0344575
0.033892
0.0328666
0.0314759
0.0298042
0.0279261
0.0259061
0.0237982
0.0216469
0.0194877
0.017349
0.0152526
0.0132154
0.0112496
0.00936425
0.00756479
0.00585492
0.00423538
0.00270651
0.00126554
-8.94548e-05
0.0348453
0.0342762
0.0332438
0.031843
0.0301588
0.0282661
0.0262296
0.0241036
0.0219328
0.0197529
0.0175927
0.0154743
0.013415
0.0114271
0.00952
0.00769923
0.00596871
0.00432912
0.00278105
0.00132142
-5.137e-05
0.0355849
0.0350088
0.0339633
0.032544
0.0308366
0.0289166
0.0268491
0.0246888
0.022481
0.0202618
0.0180607
0.0159004
0.0137988
0.0117687
0.00982003
0.0079585
0.00618847
0.00451058
0.00292587
0.00143074
2.41104e-05
0.0366448
0.0360589
0.0349953
0.0335505
0.0318111
0.029853
0.027742
0.0255333
0.0232728
0.0209976
0.0187382
0.0165179
0.0143557
0.012265
0.0102565
0.00833621
0.00650919
0.00477603
0.00313839
0.00159195
0.000136352
0.0379966
0.0373992
0.0363136
0.0348379
0.0330594
0.0310545
0.0288896
0.0266204
0.0242938
0.0219479
0.0196143
0.0173177
0.0150781
0.0129098
0.0108244
0.00882862
0.00692819
0.00512369
0.00341769
0.00180486
0.000285811
0.0396152
0.0390048
0.037895
0.0363847
0.0345621
0.0325037
0.0302765
0.0279368
0.0255325
0.0231031
0.0206815
0.0182937
0.0159612
0.0136995
0.0115215
0.00943423
0.00744475
0.00555357
0.00376436
0.0020706
0.00047414
0.0414771
0.0408533
0.0397181
0.0381714
0.0363016
0.0341854
0.0318898
0.0294718
0.0269804
0.0244564
0.0219345
0.0194422
0.0170028
0.014633
0.0123472
0.0101534
0.00805988
0.00606717
0.00418032
0.00239145
0.000703906
0.0435604
0.0429235
0.0417633
0.0401802
0.0382625
0.0360862
0.0337186
0.0312166
0.0286308
0.0260031
0.0233703
0.0207616
0.0182024
0.0157108
0.0133031
0.0109882
0.00877609
0.00666735
0.0046687
0.00277071
0.00097849
0.0458443
0.0451954
0.0440121
0.0423946
0.0404305
0.0381945
0.0357534
0.0331643
0.0304789
0.0277404
0.0249879
0.0222523
0.0195615
0.0169353
0.0143922
0.0119422
0.00959727
0.0073582
0.00523366
0.00321254
0.00130204
0.0483087
0.0476499
0.0464469
0.044799
0.0427922
0.0404993
0.0379859
0.035309
0.032521
0.0296667
0.0267874
0.023916
0.021083
0.0183103
0.015619
0.0130203
0.0105286
0.00814496
0.00588041
0.00372202
0.00167942
0.050934
0.0502681
0.0490503
0.0473782
0.045335
0.0429905
0.0404087
0.0376457
0.0347547
0.0317818
0.0287704
0.0257558
0.0227714
0.0198413
0.0169894
0.0142288
0.0115765
0.00903402
0.00661514
0.00430508
0.00211623
0.0537008
0.0530316
0.0518056
0.0501174
0.0480464
0.0456583
0.0430147
0.0401702
0.0371784
0.0340863
0.0309397
0.0277762
0.0246324
0.0215347
0.0185108
0.0155752
0.0127486
0.0100329
0.00744504
0.00496851
0.00261879
0.05659
0.0559221
0.054696
0.0530019
0.0509142
0.0484933
0.0457973
0.0428786
0.0397909
0.0365817
0.033299
0.0299826
0.0266728
0.0233986
0.0201915
0.0170685
0.0140537
0.0111501
0.00837832
0.00571997
0.00319416
0.0595828
0.0589213
0.0577047
0.056017
0.0539261
0.0514857
0.0487498
0.0457674
0.0425916
0.0392699
0.0358526
0.0323816
0.0289007
0.0254421
0.0220416
0.0187187
0.015502
0.0123955
0.00942421
0.00656802
0.00385016
0.0626602
0.0620113
0.060815
0.0591477
0.0570695
0.0546259
0.0518654
0.0488329
0.04558
0.0421535
0.0386057
0.0349802
0.0313251
0.0276754
0.024072
0.0205373
0.0171047
0.0137801
0.0105931
0.00752222
0.00459537
0.0658039
0.065174
0.0640101
0.0623791
0.0603315
0.0579035
0.0551369
0.0520712
0.0487553
0.045235
0.0415636
0.0377866
0.0339559
0.0301101
0.0262952
0.022537
0.0188748
0.0153162
0.0118965
0.00859318
0.00543932
0.0689955
0.0683918
0.0672732
0.0656957
0.063699
0.061308
0.0585568
0.0554778
0.0521169
0.048517
0.0447323
0.0408093
0.0368041
0.0327587
0.0287248
0.0247322
0.0208264
0.0170176
0.0133475
0.00979272
0.00639257
0.0722171
0.0716471
0.0705876
0.0690822
0.0671582
0.0648281
0.0621166
0.059048
0.0556634
0.0520018
0.0481174
0.0440573
0.0398813
0.0356348
0.0313759
0.0271385
0.0229753
0.0188995
0.0149602
0.011134
0.00746681
0.0754512
0.0749227
0.0739368
0.0725229
0.070695
0.0684517
0.0658072
0.0627759
0.0593926
0.0556912
0.0517247
0.0475397
0.0431997
0.0387531
0.0342648
0.0297732
0.0253389
0.020979
0.0167508
0.0126315
0.00867497
0.0786809
0.0782019
0.0773042
0.0760019
0.0742948
0.0721661
0.0696185
0.0666547
0.0633016
0.0595864
0.0555594
0.0512658
0.046772
0.0421292
0.0374091
0.032655
0.0279364
0.023275
0.0187371
0.0143017
0.0100315
0.0818902
0.0814686
0.0806738
0.0795036
0.0779426
0.075958
0.0735394
0.0706763
0.0673862
0.0636873
0.059626
0.0552445
0.0506111
0.0457792
0.0408276
0.0358044
0.030789
0.0258081
0.0209388
0.0161625
0.0115523
0.0850637
0.0847072
0.0840299
0.0830121
0.081623
0.079813
0.0775576
0.0748313
0.0716407
0.0679927
0.0639281
0.0594841
0.05473
0.0497203
0.0445403
0.0392437
0.0339198
0.0286017
0.023378
0.0182344
0.0132555
0.0881872
0.0879034
0.0873574
0.0865119
0.0853205
0.0837162
0.0816597
0.079109
0.0760577
0.0724996
0.0684679
0.0639922
0.0591414
0.0539697
0.0485685
0.0429966
0.0373541
0.0316812
0.0260794
0.0205401
0.0151613
0.0912474
0.0910433
0.0906416
0.0899876
0.0890193
0.0876519
0.0858311
0.0834967
0.0806281
0.0772034
0.0732457
0.068775
0.0638573
0.0585448
0.0529342
0.0470886
0.0411196
0.0350749
0.0290706
0.0231053
0.0172925
0.0942324
0.0941145
0.093869
0.0934245
0.0927035
0.091604
0.0900559
0.0879803
0.0853405
0.082097
0.0782599
0.0738369
0.0688887
0.063463
0.0576602
0.051547
0.0452462
0.0388141
0.0323823
0.025959
0.0196753
0.0971315
0.0971055
0.0970268
0.0968082
0.0963574
0.0955558
0.0943173
0.092544
0.0901816
0.0871708
0.0835064
0.0791804
0.074245
0.0687408
0.0627696
0.0564003
0.0497664
0.0429333
0.0360491
0.0291341
0.0223395
0.0999351
0.100006
0.100103
0.100125
0.0999656
0.0994904
0.0985975
0.0971704
0.0951356
0.0924126
0.088978
0.0848049
0.0799336
0.0743937
0.0682857
0.0616783
0.054715
0.0474701
0.0401094
0.0326677
0.0253192
0.102635
0.102807
0.103087
0.103363
0.103513
0.103391
0.102878
0.10184
0.100184
0.0978073
0.0946645
0.090707
0.085959
0.0804352
0.0742308
0.0674118
0.0601291
0.052466
0.0446063
0.0366021
0.0286537
0.105225
0.105501
0.10597
0.106511
0.106986
0.107241
0.10714
0.106534
0.105308
0.103337
0.100552
0.0968794
0.0923224
0.0868765
0.0806266
0.0736318
0.0660479
0.0579659
0.0495873
0.0409848
0.0323879
0.107699
0.108081
0.108742
0.109556
0.11037
0.111023
0.111363
0.111229
0.110483
0.10898
0.106622
0.10331
0.0990208
0.0937254
0.0874922
0.0803694
0.0725123
0.0640183
0.0551052
0.0458695
0.0365733
0.110054
0.110542
0.111398
0.112491
0.113653
0.114722
0.115529
0.115903
0.115686
0.114712
0.112854
0.109984
0.106047
0.100985
0.0948441
0.0876543
0.0795644
0.0706753
0.0612183
0.0513167
0.0412685
0.112285
0.112881
0.113932
0.115307
0.116824
0.118322
0.119617
0.120535
0.120891
0.120506
0.11922
0.116879
0.113386
0.108655
0.102695
0.0955143
0.0872466
0.0779918
0.0679897
0.0573938
0.04654
0.114392
0.115094
0.116339
0.117997
0.119873
0.12181
0.12361
0.1251
0.126071
0.126334
0.125692
0.123968
0.12102
0.116725
0.111051
0.103974
0.0956012
0.0860249
0.0754878
0.0641749
0.0524622
0.116374
0.117179
0.118617
0.120556
0.122791
0.125173
0.12749
0.129576
0.131197
0.132162
0.132234
0.131219
0.12892
0.125182
0.119913
0.113054
0.104669
0.0948344
0.0837859
0.0717401
0.0591162
0.118231
0.119137
0.120763
0.122979
0.12557
0.128398
0.131241
0.13394
0.136242
0.137958
0.13881
0.138596
0.137053
0.134002
0.129272
0.122768
0.11449
0.104484
0.0929659
0.0801771
0.0665888
0.119964
0.120968
0.122776
0.125263
0.128206
0.131477
0.134847
0.138172
0.141178
0.143686
0.145379
0.146054
0.145376
0.143152
0.139109
0.133122
0.125094
0.115038
0.103122
0.0895906
0.0749793
0.121575
0.122673
0.124658
0.127407
0.130692
0.134401
0.138297
0.142252
0.145978
0.149312
0.151899
0.153545
0.153841
0.152588
0.149391
0.144109
0.136499
0.126554
0.114354
0.100111
0.0844242
0.123067
0.124254
0.126409
0.12941
0.133028
0.137162
0.141577
0.14616
0.150617
0.1548
0.158327
0.161016
0.162388
0.162254
0.160076
0.155714
0.148713
0.139079
0.126726
0.111862
0.0950964
0.124444
0.125714
0.128031
0.131272
0.135209
0.139755
0.144678
0.149882
0.15507
0.160116
0.164618
0.168412
0.17096
0.172087
0.171113
0.167915
0.161748
0.152666
0.140238
0.124843
0.107027
0.125707
0.127057
0.129528
0.132997
0.13724
0.142181
0.147598
0.153408
0.159325
0.165236
0.170742
0.175687
0.179502
0.182018
0.18244
0.180665
0.175627
0.167427
0.154963
0.13895
0.119744
0.126863
0.128288
0.130905
0.134591
0.139126
0.144447
0.150341
0.15674
0.163374
0.170145
0.176664
0.182787
0.187937
0.191943
0.193948
0.193843
0.190328
0.183538
0.171445
0.154864
0.132709
0.127914
0.129409
0.132165
0.136056
0.140866
0.146546
0.152891
0.15985
0.167167
0.174765
0.182273
0.189566
0.196078
0.201652
0.205406
0.207266
0.205779
0.201289
0.190946
0.176117
0.149239
-0.0010722
-0.001724
-0.00237822
-0.00303273
-0.00368737
-0.00434244
-0.00499799
-0.00565376
-0.0063094
-0.00696461
-0.00761911
-0.00827266
-0.008925
-0.00957588
-0.010225
-0.0108723
-0.0115173
-0.0121598
-0.0127997
-0.0134367
-0.00104491
-0.00170063
-0.00235853
-0.00301668
-0.00367542
-0.00433525
-0.00499622
-0.00565803
-0.00632027
-0.00698264
-0.00764486
-0.00830664
-0.00896772
-0.00962782
-0.0102866
-0.0109439
-0.0115993
-0.0122526
-0.0129035
-0.0135517
-0.000992504
-0.00166128
-0.002332
-0.0030028
-0.00367452
-0.00434798
-0.00502319
-0.00569972
-0.00637712
-0.007055
-0.00773306
-0.00841099
-0.00908849
-0.00976524
-0.0104409
-0.0111152
-0.0117877
-0.0124582
-0.0131263
-0.0137918
-0.000914849
-0.00160478
-0.00229584
-0.00298621
-0.00367759
-0.00437127
-0.00506728
-0.00576505
-0.00646403
-0.0071638
-0.00786404
-0.00856445
-0.00926469
-0.00996442
-0.0106633
-0.0113609
-0.0120571
-0.0127513
-0.0134433
-0.0141327
-0.000810964
-0.00152984
-0.00224855
-0.00296532
-0.00368302
-0.0044036
-0.00512713
-0.00585287
-0.00658011
-0.00730842
-0.00803747
-0.00876695
-0.00949651
-0.0102258
-0.0109544
-0.011682
-0.0124081
-0.0131325
-0.0138548
-0.0145747
-0.000678734
-0.00143408
-0.0021875
-0.0029372
-0.00368758
-0.00444143
-0.00519887
-0.00595895
-0.00672079
-0.00748392
-0.00824802
-0.00901279
-0.00977785
-0.0105428
-0.0113073
-0.0120709
-0.0128333
-0.0135941
-0.0143528
-0.0151092
-0.000515344
-0.00131459
-0.0021097
-0.00289877
-0.00368806
-0.00448145
-0.00527915
-0.00607989
-0.00688263
-0.00768684
-0.00849222
-0.00929848
-0.0101053
-0.0109121
-0.0117187
-0.0125245
-0.0133293
-0.0141325
-0.0149338
-0.015733
-0.000317295
-0.00116791
-0.00201175
-0.00284661
-0.00368103
-0.00452024
-0.00536451
-0.00621225
-0.00706219
-0.00791373
-0.00876663
-0.0096206
-0.0104753
-0.0113302
-0.012185
-0.0130392
-0.0138925
-0.0147444
-0.0155944
-0.0164426
-8.04377e-05
-0.000990035
-0.00188981
-0.00277702
-0.00366288
-0.00455424
-0.00545151
-0.0063527
-0.00725623
-0.00816147
-0.0090682
-0.00997618
-0.010885
-0.0117943
-0.0127036
-0.0136125
-0.0145205
-0.0154272
-0.0163322
-0.0172355
0.000199997
-0.000776456
-0.00173968
-0.00268601
-0.00362978
-0.00457982
-0.00553671
-0.00649796
-0.00746166
-0.00842713
-0.00939419
-0.0103626
-0.0113321
-0.0123022
-0.0132724
-0.0142423
-0.0152114
-0.0161794
-0.0171456
-0.0181104
0.000529403
-0.000522141
-0.00155676
-0.0025693
-0.00357772
-0.00459322
-0.00561661
-0.00664481
-0.00767553
-0.00870799
-0.00974211
-0.0107778
-0.0118146
-0.0128521
-0.0138898
-0.0149273
-0.0159641
-0.0169999
-0.0180338
-0.0190666
0.000913802
-0.000221535
-0.00133604
-0.00242235
-0.00350251
-0.00459058
-0.00568769
-0.00679008
-0.00789498
-0.00900154
-0.0101098
-0.0112196
-0.0123307
-0.0134425
-0.0145547
-0.0156667
-0.0167781
-0.0178883
-0.0189962
-0.0201037
0.00135986
0.000131446
-0.00107213
-0.00224029
-0.00339974
-0.00456792
-0.00574639
-0.00693062
-0.00811726
-0.0093054
-0.0104952
-0.0116866
-0.0128793
-0.0140729
-0.0152669
-0.0164608
-0.0176541
-0.0188461
-0.0200341
-0.0212228
0.00187487
0.000543401
-0.000759254
-0.00201804
-0.00326485
-0.00452116
-0.00578912
-0.00706329
-0.00833967
-0.00961721
-0.0108962
-0.0121767
-0.0134586
-0.0147412
-0.0160243
-0.0173072
-0.0185897
-0.019871
-0.0211499
-0.0224288
0.00246678
0.00102143
-0.00039136
-0.0017504
-0.00309332
-0.00444643
-0.00581265
-0.00718553
-0.00856025
-0.00993563
-0.0113121
-0.0126899
-0.0140688
-0.0154482
-0.0168277
-0.0182068
-0.0195854
-0.0209635
-0.0223443
-0.0237228
0.00314437
0.00157328
3.80767e-05
-0.00143184
-0.00288045
-0.00433979
-0.00581386
-0.00729503
-0.00877753
-0.01026
-0.0117432
-0.0132274
-0.0147125
-0.0161981
-0.0176836
-0.0191686
-0.020653
-0.0221366
-0.023621
-0.025104
0.00391733
0.00220751
0.000536199
-0.00105638
-0.00262114
-0.00419696
-0.00578924
-0.00738905
-0.00898948
-0.010589
-0.0121885
-0.0137886
-0.0153892
-0.0169898
-0.01859
-0.0201894
-0.0217877
-0.0233846
-0.0249823
-0.0265791
0.00479634
0.00293347
0.00111068
-0.00061769
-0.00231011
-0.00401359
-0.00573544
-0.00746518
-0.00919456
-0.0109218
-0.012648
-0.0143743
-0.0161004
-0.017826
-0.0195506
-0.0212739
-0.0229955
-0.0247152
-0.0264356
-0.0281554
0.00579319
0.00376135
0.00176977
-0.000109105
-0.0019419
-0.00378536
-0.00564923
-0.00752133
-0.00939176
-0.0112584
-0.0131229
-0.0149863
-0.0168489
-0.0187101
-0.0205695
-0.0224268
-0.0242817
-0.0261337
-0.0279864
-0.029839
0.00692091
0.00470238
0.0025224
0.000476473
-0.00151081
-0.00350784
-0.00552749
-0.00755564
-0.00958045
-0.0115994
-0.0136144
-0.0156272
-0.017638
-0.0196464
-0.0216519
-0.0236542
-0.0256529
-0.0276472
-0.0296426
-0.0316382
0.00819405
0.00576901
0.00337834
0.00114667
-0.00101083
-0.00317645
-0.00536712
-0.0075665
-0.00976037
-0.0119457
-0.014125
-0.0163004
-0.0184723
-0.0206404
-0.0228042
-0.0249633
-0.0271172
-0.0292643
-0.0314132
-0.033563
0.0096289
0.00697509
0.0043483
0.00190971
-0.000435547
-0.00278645
-0.00516508
-0.00755252
-0.00993172
-0.012299
-0.0146575
-0.0170101
-0.0193574
-0.0216989
-0.0240343
-0.0263629
-0.0286839
-0.0309941
-0.033308
-0.0356244
0.0112438
0.00833612
0.00544411
0.00277454
0.000221847
-0.00233292
-0.00491834
-0.00751256
-0.0100951
-0.0126614
-0.0152156
-0.0177613
-0.0202995
-0.02283
-0.0253523
-0.0278654
-0.0303673
-0.0328499
-0.0353399
-0.0378353
0.0130595
0.0098696
0.00667895
0.00375089
0.000968607
-0.00181082
-0.00462414
-0.007446
-0.0102517
-0.0130357
-0.0158031
-0.0185584
-0.0213035
-0.0240384
-0.0267634
-0.0294781
-0.0321805
-0.0348568
-0.0375392
-0.0402241
0.0150998
0.0115955
0.00806764
0.00484953
0.00181254
-0.00121506
-0.00428019
-0.00735339
-0.0104047
-0.0134274
-0.0164274
-0.0194103
-0.0223777
-0.025329
-0.0282631
-0.0311807
-0.0340865
-0.0370115
-0.039919
-0.0428073
0.0173922
0.0135369
0.00962729
0.00608283
0.00276257
-0.000539914
-0.00388416
-0.00723583
-0.0105587
-0.0138445
-0.0171008
-0.0203349
-0.023549
-0.0267432
-0.0299172
-0.0330721
-0.0362093
-0.0393483
-0.0424735
-0.0455817
0.0199685
0.0157208
0.0113779
0.00746536
0.00382938
0.000221758
-0.00343263
-0.00709353
-0.010717
-0.0142932
-0.0178314
-0.0213407
-0.0248241
-0.0282813
-0.0317116
-0.0351155
-0.0384938
-0.0418705
-0.0452352
-0.048582
0.0228656
0.0181785
0.0133428
0.00901426
0.00502572
0.00107861
-0.0029212
-0.00692617
-0.0108829
-0.0147797
-0.0186281
-0.0224394
-0.0262173
-0.0299613
-0.0336705
-0.0373448
-0.0409835
-0.0446187
-0.0482422
-0.0518445
0.0261262
0.0209465
0.0155493
0.0107497
0.00636661
0.00204076
-0.00234493
-0.00673381
-0.011061
-0.0153126
-0.0195034
-0.0236473
-0.0277486
-0.0318067
-0.0358198
-0.0397867
-0.0437027
-0.0476168
-0.0515203
-0.0553975
0.0297997
0.0240671
0.0180294
0.0126956
0.00787004
0.0031203
-0.00169796
-0.00651638
-0.0112561
-0.0159012
-0.0204704
-0.0249813
-0.0294393
-0.0338436
-0.0381909
-0.0424765
-0.0466854
-0.0508992
-0.0551045
-0.0592756
0.0339428
0.0275892
0.0208205
0.0148807
0.00955788
0.00433195
-0.000973163
-0.00627374
-0.0114739
-0.0165554
-0.0215424
-0.0264565
-0.0313049
-0.0360893
-0.0408098
-0.0454622
-0.0500031
-0.0545454
-0.059066
-0.0635398
0.0386204
0.0315694
0.0239668
0.0173398
0.0114572
0.0056939
-0.000161916
-0.00600605
-0.0117221
-0.0172901
-0.0227403
-0.0280963
-0.0333623
-0.0385326
-0.043607
-0.0486011
-0.0536364
-0.0585868
-0.0634437
-0.0682313
0.0439059
0.0360719
0.0275204
0.0201155
0.0136021
0.00722958
0.00074752
-0.00571203
-0.0120089
-0.0181238
-0.0240964
-0.0299549
-0.0357047
-0.0413414
-0.0468664
-0.052285
-0.0576848
-0.0630093
-0.0682381
-0.0733807
0.0498799
0.0411682
0.0315411
0.0232606
0.0160364
0.00896949
0.0017718
-0.00538605
-0.0123376
-0.0190684
-0.0256296
-0.0320527
-0.0383394
-0.0444815
-0.0504774
-0.0563257
-0.062148
-0.0678989
-0.0735389
-0.079065
0.0566268
0.0469328
0.036096
0.026839
0.0188152
0.010952
0.0029331
-0.00501694
-0.0127056
-0.0201303
-0.0273566
-0.0344167
-0.0413075
-0.0480143
-0.0545254
-0.0608339
-0.0671279
-0.0733479
-0.0794268
-0.0853571
0.0642312
0.0534351
0.0412545
0.0309271
0.0220055
0.0132219
0.00425784
-0.00458901
-0.0131068
-0.0213151
-0.0292932
-0.0370722
-0.0446544
-0.0520383
-0.0592132
-0.0660089
-0.0728085
-0.0795089
-0.0860272
-0.0923689
0.0727807
0.0607341
0.0470903
0.0356166
0.0256845
0.0158274
0.00577617
-0.00408187
-0.0135353
-0.0226353
-0.0314611
-0.0400198
-0.0482808
-0.0562331
-0.0639198
-0.0717318
-0.0792592
-0.0864668
-0.0934282
-0.100195
0.0823682
0.0688915
0.053703
0.0410288
0.0299421
0.0188212
0.00752865
-0.00346197
-0.0139786
-0.0241132
-0.0339375
-0.0434425
-0.0525996
-0.0614028
-0.0698646
-0.0782625
-0.0864019
-0.0942007
-0.101693
-0.108931
0.0930191
0.0779701
0.0612503
0.0473398
0.0348903
0.0222679
0.00957187
-0.00268374
-0.0144178
-0.0257531
-0.0367314
-0.0473246
-0.0575027
-0.0672468
-0.0764808
-0.085631
-0.0944921
-0.102944
-0.111013
-0.118755
0.1044
0.0878477
0.0698917
0.0547839
0.040696
0.026312
0.0120596
-0.00161453
-0.0147535
-0.027469
-0.039747
-0.0515276
-0.0627783
-0.0735218
-0.0839492
-0.0940918
-0.103741
-0.112875
-0.121563
-0.12985
0.115408
0.0976787
0.0793905
0.0632842
0.0472812
0.0309357
0.0149667
-0.000371444
-0.0152008
-0.0295742
-0.0434417
-0.0567251
-0.0693283
-0.0811283
-0.0927811
-0.103889
-0.114314
-0.124149
-0.133485
-0.142345
0.124809
0.106512
0.0894219
0.0726737
0.0550156
0.0370861
0.0195538
0.0024999
-0.0141188
-0.0302554
-0.0458567
-0.0608998
-0.0753621
-0.0889886
-0.102289
-0.114674
-0.12612
-0.136825
-0.1469
-0.156365
-0.0140707
-0.0147014
-0.0153285
-0.0159519
-0.0165713
-0.0171866
-0.0177976
-0.0184041
-0.0190059
-0.0196029
-0.0201948
-0.0207816
-0.014197
-0.014839
-0.0154775
-0.0161123
-0.0167431
-0.0173696
-0.0179917
-0.018609
-0.0192213
-0.0198285
-0.0204303
-0.0210264
-0.0144543
-0.0151137
-0.0157695
-0.0164214
-0.0170693
-0.0177128
-0.0183516
-0.0189856
-0.0196144
-0.0202379
-0.0208558
-0.0214678
-0.0148194
-0.0155028
-0.0161827
-0.0168589
-0.0175309
-0.0181985
-0.0188615
-0.0195195
-0.0201723
-0.0208196
-0.0214613
-0.022097
-0.0152918
-0.0160058
-0.0167164
-0.0174231
-0.0181258
-0.018824
-0.0195176
-0.0202063
-0.0208897
-0.0215676
-0.0222398
-0.022906
-0.015863
-0.0166138
-0.0173612
-0.0181049
-0.0188445
-0.0195799
-0.0203106
-0.0210363
-0.0217569
-0.0224721
-0.0231815
-0.023885
-0.0165298
-0.0173236
-0.0181141
-0.018901
-0.019684
-0.0204627
-0.0212369
-0.0220063
-0.0227706
-0.0235296
-0.0242829
-0.0250305
-0.0172884
-0.0181314
-0.0189713
-0.0198077
-0.0206403
-0.0214688
-0.0222929
-0.0231123
-0.0239269
-0.0247362
-0.0255401
-0.0263385
-0.0181367
-0.0190353
-0.0199309
-0.0208231
-0.0217117
-0.0225964
-0.0234769
-0.0243529
-0.0252242
-0.0260906
-0.0269518
-0.0278076
-0.0190734
-0.020034
-0.0209917
-0.0219462
-0.0228973
-0.0238447
-0.0247881
-0.0257274
-0.0266622
-0.0275923
-0.0285176
-0.0294378
-0.0200979
-0.0211271
-0.0221536
-0.023177
-0.0241973
-0.0252141
-0.0262272
-0.0272364
-0.0282416
-0.0292424
-0.0302387
-0.0312304
-0.0212103
-0.0223151
-0.0234173
-0.0245166
-0.0256128
-0.026706
-0.0277958
-0.028882
-0.0299645
-0.0310431
-0.0321176
-0.033188
-0.0224118
-0.0235993
-0.0247843
-0.0259666
-0.027146
-0.0283226
-0.0294962
-0.0306667
-0.0318338
-0.0329975
-0.0341577
-0.0353143
-0.0237071
-0.024984
-0.0262586
-0.0275309
-0.0288008
-0.0300682
-0.031333
-0.0325951
-0.0338543
-0.0351107
-0.0363641
-0.0250984
-0.0264718
-0.0278435
-0.0292134
-0.0305814
-0.0319472
-0.0333108
-0.0346722
-0.0360313
-0.0373882
-0.0387428
-0.026585
-0.028064
-0.0295415
-0.0310173
-0.0324914
-0.0339639
-0.0354345
-0.0369034
-0.0383707
-0.0398362
-0.0413003
-0.0281743
-0.0297677
-0.0313594
-0.0329497
-0.0345385
-0.036126
-0.0377121
-0.039297
-0.0408809
-0.0424638
-0.0440459
-0.0298737
-0.0315902
-0.0333051
-0.0350185
-0.0367308
-0.038442
-0.0401524
-0.0418621
-0.0435713
-0.0452804
-0.0469895
-0.0316901
-0.0335391
-0.0353864
-0.0372323
-0.0390772
-0.0409214
-0.0427652
-0.0446088
-0.0464526
-0.048297
-0.0501424
-0.0336322
-0.0356238
-0.0376134
-0.0396015
-0.0415888
-0.0435756
-0.0455624
-0.0475495
-0.0495374
-0.0515266
-0.0535178
-0.035711
-0.0378558
-0.039998
-0.0421386
-0.0442782
-0.0464176
-0.0485573
-0.0506977
-0.0528396
-0.0549835
-0.0571302
-0.0379385
-0.0402482
-0.0425541
-0.0448577
-0.0471603
-0.0494627
-0.0517656
-0.0540695
-0.0563754
-0.058684
-0.0609963
-0.0403278
-0.0428142
-0.0452954
-0.0477736
-0.0502503
-0.0527266
-0.0552034
-0.0576814
-0.0601618
-0.0626454
-0.0651336
-0.042904
-0.0455769
-0.0482443
-0.0509082
-0.05357
-0.056231
-0.0588922
-0.0615547
-0.0642199
-0.0668888
-0.0695629
-0.0456842
-0.0485545
-0.0514199
-0.0542812
-0.0571396
-0.0599963
-0.0628527
-0.0657104
-0.0685708
-0.0714353
-0.0743055
-0.0486764
-0.0517614
-0.0548391
-0.057911
-0.0609785
-0.0640432
-0.0671067
-0.0701708
-0.0732372
-0.0763078
-0.0793842
-0.0519115
-0.0552267
-0.0585309
-0.0618266
-0.0651159
-0.0684006
-0.0716826
-0.074964
-0.078247
-0.0815335
-0.0848256
-0.0554238
-0.0589833
-0.0625275
-0.06606
-0.0695832
-0.0730994
-0.0766108
-0.0801198
-0.083629
-0.0871407
-0.0906572
-0.0592436
-0.0630628
-0.0668614
-0.0706439
-0.0744134
-0.0781724
-0.0819236
-0.0856699
-0.089414
-0.0931589
-0.0969074
-0.0634056
-0.0675006
-0.0715685
-0.0756147
-0.0796428
-0.0836558
-0.0876569
-0.0916492
-0.0956361
-0.0996207
-0.103606
-0.067965
-0.0723492
-0.0766996
-0.081021
-0.0853176
-0.0895931
-0.0938516
-0.0980968
-0.102333
-0.106562
-0.110789
-0.0729657
-0.0776538
-0.0822997
-0.0869075
-0.0914817
-0.0960271
-0.100548
-0.10505
-0.109536
-0.114012
-0.118482
-0.0784516
-0.0834612
-0.0884162
-0.0933218
-0.0981831
-0.103006
-0.107794
-0.112554
-0.11729
-0.122007
-0.126709
-0.0844933
-0.0898399
-0.0951155
-0.100327
-0.10548
-0.110582
-0.115638
-0.120657
-0.125641
-0.130597
-0.135524
-0.0911613
-0.0968601
-0.102466
-0.107988
-0.113432
-0.118808
-0.124123
-0.129388
-0.134609
-0.139796
-0.144949
-0.0985608
-0.104621
-0.110562
-0.116393
-0.122122
-0.127761
-0.133317
-0.1388
-0.14422
-0.149593
-0.154924
-0.106787
-0.113215
-0.119489
-0.125622
-0.131626
-0.137513
-0.143293
-0.148975
-0.154564
-0.160075
-0.165508
-0.115941
-0.122738
-0.129336
-0.135752
-0.142004
-0.148107
-0.154077
-0.159929
-0.165671
-0.171313
-0.176849
-0.126199
-0.133361
-0.140262
-0.146922
-0.153365
-0.15961
-0.165682
-0.171603
-0.177398
-0.183092
-0.188698
-0.137755
-0.14529
-0.152479
-0.159347
-0.165917
-0.172213
-0.17826
-0.184085
-0.189721
-0.195206
-0.200584
-0.150732
-0.158656
-0.166137
-0.173198
-0.17986
-0.186147
-0.19208
-0.19768
-0.202971
-0.207983
-0.212756
-0.165224
-0.173496
-0.18121
-0.18839
-0.195059
-0.201243
-0.206966
-0.212253
-0.217127
-0.221607
-0.22572
)
;

boundaryField
{
    inlet
    {
        type            zeroGradient;
    }
    outlet
    {
        type            fixedValue;
        value           nonuniform 0();
    }
    cylinder
    {
        type            zeroGradient;
    }
    top
    {
        type            symmetryPlane;
    }
    bottom
    {
        type            symmetryPlane;
    }
    defaultFaces
    {
        type            empty;
    }
    procBoundary0to1
    {
        type            processor;
        value           nonuniform List<scalar> 
133
(
-0.270441
-0.272669
-0.274788
-0.277072
-0.277072
-0.278013
-0.280365
-0.280365
-0.28006
-0.28006
-0.27887
-0.281044
-0.281044
-0.279021
-0.279021
-0.275811
-0.275811
-0.270885
-0.270885
-0.260406
-0.260406
-0.247538
-0.247538
-0.229575
-0.25934
-0.247464
-0.229494
-0.25934
-0.260344
-0.270835
-0.270835
-0.275769
-0.275769
-0.278984
-0.278984
-0.281009
-0.281009
-0.278834
-0.280024
-0.280024
-0.280327
-0.280327
-0.277974
-0.27703
-0.27703
-0.274745
-0.272575
-0.229575
-0.217436
-0.206003
-0.194327
-0.182386
-0.170988
-0.160325
-0.150156
-0.140508
-0.131475
-0.123014
-0.115077
-0.107652
-0.100714
-0.0942291
-0.0881695
-0.0825086
-0.0772195
-0.0722765
-0.0676569
-0.0633397
-0.0633397
-0.0614584
-0.0575287
-0.0538559
-0.0504251
-0.0472224
-0.044236
-0.0414552
-0.0388703
-0.036474
-0.0342596
-0.0322217
-0.0303563
-0.0286604
-0.0271327
-0.0257732
-0.0245831
-0.0235662
-0.0227265
-0.0220735
-0.0216162
-0.0213623
-0.021363
-0.0216168
-0.0220739
-0.0227266
-0.023566
-0.0245824
-0.025772
-0.0271309
-0.0286579
-0.0303529
-0.0322173
-0.0342541
-0.0364672
-0.0376145
-0.0376145
-0.0400951
-0.0427629
-0.0456275
-0.048699
-0.051989
-0.0555112
-0.0592802
-0.063313
-0.067627
-0.0722433
-0.0771827
-0.082468
-0.0881252
-0.0941807
-0.100662
-0.107596
-0.115016
-0.122949
-0.131406
-0.140434
-0.150079
-0.160243
-0.170903
-0.182298
-0.194237
-0.205913
-0.217349
-0.229494
)
;
    }
}


// ************************************************************************* //
