/*--------------------------------*- C++ -*----------------------------------*\
  =========                 |
  \\      /  F ield         | OpenFOAM: The Open Source CFD Toolbox
   \\    /   O peration     | Website:  https://openfoam.org
    \\  /    A nd           | Version:  7
     \\/     M anipulation  |
\*---------------------------------------------------------------------------*/
FoamFile
{
    version     2.0;
    format      ascii;
    class       volScalarField;
    location    "20";
    object      p;
}
// * * * * * * * * * * * * * * * * * * * * * * * * * * * * * * * * * * * * * //

dimensions      [0 2 -2 0 0 0 0];

internalField   nonuniform List<scalar> 
8330
(
-0.0985925
-0.100188
-0.101863
-0.103637
-0.105528
-0.10387
-0.10756
-0.105522
-0.109757
-0.107291
-0.112136
-0.109196
-0.114713
-0.111261
-0.107218
-0.117518
-0.113495
-0.109067
-0.120574
-0.115917
-0.111094
-0.105535
-0.123902
-0.118542
-0.113315
-0.107262
-0.127519
-0.121388
-0.115749
-0.109171
-0.131443
-0.124472
-0.11841
-0.111267
-0.104849
-0.13569
-0.12781
-0.121312
-0.113555
-0.106542
-0.140272
-0.131418
-0.124466
-0.116036
-0.10838
-0.100591
-0.1452
-0.135309
-0.127878
-0.118713
-0.110358
-0.101589
-0.091853
-0.150481
-0.139498
-0.131549
-0.121593
-0.112457
-0.102541
-0.0914452
-0.156121
-0.143992
-0.135478
-0.124678
-0.114643
-0.103402
-0.0908496
-0.0774904
-0.162121
-0.148798
-0.13966
-0.127965
-0.116868
-0.104128
-0.090046
-0.0753898
-0.0609279
-0.168477
-0.153911
-0.144091
-0.131441
-0.119078
-0.104681
-0.0890164
-0.0730775
-0.0576686
-0.0433113
-0.175181
-0.159322
-0.148765
-0.135071
-0.12121
-0.105022
-0.0877447
-0.0705471
-0.0542277
-0.0392171
-0.025578
-0.182219
-0.165011
-0.153674
-0.138804
-0.123206
-0.105117
-0.086215
-0.0677908
-0.0505982
-0.034967
-0.0209112
-0.00848088
-0.189567
-0.170951
-0.158802
-0.14257
-0.125007
-0.104933
-0.0844119
-0.0647991
-0.0467715
-0.0305512
-0.0160993
-0.00335859
0.00819941
-0.197193
-0.177108
-0.164122
-0.146289
-0.126555
-0.10444
-0.0823192
-0.0615607
-0.042737
-0.0259592
-0.0111319
0.00190044
0.0136027
0.0232567
-0.205053
-0.183442
-0.169588
-0.149872
-0.127797
-0.103607
-0.07992
-0.058063
-0.0384828
-0.0211792
-0.00599854
0.00730488
0.0191339
0.0289428
-0.213087
-0.189908
-0.175133
-0.153232
-0.128678
-0.102406
-0.077197
-0.0542918
-0.0339959
-0.0161994
-0.00068845
0.0128632
0.0248001
0.0347531
-0.221225
-0.196455
-0.180667
-0.156284
-0.129147
-0.10081
-0.0741316
-0.0502319
-0.0292627
-0.0110074
0.00480879
0.0185837
0.0306086
0.0406929
-0.229381
-0.203026
-0.186083
-0.158944
-0.129155
-0.0987892
-0.0707047
-0.0458673
-0.0242691
-0.00559073
0.0105034
0.0244742
0.0365659
0.046767
-0.237458
-0.209555
-0.191255
-0.161133
-0.128655
-0.0963169
-0.0668966
-0.0411813
-0.0190007
6.26608e-05
0.0164051
0.0305422
0.0426783
0.0529796
-0.245348
-0.215965
-0.196054
-0.162775
-0.127602
-0.0933654
-0.0626872
-0.0361573
-0.0134434
0.00596461
0.0225231
0.0367945
0.0489516
0.0593345
-0.252937
-0.222168
-0.200346
-0.163797
-0.125953
-0.0899078
-0.0580562
-0.0307783
-0.00758324
0.0121264
0.028866
0.0432378
0.0553911
0.0658348
-0.260104
-0.228064
-0.204
-0.164129
-0.12367
-0.0859181
-0.0529837
-0.025028
-0.00140703
0.0185585
0.0354417
0.0498776
0.0620016
0.0724831
-0.266728
-0.23354
-0.206897
-0.163704
-0.120715
-0.081371
-0.0474503
-0.0188907
0.00509777
0.0252707
0.0422571
0.0567194
0.0687873
0.0792809
-0.272685
-0.238473
-0.208924
-0.16246
-0.117054
-0.0762428
-0.0414374
-0.0123516
0.0119427
0.0322718
0.0493185
0.0637675
0.0757516
0.0862287
-0.277855
-0.242731
-0.209982
-0.16034
-0.112655
-0.0705113
-0.0349274
-0.00539692
0.0191382
0.0395695
0.0566311
0.0710259
0.0828965
0.0933251
-0.28212
-0.246178
-0.209983
-0.157292
-0.107489
-0.0641562
-0.0279044
0.00198571
0.0266934
0.0471703
0.0641993
0.0784979
0.0902226
0.100567
-0.285366
-0.248679
-0.208852
-0.153272
-0.101531
-0.0571592
-0.0203541
0.00980712
0.0346162
0.0550794
0.0720262
0.0861856
0.0977301
0.107949
-0.287483
-0.250099
-0.206524
-0.148239
-0.094758
-0.0495043
-0.012264
0.0180764
0.0429126
0.0633006
0.0801134
0.0940898
0.10542
0.115475
-0.28837
-0.250313
-0.202944
-0.142164
-0.0871514
-0.041178
-0.00362398
0.0268006
0.051587
0.0718364
0.0884624
0.10221
0.113292
0.123173
-0.287929
-0.249205
-0.198067
-0.135021
-0.0786956
-0.0321696
0.00557374
0.0359844
0.0606421
0.0806886
0.0970755
0.110548
0.121333
0.131089
-0.286073
-0.246674
-0.191854
-0.12679
-0.0693793
-0.0224712
0.015334
0.0456308
0.0700795
0.089858
0.105955
0.11911
0.129524
0.13922
-0.282721
-0.242633
-0.184274
-0.117459
-0.059195
-0.0120785
0.0256592
0.0557412
0.0799004
0.0993427
0.115095
0.127891
0.137884
0.147416
-0.2778
-0.23701
-0.175305
-0.107022
-0.0481396
-0.000990244
0.0365503
0.0663176
0.0901035
0.109136
0.124482
0.136832
0.146479
0.155692
-0.271248
-0.229749
-0.164936
-0.0954763
-0.0362143
0.0107931
0.0480092
0.0773588
0.100678
0.119224
0.134109
0.145966
0.155256
0.164078
-0.263011
-0.220807
-0.15316
-0.0828285
-0.0234249
0.0232706
0.0600365
0.0888503
0.111599
0.129612
0.143972
0.155297
0.164188
0.172583
-0.253045
-0.210158
-0.139984
-0.0690889
-0.00977891
0.0364375
0.0726175
0.100757
0.122886
0.140291
0.154066
0.164816
0.173263
0.181204
-0.241319
-0.197789
-0.125419
-0.0542718
0.00471774
0.0502739
0.0857051
0.113107
0.134523
0.15125
0.16438
0.174515
0.182474
0.189932
-0.227811
-0.183702
-0.109486
-0.0383954
0.0200586
0.0647347
0.0993117
0.12588
0.146495
0.162474
0.174903
0.184381
0.191813
0.198756
-0.21251
-0.167912
-0.0922108
-0.0214859
0.0362138
0.0798078
0.113425
0.139057
0.158787
0.173951
0.185623
0.194402
0.201271
0.207663
-0.195421
-0.150446
-0.0736292
-0.00357992
0.053099
0.0955267
0.128024
0.152617
0.171382
0.185665
0.196527
0.204565
0.210837
0.216643
-0.176556
-0.131342
-0.0537843
0.0152826
0.0707185
0.111836
0.143085
0.166539
0.184262
0.1976
0.207598
0.214858
0.2205
0.22568
-0.155942
-0.11065
-0.0327229
0.0350576
0.0890465
0.1287
0.158583
0.1808
0.197406
0.209737
0.218821
0.225266
0.230245
0.234761
-0.133622
-0.0884476
-0.0104763
0.0557047
0.108045
0.146085
0.174487
0.195376
0.210791
0.222056
0.230178
0.235773
0.240058
0.243869
-0.109651
-0.0648603
0.0129543
0.0771888
0.12767
0.163953
0.190765
0.210238
0.224394
0.234537
0.24165
0.246363
0.249923
0.252981
-0.084099
-0.0400083
0.0375419
0.0994703
0.147872
0.182264
0.207383
0.225358
0.238189
0.247156
0.253218
0.25702
0.259819
0.262076
-0.0570365
-0.013821
0.0630547
0.12248
0.1686
0.200974
0.224304
0.240704
0.25215
0.259892
0.264862
0.267726
0.269732
0.271127
-0.0285449
0.0138671
0.0891587
0.146125
0.189801
0.220037
0.24149
0.256243
0.266249
0.272717
0.276559
0.278465
0.279648
0.280117
0.00126519
0.0427731
0.115952
0.170324
0.211418
0.239407
0.258899
0.271941
0.280454
0.285608
0.288286
0.289224
0.289557
0.289021
0.0322979
0.0727382
0.143416
0.195001
0.233391
0.259032
0.27649
0.287762
0.294737
0.298535
0.300025
0.299992
0.299433
0.297732
0.0645481
0.103502
0.17148
0.220082
0.255658
0.278862
0.294217
0.303668
0.309063
0.311472
0.31176
0.310765
0.309202
0.305969
0.0977949
0.134996
0.200053
0.245493
0.278153
0.298842
0.312036
0.319621
0.323401
0.324394
0.32348
0.321524
0.318748
0.313519
0.131898
0.167118
0.229037
0.271155
0.30081
0.318916
0.329899
0.335581
0.337715
0.337274
0.335166
0.332213
0.328
0.32093
0.166722
0.199748
0.258329
0.296987
0.323561
0.339027
0.347759
0.351506
0.351972
0.350087
0.346782
0.342744
0.336967
0.329625
0.202125
0.23276
0.287825
0.322907
0.346337
0.359118
0.365566
0.367355
0.366136
0.362803
0.358285
0.353086
0.345995
0.338643
0.237955
0.266023
0.317416
0.348829
0.369065
0.379129
0.38327
0.383087
0.380174
0.375392
0.369642
0.363263
0.355076
0.347544
0.274062
0.299403
0.346994
0.374666
0.391676
0.399
0.400822
0.398657
0.394049
0.387819
0.380825
0.373278
0.364136
0.35627
0.310289
0.332767
0.376451
0.400332
0.414095
0.418671
0.41817
0.414025
0.407725
0.400052
0.391812
0.383122
0.373096
0.364756
0.346481
0.365981
0.405676
0.425739
0.436251
0.438081
0.435263
0.429146
0.421166
0.41206
0.402578
0.392775
0.381905
0.372994
0.38248
0.398908
0.434561
0.450799
0.458072
0.45717
0.45205
0.443979
0.434335
0.423811
0.413099
0.402213
0.39052
0.380976
0.418131
0.431415
0.462999
0.475425
0.479484
0.475877
0.468483
0.458481
0.447197
0.435274
0.423352
0.411411
0.398913
0.388696
0.453279
0.463367
0.490883
0.499531
0.500417
0.494144
0.484509
0.472609
0.459714
0.446419
0.43331
0.420343
0.407058
0.396144
0.487769
0.494635
0.518108
0.523032
0.520801
0.511911
0.500081
0.486323
0.471853
0.457215
0.442948
0.428987
0.414933
0.403312
0.521451
0.52509
0.544572
0.545844
0.540567
0.529122
0.51515
0.499582
0.483579
0.467635
0.452242
0.437318
0.422517
0.410188
0.554175
0.554608
0.570174
0.567887
0.559646
0.54572
0.52967
0.512346
0.494858
0.47765
0.461168
0.445316
0.429793
0.41676
0.585799
0.58307
0.594819
0.589081
0.577975
0.561651
0.543595
0.524577
0.505657
0.487232
0.469702
0.45296
0.436742
0.423016
0.616182
0.610359
0.618412
0.609351
0.59549
0.576863
0.556881
0.536239
0.515947
0.496354
0.477821
0.460229
0.443348
0.428945
0.645192
0.636365
0.640866
0.628624
0.612131
0.591305
0.569485
0.547295
0.525696
0.504992
0.485503
0.467105
0.449593
0.434535
0.6727
0.660982
0.662093
0.64683
0.62784
0.604929
0.581368
0.557712
0.534875
0.51312
0.492729
0.47357
0.455463
0.439774
0.698586
0.68411
0.682015
0.663904
0.642563
0.61769
0.592492
0.567458
0.543459
0.520716
0.499477
0.479607
0.460942
0.444653
0.722735
0.705656
0.700555
0.679783
0.656249
0.629546
0.602821
0.576502
0.551421
0.527758
0.505731
0.4852
0.466017
0.449162
0.745041
0.725532
0.717644
0.69441
0.668849
0.640456
0.612321
0.584817
0.558737
0.534227
0.511472
0.490334
0.470673
0.45329
0.765407
0.743658
0.733215
0.707733
0.68032
0.650383
0.620963
0.592377
0.565386
0.540103
0.516685
0.494994
0.4749
0.457029
0.783743
0.75996
0.747211
0.719701
0.690621
0.659295
0.628717
0.599159
0.571348
0.545369
0.521356
0.49917
0.478686
0.460373
0.799969
0.774373
0.759577
0.730272
0.699717
0.667161
0.635559
0.60514
0.576605
0.550012
0.525472
0.502848
0.482021
0.463313
0.814013
0.786838
0.770267
0.739407
0.707574
0.673955
0.641466
0.610303
0.581142
0.554016
0.529021
0.50602
0.484896
0.465844
0.825813
0.797306
0.77924
0.747073
0.714167
0.679654
0.64642
0.614631
0.584944
0.557371
0.531994
0.508676
0.487303
0.467961
0.835319
0.805733
0.786462
0.753241
0.71947
0.684237
0.650404
0.618111
0.588
0.560068
0.534383
0.51081
0.489237
0.469659
0.842488
0.812086
0.791904
0.757889
0.723466
0.68769
0.653404
0.620732
0.590301
0.562097
0.53618
0.512416
0.490691
0.470934
0.847289
0.816339
0.795548
0.761
0.72614
0.69
0.655412
0.622485
0.591839
0.563454
0.537382
0.513489
0.491663
0.471785
0.8497
0.818475
0.797377
0.762562
0.727483
0.69116
0.656419
0.623364
0.592611
0.564135
0.537985
0.514028
0.492153
0.472226
0.849712
0.818485
0.797386
0.762569
0.727489
0.691165
0.656423
0.623367
0.592613
0.564137
0.537986
0.51403
0.492155
0.472232
0.847323
0.816369
0.795573
0.761022
0.726158
0.690014
0.655423
0.622493
0.591846
0.563459
0.537385
0.513491
0.491665
0.471787
0.842544
0.812135
0.791947
0.757925
0.723495
0.687713
0.653422
0.620745
0.59031
0.562103
0.536183
0.512417
0.490691
0.470931
0.835397
0.8058
0.78652
0.75329
0.71951
0.684268
0.650428
0.618128
0.588011
0.560074
0.534385
0.51081
0.489234
0.469652
0.825911
0.79739
0.779313
0.747133
0.714216
0.679692
0.646449
0.614651
0.584956
0.557377
0.531995
0.508675
0.487298
0.46795
0.814129
0.786939
0.770353
0.739478
0.707631
0.673999
0.641498
0.610324
0.581154
0.554021
0.529021
0.506016
0.484889
0.465829
0.800102
0.774488
0.759675
0.730352
0.69978
0.66721
0.635593
0.605162
0.576617
0.550015
0.52547
0.502843
0.482013
0.463295
0.783891
0.760087
0.747319
0.719789
0.69069
0.659347
0.628753
0.599181
0.571359
0.545372
0.521353
0.499164
0.478677
0.460352
0.765568
0.743796
0.733332
0.707826
0.680393
0.650437
0.620999
0.592399
0.565396
0.540104
0.516681
0.494988
0.474891
0.457007
0.745212
0.725679
0.717768
0.694509
0.668925
0.64051
0.612358
0.584839
0.558746
0.534227
0.511467
0.490327
0.470664
0.453265
0.722914
0.70581
0.700685
0.679885
0.656327
0.629601
0.602857
0.576523
0.551429
0.527759
0.505726
0.485194
0.466008
0.449135
0.698771
0.68427
0.682148
0.664008
0.642642
0.617746
0.592528
0.567478
0.543467
0.520716
0.499473
0.479602
0.460934
0.444626
0.672889
0.661146
0.662229
0.646936
0.627919
0.604984
0.581404
0.557732
0.534884
0.513121
0.492725
0.473567
0.455456
0.439746
0.645383
0.636531
0.641002
0.62873
0.61221
0.591359
0.56952
0.547315
0.525704
0.504993
0.485501
0.467103
0.449588
0.434505
0.616373
0.610525
0.618549
0.609457
0.595568
0.576917
0.556915
0.536259
0.515956
0.496357
0.47782
0.460229
0.443344
0.428914
0.585987
0.583235
0.594954
0.589185
0.578052
0.561704
0.543629
0.524598
0.505668
0.487236
0.469702
0.452961
0.436741
0.422985
0.55436
0.55477
0.570308
0.567989
0.559722
0.545773
0.529704
0.512367
0.494869
0.477656
0.46117
0.44532
0.429794
0.416728
0.521631
0.525248
0.544702
0.545944
0.54064
0.529174
0.515185
0.499603
0.483592
0.467643
0.452246
0.437324
0.42252
0.410156
0.487943
0.494789
0.518235
0.523129
0.520873
0.511962
0.500116
0.486345
0.471868
0.457225
0.442954
0.428994
0.414938
0.403281
0.453446
0.463516
0.491006
0.499626
0.500488
0.494194
0.484544
0.472633
0.459731
0.44643
0.433318
0.420353
0.407066
0.396114
0.41829
0.431558
0.463118
0.475517
0.479553
0.475927
0.468518
0.458506
0.447215
0.435287
0.423362
0.411423
0.398924
0.388666
0.38263
0.399044
0.434675
0.450887
0.458139
0.457219
0.452086
0.444005
0.434355
0.423826
0.413111
0.402228
0.390535
0.380948
0.346621
0.36611
0.405785
0.425824
0.436317
0.43813
0.435299
0.429174
0.421188
0.412078
0.402592
0.392792
0.381923
0.372968
0.31042
0.332889
0.376554
0.400414
0.414159
0.41872
0.418207
0.414054
0.407749
0.400072
0.391828
0.383142
0.37312
0.364734
0.274183
0.299517
0.347093
0.374745
0.391738
0.399048
0.400859
0.398687
0.394074
0.38784
0.380843
0.373299
0.364166
0.356256
0.238066
0.266129
0.317509
0.348904
0.369126
0.379177
0.383309
0.383118
0.3802
0.375415
0.369662
0.363285
0.355113
0.347545
0.202225
0.232858
0.287912
0.322979
0.346395
0.359166
0.365605
0.367387
0.366164
0.362829
0.358307
0.353109
0.346038
0.338674
0.166813
0.199839
0.258411
0.297056
0.323618
0.339074
0.347798
0.351539
0.352001
0.350114
0.346807
0.342767
0.337015
0.329705
0.131979
0.1672
0.229113
0.27122
0.300866
0.318962
0.329939
0.335614
0.337746
0.337303
0.335194
0.332237
0.328045
0.32105
0.0978663
0.135071
0.200124
0.245555
0.278207
0.298887
0.312075
0.319656
0.323432
0.324424
0.32351
0.321551
0.318788
0.313618
0.0646105
0.10357
0.171545
0.220141
0.25571
0.278907
0.294257
0.303703
0.309096
0.311503
0.311792
0.310794
0.309236
0.306036
0.0323516
0.0727984
0.143476
0.195057
0.233442
0.259077
0.276529
0.287797
0.294769
0.298566
0.300057
0.300022
0.299464
0.297783
0.00131084
0.0428262
0.116007
0.170377
0.211467
0.239451
0.258939
0.271977
0.280487
0.285639
0.288318
0.289254
0.289588
0.289065
-0.0285068
0.0139134
0.0892096
0.146175
0.189848
0.22008
0.241529
0.256279
0.266282
0.272749
0.27659
0.278496
0.279678
0.280157
-0.0570056
-0.0137811
0.0631011
0.122527
0.168645
0.201016
0.224343
0.24074
0.252184
0.259924
0.264893
0.267756
0.269761
0.271164
-0.0840747
-0.0399746
0.037584
0.0995139
0.147916
0.182305
0.207421
0.225394
0.238223
0.247188
0.25325
0.25705
0.259848
0.26211
-0.109633
-0.0648322
0.0129922
0.0772296
0.127712
0.163993
0.190803
0.210274
0.224427
0.234568
0.241681
0.246393
0.249951
0.253013
-0.133609
-0.0884247
-0.0104426
0.0557427
0.108085
0.146124
0.174524
0.195411
0.210824
0.222088
0.230209
0.235802
0.240086
0.243899
-0.155935
-0.110632
-0.0326931
0.0350929
0.0890845
0.128739
0.15862
0.180835
0.197438
0.209768
0.218852
0.225295
0.230273
0.23479
-0.176553
-0.131329
-0.0537582
0.0153153
0.0707548
0.111873
0.143121
0.166573
0.184294
0.197631
0.207628
0.214887
0.220527
0.225708
-0.195422
-0.150437
-0.0736065
-0.00354967
0.0531335
0.0955625
0.128059
0.15265
0.171414
0.185696
0.196557
0.204594
0.210864
0.21667
-0.212515
-0.167906
-0.0921913
-0.0214581
0.0362467
0.0798424
0.113459
0.13909
0.158819
0.173981
0.185653
0.19443
0.201298
0.20769
-0.227819
-0.1837
-0.109469
-0.0383699
0.0200897
0.0647681
0.0993452
0.125913
0.146526
0.162504
0.174932
0.184409
0.19184
0.198782
-0.24133
-0.19779
-0.125406
-0.0542485
0.0047472
0.0503061
0.0857377
0.113139
0.134554
0.151279
0.164408
0.174543
0.182501
0.189958
-0.253058
-0.210161
-0.139973
-0.0690677
-0.00975106
0.0364685
0.0726493
0.100788
0.122916
0.14032
0.154094
0.164844
0.17329
0.181231
-0.263025
-0.220813
-0.153152
-0.0828093
-0.0233986
0.0233004
0.0600673
0.0888807
0.111629
0.129641
0.144
0.155324
0.164215
0.17261
-0.271264
-0.229756
-0.164929
-0.095459
-0.0361896
0.0108217
0.0480391
0.0773885
0.100707
0.119252
0.134136
0.145994
0.155283
0.164104
-0.277818
-0.237019
-0.175301
-0.107006
-0.0481163
-0.000962817
0.0365793
0.0663467
0.090132
0.109164
0.12451
0.13686
0.146507
0.155718
-0.282739
-0.242643
-0.184271
-0.117445
-0.0591732
-0.0120522
0.0256874
0.0557697
0.0799285
0.0993703
0.115122
0.127919
0.137912
0.147442
-0.286092
-0.246685
-0.191853
-0.126778
-0.0693588
-0.022446
0.0153613
0.0456585
0.0701071
0.0898853
0.105982
0.119137
0.129551
0.139246
-0.287949
-0.249217
-0.198068
-0.13501
-0.0786765
-0.0321455
0.00560017
0.0360116
0.0606692
0.0807156
0.0971025
0.110575
0.12136
0.131116
-0.288389
-0.250326
-0.202946
-0.142155
-0.0871335
-0.041155
-0.00359837
0.0268271
0.0516136
0.0718631
0.0884893
0.102237
0.113319
0.1232
-0.287503
-0.250112
-0.206527
-0.148231
-0.0947414
-0.0494823
-0.0122392
0.0181023
0.0429388
0.063327
0.0801401
0.0941169
0.105447
0.115502
-0.285385
-0.248691
-0.208856
-0.153264
-0.101515
-0.0571382
-0.0203301
0.00983245
0.034642
0.0551056
0.0720527
0.0862126
0.0977575
0.107976
-0.282139
-0.246191
-0.209987
-0.157286
-0.107475
-0.0641362
-0.0278812
0.00201048
0.0267189
0.0471962
0.0642257
0.0785249
0.09025
0.100594
-0.277874
-0.242743
-0.209987
-0.160335
-0.112641
-0.0704923
-0.0349049
-0.0053727
0.0191633
0.0395951
0.0566574
0.0710529
0.0829241
0.0933524
-0.272703
-0.238484
-0.208929
-0.162456
-0.117041
-0.0762247
-0.0414156
-0.0123279
0.0119674
0.0322972
0.0493447
0.0637945
0.0757793
0.0862562
-0.266744
-0.233551
-0.206902
-0.1637
-0.120704
-0.0813537
-0.0474293
-0.0188676
0.00512215
0.025296
0.0422833
0.0567464
0.0688152
0.0793087
-0.260119
-0.228074
-0.204006
-0.164126
-0.12366
-0.0859017
-0.0529634
-0.0250054
-0.00138297
0.0185836
0.0354678
0.0499047
0.0620296
0.0725112
-0.252951
-0.222178
-0.200351
-0.163795
-0.125944
-0.0898923
-0.0580366
-0.0307561
-0.00755949
0.0121513
0.0288921
0.043265
0.0554193
0.0658633
-0.245361
-0.215974
-0.196059
-0.162773
-0.127593
-0.0933507
-0.0626683
-0.0361356
-0.0134199
0.00598941
0.0225492
0.0368218
0.04898
0.0593633
-0.23747
-0.209563
-0.19126
-0.161131
-0.128647
-0.096303
-0.0668784
-0.0411602
-0.0189776
8.73463e-05
0.0164312
0.0305696
0.042707
0.0530088
-0.229392
-0.203034
-0.186087
-0.158942
-0.129148
-0.0987762
-0.0706872
-0.0458467
-0.0242462
-0.00556615
0.0105295
0.0245018
0.0365948
0.0467966
-0.221235
-0.196462
-0.180671
-0.156283
-0.12914
-0.100798
-0.0741148
-0.0502118
-0.0292402
-0.0109829
0.004835
0.0186115
0.0306379
0.0407231
-0.213096
-0.189914
-0.175136
-0.153231
-0.128672
-0.102395
-0.077181
-0.0542722
-0.0339736
-0.016175
-0.000662141
0.0128913
0.0248298
0.0347838
-0.205061
-0.183448
-0.169591
-0.149871
-0.127791
-0.103596
-0.0799048
-0.058044
-0.0384608
-0.0211549
-0.0059721
0.00733322
0.0191639
0.0289741
-0.1972
-0.177113
-0.164125
-0.146288
-0.12655
-0.10443
-0.0823046
-0.0615423
-0.0427153
-0.0259349
-0.0111054
0.0019291
0.0136333
0.0232886
-0.189573
-0.170955
-0.158804
-0.14257
-0.125003
-0.104924
-0.0843982
-0.0647812
-0.0467502
-0.030527
-0.0160725
-0.00332956
0.00823049
-0.182224
-0.165015
-0.153676
-0.138804
-0.123203
-0.105109
-0.0862021
-0.0677736
-0.0505772
-0.0349428
-0.0208842
-0.175186
-0.159325
-0.148767
-0.135071
-0.121207
-0.105015
-0.0877326
-0.0705306
-0.054207
-0.039193
-0.168481
-0.153914
-0.144093
-0.13144
-0.119075
-0.104674
-0.0890052
-0.0730616
-0.0576484
-0.0432872
-0.162124
-0.1488
-0.139662
-0.127965
-0.116866
-0.104123
-0.0900356
-0.0753746
-0.0609081
-0.156124
-0.143995
-0.135479
-0.124678
-0.114641
-0.103397
-0.0908402
-0.077476
-0.150484
-0.1395
-0.13155
-0.121593
-0.112456
-0.102537
-0.0914366
-0.145202
-0.135311
-0.127879
-0.118714
-0.110357
-0.101586
-0.0918453
-0.140274
-0.131419
-0.124467
-0.116036
-0.10838
-0.100588
-0.135692
-0.127812
-0.121313
-0.113556
-0.106542
-0.131445
-0.124473
-0.118411
-0.111268
-0.104849
-0.12752
-0.121389
-0.11575
-0.109172
-0.123902
-0.118543
-0.113316
-0.107264
-0.120574
-0.115917
-0.111095
-0.117518
-0.113496
-0.109068
-0.114712
-0.11126
-0.107218
-0.112135
-0.109195
-0.109755
-0.10729
-0.107558
-0.105521
-0.105525
-0.103633
-0.101859
-0.100183
-0.0985868
0.0917989
0.085016
0.0783526
0.0718087
0.0653838
0.0590768
0.052886
0.046809
0.0408433
0.0349855
0.0292322
0.094049
0.0874184
0.0808979
0.074487
0.0681851
0.0619914
0.0559043
0.0499221
0.0440425
0.0382631
0.0325808
0.0962305
0.0897836
0.0834394
0.0771972
0.0710565
0.0650165
0.0590761
0.053234
0.0474882
0.0418369
0.0362776
0.0983733
0.0920939
0.0859087
0.0798171
0.0738188
0.0679131
0.0620992
0.056376
0.0507419
0.0451952
0.0397341
0.10046
0.0943412
0.0883074
0.0823586
0.0764945
0.0707146
0.065018
0.0594039
0.053871
0.0484176
0.0430422
0.102485
0.0965257
0.0906434
0.0848382
0.0791098
0.0734579
0.0678818
0.0623807
0.0569534
0.0515987
0.046315
0.104451
0.0986502
0.0929193
0.0872584
0.0816675
0.0761462
0.0706941
0.0653106
0.0599946
0.0547452
0.0495611
0.10636
0.100715
0.0951348
0.0896178
0.0841644
0.0787745
0.0734479
0.0681839
0.0629821
0.0578415
0.0527612
0.108211
0.102721
0.0972894
0.0919151
0.0865988
0.0813403
0.0761395
0.0709963
0.06591
0.0608801
0.0559058
0.110004
0.104667
0.0993825
0.0941499
0.0889699
0.0838426
0.0787682
0.0737463
0.0687768
0.0638592
0.0589929
0.111741
0.106554
0.101414
0.0963217
0.0912772
0.0862809
0.0813328
0.0764329
0.0715811
0.0667772
0.0620208
0.113421
0.108381
0.103384
0.0984304
0.0935202
0.0886541
0.0838322
0.0790545
0.0743211
0.0696319
0.0649868
0.115043
0.110148
0.105292
0.100475
0.0956983
0.0909615
0.0862652
0.0816096
0.0769949
0.0724211
0.0678881
0.116607
0.111855
0.107138
0.102456
0.0978107
0.0932021
0.0886307
0.0840967
0.0796006
0.0751424
0.0707223
0.118115
0.113503
0.108922
0.104373
0.0998571
0.0953753
0.0909276
0.0865146
0.0821366
0.0777939
0.0734868
0.119566
0.115091
0.110643
0.106225
0.101837
0.0974805
0.0931552
0.088862
0.0846013
0.0803736
0.0761793
0.120962
0.11662
0.112303
0.108013
0.103751
0.0995171
0.0953126
0.0911378
0.0869934
0.0828798
0.0787976
0.122302
0.11809
0.113901
0.109737
0.105598
0.101485
0.0973991
0.0933411
0.0893115
0.0853109
0.0813399
0.123588
0.119503
0.115438
0.111396
0.107378
0.103384
0.0994143
0.0954711
0.0915545
0.0876654
0.0838043
0.124819
0.120858
0.116915
0.112992
0.109091
0.105213
0.101358
0.097527
0.0937215
0.089942
0.0861891
0.125998
0.122155
0.11833
0.114524
0.110738
0.106972
0.103229
0.0995083
0.0958116
0.0921395
0.0884929
0.127123
0.123397
0.119686
0.115993
0.112318
0.108662
0.105028
0.101414
0.0978239
0.094257
0.0907144
0.128197
0.124582
0.120982
0.117398
0.113831
0.110283
0.106754
0.103245
0.0997579
0.0962933
0.0928523
0.129219
0.125712
0.122219
0.118741
0.115279
0.111833
0.108407
0.104999
0.101613
0.0982479
0.0949055
0.13019
0.126787
0.123397
0.120021
0.116659
0.113314
0.109987
0.106677
0.103388
0.10012
0.0968731
0.13111
0.127808
0.124517
0.121239
0.117975
0.114726
0.111493
0.108279
0.105083
0.101908
0.098754
0.131983
0.128776
0.125579
0.122395
0.119224
0.116067
0.112927
0.109803
0.106698
0.103612
0.100547
0.132804
0.129688
0.126583
0.123488
0.120407
0.117339
0.114286
0.11125
0.108231
0.105232
0.102252
0.133574
0.130546
0.127528
0.124519
0.121523
0.11854
0.115571
0.112618
0.109683
0.106766
0.103868
0.134296
0.131351
0.128415
0.125488
0.122573
0.11967
0.116782
0.113908
0.111052
0.108213
0.105393
0.134968
0.132102
0.129244
0.126395
0.123556
0.12073
0.117917
0.115119
0.112337
0.109572
0.106826
0.135591
0.132799
0.130014
0.127238
0.124472
0.121718
0.118977
0.11625
0.113538
0.110844
0.108167
0.136165
0.133442
0.130726
0.128019
0.125321
0.122634
0.11996
0.117299
0.114654
0.112025
0.109413
0.136689
0.134031
0.131379
0.128736
0.126101
0.123477
0.120865
0.118267
0.115683
0.113114
0.110563
0.137164
0.134565
0.131972
0.129388
0.126812
0.124246
0.121692
0.11915
0.116623
0.114111
0.111615
0.137586
0.135042
0.132504
0.129973
0.127451
0.124938
0.122437
0.119947
0.117472
0.115011
0.112566
0.137957
0.135462
0.132973
0.130491
0.128017
0.125552
0.123098
0.120656
0.118227
0.115812
0.113412
0.138273
0.135822
0.133377
0.130938
0.128507
0.126084
0.123673
0.121272
0.118884
0.11651
0.11415
0.138534
0.136121
0.133713
0.131312
0.128918
0.126533
0.124158
0.121794
0.119441
0.117102
0.114777
0.13873
0.136349
0.133973
0.131604
0.129241
0.126887
0.124543
0.122209
0.119886
0.117576
0.115279
0.138874
0.136519
0.134169
0.131824
0.129486
0.127156
0.124835
0.122524
0.120223
0.117934
0.115658
0.113396
0.138922
0.136587
0.134258
0.131935
0.129619
0.12731
0.125011
0.12272
0.12044
0.118171
0.115914
0.113669
0.315216
0.307154
0.29941
0.291624
0.283373
0.27496
0.266525
0.25805
0.249542
0.241027
0.232523
0.224043
0.215601
0.207207
0.198871
0.190603
0.182409
0.174297
0.166273
0.158342
0.150511
0.142779
0.135087
0.127511
0.120109
0.112856
0.105722
0.0987013
0.311893
0.303556
0.295347
0.287669
0.279615
0.271392
0.263197
0.254991
0.246761
0.238532
0.23032
0.222135
0.213987
0.205885
0.197837
0.189851
0.181933
0.174088
0.166319
0.158627
0.151011
0.143473
0.136152
0.128844
0.121651
0.114588
0.107637
0.100789
0.307775
0.299513
0.291013
0.283479
0.275719
0.267726
0.259773
0.251837
0.243883
0.235932
0.228003
0.220104
0.212241
0.204423
0.196658
0.18895
0.181307
0.173732
0.16623
0.158802
0.151456
0.14421
0.137107
0.13002
0.123036
0.116179
0.10943
0.10278
0.303291
0.29534
0.286761
0.279363
0.271923
0.264191
0.256477
0.248812
0.241139
0.233467
0.22582
0.218204
0.210624
0.203086
0.195598
0.188163
0.180789
0.173478
0.166234
0.159062
0.151971
0.144969
0.138076
0.131203
0.124427
0.117769
0.111212
0.104747
0.298685
0.291113
0.282585
0.275309
0.268174
0.260723
0.253252
0.24585
0.238455
0.23106
0.223689
0.21635
0.209046
0.201782
0.194563
0.187395
0.180282
0.173227
0.166235
0.159309
0.152457
0.145683
0.139007
0.132349
0.125782
0.119321
0.112951
0.106664
0.294065
0.286863
0.27848
0.271333
0.264483
0.257325
0.2501
0.242954
0.235832
0.22871
0.221608
0.214538
0.207502
0.200503
0.193546
0.186636
0.179776
0.17297
0.166222
0.159534
0.152914
0.146364
0.1399
0.133451
0.127086
0.120818
0.114632
0.108521
0.289471
0.282616
0.274444
0.267446
0.26086
0.253997
0.247026
0.24013
0.233273
0.226419
0.21958
0.212772
0.205996
0.199255
0.192552
0.185892
0.179278
0.172713
0.166201
0.159744
0.153349
0.147018
0.14076
0.134511
0.128342
0.122264
0.116259
0.110322
0.28493
0.278397
0.270482
0.263654
0.257315
0.250741
0.244029
0.237378
0.230779
0.224186
0.217605
0.211051
0.204528
0.198037
0.191581
0.185163
0.178787
0.172456
0.166172
0.159939
0.153762
0.147642
0.141585
0.13553
0.129554
0.123661
0.117834
0.112067
0.280465
0.274233
0.266599
0.25996
0.253856
0.247562
0.24111
0.234701
0.228351
0.222013
0.215683
0.209376
0.203097
0.196848
0.190631
0.184447
0.178302
0.172197
0.166135
0.160118
0.154152
0.148236
0.142376
0.136508
0.13072
0.125011
0.119358
0.113757
0.276091
0.27014
0.262802
0.256366
0.250487
0.244461
0.238267
0.232098
0.225989
0.219898
0.213812
0.207745
0.201704
0.195689
0.189702
0.183746
0.177823
0.171936
0.166088
0.160282
0.154521
0.148806
0.143132
0.137444
0.131841
0.126312
0.12083
0.115393
0.271818
0.266133
0.259096
0.252874
0.247212
0.241443
0.235503
0.22957
0.223695
0.217842
0.211993
0.206159
0.200347
0.194558
0.188794
0.183057
0.177349
0.171673
0.166031
0.160425
0.154863
0.149352
0.143899
0.138367
0.132932
0.12757
0.122252
0.116975
0.267654
0.262221
0.255487
0.249484
0.244034
0.23851
0.232818
0.227116
0.221468
0.215845
0.210226
0.204617
0.199026
0.193456
0.187908
0.182382
0.176882
0.171409
0.165965
0.160551
0.155167
0.149809
0.144476
0.139245
0.134002
0.12879
0.123625
0.118502
0.263605
0.25841
0.251978
0.246197
0.240953
0.235663
0.230212
0.224737
0.219309
0.213908
0.20851
0.203119
0.197742
0.192383
0.187042
0.18172
0.17642
0.171143
0.16589
0.160663
0.155461
0.150289
0.145157
0.140096
0.135017
0.129958
0.124945
0.119975
0.259675
0.254708
0.248571
0.243015
0.23797
0.232905
0.227685
0.222432
0.217217
0.21203
0.206845
0.201664
0.196494
0.191338
0.186197
0.181072
0.175965
0.170877
0.16581
0.160764
0.155743
0.150749
0.145789
0.140885
0.135971
0.131072
0.126212
0.121392
0.255869
0.251118
0.245271
0.239936
0.235086
0.230235
0.225239
0.2202
0.215193
0.21021
0.205231
0.200253
0.195281
0.190321
0.185372
0.180437
0.175516
0.170611
0.165723
0.160854
0.156006
0.151182
0.146387
0.141637
0.136881
0.13214
0.127431
0.122757
0.252187
0.247644
0.242078
0.236963
0.232302
0.227654
0.222873
0.218042
0.213235
0.20845
0.203668
0.198884
0.194104
0.189332
0.184569
0.179816
0.175074
0.170345
0.16563
0.160931
0.15625
0.15159
0.146955
0.142355
0.137752
0.133162
0.1286
0.124069
0.248633
0.244287
0.238993
0.234095
0.229616
0.225163
0.220587
0.215957
0.211342
0.206747
0.202155
0.197558
0.192962
0.18837
0.183785
0.179208
0.174638
0.170079
0.165531
0.160995
0.156475
0.151973
0.147491
0.143038
0.138582
0.134139
0.129721
0.125329
0.245208
0.24105
0.236018
0.231331
0.22703
0.222761
0.218382
0.213945
0.209516
0.205103
0.200691
0.196274
0.191854
0.187437
0.183023
0.178613
0.17421
0.169813
0.165425
0.161048
0.156682
0.152331
0.147998
0.143687
0.139374
0.135073
0.130793
0.126536
0.241912
0.237933
0.233153
0.228671
0.224541
0.220449
0.216256
0.212005
0.207754
0.203516
0.199277
0.195032
0.190782
0.186531
0.182281
0.178033
0.173788
0.169548
0.165314
0.161088
0.156871
0.152666
0.148476
0.144303
0.140128
0.135963
0.131818
0.127693
0.238745
0.234937
0.230398
0.226115
0.22215
0.218225
0.214211
0.210137
0.206057
0.201986
0.197913
0.193832
0.189744
0.185652
0.181559
0.177466
0.173374
0.169284
0.165197
0.161117
0.157043
0.152979
0.148925
0.144886
0.140845
0.136812
0.132797
0.128799
0.235709
0.232062
0.227753
0.223662
0.219855
0.21609
0.212244
0.208339
0.204423
0.200512
0.196597
0.192673
0.18874
0.184801
0.180858
0.176913
0.172967
0.16902
0.165076
0.161135
0.157198
0.153269
0.149348
0.145438
0.141525
0.13762
0.13373
0.129856
0.232801
0.229308
0.225217
0.221311
0.217656
0.214042
0.210356
0.206612
0.202853
0.199094
0.19533
0.191556
0.18777
0.183976
0.180177
0.176374
0.172567
0.168758
0.16495
0.161142
0.157337
0.153537
0.149744
0.145959
0.142169
0.138387
0.134619
0.130864
0.230022
0.226676
0.222791
0.219061
0.215552
0.212082
0.208547
0.204956
0.201346
0.197732
0.194112
0.190479
0.186834
0.18318
0.179517
0.175849
0.172175
0.168498
0.164819
0.16114
0.157461
0.153785
0.150114
0.146449
0.142779
0.139115
0.135463
0.131824
0.227372
0.224163
0.220473
0.216912
0.213542
0.210207
0.206815
0.203369
0.199901
0.196425
0.192941
0.189444
0.185933
0.18241
0.178878
0.175338
0.171792
0.168241
0.164685
0.161128
0.15757
0.154014
0.15046
0.14691
0.143353
0.139803
0.136265
0.132737
0.224849
0.22177
0.218263
0.214862
0.211625
0.208419
0.20516
0.201851
0.198517
0.195173
0.191818
0.188449
0.185065
0.181668
0.17826
0.174842
0.171417
0.167985
0.164548
0.161108
0.157666
0.154223
0.150782
0.147342
0.143893
0.140452
0.137023
0.133602
0.222452
0.219497
0.216161
0.212911
0.2098
0.206715
0.203583
0.200402
0.197195
0.193976
0.190743
0.187495
0.184231
0.180953
0.177663
0.174361
0.171051
0.167733
0.164408
0.161079
0.157746
0.154414
0.151084
0.147754
0.144407
0.141069
0.137741
0.134422
0.220181
0.217341
0.214166
0.211058
0.208066
0.205096
0.202082
0.199022
0.195935
0.192833
0.189716
0.186582
0.183432
0.180266
0.177087
0.173896
0.170694
0.167483
0.164265
0.16104
0.157811
0.154578
0.151343
0.14811
0.144886
0.141657
0.138426
0.1352
0.218035
0.215304
0.212277
0.209302
0.206423
0.20356
0.200657
0.197711
0.194736
0.191744
0.188736
0.18571
0.182667
0.179607
0.176533
0.173446
0.170347
0.167239
0.164121
0.160996
0.157865
0.15473
0.151593
0.148458
0.145336
0.142202
0.139064
0.135929
0.216014
0.213383
0.210495
0.207644
0.204871
0.202108
0.199309
0.196468
0.193599
0.19071
0.187804
0.184879
0.181937
0.178977
0.176002
0.173013
0.170012
0.166999
0.163977
0.160947
0.15791
0.154869
0.151826
0.148783
0.145748
0.142704
0.139656
0.136611
0.214118
0.21158
0.208819
0.206084
0.203409
0.20074
0.198037
0.195294
0.192523
0.189731
0.18692
0.184091
0.181242
0.178376
0.175494
0.172597
0.169687
0.166766
0.163834
0.160893
0.157946
0.154993
0.152037
0.149081
0.146129
0.143171
0.140209
0.137249
0.212346
0.209894
0.20725
0.204621
0.202038
0.199456
0.196841
0.19419
0.191509
0.188807
0.186085
0.183344
0.180583
0.177805
0.175009
0.172199
0.169375
0.166538
0.163691
0.160835
0.157971
0.155101
0.152228
0.149353
0.14648
0.143602
0.140721
0.137842
0.210698
0.208326
0.205788
0.203257
0.200758
0.198256
0.195723
0.193155
0.190558
0.187939
0.1853
0.18264
0.179961
0.177264
0.174549
0.171819
0.169075
0.166318
0.16355
0.160772
0.157986
0.155194
0.152398
0.1496
0.146802
0.143999
0.141194
0.13839
0.209176
0.206876
0.204434
0.201991
0.19957
0.197141
0.194683
0.192191
0.189671
0.187128
0.184564
0.18198
0.179376
0.176753
0.174113
0.171458
0.168787
0.166104
0.16341
0.160705
0.157992
0.155273
0.152548
0.149821
0.147094
0.144362
0.141627
0.138894
0.207782
0.205546
0.203189
0.200826
0.198475
0.196113
0.193722
0.191299
0.188849
0.186375
0.18388
0.181365
0.178829
0.176275
0.173704
0.171116
0.168514
0.165899
0.163272
0.160635
0.157989
0.155337
0.152679
0.150018
0.147356
0.144689
0.142021
0.139353
0.206517
0.204337
0.202057
0.199764
0.197475
0.195172
0.192841
0.19048
0.188092
0.185681
0.183248
0.180795
0.178322
0.17583
0.17332
0.170795
0.168255
0.165702
0.163137
0.160561
0.157977
0.155386
0.15279
0.15019
0.147588
0.144982
0.142374
0.139767
0.205384
0.203254
0.201038
0.198807
0.196573
0.194322
0.192044
0.189737
0.187404
0.185048
0.182671
0.180272
0.177855
0.175418
0.172964
0.170495
0.168011
0.165514
0.163005
0.160485
0.157957
0.155422
0.152881
0.150336
0.14779
0.145239
0.142687
0.140135
0.204387
0.202298
0.200138
0.19796
0.195772
0.193565
0.191333
0.189072
0.186787
0.184479
0.182149
0.179799
0.17743
0.175042
0.172637
0.170217
0.167783
0.165335
0.162876
0.160406
0.157928
0.155443
0.152952
0.150458
0.147961
0.14546
0.142958
0.140456
0.203533
0.201477
0.199361
0.197225
0.195075
0.192906
0.19071
0.188489
0.186243
0.183975
0.181686
0.179377
0.177049
0.174703
0.172341
0.169963
0.167571
0.165167
0.162751
0.160325
0.157891
0.15545
0.153003
0.150552
0.148099
0.145643
0.143186
0.140728
0.202827
0.200795
0.198714
0.19661
0.194489
0.192348
0.190182
0.187991
0.185776
0.18354
0.181284
0.179008
0.176714
0.174403
0.172075
0.169733
0.167378
0.16501
0.162631
0.160243
0.157846
0.155443
0.153035
0.150622
0.148207
0.145789
0.14337
0.140951
0.202279
0.200262
0.198203
0.196122
0.194021
0.191899
0.189754
0.187584
0.185393
0.18318
0.180947
0.178696
0.176428
0.174142
0.171842
0.169527
0.1672
0.16486
0.162511
0.160152
0.157785
0.155412
0.153034
0.150652
0.14827
0.145886
0.1435
0.141114
0.201898
0.199886
0.197837
0.195767
0.193677
0.191565
0.189432
0.187276
0.185099
0.182902
0.180687
0.178453
0.176203
0.173938
0.171658
0.169364
0.167059
0.164742
0.162416
0.160082
0.15774
0.155392
0.153039
0.150682
0.148322
0.145959
0.143595
0.141233
0.201705
0.199688
0.197636
0.195561
0.193465
0.191349
0.189211
0.187052
0.184874
0.182677
0.180463
0.178233
0.175987
0.173728
0.171455
0.169171
0.166876
0.164572
0.162259
0.159939
0.157613
0.155282
0.152948
0.150613
0.148278
0.145942
0.143603
0.141262
0.322166
0.322864
0.324117
0.32583
0.327893
0.330234
0.332738
0.335337
0.337896
0.340347
0.342526
0.344383
0.345714
0.346519
0.346522
0.345843
0.344043
0.341503
0.337351
0.332453
0.324081
0.3215
0.322161
0.323348
0.32497
0.326914
0.329107
0.331434
0.333827
0.336148
0.338328
0.340204
0.341726
0.342694
0.343102
0.34269
0.341555
0.339313
0.336237
0.331671
0.326011
0.31838
0.320799
0.321421
0.322538
0.324059
0.325874
0.327908
0.330046
0.332218
0.33429
0.336192
0.337764
0.338955
0.339574
0.339613
0.338833
0.337312
0.334725
0.331266
0.326486
0.320617
0.313635
0.320061
0.320642
0.321686
0.323102
0.32478
0.326647
0.328588
0.330533
0.332348
0.333963
0.335224
0.336081
0.33635
0.336024
0.334886
0.332995
0.330091
0.326304
0.321365
0.315417
0.308675
0.319285
0.319824
0.320792
0.322099
0.323637
0.325333
0.327073
0.328786
0.330341
0.331668
0.332617
0.333139
0.333064
0.332378
0.330893
0.32865
0.325449
0.321376
0.316293
0.310291
0.303658
0.318471
0.318967
0.319856
0.321051
0.322446
0.323967
0.325502
0.32698
0.328271
0.329309
0.329949
0.33014
0.329728
0.328693
0.326879
0.324307
0.320837
0.316522
0.311311
0.305287
0.298756
0.317617
0.318069
0.318877
0.319956
0.321204
0.322546
0.323872
0.325112
0.326139
0.326887
0.327219
0.327085
0.326346
0.324977
0.322851
0.319977
0.316264
0.311749
0.306435
0.300416
0.293986
0.316722
0.317128
0.317853
0.318814
0.319911
0.32107
0.322185
0.323183
0.323945
0.324403
0.324432
0.323979
0.322922
0.321234
0.318815
0.315667
0.311737
0.307056
0.301662
0.295662
0.28933
0.315784
0.316144
0.316784
0.317624
0.318566
0.31954
0.32044
0.321195
0.321692
0.321862
0.321592
0.320827
0.319465
0.317474
0.314781
0.311384
0.307261
0.302444
0.29699
0.291018
0.284781
0.314804
0.315117
0.315668
0.316385
0.31717
0.317955
0.318638
0.319149
0.319381
0.319267
0.318703
0.317636
0.31598
0.313704
0.310756
0.307136
0.302844
0.297916
0.292422
0.286482
0.28034
0.31378
0.314045
0.314507
0.315096
0.315722
0.316316
0.316781
0.317048
0.317017
0.316622
0.315771
0.314412
0.312476
0.309932
0.30675
0.30293
0.298491
0.293475
0.287957
0.282056
0.276011
0.312712
0.312928
0.313299
0.313759
0.314223
0.314624
0.314871
0.314894
0.314602
0.313932
0.312801
0.311162
0.308959
0.306167
0.302769
0.298773
0.294209
0.289123
0.283598
0.277744
0.271796
0.3116
0.311766
0.312044
0.312374
0.312674
0.312881
0.312908
0.31269
0.312141
0.311201
0.3098
0.307893
0.305439
0.302416
0.298823
0.294671
0.290004
0.284866
0.279346
0.273546
0.267697
0.310443
0.310558
0.310742
0.31094
0.311076
0.311088
0.310897
0.310438
0.309637
0.308435
0.306773
0.304612
0.301922
0.298687
0.294919
0.290632
0.285879
0.280706
0.275205
0.269465
0.263718
0.309242
0.309305
0.309394
0.309459
0.30943
0.309247
0.308839
0.308144
0.307095
0.305639
0.303728
0.301326
0.298416
0.294988
0.291063
0.286662
0.281841
0.276648
0.271176
0.265505
0.259861
0.307996
0.308008
0.308001
0.307932
0.307737
0.307361
0.306738
0.305811
0.304522
0.302821
0.300671
0.298043
0.294929
0.291327
0.287264
0.282765
0.277894
0.272694
0.267262
0.261666
0.256127
0.306707
0.306667
0.306564
0.306361
0.306001
0.305433
0.304598
0.303444
0.301921
0.299986
0.29761
0.294771
0.29147
0.28771
0.283528
0.278949
0.274042
0.268848
0.263466
0.257951
0.252518
0.305376
0.305284
0.305085
0.304747
0.304223
0.303465
0.302423
0.301048
0.2993
0.297141
0.294552
0.291517
0.288045
0.284146
0.27986
0.275219
0.27029
0.265114
0.259788
0.25436
0.249036
0.304004
0.30386
0.303565
0.303094
0.302408
0.301463
0.300218
0.298629
0.296665
0.294293
0.291504
0.288288
0.284663
0.280641
0.276269
0.271579
0.266642
0.261494
0.256232
0.250896
0.245682
0.302594
0.302398
0.302007
0.301404
0.300558
0.299431
0.297988
0.296193
0.294022
0.29145
0.288475
0.285094
0.28133
0.277202
0.272759
0.268035
0.263101
0.257991
0.2528
0.247559
0.242455
0.301148
0.3009
0.300415
0.299682
0.298678
0.297373
0.295739
0.293746
0.291379
0.288619
0.285472
0.281941
0.278054
0.273835
0.269336
0.264591
0.259671
0.254608
0.249491
0.24435
0.239356
0.299668
0.29937
0.298791
0.29793
0.296773
0.295295
0.293477
0.291296
0.288743
0.285808
0.282503
0.278837
0.274843
0.270548
0.266006
0.261252
0.256355
0.251345
0.246309
0.241268
0.236385
0.298159
0.29781
0.297141
0.296155
0.294849
0.293204
0.291209
0.288849
0.286122
0.283025
0.279576
0.275789
0.271703
0.267346
0.262774
0.258022
0.253156
0.248206
0.243253
0.238315
0.233542
0.296625
0.296227
0.295468
0.294361
0.29291
0.291105
0.288942
0.286413
0.283524
0.280278
0.276699
0.272807
0.268642
0.264236
0.259645
0.254904
0.250077
0.245192
0.240325
0.235491
0.230826
0.29507
0.294625
0.293779
0.292555
0.290965
0.289007
0.286685
0.283997
0.280958
0.277576
0.273881
0.269896
0.265665
0.261223
0.256623
0.251902
0.24712
0.242305
0.237526
0.232795
0.228238
0.293501
0.293009
0.29208
0.290743
0.28902
0.286916
0.284444
0.28161
0.278432
0.274928
0.271129
0.267065
0.262781
0.258312
0.253714
0.249019
0.244289
0.239545
0.234856
0.230228
0.225777
0.291923
0.291387
0.290377
0.288933
0.287083
0.284843
0.28223
0.27926
0.275956
0.272341
0.268452
0.264321
0.259995
0.25551
0.250921
0.24626
0.241584
0.236916
0.232315
0.22779
0.223442
0.290345
0.289767
0.28868
0.287133
0.285164
0.282795
0.280052
0.276956
0.273538
0.269825
0.265858
0.261672
0.257314
0.252823
0.24825
0.243628
0.23901
0.234418
0.229906
0.225481
0.221233
0.288775
0.288155
0.286995
0.285352
0.28327
0.280782
0.277919
0.27471
0.271189
0.26739
0.263356
0.259125
0.254745
0.250255
0.245704
0.241126
0.236568
0.232052
0.227629
0.223301
0.21915
0.287221
0.286563
0.285334
0.2836
0.281414
0.278815
0.275843
0.27253
0.268918
0.265044
0.260954
0.256688
0.252294
0.247812
0.243289
0.238757
0.234261
0.229822
0.225484
0.221251
0.217193
0.285693
0.285
0.283707
0.281888
0.279606
0.276906
0.273833
0.270428
0.266736
0.262798
0.258662
0.254369
0.249969
0.2455
0.241009
0.236525
0.232092
0.227728
0.223473
0.219332
0.215363
0.284204
0.283478
0.282125
0.280229
0.277857
0.275065
0.271903
0.268416
0.264654
0.260662
0.256488
0.252177
0.247777
0.243327
0.238869
0.234436
0.230064
0.225773
0.221599
0.217544
0.213661
0.282765
0.282008
0.280601
0.278633
0.276182
0.273306
0.270064
0.266506
0.262684
0.258646
0.254443
0.250121
0.245726
0.241297
0.236876
0.232492
0.228182
0.223961
0.219863
0.21589
0.212087
0.28139
0.280605
0.279147
0.277116
0.274592
0.271643
0.26833
0.264709
0.260836
0.256762
0.252537
0.248208
0.243823
0.239418
0.235034
0.2307
0.226448
0.222294
0.218269
0.214373
0.210644
0.280093
0.279282
0.27778
0.275691
0.273103
0.270089
0.266715
0.263041
0.259126
0.255021
0.250781
0.246451
0.242077
0.237698
0.233351
0.229064
0.224868
0.220777
0.216819
0.212994
0.209335
0.278889
0.278057
0.276515
0.274376
0.271732
0.268661
0.265235
0.261516
0.257565
0.253437
0.249186
0.244858
0.240499
0.236145
0.231835
0.227593
0.223448
0.219416
0.215519
0.211759
0.208162
0.277797
0.276945
0.275369
0.273186
0.270494
0.267375
0.263905
0.260149
0.25617
0.252024
0.247766
0.243443
0.239099
0.234771
0.230494
0.226293
0.222196
0.218216
0.214374
0.210672
0.207131
0.276834
0.275965
0.27436
0.27214
0.269408
0.266249
0.262743
0.258957
0.254956
0.250797
0.246536
0.242218
0.237889
0.233584
0.229338
0.225175
0.221119
0.217185
0.213392
0.20974
0.206247
0.276019
0.275136
0.273508
0.271258
0.268493
0.265303
0.261768
0.257958
0.25394
0.249773
0.24551
0.241199
0.236884
0.2326
0.22838
0.224248
0.220228
0.216333
0.21258
0.208971
0.205518
0.275374
0.27448
0.272834
0.270561
0.267772
0.264557
0.261001
0.257174
0.253144
0.24897
0.244707
0.240402
0.236099
0.231832
0.227633
0.223527
0.219535
0.215671
0.21195
0.208374
0.204953
0.27492
0.274019
0.27236
0.270072
0.267265
0.264035
0.260463
0.256625
0.252587
0.24841
0.244147
0.239847
0.235552
0.231298
0.227114
0.223026
0.219055
0.215213
0.211515
0.207963
0.204565
0.274681
0.273776
0.272111
0.269814
0.266999
0.26376
0.260181
0.256337
0.252295
0.248116
0.243854
0.239557
0.235266
0.231018
0.226843
0.222764
0.218804
0.214974
0.211288
0.20775
0.204367
0.334368
0.335387
0.337325
0.340052
0.343475
0.347547
0.352223
0.357478
0.363158
0.369318
0.375915
0.382928
0.390315
0.39805
0.40609
0.414414
0.422967
0.431739
0.440652
0.449719
0.458797
0.334334
0.335352
0.337279
0.339984
0.343371
0.347387
0.351966
0.357094
0.362842
0.369006
0.375593
0.382597
0.389975
0.397705
0.40574
0.414058
0.422602
0.431357
0.440244
0.449286
0.458374
0.334265
0.335278
0.337196
0.339893
0.343275
0.347296
0.351915
0.35712
0.362769
0.368883
0.375433
0.382397
0.389732
0.397415
0.405399
0.413663
0.422148
0.430845
0.439674
0.448661
0.457668
0.334163
0.335171
0.337084
0.339775
0.343149
0.347159
0.351752
0.356896
0.362547
0.368644
0.375166
0.382093
0.389383
0.397013
0.404934
0.413128
0.421532
0.430141
0.438868
0.447743
0.45661
0.334026
0.335031
0.336936
0.339617
0.342976
0.346967
0.351541
0.356673
0.362275
0.36833
0.374804
0.381677
0.388904
0.396461
0.404299
0.412399
0.420695
0.429185
0.437776
0.446504
0.455192
0.333856
0.334856
0.336751
0.339418
0.34276
0.34673
0.35128
0.356375
0.361933
0.367938
0.374354
0.38116
0.388307
0.395774
0.403507
0.411489
0.41965
0.427992
0.436413
0.444959
0.453423
0.333653
0.334647
0.33653
0.339181
0.342503
0.346447
0.350967
0.356023
0.361524
0.367469
0.373817
0.380541
0.387594
0.394953
0.40256
0.4104
0.4184
0.426563
0.434781
0.443109
0.451305
0.333417
0.334403
0.336274
0.338906
0.342204
0.346118
0.350603
0.355611
0.361048
0.366925
0.373192
0.379823
0.386765
0.393997
0.401458
0.409134
0.416945
0.424901
0.432881
0.440955
0.44884
0.333148
0.334127
0.335982
0.338594
0.341863
0.345745
0.350192
0.355142
0.360507
0.366306
0.372482
0.379005
0.385822
0.39291
0.400204
0.407692
0.415288
0.423008
0.430716
0.4385
0.446031
0.332848
0.333818
0.335657
0.338245
0.341484
0.345329
0.349713
0.354612
0.359902
0.365614
0.371687
0.37809
0.384766
0.391692
0.398799
0.406077
0.413431
0.420885
0.428289
0.435748
0.442883
0.332516
0.333477
0.335297
0.33786
0.341065
0.344877
0.34923
0.354022
0.359232
0.36485
0.370809
0.37708
0.383599
0.390347
0.397246
0.40429
0.411377
0.418537
0.425603
0.432702
0.439399
0.332154
0.333105
0.334905
0.33744
0.340608
0.34438
0.34867
0.353375
0.358501
0.364016
0.36985
0.375975
0.382324
0.388875
0.395547
0.402335
0.409128
0.415965
0.42266
0.429365
0.435584
0.331761
0.332702
0.33448
0.336985
0.340114
0.343839
0.348058
0.352679
0.357711
0.363113
0.368811
0.374779
0.380941
0.38728
0.393705
0.400215
0.406688
0.413174
0.419465
0.425744
0.431445
0.33134
0.332269
0.334025
0.336496
0.339584
0.343264
0.347405
0.351932
0.356862
0.362143
0.367695
0.373492
0.379454
0.385563
0.391721
0.397931
0.404059
0.410167
0.416022
0.421842
0.426987
0.33089
0.331807
0.333539
0.335976
0.33902
0.342594
0.346694
0.351136
0.355956
0.361106
0.366502
0.372117
0.377865
0.383727
0.389599
0.395487
0.401245
0.406947
0.412336
0.417665
0.422216
0.330412
0.331318
0.333024
0.335425
0.338436
0.342025
0.345936
0.350289
0.354995
0.360006
0.365235
0.370657
0.376175
0.381776
0.387342
0.392887
0.39825
0.40352
0.408411
0.413218
0.417141
0.329908
0.330801
0.33248
0.334844
0.337808
0.34128
0.345137
0.349397
0.35398
0.358844
0.363897
0.369113
0.374388
0.379711
0.384952
0.390134
0.395077
0.399889
0.404251
0.408509
0.411769
0.329377
0.330257
0.33191
0.334235
0.337123
0.340542
0.344306
0.34846
0.352913
0.357622
0.362489
0.367488
0.372506
0.377535
0.382434
0.387231
0.39173
0.396058
0.399863
0.403543
0.406107
0.328822
0.329689
0.331313
0.333605
0.33647
0.339758
0.343435
0.34748
0.351796
0.356342
0.361013
0.365784
0.370532
0.375252
0.379789
0.384182
0.388213
0.392034
0.395251
0.398326
0.400164
0.328243
0.329096
0.33069
0.332941
0.335733
0.338941
0.342527
0.346458
0.350631
0.355006
0.359472
0.364004
0.368469
0.372864
0.377021
0.380991
0.38453
0.38782
0.390421
0.392867
0.393948
0.32764
0.32848
0.330047
0.33223
0.334967
0.338097
0.341586
0.345395
0.349418
0.353616
0.357868
0.362149
0.366318
0.370375
0.374135
0.377661
0.380685
0.383421
0.385377
0.387171
0.387466
0.327016
0.327842
0.329382
0.331564
0.334172
0.337223
0.340611
0.344293
0.348161
0.352173
0.356203
0.360224
0.364084
0.367787
0.371132
0.374197
0.376683
0.378843
0.380125
0.381245
0.380724
0.32637
0.327184
0.328683
0.330797
0.333353
0.336322
0.339603
0.343154
0.346862
0.350681
0.35448
0.35823
0.36177
0.365104
0.368019
0.370603
0.372528
0.37409
0.374669
0.375095
0.373725
0.325705
0.326507
0.327996
0.330024
0.332513
0.335394
0.338565
0.34198
0.345521
0.34914
0.3527
0.35617
0.359377
0.36233
0.364796
0.366882
0.368224
0.369168
0.36901
0.368725
0.366465
0.325021
0.325807
0.327253
0.329232
0.33165
0.334439
0.337496
0.34077
0.344139
0.347552
0.350864
0.354043
0.356906
0.359463
0.361467
0.363036
0.363775
0.364077
0.363152
0.362138
0.35893
0.32432
0.325099
0.326496
0.328423
0.330769
0.333465
0.336405
0.339534
0.342727
0.345928
0.348985
0.351864
0.354373
0.356521
0.358048
0.35908
0.359196
0.35883
0.357105
0.355342
0.351105
0.323601
0.324363
0.325726
0.327599
0.329872
0.332475
0.335299
0.338283
0.341298
0.344284
0.347084
0.349656
0.351802
0.353528
0.354563
0.355039
0.354506
0.353435
0.350857
0.348296
0.342925
0.322866
0.323603
0.324922
0.326729
0.328914
0.331407
0.334095
0.336915
0.339731
0.342481
0.344999
0.347243
0.349003
0.350287
0.350808
0.35071
0.349517
0.34773
0.344267
0.340773
0.333937
0.32288
0.323601
0.324918
0.326728
0.328915
0.331407
0.334089
0.336897
0.339695
0.342419
0.344904
0.347108
0.348824
0.350064
0.350542
0.350409
0.349188
0.347391
0.34394
0.340488
0.333741
0.323618
0.324383
0.325769
0.327676
0.329987
0.332628
0.335487
0.3385
0.341532
0.344524
0.347312
0.349859
0.35196
0.353631
0.354595
0.355001
0.354393
0.35327
0.350654
0.34811
0.34282
0.324338
0.325133
0.326565
0.32854
0.330939
0.333687
0.336676
0.339845
0.343064
0.346275
0.349326
0.352178
0.354641
0.356729
0.358182
0.359136
0.359172
0.35874
0.356979
0.355202
0.351032
0.325038
0.325838
0.327321
0.329347
0.331818
0.334659
0.337765
0.341079
0.344476
0.347903
0.351212
0.354371
0.357195
0.359699
0.361638
0.363133
0.363801
0.364034
0.363073
0.362026
0.358871
0.32572
0.326539
0.32807
0.330141
0.332683
0.335617
0.33884
0.342298
0.345872
0.349511
0.353073
0.356529
0.359704
0.36261
0.365017
0.367032
0.368306
0.369175
0.368977
0.368645
0.366419
0.326385
0.327216
0.328749
0.330919
0.333529
0.336553
0.33989
0.343488
0.347233
0.351076
0.354883
0.358625
0.362139
0.365431
0.36829
0.370805
0.372663
0.374148
0.374678
0.375046
0.373688
0.327029
0.327874
0.329455
0.331683
0.334353
0.337462
0.340908
0.344641
0.34855
0.352591
0.356634
0.360651
0.364491
0.368156
0.371451
0.374448
0.376868
0.378947
0.380175
0.381225
0.380697
0.327653
0.328513
0.330122
0.332367
0.335151
0.338342
0.341893
0.345756
0.349824
0.354054
0.358325
0.362608
0.366762
0.370784
0.374498
0.377959
0.380917
0.38357
0.385464
0.387179
0.387448
0.328255
0.329129
0.330767
0.333072
0.335919
0.339192
0.342844
0.346831
0.351053
0.355465
0.359954
0.364492
0.368947
0.373313
0.377427
0.381334
0.384807
0.388012
0.390544
0.392902
0.39394
0.328833
0.329722
0.33139
0.33374
0.336687
0.340017
0.34376
0.347866
0.352234
0.356821
0.361519
0.3663
0.371043
0.375738
0.380235
0.384568
0.388532
0.392267
0.395408
0.398387
0.400165
0.329388
0.330291
0.331988
0.33437
0.337304
0.340809
0.34464
0.348857
0.353366
0.35812
0.363018
0.368031
0.373049
0.378056
0.382919
0.387658
0.39209
0.396331
0.400052
0.403628
0.406117
0.329918
0.330835
0.33256
0.334981
0.338013
0.34156
0.345481
0.349805
0.354447
0.35936
0.364448
0.369682
0.374961
0.380265
0.385474
0.3906
0.395476
0.400198
0.404472
0.408618
0.411787
0.330422
0.331352
0.333105
0.335565
0.338644
0.342283
0.346285
0.350707
0.355475
0.360538
0.365806
0.37125
0.376776
0.382362
0.387898
0.393389
0.398685
0.403864
0.40866
0.41335
0.417168
0.330899
0.331842
0.333621
0.336119
0.339236
0.342912
0.347049
0.351563
0.356449
0.361654
0.367092
0.372734
0.378492
0.384344
0.390188
0.396024
0.401715
0.407325
0.412614
0.417817
0.422252
0.331349
0.332305
0.334108
0.336641
0.339801
0.343546
0.347766
0.352369
0.357367
0.362705
0.368303
0.37413
0.380106
0.386207
0.39234
0.3985
0.404561
0.410575
0.416326
0.422014
0.42703
0.33177
0.332738
0.334565
0.337131
0.340333
0.344136
0.348431
0.353124
0.358227
0.36369
0.369436
0.375437
0.381616
0.38795
0.394352
0.400813
0.407219
0.413611
0.419793
0.425935
0.431496
0.332162
0.333141
0.33499
0.337588
0.34083
0.344682
0.349041
0.353826
0.359027
0.364606
0.370491
0.376652
0.38302
0.38957
0.39622
0.402962
0.409687
0.416428
0.423011
0.429574
0.435643
0.332525
0.333513
0.335383
0.33801
0.341289
0.345185
0.34963
0.35448
0.359768
0.365452
0.371464
0.377774
0.384315
0.391064
0.397944
0.404942
0.411961
0.419024
0.425974
0.432926
0.439465
0.332856
0.333855
0.335743
0.338397
0.34171
0.345638
0.350099
0.355078
0.360446
0.366226
0.372355
0.3788
0.3855
0.392429
0.399518
0.406751
0.414039
0.421395
0.42868
0.435987
0.442955
0.333156
0.334164
0.33607
0.338747
0.342092
0.346056
0.350588
0.355619
0.36106
0.366928
0.373162
0.379729
0.386572
0.393665
0.400943
0.408387
0.415916
0.423538
0.431125
0.438753
0.44611
0.333425
0.33444
0.336362
0.33906
0.342434
0.346432
0.351002
0.356093
0.361608
0.367556
0.373883
0.380559
0.38753
0.394769
0.402215
0.409848
0.417592
0.42545
0.433305
0.44122
0.448925
0.333661
0.334684
0.336619
0.339336
0.342735
0.346763
0.35137
0.356511
0.36209
0.368107
0.374517
0.381289
0.388371
0.395738
0.403332
0.411131
0.419063
0.427128
0.435219
0.443386
0.451396
0.333864
0.334893
0.33684
0.339574
0.342994
0.347048
0.351687
0.356868
0.362504
0.368583
0.375063
0.381917
0.389095
0.396573
0.404293
0.412234
0.420328
0.42857
0.436863
0.445246
0.45352
0.334034
0.335068
0.337026
0.339773
0.343211
0.347287
0.351951
0.357167
0.362851
0.36898
0.375519
0.382442
0.389701
0.397271
0.405096
0.413156
0.421386
0.429776
0.438238
0.446801
0.455295
0.33417
0.335209
0.337174
0.339932
0.343385
0.34748
0.352163
0.357402
0.363128
0.369299
0.375886
0.382864
0.390188
0.39783
0.405741
0.413896
0.422233
0.430742
0.439339
0.448048
0.456719
0.334273
0.335315
0.337286
0.340052
0.343513
0.34762
0.352325
0.357598
0.36334
0.369536
0.376155
0.383172
0.390543
0.39824
0.406213
0.414439
0.422858
0.431456
0.440154
0.448975
0.457782
0.334342
0.335389
0.337368
0.340143
0.343612
0.347719
0.352405
0.357663
0.363459
0.369691
0.376343
0.383397
0.390808
0.398549
0.406571
0.414849
0.423323
0.431977
0.440729
0.449606
0.458493
0.334375
0.335423
0.337409
0.3402
0.343694
0.347843
0.352589
0.357887
0.363675
0.369922
0.376591
0.38366
0.391086
0.398842
0.406878
0.415172
0.423665
0.432344
0.441129
0.450031
0.458921
0.274689
0.273785
0.272119
0.269823
0.267008
0.263769
0.26019
0.256346
0.252305
0.248126
0.243864
0.239567
0.235277
0.231029
0.226855
0.222776
0.218816
0.214986
0.211301
0.207763
0.20438
0.274928
0.274028
0.272369
0.27008
0.267274
0.264043
0.260472
0.256634
0.252597
0.248419
0.244157
0.239857
0.235563
0.231309
0.227126
0.223038
0.219067
0.215225
0.211528
0.207976
0.204578
0.275382
0.274489
0.272842
0.27057
0.26778
0.264566
0.261009
0.257183
0.253153
0.248979
0.244717
0.240412
0.236109
0.231843
0.227645
0.223539
0.219547
0.215684
0.211963
0.208387
0.204967
0.276027
0.275145
0.273517
0.271267
0.268502
0.265312
0.261777
0.257967
0.25395
0.249782
0.24552
0.241209
0.236894
0.232611
0.228391
0.22426
0.22024
0.216346
0.212593
0.208984
0.205532
0.276842
0.275973
0.274369
0.272149
0.269416
0.266258
0.262751
0.258966
0.254965
0.250806
0.246545
0.242228
0.2379
0.233595
0.229349
0.225186
0.221131
0.217198
0.213404
0.209753
0.206261
0.277805
0.276953
0.275377
0.273194
0.270502
0.267384
0.263913
0.260157
0.256179
0.252033
0.247776
0.243453
0.239109
0.234781
0.230505
0.226304
0.222208
0.218228
0.214387
0.210685
0.207144
0.278898
0.278065
0.276524
0.274384
0.27174
0.268669
0.265243
0.261524
0.257574
0.253446
0.249195
0.244868
0.240509
0.236156
0.231846
0.227604
0.22346
0.219428
0.215532
0.211772
0.208175
0.280101
0.27929
0.277789
0.275699
0.273112
0.270097
0.266724
0.26305
0.259134
0.25503
0.25079
0.24646
0.242087
0.237708
0.233362
0.229075
0.224879
0.220789
0.216831
0.213007
0.209348
0.281398
0.280613
0.279156
0.277124
0.2746
0.271651
0.268338
0.264718
0.260845
0.25677
0.252546
0.248218
0.243832
0.239428
0.235044
0.23071
0.226459
0.222306
0.218281
0.214385
0.210657
0.282773
0.282016
0.280609
0.278641
0.27619
0.273314
0.270072
0.266514
0.262692
0.258654
0.254452
0.25013
0.245735
0.241306
0.236886
0.232502
0.228192
0.223972
0.219875
0.215903
0.2121
0.284212
0.283486
0.282133
0.280236
0.277865
0.275073
0.271911
0.268424
0.264662
0.26067
0.256497
0.252186
0.247786
0.243336
0.238879
0.234446
0.230075
0.225784
0.221611
0.217556
0.213673
0.285702
0.285008
0.283715
0.281896
0.279614
0.276913
0.273841
0.270436
0.266744
0.262806
0.25867
0.254378
0.249978
0.245509
0.241018
0.236535
0.232103
0.227739
0.223485
0.219343
0.215376
0.287229
0.286571
0.285342
0.283608
0.281422
0.278823
0.27585
0.272537
0.268925
0.265052
0.260962
0.256696
0.252303
0.24782
0.243298
0.238766
0.234271
0.229832
0.225495
0.221263
0.217206
0.288783
0.288164
0.287003
0.285359
0.283278
0.280789
0.277926
0.274717
0.271196
0.267397
0.263363
0.259132
0.254753
0.250263
0.245713
0.241135
0.236578
0.232063
0.22764
0.223313
0.219162
0.290354
0.289775
0.288687
0.28714
0.285171
0.282802
0.280059
0.276963
0.273545
0.269832
0.265865
0.261679
0.257321
0.25283
0.248258
0.243637
0.23902
0.234428
0.229917
0.225492
0.221245
0.291932
0.291396
0.290385
0.28894
0.28709
0.28485
0.282237
0.279266
0.275962
0.272347
0.268458
0.264327
0.260002
0.255518
0.250929
0.246269
0.241593
0.236926
0.232326
0.227801
0.223453
0.293509
0.293017
0.292088
0.29075
0.289027
0.286923
0.284451
0.281616
0.278438
0.274933
0.271135
0.267071
0.262787
0.258319
0.253721
0.249027
0.244297
0.239555
0.234866
0.230239
0.225788
0.295078
0.294633
0.293787
0.292562
0.290972
0.289013
0.286691
0.284003
0.280963
0.277582
0.273886
0.269901
0.265671
0.261229
0.25663
0.251909
0.247128
0.242314
0.237536
0.232806
0.228249
0.296633
0.296235
0.295476
0.294369
0.292917
0.291112
0.288948
0.286419
0.283529
0.280283
0.276704
0.272812
0.268647
0.264241
0.259651
0.25491
0.250084
0.2452
0.240335
0.235501
0.230837
0.298168
0.297819
0.297149
0.296163
0.294856
0.29321
0.291215
0.288854
0.286126
0.283029
0.27958
0.275794
0.271708
0.267351
0.26278
0.258028
0.253163
0.248214
0.243262
0.238325
0.233553
0.299677
0.299378
0.298799
0.297938
0.29678
0.295301
0.293482
0.2913
0.288747
0.285812
0.282506
0.27884
0.274847
0.270552
0.266011
0.261258
0.256361
0.251353
0.246317
0.241278
0.236395
0.301157
0.300909
0.300423
0.299689
0.298685
0.297379
0.295744
0.293751
0.291382
0.288622
0.285475
0.281943
0.278057
0.273839
0.26934
0.264596
0.259677
0.254615
0.2495
0.244359
0.239366
0.302603
0.302407
0.302016
0.301412
0.300565
0.299437
0.297993
0.296197
0.294025
0.291453
0.288477
0.285096
0.281332
0.277204
0.272762
0.268039
0.263106
0.257998
0.252807
0.247568
0.242465
0.304014
0.303869
0.303573
0.303101
0.302414
0.301469
0.300223
0.298633
0.296668
0.294295
0.291506
0.288289
0.284664
0.280642
0.276271
0.271582
0.266646
0.2615
0.25624
0.250905
0.245692
0.305386
0.305293
0.305093
0.304755
0.30423
0.303471
0.302428
0.301052
0.299303
0.297142
0.294553
0.291517
0.288045
0.284146
0.279862
0.275221
0.270294
0.265119
0.259795
0.254369
0.249046
0.306717
0.306677
0.306573
0.306368
0.306007
0.305438
0.304603
0.303448
0.301923
0.299987
0.29761
0.29477
0.291469
0.28771
0.283528
0.27895
0.274045
0.268853
0.263472
0.257959
0.252528
0.308006
0.308017
0.30801
0.30794
0.307744
0.307367
0.306743
0.305814
0.304523
0.302821
0.300671
0.298042
0.294927
0.291325
0.287263
0.282765
0.277895
0.272697
0.267268
0.261674
0.256137
0.309252
0.309315
0.309403
0.309467
0.309436
0.309253
0.308843
0.308147
0.307097
0.305639
0.303727
0.301324
0.298413
0.294985
0.291061
0.28666
0.281841
0.27665
0.271181
0.265512
0.25987
0.310454
0.310568
0.310751
0.310948
0.311083
0.311094
0.310901
0.310441
0.309638
0.308434
0.306771
0.304609
0.301917
0.298683
0.294915
0.29063
0.285878
0.280707
0.275209
0.269472
0.263728
0.311611
0.311775
0.312052
0.312382
0.312681
0.312887
0.312913
0.312692
0.312141
0.3112
0.309797
0.307889
0.305433
0.30241
0.298818
0.294667
0.290001
0.284866
0.279349
0.273552
0.267707
0.312724
0.312938
0.313308
0.313767
0.314231
0.31463
0.314875
0.314897
0.314603
0.31393
0.312798
0.311157
0.308953
0.30616
0.302762
0.298767
0.294205
0.289122
0.2836
0.27775
0.271806
0.313792
0.314055
0.314516
0.315105
0.315729
0.316322
0.316786
0.317051
0.317017
0.31662
0.315767
0.314406
0.312468
0.309923
0.306741
0.302922
0.298485
0.293472
0.287958
0.282062
0.276021
0.314816
0.315127
0.315678
0.316393
0.317177
0.317961
0.318643
0.319152
0.319381
0.319265
0.318698
0.317629
0.315971
0.313693
0.310745
0.307126
0.302836
0.297912
0.292421
0.286487
0.28035
0.315797
0.316154
0.316793
0.317632
0.318573
0.319546
0.320444
0.321197
0.321692
0.321859
0.321586
0.320819
0.319454
0.317462
0.314768
0.311372
0.307251
0.302438
0.296988
0.291022
0.284791
0.316735
0.317138
0.317862
0.318823
0.319918
0.321076
0.322189
0.323185
0.323945
0.3244
0.324426
0.323969
0.32291
0.32122
0.3188
0.315652
0.311724
0.307047
0.301657
0.295665
0.28934
0.317631
0.318079
0.318886
0.319965
0.321211
0.322552
0.323877
0.325114
0.326139
0.326883
0.327212
0.327074
0.326332
0.324961
0.322833
0.319959
0.316249
0.311737
0.306428
0.300418
0.293997
0.318486
0.318977
0.319865
0.32106
0.322454
0.323973
0.325507
0.326982
0.328271
0.329305
0.329941
0.330128
0.329713
0.328675
0.326859
0.324286
0.320818
0.316506
0.311302
0.305288
0.298767
0.3193
0.319835
0.320801
0.322108
0.323645
0.32534
0.327078
0.328789
0.33034
0.331663
0.332609
0.333126
0.333047
0.332356
0.330869
0.328624
0.325425
0.321354
0.316278
0.310287
0.303668
0.320077
0.320652
0.321695
0.32311
0.324787
0.326653
0.328592
0.330534
0.332345
0.333956
0.335213
0.336064
0.336328
0.335997
0.334856
0.332963
0.33006
0.326275
0.321343
0.315407
0.308683
0.320815
0.321431
0.322548
0.324068
0.325881
0.327913
0.330049
0.332218
0.334286
0.336184
0.337751
0.338938
0.339552
0.339587
0.338805
0.337282
0.334697
0.33124
0.326468
0.320609
0.313648
0.321517
0.322172
0.323361
0.324983
0.326928
0.329121
0.331449
0.333841
0.33616
0.33834
0.340214
0.341734
0.342699
0.343103
0.342691
0.341552
0.339312
0.336236
0.331679
0.326025
0.318417
0.322184
0.322876
0.324133
0.325853
0.327924
0.330271
0.332781
0.335385
0.337946
0.340397
0.342572
0.344423
0.345744
0.346537
0.346527
0.345832
0.344023
0.341473
0.337325
0.332437
0.3241
0.201719
0.199702
0.197651
0.195575
0.19348
0.191364
0.189226
0.187067
0.184889
0.182693
0.180479
0.178249
0.176003
0.173744
0.171472
0.169188
0.166893
0.164588
0.162276
0.159956
0.15763
0.155299
0.152966
0.150631
0.148296
0.145961
0.143622
0.14128
0.201912
0.1999
0.197851
0.195781
0.193691
0.19158
0.189447
0.187291
0.185114
0.182917
0.180702
0.178469
0.176219
0.173954
0.171674
0.169381
0.167076
0.164759
0.162433
0.160099
0.157757
0.15541
0.153057
0.1507
0.14834
0.145977
0.143614
0.141252
0.202293
0.200276
0.198217
0.196136
0.194036
0.191914
0.189768
0.187599
0.185408
0.183195
0.180963
0.178712
0.176444
0.174159
0.171858
0.169544
0.167216
0.164877
0.162528
0.160169
0.157802
0.155429
0.153052
0.15067
0.148288
0.145905
0.143519
0.141133
0.202841
0.200809
0.198728
0.196624
0.194504
0.192362
0.190197
0.188006
0.185792
0.183556
0.1813
0.179024
0.17673
0.174419
0.172092
0.16975
0.167394
0.165027
0.162648
0.16026
0.157864
0.155461
0.153053
0.150641
0.148226
0.145808
0.143388
0.140969
0.203547
0.201491
0.199375
0.197239
0.19509
0.19292
0.190725
0.188504
0.186258
0.18399
0.181702
0.179393
0.177065
0.174719
0.172357
0.16998
0.167588
0.165184
0.162768
0.160343
0.157909
0.155468
0.153021
0.15057
0.148117
0.145662
0.143204
0.140747
0.204401
0.202312
0.200152
0.197974
0.195786
0.19358
0.191347
0.189087
0.186802
0.184494
0.182165
0.179815
0.177446
0.175058
0.172654
0.170234
0.167799
0.165352
0.162893
0.160424
0.157946
0.155461
0.15297
0.150476
0.147979
0.145479
0.142977
0.140475
0.205397
0.203267
0.201052
0.198822
0.196587
0.194337
0.192059
0.189752
0.187419
0.185064
0.182686
0.180288
0.177871
0.175434
0.172981
0.170512
0.168028
0.165531
0.163022
0.160503
0.157975
0.15544
0.152899
0.150355
0.147808
0.145258
0.142706
0.140154
0.20653
0.204351
0.20207
0.199778
0.197489
0.195187
0.192856
0.190495
0.188107
0.185696
0.183264
0.180811
0.178338
0.175846
0.173337
0.170812
0.168272
0.165719
0.163154
0.160579
0.157995
0.155404
0.152808
0.150208
0.147606
0.145001
0.142394
0.139787
0.207795
0.205559
0.203203
0.20084
0.198489
0.196127
0.193736
0.191314
0.188864
0.18639
0.183896
0.18138
0.178845
0.176291
0.17372
0.171133
0.168531
0.165916
0.163289
0.160653
0.158007
0.155355
0.152697
0.150036
0.147374
0.144708
0.14204
0.139373
0.209189
0.206889
0.204447
0.202005
0.199584
0.197156
0.194697
0.192206
0.189686
0.187144
0.18458
0.181996
0.179392
0.17677
0.17413
0.171475
0.168805
0.166122
0.163427
0.160723
0.15801
0.155291
0.152567
0.14984
0.147113
0.144381
0.141647
0.138914
0.210711
0.208339
0.205801
0.20327
0.200772
0.19827
0.195738
0.19317
0.190573
0.187955
0.185315
0.182656
0.179977
0.17728
0.174566
0.171836
0.169092
0.166335
0.163567
0.16079
0.158005
0.155213
0.152417
0.149618
0.146821
0.144019
0.141214
0.13841
0.212358
0.209908
0.207263
0.204635
0.202052
0.19947
0.196856
0.194204
0.191524
0.188822
0.186101
0.18336
0.1806
0.177821
0.175026
0.172216
0.169392
0.166556
0.163709
0.160853
0.157989
0.15512
0.152247
0.149372
0.1465
0.143622
0.140741
0.137862
0.21413
0.211593
0.208833
0.206098
0.203423
0.200755
0.198051
0.195309
0.192538
0.189746
0.186936
0.184107
0.181258
0.178393
0.175511
0.172614
0.169705
0.166783
0.163852
0.160911
0.157964
0.155012
0.152056
0.1491
0.146148
0.14319
0.140229
0.137269
0.216027
0.213396
0.210508
0.207658
0.204885
0.202123
0.199323
0.196483
0.193614
0.190725
0.18782
0.184896
0.181953
0.178994
0.176019
0.17303
0.170029
0.167017
0.163995
0.160965
0.157929
0.154888
0.151845
0.148803
0.145768
0.142724
0.139676
0.136632
0.218048
0.215316
0.21229
0.209316
0.206437
0.203574
0.200672
0.197725
0.194751
0.191759
0.188751
0.185726
0.182683
0.179624
0.17655
0.173463
0.170365
0.167257
0.164139
0.161014
0.157884
0.154749
0.151612
0.148477
0.145356
0.142223
0.139084
0.13595
0.220193
0.217354
0.214179
0.211071
0.20808
0.20511
0.202096
0.199037
0.19595
0.192848
0.189731
0.186598
0.183448
0.180283
0.177104
0.173913
0.170712
0.167501
0.164283
0.161059
0.15783
0.154597
0.151363
0.14813
0.144906
0.141677
0.138446
0.135221
0.222464
0.219509
0.216174
0.212924
0.209813
0.206729
0.203597
0.200417
0.197211
0.193991
0.190759
0.187511
0.184248
0.18097
0.17768
0.174379
0.171069
0.167751
0.164426
0.161097
0.157766
0.154434
0.151103
0.147774
0.144427
0.141089
0.137762
0.134443
0.22486
0.221783
0.218276
0.214875
0.211639
0.208433
0.205175
0.201866
0.198532
0.195189
0.191834
0.188465
0.185082
0.181685
0.178277
0.17486
0.171435
0.168004
0.164567
0.161127
0.157685
0.154243
0.150801
0.147362
0.143914
0.140473
0.137044
0.133623
0.227383
0.224175
0.220485
0.216925
0.213556
0.210221
0.206829
0.203383
0.199916
0.196441
0.192957
0.18946
0.185949
0.182427
0.178895
0.175356
0.17181
0.168259
0.164704
0.161147
0.15759
0.154033
0.15048
0.146931
0.143374
0.139825
0.136286
0.132758
0.230034
0.226688
0.222803
0.219074
0.215566
0.212096
0.208561
0.20497
0.201361
0.197748
0.194128
0.190496
0.186851
0.183197
0.179535
0.175867
0.172194
0.168517
0.164838
0.161159
0.157481
0.153805
0.150135
0.14647
0.1428
0.139136
0.135485
0.131846
0.232813
0.22932
0.22523
0.221324
0.21767
0.214056
0.210371
0.206627
0.202869
0.19911
0.195347
0.191572
0.187787
0.183994
0.180195
0.176392
0.172585
0.168777
0.164969
0.161161
0.157357
0.153557
0.149764
0.14598
0.14219
0.138409
0.134641
0.130886
0.23572
0.232074
0.227765
0.223675
0.219869
0.216104
0.212259
0.208354
0.204439
0.200528
0.196614
0.19269
0.188757
0.184818
0.180876
0.176931
0.172985
0.169039
0.165095
0.161154
0.157218
0.153289
0.149369
0.145459
0.141546
0.137642
0.133752
0.129879
0.238757
0.234949
0.230411
0.226129
0.222163
0.218239
0.214225
0.210152
0.206073
0.202002
0.197929
0.193849
0.189761
0.18567
0.181577
0.177484
0.173392
0.169303
0.165217
0.161137
0.157063
0.152999
0.148946
0.144908
0.140866
0.136834
0.132819
0.128822
0.241923
0.237945
0.233166
0.228685
0.224555
0.220463
0.216271
0.21202
0.20777
0.203532
0.199294
0.195049
0.190799
0.186548
0.182299
0.178051
0.173807
0.169567
0.165334
0.161108
0.156892
0.152687
0.148497
0.144324
0.14015
0.135986
0.131841
0.127716
0.245219
0.241062
0.236031
0.231345
0.227044
0.222776
0.218397
0.213961
0.209532
0.205119
0.200708
0.196291
0.191872
0.187455
0.183041
0.178632
0.174229
0.169833
0.165445
0.161068
0.156703
0.152352
0.148019
0.143709
0.139396
0.135095
0.130816
0.12656
0.248645
0.2443
0.239007
0.234109
0.229631
0.225178
0.220603
0.215973
0.211359
0.206764
0.202172
0.197575
0.19298
0.188389
0.183804
0.179227
0.174658
0.170099
0.165551
0.161016
0.156496
0.151994
0.147513
0.14306
0.138604
0.134162
0.129744
0.125352
0.252199
0.247657
0.242091
0.236977
0.232316
0.227669
0.222889
0.218058
0.213251
0.208467
0.203685
0.198902
0.194122
0.18935
0.184588
0.179835
0.175093
0.170365
0.16565
0.160952
0.156271
0.151611
0.146976
0.142377
0.137774
0.133185
0.128624
0.124093
0.255881
0.251132
0.245285
0.239951
0.235101
0.23025
0.225255
0.220217
0.21521
0.210228
0.205249
0.200271
0.195299
0.190339
0.185392
0.180457
0.175536
0.170631
0.165744
0.160875
0.156027
0.151204
0.146409
0.14166
0.136904
0.132163
0.127455
0.122781
0.259688
0.254722
0.248586
0.243029
0.237985
0.232921
0.227702
0.222449
0.217235
0.212047
0.206864
0.201683
0.196512
0.191357
0.186216
0.181092
0.175985
0.170898
0.165831
0.160786
0.155764
0.150771
0.145811
0.140908
0.135994
0.131096
0.126236
0.121417
0.263618
0.258425
0.251993
0.246213
0.240969
0.23568
0.230229
0.224754
0.219327
0.213926
0.208529
0.203138
0.197761
0.192402
0.187062
0.181741
0.176441
0.171164
0.165911
0.160684
0.155483
0.150312
0.145179
0.140119
0.135041
0.129982
0.124969
0.119999
0.267668
0.262236
0.255503
0.2495
0.24405
0.238527
0.232836
0.227134
0.221486
0.215864
0.210245
0.204636
0.199046
0.193476
0.187928
0.182403
0.176903
0.17143
0.165986
0.160573
0.155189
0.149831
0.144499
0.139268
0.134025
0.128814
0.123649
0.118527
0.271833
0.26615
0.259114
0.252891
0.24723
0.241461
0.235522
0.229588
0.223714
0.217861
0.212013
0.206179
0.200367
0.194579
0.188815
0.183078
0.177371
0.171695
0.166053
0.160447
0.154885
0.149375
0.143922
0.13839
0.132956
0.127594
0.122277
0.116999
0.276107
0.270159
0.26282
0.256384
0.250505
0.24448
0.238287
0.232117
0.226009
0.219918
0.213832
0.207765
0.201724
0.19571
0.189723
0.183767
0.177844
0.171958
0.16611
0.160304
0.154544
0.148829
0.143155
0.137468
0.131865
0.126336
0.120855
0.115418
0.280483
0.274253
0.266619
0.259979
0.253875
0.247582
0.24113
0.234721
0.228371
0.222033
0.215703
0.209397
0.203119
0.19687
0.190652
0.184469
0.178324
0.172219
0.166157
0.160141
0.154175
0.14826
0.1424
0.136532
0.130744
0.125035
0.119383
0.113783
0.284949
0.27842
0.270503
0.263674
0.257335
0.250762
0.244051
0.237399
0.2308
0.224208
0.217627
0.211073
0.20455
0.198059
0.191603
0.185185
0.178809
0.172478
0.166195
0.159962
0.153785
0.147665
0.141609
0.135555
0.129578
0.123686
0.117859
0.112092
0.289491
0.282641
0.274468
0.267468
0.260882
0.254019
0.247049
0.240152
0.233295
0.226441
0.219603
0.212795
0.206019
0.199278
0.192575
0.185915
0.179301
0.172736
0.166224
0.159768
0.153373
0.147041
0.140784
0.134535
0.128367
0.122289
0.116285
0.110347
0.294088
0.286892
0.278507
0.271356
0.264506
0.257349
0.250124
0.242978
0.235855
0.228733
0.221631
0.214561
0.207525
0.200526
0.19357
0.18666
0.1798
0.172994
0.166246
0.159558
0.152938
0.146388
0.139924
0.133475
0.127111
0.120843
0.114658
0.108547
0.298712
0.291147
0.282615
0.275334
0.2682
0.26075
0.253277
0.245875
0.238479
0.231084
0.223713
0.216374
0.20907
0.201805
0.194587
0.187419
0.180306
0.173251
0.166259
0.159334
0.152481
0.145707
0.139032
0.132374
0.125807
0.119346
0.112977
0.10669
0.303322
0.295381
0.286795
0.27939
0.27195
0.264219
0.256505
0.248839
0.241164
0.233493
0.225845
0.218229
0.210648
0.203111
0.195622
0.188188
0.180813
0.173502
0.166259
0.159087
0.151996
0.144993
0.138101
0.131228
0.124453
0.117795
0.111238
0.104773
0.307816
0.299562
0.29105
0.283508
0.275749
0.267757
0.259802
0.251865
0.24391
0.235958
0.228029
0.220129
0.212266
0.204448
0.196683
0.188975
0.181332
0.173757
0.166255
0.158827
0.151481
0.144235
0.137132
0.130045
0.123062
0.116205
0.109456
0.102806
0.311956
0.30362
0.29539
0.287702
0.279648
0.271424
0.263228
0.25502
0.246789
0.238559
0.230347
0.222161
0.214013
0.205911
0.197863
0.189877
0.181958
0.174113
0.166344
0.158652
0.151036
0.143498
0.136177
0.12887
0.121677
0.114615
0.107663
0.100816
0.315312
0.307242
0.299465
0.291666
0.283412
0.274996
0.266558
0.258082
0.249572
0.241055
0.23255
0.22407
0.215628
0.207234
0.198898
0.190629
0.182435
0.174323
0.166299
0.158367
0.150537
0.142805
0.135113
0.127537
0.120136
0.112882
0.105748
0.0987283
0.138941
0.136606
0.134277
0.131954
0.129638
0.12733
0.12503
0.12274
0.12046
0.118191
0.115933
0.138893
0.136538
0.134188
0.131844
0.129506
0.127176
0.124855
0.122543
0.120243
0.117954
0.115678
0.138748
0.136368
0.133992
0.131623
0.129261
0.126907
0.124562
0.122228
0.119906
0.117596
0.115299
0.138553
0.13614
0.133733
0.131332
0.128938
0.126553
0.124178
0.121813
0.119461
0.117122
0.114797
0.138292
0.135841
0.133396
0.130957
0.128526
0.126104
0.123693
0.121292
0.118904
0.11653
0.114171
0.137976
0.135482
0.132993
0.130511
0.128037
0.125572
0.123118
0.120676
0.118247
0.115833
0.113433
0.137606
0.135062
0.132524
0.129993
0.127471
0.124958
0.122457
0.119968
0.117492
0.115032
0.112587
0.137183
0.134585
0.131992
0.129408
0.126832
0.124266
0.121712
0.119171
0.116644
0.114132
0.111636
0.136709
0.134051
0.131399
0.128756
0.126122
0.123498
0.120886
0.118288
0.115704
0.113136
0.110585
0.136185
0.133462
0.130747
0.128039
0.125342
0.122655
0.119981
0.117321
0.114675
0.112046
0.109435
0.135612
0.132819
0.130035
0.127259
0.124493
0.121739
0.118998
0.116271
0.11356
0.110865
0.108189
0.134989
0.132122
0.129264
0.126416
0.123577
0.120751
0.117939
0.115141
0.112359
0.109595
0.106849
0.134317
0.131372
0.128436
0.125509
0.122594
0.119692
0.116804
0.113931
0.111074
0.108235
0.105416
0.133595
0.130567
0.127549
0.124541
0.121545
0.118562
0.115593
0.112641
0.109706
0.106789
0.103891
0.132825
0.129709
0.126604
0.12351
0.120429
0.117361
0.114309
0.111273
0.108254
0.105255
0.102276
0.132004
0.128797
0.125601
0.122417
0.119246
0.11609
0.112949
0.109826
0.106721
0.103636
0.100571
0.131132
0.12783
0.124539
0.121261
0.117997
0.114749
0.111517
0.108302
0.105107
0.101932
0.0987785
0.130211
0.126809
0.12342
0.120044
0.116683
0.113338
0.11001
0.106701
0.103412
0.100144
0.0968979
0.129241
0.125735
0.122242
0.118764
0.115302
0.111857
0.108431
0.105024
0.101637
0.0982728
0.0949308
0.128219
0.124605
0.121005
0.117422
0.113855
0.110307
0.106778
0.10327
0.0997829
0.0963187
0.092878
0.127146
0.12342
0.119709
0.116016
0.112342
0.108687
0.105052
0.10144
0.0978494
0.0942827
0.0907405
0.126021
0.122179
0.118354
0.114548
0.110762
0.106997
0.103254
0.0995338
0.0958374
0.0921657
0.0885195
0.124843
0.120881
0.116938
0.113016
0.109116
0.105238
0.101383
0.0975528
0.0937477
0.0899686
0.0862161
0.123611
0.119526
0.115463
0.111421
0.107403
0.103409
0.09944
0.0954972
0.0915811
0.0876924
0.0838317
0.122326
0.118114
0.113926
0.109762
0.105623
0.101511
0.0974252
0.0933676
0.0893384
0.0853383
0.0813677
0.120986
0.116644
0.112328
0.108038
0.103776
0.099543
0.0953389
0.0911646
0.0870206
0.0829076
0.0788259
0.11959
0.115115
0.110668
0.10625
0.101863
0.0975066
0.0931818
0.0888891
0.0846289
0.0804017
0.0762079
0.118139
0.113527
0.108947
0.104398
0.0998831
0.0954017
0.0909545
0.086542
0.0821645
0.0778224
0.0735158
0.116632
0.11188
0.107163
0.102482
0.0978369
0.0932288
0.0886579
0.0841244
0.0796288
0.0751712
0.0707516
0.115068
0.110174
0.105318
0.100501
0.0957247
0.0909884
0.0862926
0.0816376
0.0770234
0.0724502
0.0679178
0.113446
0.108407
0.10341
0.0984566
0.093547
0.0886813
0.0838599
0.0790827
0.0743499
0.0696613
0.0650168
0.111766
0.10658
0.10144
0.0963482
0.0913042
0.0863083
0.0813607
0.0764614
0.0716102
0.0668069
0.0620511
0.11003
0.104693
0.0994087
0.0941765
0.088997
0.0838703
0.0787963
0.0737751
0.0688062
0.0638892
0.0590236
0.108236
0.102747
0.0973158
0.091942
0.0866261
0.0813681
0.0761679
0.0710253
0.0659396
0.0609104
0.0559368
0.106386
0.100742
0.0951614
0.0896449
0.084192
0.0788026
0.0734765
0.0682131
0.0630119
0.057872
0.0527924
0.104477
0.0986766
0.0929461
0.0872857
0.0816952
0.0761745
0.070723
0.06534
0.0600247
0.054776
0.0495926
0.102511
0.0965523
0.0906704
0.0848656
0.0791378
0.0734864
0.0679108
0.0624103
0.0569837
0.0516297
0.100487
0.094368
0.0883347
0.0823863
0.0765227
0.0707432
0.0650473
0.0594338
0.0539015
0.0484488
0.0983999
0.092121
0.0859361
0.079845
0.0738471
0.067942
0.0621286
0.056406
0.0507725
0.0452266
0.0962573
0.0898108
0.0834669
0.0772252
0.0710849
0.0650455
0.0591057
0.0532641
0.047519
0.0418684
0.094076
0.0874458
0.0809256
0.0745152
0.0682138
0.0620205
0.055934
0.0499524
0.0440735
0.0382947
0.0918261
0.0850435
0.0783805
0.071837
0.0654125
0.059106
0.0529157
0.0468393
0.0408742
0.0350171
)
;

boundaryField
{
    inlet
    {
        type            zeroGradient;
    }
    outlet
    {
        type            fixedValue;
        value           nonuniform 0();
    }
    cylinder
    {
        type            zeroGradient;
    }
    top
    {
        type            symmetryPlane;
    }
    bottom
    {
        type            symmetryPlane;
    }
    defaultFaces
    {
        type            empty;
    }
    procBoundary0to1
    {
        type            processor;
        value           nonuniform List<scalar> 
163
(
-0.097061
-0.0981445
-0.0994688
-0.100857
-0.10232
-0.10232
-0.101228
-0.10255
-0.103977
-0.105527
-0.105527
-0.102583
-0.103979
-0.103979
-0.100624
-0.101893
-0.103301
-0.103301
-0.0986179
-0.0995878
-0.0995878
-0.0920966
-0.0920966
-0.0810776
-0.0793847
-0.0793847
-0.0640102
-0.0640102
-0.0472574
-0.0472574
-0.0301096
-0.0301096
-0.0134752
-0.0134752
0.00291623
0.00291623
0.0176891
0.0176891
0.0177218
0.0292645
-0.00845142
0.0177218
0.00294789
-0.00845142
-0.0255508
-0.0255508
-0.0300821
-0.0472334
-0.0472334
-0.0639909
-0.0639909
-0.0793711
-0.0793711
-0.0810648
-0.0920899
-0.0920899
-0.0995857
-0.0995857
-0.0986165
-0.103301
-0.103301
-0.101894
-0.105536
-0.105536
-0.103981
-0.102584
-0.105527
-0.105527
-0.103977
-0.102549
-0.103868
-0.103868
-0.102317
-0.100854
-0.0994655
-0.0981408
-0.0970546
0.0235795
0.0269926
0.0308078
0.0343564
0.0377428
0.0411007
0.0444409
0.0477399
0.0509862
0.0541773
0.0573113
0.0603852
0.0633959
0.0663402
0.0692153
0.0720184
0.0747471
0.0773989
0.0799717
0.0824635
0.0848724
0.0871969
0.0894355
0.0915867
0.0936493
0.0956221
0.0975041
0.099294
0.100991
0.102593
0.1041
0.105509
0.10682
0.10803
0.109137
0.110138
0.111029
0.111807
0.112466
0.112997
0.112997
0.111148
0.111438
0.113689
0.113416
0.113017
0.112487
0.111827
0.11105
0.110159
0.109158
0.108051
0.106842
0.105531
0.104122
0.102616
0.101014
0.0993178
0.0975284
0.0956469
0.0936745
0.0916123
0.0894616
0.0872235
0.0848994
0.0824909
0.0799996
0.0774272
0.0747758
0.0720476
0.0692448
0.0663701
0.0634262
0.0604159
0.0573423
0.0542087
0.0510179
0.0477719
0.0444732
0.0463468
0.0463468
0.0430742
0.0397662
0.0363098
0.0326132
0.0292645
)
;
    }
}


// ************************************************************************* //
