/*--------------------------------*- C++ -*----------------------------------*\
  =========                 |
  \\      /  F ield         | OpenFOAM: The Open Source CFD Toolbox
   \\    /   O peration     | Website:  https://openfoam.org
    \\  /    A nd           | Version:  7
     \\/     M anipulation  |
\*---------------------------------------------------------------------------*/
FoamFile
{
    version     2.0;
    format      ascii;
    class       volScalarField;
    location    "5";
    object      p;
}
// * * * * * * * * * * * * * * * * * * * * * * * * * * * * * * * * * * * * * //

dimensions      [0 2 -2 0 0 0 0];

internalField   nonuniform List<scalar> 
6386
(
-0.43016
-0.440252
-0.450695
-0.461441
-0.448127
-0.472438
-0.457371
-0.483626
-0.466793
-0.453774
-0.494942
-0.476342
-0.462197
-0.447882
-0.506316
-0.485962
-0.47071
-0.455418
-0.517675
-0.495594
-0.479259
-0.46301
-0.446882
-0.528941
-0.505171
-0.487787
-0.470604
-0.45362
-0.437212
-0.540029
-0.514619
-0.496227
-0.478138
-0.4603
-0.443066
-0.426502
-0.550847
-0.523854
-0.504503
-0.48554
-0.466851
-0.448748
-0.431205
-0.413912
-0.561291
-0.532786
-0.512527
-0.492725
-0.473185
-0.454169
-0.43555
-0.416917
-0.397747
-0.571248
-0.541309
-0.520202
-0.499597
-0.479205
-0.459229
-0.439444
-0.419359
-0.398433
-0.385286
-0.580592
-0.549311
-0.52742
-0.506047
-0.484802
-0.46382
-0.442784
-0.421155
-0.398426
-0.381945
-0.589185
-0.556668
-0.53406
-0.511957
-0.489855
-0.467822
-0.445462
-0.422217
-0.397662
-0.378
-0.596877
-0.563243
-0.539992
-0.517198
-0.494234
-0.471107
-0.447359
-0.422449
-0.396069
-0.373412
-0.603509
-0.568892
-0.545076
-0.521629
-0.497801
-0.473541
-0.448354
-0.421748
-0.393565
-0.368121
-0.608913
-0.573464
-0.549164
-0.525105
-0.50041
-0.474984
-0.448319
-0.420009
-0.390067
-0.362055
-0.612914
-0.576798
-0.552102
-0.527472
-0.501912
-0.475293
-0.447128
-0.417127
-0.385489
-0.355139
-0.615333
-0.578733
-0.553731
-0.528573
-0.502152
-0.474326
-0.444655
-0.412996
-0.379749
-0.347295
-0.61599
-0.579101
-0.553888
-0.528249
-0.500978
-0.47194
-0.440777
-0.407519
-0.372767
-0.338447
-0.614706
-0.577738
-0.552412
-0.526342
-0.498239
-0.468
-0.435378
-0.400602
-0.364472
-0.328527
-0.611309
-0.57448
-0.549143
-0.522694
-0.493787
-0.462375
-0.428352
-0.392163
-0.354803
-0.317476
-0.60563
-0.569171
-0.543926
-0.517159
-0.487486
-0.454945
-0.419601
-0.382131
-0.343707
-0.305243
-0.597516
-0.561662
-0.536617
-0.509595
-0.479208
-0.445605
-0.409044
-0.370446
-0.331145
-0.291792
-0.586825
-0.551817
-0.527079
-0.499874
-0.46884
-0.434261
-0.396613
-0.357064
-0.31709
-0.277095
-0.573433
-0.539513
-0.515193
-0.487885
-0.456284
-0.420838
-0.382257
-0.341956
-0.301529
-0.261136
-0.557235
-0.524645
-0.500854
-0.473531
-0.441462
-0.40528
-0.365943
-0.325108
-0.28446
-0.243914
-0.538151
-0.507128
-0.48398
-0.456738
-0.424316
-0.387551
-0.347657
-0.306522
-0.2659
-0.22544
-0.516122
-0.4869
-0.464508
-0.437454
-0.404811
-0.367636
-0.327402
-0.286216
-0.24588
-0.20575
-0.491121
-0.463923
-0.442401
-0.41565
-0.382935
-0.345544
-0.305203
-0.264222
-0.224436
-0.184844
-0.463146
-0.438185
-0.417648
-0.391325
-0.358703
-0.321305
-0.281103
-0.240589
-0.201585
-0.162569
-0.432227
-0.409702
-0.390265
-0.364504
-0.332153
-0.294972
-0.255169
-0.215396
-0.177388
-0.138779
-0.398422
-0.378521
-0.360296
-0.335239
-0.30335
-0.266624
-0.227486
-0.188728
-0.152055
-0.114801
-0.361824
-0.344716
-0.327815
-0.303611
-0.272385
-0.236359
-0.198155
-0.160661
-0.125355
-0.0899575
-0.322552
-0.30839
-0.292925
-0.269727
-0.239375
-0.204297
-0.167295
-0.131325
-0.0976564
-0.0641229
-0.28076
-0.269677
-0.255755
-0.233724
-0.204459
-0.170574
-0.135043
-0.100843
-0.0690534
-0.0374849
-0.236628
-0.228736
-0.216463
-0.195762
-0.167783
-0.135364
-0.101554
-0.0693539
-0.0396495
-0.0102082
-0.190356
-0.185761
-0.175233
-0.156008
-0.129559
-0.0988351
-0.0669953
-0.037012
-0.00957825
0.0175417
-0.142151
-0.140987
-0.132272
-0.114687
-0.0899702
-0.0611815
-0.0315501
-0.00398226
0.021018
0.0455734
-0.0923301
-0.0946073
-0.0878123
-0.0720193
-0.0492353
-0.0226102
0.00458779
0.0295711
0.0520074
0.07359
-0.04116
-0.0468879
-0.042103
-0.0282457
-0.00758624
0.0166613
0.041218
0.0634951
0.083243
0.101054
0.0110847
0.00188043
0.00458827
0.0163775
0.034735
0.0564077
0.0781403
0.0976316
0.114423
0.127218
0.0640907
0.0514062
0.0519805
0.0615822
0.0774786
0.0964039
0.115168
0.131779
0.144933
0.151277
0.117531
0.101385
0.0997806
0.107091
0.12039
0.13643
0.152134
0.165723
0.174144
0.174309
0.17107
0.151502
0.147686
0.152619
0.163208
0.17626
0.188832
0.199376
0.204709
0.203135
0.224368
0.201434
0.195389
0.197877
0.205666
0.21565
0.225023
0.232405
0.234896
0.231785
0.277078
0.250855
0.242576
0.242572
0.247499
0.254357
0.260484
0.264628
0.26419
0.259246
0.328857
0.299438
0.288937
0.286417
0.288444
0.292145
0.29501
0.2959
0.292523
0.285506
0.379362
0.346858
0.334164
0.329126
0.328244
0.328789
0.328403
0.326063
0.319785
0.310552
0.428258
0.392795
0.377953
0.37042
0.366651
0.364072
0.360479
0.354964
0.345845
0.334334
0.475218
0.436937
0.42001
0.410029
0.403426
0.397786
0.391063
0.382459
0.370586
0.356786
0.519928
0.478984
0.460051
0.447695
0.438339
0.429734
0.419988
0.408415
0.393899
0.377843
0.562084
0.518647
0.497805
0.48317
0.471172
0.45973
0.447099
0.432704
0.415683
0.397441
0.601402
0.555653
0.533015
0.516221
0.501722
0.487599
0.47225
0.455205
0.435838
0.415513
0.637613
0.589746
0.56544
0.546632
0.529798
0.513177
0.495304
0.475807
0.454274
0.431996
0.670472
0.620691
0.59486
0.574202
0.555225
0.536317
0.516137
0.494404
0.470903
0.446828
0.699752
0.648271
0.621072
0.59875
0.577844
0.556881
0.534634
0.510904
0.485645
0.459951
0.725252
0.672294
0.643898
0.620113
0.597513
0.57475
0.550694
0.52522
0.49843
0.471312
0.746796
0.692591
0.663179
0.638149
0.61411
0.589817
0.564228
0.537279
0.509193
0.480861
0.764235
0.709021
0.678782
0.65274
0.627529
0.601994
0.57516
0.547016
0.517881
0.488555
0.777446
0.721466
0.690599
0.663786
0.637686
0.611208
0.58343
0.55438
0.524449
0.494357
0.786336
0.729839
0.698548
0.671215
0.644515
0.617402
0.58899
0.559332
0.528865
0.498257
0.790842
0.734079
0.702571
0.674975
0.647971
0.620538
0.591807
0.561844
0.53112
0.500288
0.790931
0.734155
0.702641
0.67504
0.648032
0.620595
0.591862
0.561897
0.53118
0.50038
0.786601
0.730064
0.698755
0.671408
0.644695
0.617571
0.589151
0.559485
0.529024
0.498455
0.77788
0.721836
0.690939
0.664103
0.637981
0.611483
0.583687
0.554619
0.524675
0.494582
0.764826
0.709525
0.679246
0.65317
0.627929
0.602365
0.575502
0.547327
0.51816
0.488796
0.74753
0.693217
0.663755
0.638684
0.614604
0.590271
0.56464
0.537647
0.509514
0.481119
0.726109
0.673027
0.644573
0.620738
0.598089
0.575274
0.551164
0.525633
0.49878
0.471582
0.700713
0.649095
0.621831
0.599451
0.578487
0.557463
0.53515
0.511349
0.486015
0.460227
0.671514
0.621589
0.595686
0.574965
0.555921
0.536943
0.516686
0.494872
0.471284
0.447103
0.638716
0.590699
0.566318
0.547441
0.530534
0.513835
0.495876
0.476287
0.45466
0.432265
0.602542
0.556643
0.533927
0.517062
0.502485
0.488277
0.472835
0.455691
0.436223
0.415771
0.563242
0.519656
0.498737
0.484028
0.47195
0.460418
0.447688
0.433188
0.416062
0.397684
0.521083
0.479996
0.460987
0.448558
0.43912
0.430423
0.420574
0.408893
0.394269
0.378069
0.476354
0.437937
0.420937
0.410884
0.4042
0.398467
0.39164
0.382926
0.370944
0.356992
0.429358
0.393768
0.378858
0.371256
0.367409
0.364738
0.361042
0.355416
0.346188
0.334518
0.380413
0.347794
0.335036
0.329935
0.328978
0.329435
0.328948
0.326499
0.320114
0.310715
0.329849
0.300326
0.289768
0.28719
0.289147
0.292766
0.295534
0.296319
0.292839
0.285653
0.278002
0.251688
0.243358
0.243303
0.248167
0.254949
0.260987
0.265031
0.264496
0.259387
0.225217
0.202205
0.196116
0.19856
0.206295
0.216212
0.225503
0.232793
0.235198
0.231947
0.171841
0.152207
0.148355
0.153252
0.163795
0.176789
0.189289
0.19975
0.205018
0.203381
0.11822
0.102021
0.100388
0.107671
0.120933
0.136925
0.15257
0.166089
0.174471
0.174683
0.0646982
0.051972
0.0525255
0.0621071
0.0779763
0.0968643
0.115583
0.13214
0.145269
0.151784
0.0116109
0.00237612
0.00507013
0.0168471
0.0351865
0.0568323
0.0785311
0.0979828
0.11475
0.127642
-0.0407131
-0.0464612
-0.0416836
-0.0278312
-0.00718118
0.017049
0.0415817
0.0638299
0.0835533
0.101396
-0.0919596
-0.0942475
-0.0874538
-0.0716589
-0.0488764
-0.0222597
0.00492295
0.0298858
0.0523017
0.0738908
-0.141853
-0.140691
-0.131972
-0.114379
-0.0896563
-0.060868
-0.0312437
-0.0036888
0.0212969
0.0458511
-0.190126
-0.185526
-0.174989
-0.155751
-0.129289
-0.0985577
-0.0667175
-0.0367399
-0.00931503
0.0178017
-0.236461
-0.228558
-0.216272
-0.195552
-0.167555
-0.135121
-0.101304
-0.0691029
-0.039402
-0.00996292
-0.280652
-0.269551
-0.255611
-0.233558
-0.20427
-0.170365
-0.13482
-0.100613
-0.0688212
-0.0372523
-0.322497
-0.308311
-0.292826
-0.269603
-0.239223
-0.20412
-0.167098
-0.131115
-0.0974394
-0.063902
-0.361816
-0.34468
-0.327757
-0.303524
-0.272268
-0.236212
-0.197983
-0.16047
-0.125153
-0.0897481
-0.398456
-0.378524
-0.360274
-0.335187
-0.303264
-0.266505
-0.227338
-0.188556
-0.151868
-0.114605
-0.432297
-0.409739
-0.390275
-0.364482
-0.332095
-0.294879
-0.255042
-0.215242
-0.177214
-0.138605
-0.463248
-0.43825
-0.417686
-0.39133
-0.358671
-0.321235
-0.280997
-0.240452
-0.201422
-0.162395
-0.491249
-0.464013
-0.442463
-0.415678
-0.382926
-0.345495
-0.305116
-0.264101
-0.224287
-0.184676
-0.516271
-0.48701
-0.46459
-0.437502
-0.404821
-0.367607
-0.327333
-0.286111
-0.245745
-0.205593
-0.538316
-0.507255
-0.484078
-0.456803
-0.424344
-0.387538
-0.347604
-0.306432
-0.265778
-0.225295
-0.557414
-0.524785
-0.500966
-0.47361
-0.441504
-0.405282
-0.365904
-0.325032
-0.284351
-0.243779
-0.57362
-0.539662
-0.515314
-0.487975
-0.456338
-0.420852
-0.382231
-0.341893
-0.301432
-0.261012
-0.587019
-0.551973
-0.527208
-0.499972
-0.468903
-0.434286
-0.396599
-0.357013
-0.317004
-0.276981
-0.597713
-0.561822
-0.53675
-0.509699
-0.479279
-0.445639
-0.40904
-0.370405
-0.33107
-0.291688
-0.605827
-0.569332
-0.544062
-0.517267
-0.487562
-0.454987
-0.419606
-0.382099
-0.343641
-0.305149
-0.611504
-0.574641
-0.549279
-0.522804
-0.493867
-0.462422
-0.428363
-0.39214
-0.354746
-0.31739
-0.614898
-0.577896
-0.552547
-0.526452
-0.49832
-0.468051
-0.435396
-0.400586
-0.364424
-0.32845
-0.616176
-0.579256
-0.554021
-0.528358
-0.501061
-0.471994
-0.4408
-0.407509
-0.372726
-0.338377
-0.615512
-0.578883
-0.55386
-0.52868
-0.502234
-0.474381
-0.444681
-0.412992
-0.379714
-0.347233
-0.613085
-0.576943
-0.552227
-0.527576
-0.501992
-0.475348
-0.447157
-0.417126
-0.38546
-0.355084
-0.609076
-0.573602
-0.549283
-0.525205
-0.500488
-0.475039
-0.448349
-0.420012
-0.390043
-0.362006
-0.603663
-0.569023
-0.545189
-0.521724
-0.497876
-0.473595
-0.448384
-0.421754
-0.393546
-0.368077
-0.597021
-0.563366
-0.540099
-0.517288
-0.494306
-0.471159
-0.44739
-0.422457
-0.396053
-0.373374
-0.589319
-0.556783
-0.53416
-0.512042
-0.489923
-0.467872
-0.445492
-0.422227
-0.39765
-0.377968
-0.580717
-0.549419
-0.527514
-0.506127
-0.484866
-0.463868
-0.442814
-0.421165
-0.398416
-0.381917
-0.571364
-0.541409
-0.52029
-0.499671
-0.479265
-0.459274
-0.439472
-0.41937
-0.398425
-0.385263
-0.561398
-0.532878
-0.512608
-0.492794
-0.47324
-0.45421
-0.435577
-0.416928
-0.550944
-0.523939
-0.504577
-0.485603
-0.466902
-0.448786
-0.43123
-0.413923
-0.540118
-0.514696
-0.496296
-0.478196
-0.460348
-0.443102
-0.426525
-0.529021
-0.505242
-0.48785
-0.470657
-0.453663
-0.437244
-0.517747
-0.495659
-0.479316
-0.463058
-0.446921
-0.506381
-0.48602
-0.470761
-0.455462
-0.495
-0.476394
-0.462244
-0.447922
-0.483678
-0.46684
-0.453816
-0.472484
-0.457413
-0.461482
-0.448165
-0.450731
-0.440284
-0.272113
-0.282798
-0.292401
-0.300952
-0.308494
-0.315084
-0.320792
-0.325705
-0.329925
-0.333564
-0.336752
-0.246564
-0.257066
-0.266764
-0.275692
-0.283894
-0.291424
-0.298348
-0.304742
-0.310696
-0.316309
-0.321691
-0.223564
-0.233751
-0.243362
-0.252424
-0.260968
-0.269031
-0.276659
-0.2839
-0.290813
-0.297461
-0.303914
-0.202672
-0.212356
-0.221614
-0.230468
-0.238942
-0.247065
-0.254869
-0.262393
-0.26968
-0.276779
-0.283747
-0.183802
-0.192936
-0.201758
-0.210287
-0.218544
-0.226555
-0.234346
-0.24195
-0.249405
-0.256752
-0.26404
-0.16677
-0.175336
-0.183676
-0.191807
-0.199746
-0.207516
-0.21514
-0.222644
-0.23006
-0.237422
-0.244771
-0.151355
-0.159349
-0.167178
-0.174857
-0.182402
-0.18983
-0.197163
-0.204421
-0.211631
-0.218822
-0.226027
-0.137363
-0.144792
-0.152101
-0.159302
-0.16641
-0.173438
-0.180403
-0.187325
-0.194224
-0.201124
-0.208054
-0.124622
-0.131504
-0.138298
-0.145014
-0.151664
-0.15826
-0.164816
-0.171346
-0.177869
-0.184403
-0.190972
-0.112987
-0.119344
-0.125635
-0.131871
-0.138059
-0.14421
-0.150334
-0.156445
-0.162556
-0.168681
-0.17484
-0.102334
-0.108191
-0.113999
-0.119766
-0.125499
-0.131206
-0.136895
-0.142576
-0.14826
-0.153959
-0.159686
-0.0925581
-0.0979427
-0.103291
-0.108608
-0.1139
-0.119173
-0.124434
-0.12969
-0.134949
-0.14022
-0.145514
-0.0835709
-0.0885127
-0.0934264
-0.0983165
-0.103187
-0.108044
-0.112891
-0.117734
-0.12258
-0.127435
-0.132307
-0.0752973
-0.0798261
-0.0843329
-0.088821
-0.0932938
-0.0977551
-0.102209
-0.106659
-0.11111
-0.115568
-0.120037
-0.0676733
-0.0718189
-0.0759468
-0.0800595
-0.0841596
-0.08825
-0.0923336
-0.0964137
-0.100493
-0.104576
-0.108667
-0.0606449
-0.0644359
-0.0682126
-0.0719767
-0.0757301
-0.079475
-0.0832136
-0.0869481
-0.0906811
-0.0944152
-0.0981533
-0.0541544
-0.0576208
-0.0610751
-0.0645183
-0.067952
-0.0713777
-0.0747971
-0.078212
-0.0816241
-0.0850355
-0.0884481
-0.048172
-0.0513396
-0.0544962
-0.0576434
-0.0607821
-0.0639134
-0.0670384
-0.0701585
-0.0732749
-0.076389
-0.0795024
-0.0426434
-0.0455394
-0.0484255
-0.0513028
-0.0541719
-0.0570337
-0.0598891
-0.062739
-0.0655844
-0.0684263
-0.0712657
-0.0375509
-0.0401969
-0.0428343
-0.0454636
-0.0480854
-0.0507001
-0.0533083
-0.0559107
-0.0585079
-0.0611007
-0.0636898
-0.0328501
-0.0352693
-0.0376806
-0.0400844
-0.0424808
-0.0448703
-0.0472531
-0.0496298
-0.0520007
-0.0543663
-0.0567271
-0.0285169
-0.0307297
-0.0329352
-0.0351335
-0.0373246
-0.0395088
-0.0416862
-0.0438571
-0.0460217
-0.0481804
-0.0503335
-0.0524813
-0.0245236
-0.026549
-0.0285674
-0.0305788
-0.0325833
-0.0345808
-0.0365713
-0.0385551
-0.0405322
-0.0425027
-0.0444669
-0.046425
-0.0208474
-0.0227024
-0.0245509
-0.0263926
-0.0282274
-0.0300553
-0.0318761
-0.0336898
-0.0354965
-0.0372962
-0.0390889
-0.0408747
-0.0174652
-0.0191658
-0.0208602
-0.022548
-0.0242289
-0.0259029
-0.0275697
-0.0292292
-0.0308813
-0.0325261
-0.0341634
-0.0357932
-0.0143568
-0.0159181
-0.017473
-0.0190213
-0.0205628
-0.0220973
-0.0236246
-0.0251444
-0.0266566
-0.0281611
-0.0296577
-0.0311465
-0.0115057
-0.0129404
-0.0143689
-0.015791
-0.0172062
-0.0186145
-0.0200154
-0.0214088
-0.0227944
-0.024172
-0.0255416
-0.0269029
-0.00889532
-0.0102155
-0.0115296
-0.0128374
-0.0141385
-0.0154326
-0.0167193
-0.0179984
-0.0192697
-0.0205329
-0.0217877
-0.0230341
-0.00650926
-0.00772616
-0.00893715
-0.0101419
-0.0113399
-0.012531
-0.0137148
-0.0148909
-0.0160591
-0.0172192
-0.0183708
-0.0195137
-0.00433508
-0.00545889
-0.00657689
-0.00768869
-0.00879392
-0.00989221
-0.0109832
-0.0120666
-0.0131422
-0.0142095
-0.0152683
-0.0163185
-0.00236007
-0.00340017
-0.00443456
-0.00546284
-0.00648464
-0.00749958
-0.00850732
-0.00950752
-0.0104999
-0.0114841
-0.0124598
-0.0134269
-0.000573656
-0.00153869
-0.00249812
-0.00345154
-0.00439857
-0.00533884
-0.00627201
-0.00719773
-0.00811569
-0.00902558
-0.00992712
-0.01082
0.00103388
0.000135901
-0.000756567
-0.00164314
-0.00252343
-0.00339709
-0.00426376
-0.00512311
-0.00597481
-0.00681858
-0.00765412
-0.00848117
0.00247075
0.00163238
0.00079941
-2.77742e-05
-0.000848808
-0.00166333
-0.00247101
-0.00327152
-0.00406453
-0.00484977
-0.00562694
-0.00639578
0.00374401
0.00295827
0.00217781
0.00140302
0.000634245
-0.00012817
-0.000883893
-0.00163261
-0.00237401
-0.00310781
-0.00383374
-0.00455155
0.00485915
0.00411943
0.00338489
0.00265589
0.00193276
0.00121583
0.000505435
-0.000198138
-0.000894591
-0.00158365
-0.00226505
-0.00293855
0.00582048
0.00512047
0.00442553
0.003736
0.00305219
0.00237443
0.00170301
0.00103822
0.000380343
-0.000270361
-0.00091364
-0.00154926
0.00662989
0.00596354
0.00530215
0.00464603
0.00399549
0.00335082
0.00271231
0.00208022
0.00145482
0.000836351
0.000225057
-0.000378847
0.00728869
0.00664995
0.00601605
0.00538729
0.00476395
0.00414631
0.00353462
0.00292915
0.00233013
0.0017378
0.00115238
0.000574077
0.00779325
0.00717638
0.00656425
0.00595713
0.00535527
0.00475891
0.0041683
0.00358367
0.00300523
0.00243319
0.00186777
0.00130913
0.00814144
0.00753983
0.00694285
0.00635075
0.00576376
0.0051821
0.004606
0.00403566
0.00347129
0.00291308
0.00236121
0.00181586
0.00832068
0.00772948
0.00714281
0.00656085
0.00598378
0.00541179
0.00484503
0.00428369
0.00372791
0.00317787
0.00263371
0.00209557
0.143927
0.115659
0.0878454
0.0623218
0.0368865
0.0115616
-0.0132704
-0.0375071
-0.0611021
-0.0840035
-0.106231
-0.127795
-0.147418
-0.166667
-0.184949
-0.202162
-0.218329
-0.233428
-0.247431
-0.260326
0.13093
0.105204
0.0783276
0.0548286
0.0319399
0.00915392
-0.0131002
-0.0346943
-0.0556308
-0.0758769
-0.0953854
-0.114048
-0.131451
-0.14923
-0.165838
-0.181416
-0.19614
-0.210026
-0.223058
-0.235233
0.113467
0.0893921
0.0647939
0.0437555
0.0236543
0.00371479
-0.0157332
-0.034561
-0.0528015
-0.0704644
-0.0875447
-0.104118
-0.1203
-0.134968
-0.149466
-0.163419
-0.176709
-0.189359
-0.201381
-0.212779
0.0972483
0.075683
0.0540094
0.035485
0.0178512
0.000361291
-0.0167194
-0.0332579
-0.0492809
-0.064807
-0.0798265
-0.0943356
-0.108339
-0.12166
-0.134747
-0.147326
-0.159364
-0.1709
-0.181957
-0.192544
0.0833133
0.0641595
0.0452052
0.0289243
0.013412
-0.00196628
-0.0169958
-0.0315586
-0.0456774
-0.0593764
-0.0726577
-0.085521
-0.0979762
-0.110014
-0.12166
-0.132956
-0.143861
-0.154382
-0.164538
-0.174341
0.071569
0.0545166
0.0379529
0.0236424
0.00996963
-0.00357781
-0.0168248
-0.0296755
-0.0421515
-0.0542785
-0.0660644
-0.0775148
-0.0886458
-0.0994764
-0.109884
-0.120071
-0.129972
-0.139577
-0.148903
-0.157964
0.0616558
0.0464737
0.0320108
0.0194392
0.00737668
-0.00457789
-0.0162768
-0.0276444
-0.0387011
-0.0494704
-0.0599612
-0.0701792
-0.080133
-0.0898288
-0.0992368
-0.108487
-0.117493
-0.126265
-0.134824
-0.143184
0.0533177
0.0398119
0.0271798
0.0161288
0.00547087
-0.00510042
-0.0154567
-0.0255389
-0.035366
-0.0449591
-0.0543271
-0.0634763
-0.0724148
-0.0811507
-0.0896821
-0.0980453
-0.106234
-0.114248
-0.122101
-0.129802
0.0463439
0.0343314
0.0232845
0.0135547
0.00411958
-0.00525
-0.0144405
-0.0234059
-0.032164
-0.0407333
-0.0491221
-0.0573368
-0.0653852
-0.0732801
-0.0810362
-0.0885841
-0.0960303
-0.103357
-0.110558
-0.117643
0.0405353
0.0298465
0.0201686
0.0115854
0.00321564
-0.00510764
-0.013283
-0.0212744
-0.0290985
-0.0367708
-0.0442986
-0.0516871
-0.0589426
-0.0660723
-0.0730833
-0.0799645
-0.0867576
-0.0934517
-0.100049
-0.106558
0.0357156
0.0261971
0.0177017
0.0101142
0.00267404
-0.00473602
-0.0120247
-0.019164
-0.0261691
-0.0330528
-0.0398213
-0.0464791
-0.0530315
-0.0594842
-0.0658412
-0.0720998
-0.0782997
-0.0844144
-0.0904522
-0.0964233
0.0317346
0.0232493
0.0157762
0.00905442
0.00242713
-0.00418381
-0.0106958
-0.0170871
-0.0233713
-0.0295593
-0.0356558
-0.0416647
-0.0475905
-0.0534378
-0.0592106
-0.0649103
-0.0705537
-0.0761353
-0.0816593
-0.0871319
0.0284652
0.0208912
0.0143031
0.00833561
0.00242061
-0.00348919
-0.00931886
-0.0150514
-0.0206992
-0.0262711
-0.031771
-0.037202
-0.0425678
-0.0478724
-0.0531217
-0.0583226
-0.0634456
-0.0685351
-0.0735862
-0.078597
0.0257996
0.0190296
0.013209
0.00790006
0.00261077
-0.00268217
-0.0079105
-0.0130611
-0.0181448
-0.0231691
-0.0281366
-0.0330499
-0.0379115
-0.0427246
-0.0474921
-0.0522175
-0.056897
-0.0615446
-0.0661597
-0.070743
0.0236468
0.0175868
0.0124328
0.00770004
0.00296166
-0.00178722
-0.00648429
-0.0111193
-0.0157021
-0.0202386
-0.0247307
-0.0291802
-0.0335892
-0.0379601
-0.042295
-0.0465963
-0.0508638
-0.0551046
-0.0593186
-0.0635074
0.0219298
0.0164972
0.0119232
0.00769559
0.00344327
-0.000824727
-0.00505143
-0.00922888
-0.0133659
-0.0174671
-0.0215339
-0.0255674
-0.0295694
-0.0335417
-0.0374861
-0.0414039
-0.045295
-0.0491674
-0.0530137
-0.0568381
0.0205826
0.0157056
0.0116371
0.00785306
0.00403044
0.00018843
-0.00362082
-0.00739109
-0.0111301
-0.0148417
-0.0185263
-0.0221847
-0.0258176
-0.0294262
-0.033011
-0.0365675
-0.0400862
-0.0436586
-0.0471828
-0.050676
0.0195487
0.0151644
0.0115368
0.00814267
0.00470023
0.00123576
-0.00220308
-0.00561144
-0.00899633
-0.0123608
-0.0157052
-0.0190301
-0.0223364
-0.0256252
-0.0288979
-0.0321613
-0.0354255
-0.0386039
-0.0417975
-0.0449912
0.0187795
0.0148329
0.0115905
0.00853973
0.00543439
0.00230544
-0.000803537
-0.00388871
-0.00695624
-0.0100084
-0.0130452
-0.0160666
-0.019073
-0.0220647
-0.0250419
-0.0280052
-0.0309559
-0.0338904
-0.0368179
-0.0397363
0.0182326
0.0146756
0.0117703
0.009022
0.00621579
0.00338519
0.000569909
-0.00222695
-0.00501086
-0.00778359
-0.0105449
-0.0132945
-0.0160326
-0.0187595
-0.0214753
-0.0241803
-0.0268747
-0.0295579
-0.0322316
-0.034896
0.0178713
0.0146617
0.0120515
0.00957006
0.00702953
0.00446449
0.00191103
-0.000628316
-0.00315836
-0.00568046
-0.00819416
-0.0106991
-0.0131952
-0.0156824
-0.0181609
-0.0206306
-0.0230916
-0.0255436
-0.0279873
-0.0304228
0.0176635
0.014764
0.0124125
0.0101666
0.00786224
0.00553375
0.00321382
0.000904568
-0.00139821
-0.00369556
-0.00598686
-0.00827163
-0.0105497
-0.0128208
-0.015085
-0.017342
-0.0195917
-0.0218339
-0.024069
-0.0262967
0.0175809
0.0149588
0.0128343
0.0107965
0.0087022
0.00658458
0.00447309
0.00236957
0.000270358
-0.00182532
-0.00391677
-0.00600341
-0.00808492
-0.0101611
-0.0122315
-0.0142961
-0.0163546
-0.0184066
-0.0204523
-0.0224914
0.017599
0.0152252
0.0133002
0.0114463
0.0095389
0.00760936
0.00568402
0.00376451
0.00184767
-6.70522e-05
-0.00197892
-0.0038873
-0.00579178
-0.00769201
-0.00958766
-0.0114784
-0.0133638
-0.0152436
-0.0171179
-0.0189858
0.0176962
0.015545
0.0137955
0.0121044
0.0103636
0.0086019
0.00684295
0.00508817
0.00333487
0.00158266
-0.00016769
-0.0019155
-0.00366031
-0.00540169
-0.00713925
-0.00887256
-0.0106009
-0.0123233
-0.0140446
-0.0157583
0.017854
0.0159023
0.0143075
0.0127605
0.011168
0.00955617
0.00794592
0.00633854
0.00473175
0.00312533
0.00152001
-8.35158e-05
-0.00168475
-0.00328323
-0.0048785
-0.00647012
-0.00805803
-0.00964234
-0.0112176
-0.0127895
0.0180562
0.0162837
0.0148252
0.0134061
0.0119458
0.010468
0.00899075
0.00751545
0.00604015
0.00456473
0.00308994
0.00161645
0.000144807
-0.00132451
-0.00279102
-0.00425422
-0.00571371
-0.00716911
-0.0086195
-0.0100652
0.0182889
0.0166772
0.0153393
0.0140336
0.0126912
0.011333
0.00997473
0.00861766
0.00726021
0.00590233
0.00454475
0.00318812
0.00183299
0.000479859
-0.000870771
-0.00221841
-0.00356258
-0.00490282
-0.00623856
-0.00756954
0.0185405
0.017073
0.0158417
0.0146367
0.0133995
0.0121482
0.0108965
0.0096453
0.00839352
0.00714115
0.00588888
0.00463736
0.00338712
0.00213866
0.000892499
-0.000350871
-0.00159097
-0.00282732
-0.00405941
-0.00528687
0.0188009
0.0174628
0.0163259
0.0152104
0.0140669
0.0129111
0.0117545
0.0105981
0.00944099
0.00828322
0.00712544
0.00596829
0.00481228
0.00365792
0.00250572
0.00135618
0.00020977
-0.000933022
-0.00207171
-0.00320588
0.0190621
0.0178396
0.0167864
0.0157503
0.0146904
0.0136198
0.0125482
0.0114765
0.0104041
0.00933105
0.00825796
0.00718544
0.006114
0.00504414
0.00397635
0.00291112
0.00184893
0.000790261
-0.000264418
-0.00131468
0.019317
0.0181978
0.0172187
0.0162531
0.0152676
0.0142729
0.013277
0.012281
0.0112842
0.0102868
0.00928944
0.00829264
0.0072969
0.0063027
0.00531053
0.00432087
0.00333418
0.00235093
0.00137159
0.000396578
0.0195605
0.018533
0.0176193
0.0167163
0.0157967
0.0148694
0.0139409
0.0130121
0.0120826
0.0111527
0.0102228
0.00929352
0.00836532
0.00743867
0.00651402
0.00559185
0.00467261
0.00375675
0.00284472
0.00193696
0.0197881
0.0188417
0.0179856
0.0171377
0.0162764
0.0154087
0.0145398
0.0136705
0.0128007
0.0119305
0.0110605
0.0101912
0.00932299
0.00845633
0.00759168
0.0067295
0.00587022
0.00501427
0.0041621
0.00331412
0.0199965
0.0191212
0.0183156
0.017516
0.0167058
0.0158904
0.0150739
0.014257
0.0134397
0.0126222
0.011805
0.0109885
0.0101731
0.00935943
0.00854774
0.00773852
0.00693219
0.00612916
0.00532986
0.00453467
0.0201833
0.0193695
0.0186077
0.01785
0.0170842
0.0163142
0.0155433
0.014772
0.0140004
0.0132288
0.0124576
0.0116873
0.0109182
0.0101507
0.00938535
0.00862246
0.00786245
0.00710572
0.00635267
0.00560369
0.0203468
0.0195853
0.0188608
0.018139
0.0174111
0.01668
0.0159481
0.0152159
0.0144837
0.0137515
0.0130199
0.0122893
0.0115601
0.0108325
0.0101071
0.00938419
0.00866417
0.00794742
0.00723431
0.00652521
0.0204853
0.0197671
0.0190736
0.0183816
0.0176852
0.0169866
0.0162874
0.015588
0.0148888
0.0141898
0.0134916
0.0127945
0.0120989
0.0114051
0.0107135
0.0100244
0.00933828
0.00865541
0.00797616
0.00730087
0.0205987
0.0199149
0.0192461
0.0185779
0.0179069
0.0172345
0.0165616
0.0158889
0.0152164
0.0145445
0.0138735
0.0132038
0.0125357
0.0118695
0.0112056
0.0105443
0.00988601
0.00923095
0.00857951
0.00793198
0.0206841
0.0200255
0.0193746
0.0187241
0.0180719
0.017419
0.0167661
0.0161135
0.0154614
0.0148103
0.0141603
0.0135118
0.0128651
0.0122206
0.0115784
0.010939
0.0103026
0.00966956
0.00904012
0.00841458
0.0207443
0.0201019
0.0194626
0.0188235
0.0181838
0.0175441
0.0169046
0.0162658
0.0156279
0.0149912
0.0143558
0.0137222
0.0130905
0.0124611
0.0118343
0.0112102
0.0105892
0.00997159
0.00935758
0.00874744
0.0207708
0.0201334
0.019497
0.0188612
0.0182258
0.0175911
0.0169574
0.0163249
0.0156939
0.0150646
0.0144372
0.013812
0.0131892
0.0125691
0.0119518
0.0113377
0.0107268
0.0101195
0.00951587
0.00891621
0.166594
0.167936
0.171109
0.17551
0.181107
0.187677
0.195081
0.203129
0.211612
0.220263
0.228753
0.236669
0.243501
0.248632
0.251334
0.250777
0.246051
0.236227
0.220336
0.197183
0.159129
0.165284
0.166562
0.169571
0.173738
0.179003
0.18514
0.191986
0.199333
0.206944
0.21453
0.221735
0.228127
0.23319
0.236318
0.236824
0.233959
0.226946
0.215019
0.197482
0.173822
0.139458
0.163853
0.165066
0.167903
0.17182
0.176731
0.18241
0.188676
0.195306
0.202047
0.208594
0.214584
0.219586
0.223101
0.224565
0.223364
0.21886
0.210424
0.197489
0.179629
0.156926
0.125728
0.162288
0.163427
0.166073
0.169715
0.174243
0.179428
0.185072
0.19094
0.196762
0.202224
0.206957
0.210538
0.212493
0.212304
0.209435
0.203356
0.193587
0.179747
0.161612
0.139438
0.110542
0.160585
0.161643
0.164088
0.167438
0.171564
0.176234
0.181236
0.186322
0.191214
0.195591
0.199088
0.201297
0.201775
0.200063
0.195704
0.188282
0.177455
0.163003
0.144861
0.123372
0.0967559
0.158741
0.159714
0.161949
0.164996
0.168705
0.172846
0.177195
0.181497
0.185468
0.188788
0.191103
0.19203
0.191169
0.188122
0.18252
0.174053
0.162505
0.147788
0.129963
0.109412
0.0849819
0.156753
0.157637
0.159654
0.162386
0.165669
0.169271
0.172962
0.176482
0.17955
0.181851
0.183051
0.182798
0.18074
0.176548
0.169936
0.160694
0.14871
0.133999
0.116709
0.0972263
0.0748296
0.154619
0.15541
0.157203
0.159611
0.162459
0.165516
0.168549
0.171299
0.173489
0.17482
0.174979
0.173654
0.170546
0.16539
0.157982
0.148197
0.136009
0.121509
0.104898
0.0865505
0.0660544
0.152336
0.153032
0.154596
0.156674
0.159081
0.161593
0.163975
0.165974
0.167321
0.167738
0.166941
0.164659
0.160646
0.154703
0.146695
0.136572
0.124375
0.110245
0.094414
0.0772363
0.0585135
0.149906
0.150503
0.151835
0.153578
0.155545
0.157516
0.15926
0.160533
0.161082
0.16065
0.158989
0.155868
0.151095
0.14453
0.136103
0.125819
0.113772
0.100134
0.0851484
0.0691444
0.0520663
0.147327
0.147825
0.148924
0.150332
0.151861
0.153301
0.154426
0.155007
0.154809
0.153601
0.15117
0.147329
0.141936
0.134905
0.126216
0.115923
0.104151
0.0910917
0.076987
0.0621362
0.0465755
0.144603
0.145001
0.145867
0.146942
0.148041
0.148964
0.149497
0.149426
0.148537
0.14663
0.143527
0.139083
0.133203
0.125845
0.117033
0.106855
0.0954557
0.0830334
0.0698197
0.0560839
0.0419174
0.141737
0.142035
0.142671
0.143418
0.144099
0.144524
0.144497
0.143818
0.142302
0.139776
0.136098
0.131164
0.124918
0.11736
0.108543
0.0985786
0.0876242
0.0758739
0.0635435
0.0508725
0.0379822
0.138733
0.138933
0.139344
0.139771
0.140049
0.140002
0.139449
0.138214
0.136135
0.133071
0.128915
0.123597
0.117098
0.109448
0.100725
0.0910531
0.0805936
0.0695313
0.0580624
0.0463983
0.0346729
0.135599
0.135701
0.135895
0.136014
0.135909
0.135418
0.13438
0.132642
0.130068
0.126547
0.122004
0.116402
0.10975
0.102101
0.0935521
0.0842326
0.0743001
0.0639269
0.0532881
0.0425689
0.0319042
0.132342
0.132351
0.132335
0.132162
0.131695
0.130793
0.129314
0.127128
0.124127
0.120229
0.115386
0.10959
0.102873
0.0953057
0.086994
0.0780693
0.0686812
0.0589868
0.04914
0.0393021
0.0296014
0.128971
0.12889
0.128678
0.128228
0.127426
0.126148
0.124274
0.121699
0.118338
0.114138
0.109076
0.103167
0.0964607
0.0890405
0.0810155
0.0725145
0.0636762
0.0546419
0.045545
0.036525
0.0276996
0.125499
0.125333
0.124936
0.12423
0.123121
0.121504
0.119283
0.116376
0.112722
0.108291
0.103084
0.0971337
0.090503
0.0832819
0.0755801
0.0675197
0.0592276
0.0508285
0.042437
0.0341734
0.0261418
0.121937
0.121692
0.121124
0.120184
0.118798
0.116883
0.114364
0.11118
0.107296
0.102702
0.0974159
0.091486
0.0849843
0.0780034
0.07065
0.0630377
0.0552807
0.047488
0.0397566
0.0321903
0.0248785
0.118299
0.117981
0.11726
0.116109
0.114478
0.112305
0.109535
0.10613
0.102075
0.0973775
0.0920719
0.0862157
0.0798864
0.0731765
0.0661873
0.0590229
0.0517847
0.0445668
0.0374509
0.0305258
0.0238663
0.114602
0.114218
0.113359
0.112022
0.110179
0.107788
0.104814
0.101241
0.0970697
0.0923242
0.0870499
0.0813115
0.0751888
0.0687717
0.0621548
0.0554321
0.0486924
0.0420164
0.0354721
0.0291356
0.0230674
0.110862
0.11042
0.10944
0.107942
0.10592
0.103351
0.10022
0.0965265
0.0922891
0.0875437
0.0823442
0.0767597
0.0708696
0.0647596
0.0585166
0.0522244
0.0459604
0.0397928
0.0337779
0.0279806
0.0224483
0.107096
0.106603
0.105521
0.103888
0.101719
0.0990106
0.0957646
0.091997
0.0877385
0.0830352
0.0779471
0.0725447
0.0669059
0.0611107
0.055238
0.0493619
0.0435489
0.0378564
0.0323305
0.0270264
0.0219799
0.103323
0.102788
0.101621
0.0998784
0.0975943
0.0947831
0.0914623
0.0876611
0.0834211
0.0787957
0.0738485
0.0686501
0.0632747
0.0577967
0.0522866
0.0468093
0.0414217
0.0361715
0.0310962
0.0262428
0.0216365
0.0995632
0.0989925
0.0977589
0.0959309
0.0935623
0.0906828
0.0873236
0.0835254
0.079338
0.0748203
0.0700373
0.0650583
0.0599534
0.0547902
0.0496318
0.0445343
0.0395459
0.0347062
0.0300455
0.0256033
0.0213959
0.0958355
0.0952375
0.0939533
0.0920639
0.089639
0.0867228
0.083358
0.0795945
0.0754888
0.0711026
0.0665015
0.0617522
0.0569197
0.0520656
0.0472453
0.0425073
0.0378921
0.0334323
0.029152
0.0250844
0.0212384
0.0921604
0.0915424
0.0902235
0.0882946
0.0858396
0.0829151
0.0795735
0.075872
0.0718714
0.0676355
0.0632287
0.0587143
0.0541526
0.0495986
0.0451011
0.0407016
0.0364339
0.0323247
0.0283928
0.024666
0.0211473
0.0885582
0.0879272
0.0865882
0.08464
0.0821783
0.0792705
0.0759768
0.0723597
0.0684831
0.0644111
0.0602063
0.0559283
0.0516322
0.0473671
0.0431757
0.0390932
0.0351479
0.0313611
0.0277477
0.0243306
0.0211081
0.0850493
0.0844117
0.0830658
0.0811163
0.0786686
0.0757989
0.0725736
0.0690588
0.0653203
0.0614214
0.0574222
0.0533783
0.04934
0.0453508
0.0414477
0.0376607
0.0340132
0.0305223
0.0271993
0.024063
0.0211082
0.0816541
0.0810155
0.0796742
0.0777391
0.0753231
0.0725093
0.0693687
0.0659701
0.0623793
0.0586585
0.0548648
0.0510499
0.0472591
0.0435312
0.0398982
0.0363853
0.0330119
0.0297914
0.0267326
0.0238504
0.0211373
0.0783925
0.0777578
0.0764312
0.0745237
0.0721538
0.06941
0.0663667
0.0630936
0.0596562
0.0561148
0.0525234
0.0489296
0.0453745
0.0418922
0.0385104
0.0352504
0.0321281
0.0291541
0.0263347
0.0236819
0.0211864
0.0752844
0.0746579
0.0733539
0.0714847
0.0691723
0.0665091
0.0635715
0.0604296
0.0571477
0.0537836
0.0503884
0.0470058
0.0436727
0.0404194
0.0372698
0.0342419
0.0313485
0.028598
0.0259949
0.0235483
0.0212484
0.0723495
0.0717343
0.0704593
0.0686364
0.0663897
0.0638142
0.0609873
0.0579785
0.0548507
0.0516591
0.0484514
0.045268
0.0421422
0.0391007
0.036164
0.0333476
0.0306617
0.0281129
0.0257041
0.0234422
0.0213172
0.0696072
0.0690058
0.0677642
0.0659931
0.0638172
0.0613331
0.0586184
0.0557415
0.0527632
0.0497363
0.0467055
0.0437078
0.0407733
0.0379256
0.0351828
0.0325575
0.0300584
0.0276902
0.025455
0.0233576
0.0213881
0.067077
0.066491
0.0652853
0.063569
0.0614662
0.059074
0.0564697
0.0537202
0.0508843
0.0480121
0.0451454
0.0423184
0.0395583
0.0368861
0.0343176
0.0318635
0.0295309
0.0273233
0.0252418
0.0232896
0.0214575
0.0647787
0.0642087
0.0630399
0.0613789
0.0593485
0.0570457
0.054547
0.0519177
0.0492143
0.0464845
0.0437674
0.0410948
0.0384913
0.0359759
0.0335621
0.0312595
0.0290735
0.0270069
0.02506
0.0232346
0.0215225
0.0627327
0.0621785
0.0610458
0.0594382
0.0574769
0.0552582
0.0528576
0.0503386
0.0477554
0.0451536
0.0425701
0.0400342
0.0375687
0.0351906
0.0329119
0.0307408
0.0286819
0.0267371
0.0249064
0.0231901
0.0215812
0.0609602
0.060421
0.0593218
0.0577638
0.0558658
0.0537232
0.0514103
0.048989
0.0465117
0.0440216
0.0415539
0.039136
0.0367888
0.034528
0.0323643
0.0303048
0.0283534
0.0265115
0.0247785
0.023154
0.0216319
0.0594844
0.0589583
0.0578888
0.0563742
0.0545312
0.0524541
0.0502162
0.0478779
0.0454896
0.0430932
0.0407219
0.0384018
0.0361524
0.0339881
0.0319187
0.0299506
0.028087
0.0263289
0.0246755
0.0231257
0.0216742
0.0583304
0.0578149
0.0567698
0.0552906
0.0534919
0.0514674
0.0492893
0.0470167
0.0446988
0.0423758
0.04008
0.037836
0.0356625
0.0335729
0.0315764
0.0296787
0.0278827
0.0261889
0.0245966
0.0231037
0.0217061
0.0575267
0.0570186
0.0559911
0.0545375
0.0527705
0.0507831
0.0486472
0.0464209
0.0441522
0.0418806
0.0396373
0.0374462
0.0353253
0.0332874
0.0313412
0.029492
0.0277425
0.0260932
0.024543
0.0230898
0.0217298
0.0571067
0.0566013
0.0555834
0.0541438
0.0523936
0.0504259
0.0483123
0.0461103
0.0438675
0.0416229
0.039407
0.0372436
0.0351501
0.0331391
0.0312191
0.0293951
0.0276696
0.0260431
0.0245143
0.023081
0.0217396
0.174779
0.176199
0.179797
0.184787
0.191342
0.199142
0.208303
0.218759
0.230513
0.24357
0.257944
0.273653
0.290709
0.30912
0.328877
0.349953
0.372288
0.395846
0.420489
0.446003
0.471866
0.174739
0.176151
0.179731
0.184685
0.191138
0.198972
0.208113
0.218543
0.230266
0.243289
0.257625
0.273291
0.290297
0.308651
0.328342
0.349343
0.37159
0.395003
0.419417
0.444661
0.470292
0.174659
0.176061
0.179625
0.184561
0.191015
0.198801
0.207904
0.218292
0.229965
0.242929
0.257195
0.272775
0.289678
0.307906
0.327443
0.348256
0.370272
0.393385
0.417408
0.442186
0.467223
0.174542
0.175941
0.1795
0.184432
0.190887
0.19865
0.207731
0.21809
0.229724
0.242635
0.256828
0.272312
0.289087
0.307146
0.326461
0.346984
0.368626
0.391262
0.41468
0.438716
0.462773
0.174385
0.175784
0.179338
0.184265
0.190707
0.198454
0.207512
0.217837
0.229424
0.242267
0.256369
0.271729
0.288336
0.306171
0.325192
0.34533
0.366473
0.388476
0.411085
0.434135
0.456899
0.17419
0.175587
0.179135
0.184052
0.190478
0.198203
0.20723
0.21751
0.229035
0.241793
0.255778
0.27098
0.287376
0.304932
0.323584
0.343243
0.363768
0.384985
0.406594
0.428428
0.449607
0.173956
0.175352
0.17889
0.183789
0.190204
0.197902
0.20689
0.217116
0.228565
0.241221
0.255066
0.270078
0.286221
0.303441
0.321652
0.340739
0.360527
0.380809
0.401229
0.421622
0.440927
0.173684
0.175078
0.178607
0.183475
0.189885
0.197552
0.206496
0.216659
0.228021
0.240557
0.254239
0.269031
0.284879
0.301709
0.319408
0.337831
0.356764
0.375964
0.395009
0.413741
0.430894
0.173373
0.174766
0.178285
0.183188
0.189522
0.197155
0.206049
0.216141
0.227404
0.239803
0.253299
0.267841
0.283354
0.29974
0.316857
0.334524
0.352486
0.370459
0.387949
0.404809
0.419543
0.173025
0.174417
0.177925
0.182795
0.189117
0.196712
0.205549
0.215561
0.226714
0.23896
0.252249
0.26651
0.281648
0.297537
0.314002
0.330825
0.347702
0.364307
0.380066
0.394852
0.406916
0.17264
0.174031
0.177526
0.182371
0.188672
0.196224
0.204998
0.214923
0.225953
0.238031
0.25109
0.265041
0.279765
0.295104
0.310849
0.32674
0.342421
0.35752
0.371378
0.383897
0.393053
0.172219
0.173609
0.17709
0.181917
0.188186
0.195691
0.204398
0.214227
0.225124
0.237018
0.249826
0.263438
0.277708
0.292446
0.307405
0.322276
0.336653
0.350112
0.361904
0.371972
0.377994
0.171761
0.173153
0.17662
0.181427
0.187661
0.195115
0.203749
0.213475
0.224228
0.235923
0.248459
0.261704
0.275482
0.28957
0.303676
0.317444
0.33041
0.342096
0.351663
0.359103
0.361779
0.171267
0.172662
0.176119
0.1809
0.187098
0.194499
0.203055
0.21267
0.223268
0.23475
0.246995
0.259844
0.273094
0.286482
0.299671
0.312254
0.323705
0.333488
0.340676
0.345318
0.34444
0.170739
0.172136
0.175577
0.180338
0.186497
0.193841
0.202314
0.211811
0.222245
0.233499
0.245432
0.25786
0.270545
0.283185
0.295394
0.30671
0.316545
0.324299
0.328958
0.330635
0.326006
0.170176
0.171576
0.175002
0.179741
0.185859
0.193142
0.201525
0.210897
0.221153
0.232163
0.243761
0.255738
0.267818
0.279658
0.290823
0.300788
0.308905
0.314503
0.316489
0.31503
0.306465
0.16958
0.170992
0.174397
0.179113
0.185188
0.192407
0.200697
0.209935
0.220004
0.230754
0.241998
0.253493
0.26493
0.275919
0.285971
0.294501
0.300794
0.304104
0.303274
0.298492
0.285784
0.168952
0.170374
0.17377
0.178468
0.184506
0.191669
0.199874
0.208988
0.218879
0.229379
0.240275
0.251294
0.262087
0.272213
0.281127
0.288175
0.292568
0.293469
0.289676
0.281372
0.264277
0.168293
0.16973
0.173121
0.177808
0.183818
0.190936
0.19907
0.208078
0.217813
0.228088
0.238664
0.249235
0.25941
0.268696
0.276484
0.282041
0.284487
0.282863
0.275911
0.263783
0.242289
0.167592
0.169024
0.172373
0.177004
0.182928
0.189929
0.197903
0.206694
0.216138
0.226021
0.236075
0.245957
0.255231
0.263352
0.26965
0.273324
0.273425
0.268893
0.258435
0.241856
0.21544
0.167531
0.168884
0.172168
0.176728
0.18257
0.189467
0.19731
0.205938
0.21518
0.224823
0.234597
0.244162
0.253093
0.260862
0.266829
0.270237
0.270199
0.26574
0.255642
0.239838
0.214471
0.168273
0.16973
0.173175
0.177932
0.184028
0.19124
0.199474
0.208579
0.218405
0.228756
0.239386
0.24998
0.260134
0.269347
0.277
0.282352
0.28453
0.282598
0.275358
0.263129
0.241744
0.168948
0.170429
0.17393
0.178758
0.184951
0.192281
0.200662
0.209949
0.220004
0.230644
0.241645
0.252718
0.263499
0.273533
0.282265
0.289036
0.293069
0.293563
0.289396
0.280905
0.263824
0.169575
0.171042
0.17455
0.179393
0.185619
0.192998
0.201455
0.210854
0.221071
0.231944
0.243272
0.254801
0.266209
0.277093
0.286961
0.29523
0.301204
0.304172
0.303051
0.298145
0.285441
0.17017
0.171623
0.175144
0.180005
0.186266
0.193702
0.202246
0.211773
0.222174
0.233305
0.244992
0.257011
0.269079
0.28084
0.291856
0.301603
0.309449
0.314748
0.316469
0.31487
0.306243
0.170734
0.172182
0.175719
0.180602
0.186906
0.194405
0.203041
0.212699
0.223284
0.23467
0.246705
0.259194
0.271888
0.284474
0.296562
0.307688
0.317277
0.324747
0.329138
0.330642
0.325889
0.171263
0.172709
0.176263
0.181168
0.187513
0.195072
0.203795
0.213576
0.224333
0.235956
0.248314
0.261238
0.274513
0.287866
0.300955
0.313368
0.324592
0.334104
0.341024
0.345466
0.344419
0.171758
0.173202
0.176768
0.181698
0.18808
0.195695
0.204499
0.214395
0.225312
0.237155
0.249814
0.263144
0.276962
0.291032
0.305056
0.318676
0.331434
0.342862
0.352162
0.35938
0.361845
0.172217
0.173659
0.177237
0.182191
0.188609
0.196276
0.205156
0.215158
0.226224
0.238273
0.251212
0.26492
0.279243
0.29398
0.308875
0.323617
0.337804
0.351017
0.362543
0.372365
0.37814
0.172639
0.174082
0.177675
0.182648
0.189099
0.196814
0.205764
0.215865
0.227069
0.239308
0.252506
0.266564
0.281352
0.296705
0.312404
0.328182
0.343689
0.358554
0.372145
0.384396
0.39327
0.173025
0.174469
0.178076
0.183068
0.189547
0.197307
0.206322
0.216514
0.227844
0.240257
0.253692
0.26807
0.283285
0.299201
0.315635
0.332361
0.349078
0.365458
0.38095
0.395447
0.407197
0.173374
0.174819
0.178438
0.183451
0.189955
0.197755
0.206828
0.217103
0.228548
0.241119
0.254769
0.269435
0.285036
0.301461
0.318561
0.336147
0.35396
0.371717
0.388938
0.405491
0.419882
0.173686
0.175132
0.178761
0.183782
0.19032
0.198156
0.207282
0.217631
0.229179
0.241891
0.255732
0.270657
0.286603
0.303484
0.321178
0.339532
0.358327
0.377317
0.396092
0.414501
0.431283
0.173959
0.175408
0.179046
0.184074
0.190642
0.198509
0.207682
0.218096
0.229734
0.24257
0.256581
0.271734
0.287983
0.305263
0.323481
0.34251
0.36217
0.382248
0.402395
0.422449
0.44136
0.174194
0.175645
0.179291
0.184336
0.190919
0.198814
0.208026
0.218497
0.230213
0.243156
0.257312
0.272661
0.289171
0.306796
0.325464
0.345075
0.36548
0.386497
0.40783
0.429311
0.450074
0.17439
0.175843
0.179496
0.184553
0.191149
0.199067
0.208313
0.218831
0.230612
0.243644
0.257921
0.273433
0.290162
0.308075
0.32712
0.347218
0.368246
0.390051
0.41238
0.435063
0.457389
0.174548
0.176002
0.179662
0.184726
0.191335
0.199272
0.208545
0.2191
0.230933
0.244037
0.258412
0.274055
0.290958
0.309101
0.328448
0.348935
0.370463
0.3929
0.416031
0.439685
0.463273
0.174667
0.176123
0.17979
0.184863
0.191484
0.19944
0.208737
0.219325
0.231202
0.244364
0.258816
0.274561
0.291598
0.309917
0.32949
0.350269
0.372169
0.395075
0.418801
0.443178
0.467707
0.174746
0.176205
0.179878
0.18496
0.191591
0.199567
0.208888
0.219506
0.231421
0.244631
0.259143
0.274965
0.292101
0.310545
0.330278
0.351261
0.373417
0.396627
0.420719
0.445536
0.470661
0.174784
0.176234
0.179893
0.18496
0.191575
0.199528
0.20883
0.219432
0.231335
0.244539
0.259056
0.274896
0.292067
0.310569
0.330391
0.3515
0.373833
0.397235
0.421523
0.446572
0.472047
0.057116
0.0566108
0.055593
0.0541538
0.0524039
0.0504366
0.0483234
0.0461218
0.0438795
0.0416352
0.0394198
0.0372567
0.0351636
0.0331529
0.0312331
0.0294094
0.0276842
0.0260579
0.0245293
0.0230961
0.021755
0.0575359
0.057028
0.0560006
0.0545474
0.0527807
0.0507937
0.0486583
0.0464324
0.0441641
0.041893
0.03965
0.0374593
0.0353388
0.0333012
0.0313553
0.0295064
0.0277572
0.0261081
0.0245581
0.023105
0.0217452
0.0583394
0.0578241
0.0567792
0.0553003
0.053502
0.0514779
0.0493003
0.0470281
0.0447106
0.0423882
0.0400928
0.0378492
0.0356761
0.0335868
0.0315906
0.0296932
0.0278974
0.0262039
0.0246118
0.0231191
0.0217217
0.0594932
0.0589672
0.057898
0.0563837
0.0545411
0.0524644
0.0502271
0.0478892
0.0455014
0.0431055
0.0407347
0.038415
0.036166
0.034002
0.031933
0.0299652
0.0281019
0.026344
0.0246909
0.0231413
0.0216899
0.0609687
0.0604296
0.0593307
0.057773
0.0558754
0.0537333
0.051421
0.0490002
0.0465234
0.0440339
0.0415667
0.0391492
0.0368025
0.034542
0.0323787
0.0303196
0.0283685
0.0265269
0.0247942
0.0231699
0.0216479
0.0627408
0.0621867
0.0610543
0.0594471
0.0574863
0.0552681
0.0528681
0.0503496
0.047767
0.0451658
0.0425828
0.0400474
0.0375824
0.0352047
0.0329265
0.0307558
0.0286972
0.0267528
0.0249223
0.0232063
0.0215976
0.0647864
0.0642165
0.063048
0.0613874
0.0593575
0.0570553
0.0545572
0.0519286
0.0492258
0.0464965
0.0437801
0.041108
0.0385051
0.0359902
0.0335769
0.0312747
0.0290891
0.0270228
0.0250763
0.0232512
0.0215393
0.0670841
0.0664982
0.0652929
0.063577
0.0614747
0.0590832
0.0564795
0.0537308
0.0508956
0.048024
0.045158
0.0423316
0.0395721
0.0369006
0.0343326
0.031879
0.0295468
0.0273396
0.0252585
0.0233066
0.0214748
0.0696137
0.0690125
0.0677712
0.0660006
0.0638253
0.0613418
0.0586279
0.0557517
0.0527743
0.0497482
0.0467181
0.0437211
0.0407873
0.0379403
0.035198
0.0325733
0.0300746
0.027707
0.0254722
0.0233751
0.0214059
0.0723554
0.0717404
0.0704657
0.0686433
0.0663972
0.0638225
0.0609964
0.0579885
0.0548615
0.0516707
0.0484639
0.0452813
0.0421563
0.0391155
0.0361795
0.0333637
0.0306784
0.0281301
0.0257218
0.0234603
0.0213356
0.0752896
0.0746632
0.0733596
0.071491
0.0691792
0.0665168
0.0635801
0.0604391
0.0571582
0.0537951
0.0504008
0.0470191
0.0436869
0.0404344
0.0372856
0.0342584
0.0313656
0.0286157
0.0260131
0.0235671
0.0212676
0.0783969
0.0777624
0.0764362
0.0745293
0.0721601
0.0694172
0.0663748
0.0631027
0.0596664
0.056126
0.0525357
0.0489429
0.0453888
0.0419074
0.0385265
0.0352673
0.0321458
0.0291724
0.0263537
0.0237014
0.0212064
0.0816576
0.0810192
0.0796784
0.0777439
0.0753287
0.0725157
0.0693762
0.0659786
0.062389
0.0586694
0.0548769
0.0510631
0.0472735
0.0435467
0.0399146
0.0364027
0.0330301
0.0298104
0.0267523
0.0238708
0.0211582
0.085052
0.0844146
0.0830691
0.0811202
0.0786734
0.0758046
0.0725804
0.0690668
0.0653296
0.061432
0.0574341
0.0533915
0.0493544
0.0453665
0.0414645
0.0376786
0.0340321
0.030542
0.0272199
0.0240843
0.0211302
0.0885599
0.0879292
0.0865906
0.084643
0.0821822
0.0792754
0.0759828
0.072367
0.0684918
0.0644213
0.0602179
0.0559414
0.0516467
0.047383
0.0431929
0.0391116
0.0351674
0.0313817
0.0277692
0.0243529
0.0211311
0.0921612
0.0915434
0.090225
0.0882967
0.0858426
0.0829191
0.0795787
0.0758786
0.0718795
0.0676452
0.06324
0.0587273
0.0541671
0.0496147
0.0451187
0.0407205
0.0364542
0.0323461
0.0284153
0.0246895
0.0211716
0.0958353
0.0952375
0.0939538
0.092065
0.089641
0.0867258
0.0833623
0.0796003
0.0754962
0.0711117
0.0665124
0.0617649
0.0569342
0.0520819
0.0472633
0.0425268
0.0379132
0.0334548
0.0291757
0.0251092
0.0212641
0.099562
0.0989915
0.0977583
0.095931
0.0935632
0.0906848
0.0873269
0.0835302
0.0793446
0.0748287
0.0700477
0.0650708
0.0599678
0.0548067
0.0496502
0.0445545
0.0395678
0.0347297
0.0300704
0.0256294
0.0214232
0.103321
0.102786
0.10162
0.0998773
0.0975941
0.0947839
0.0914645
0.0876649
0.0834267
0.0788033
0.0738583
0.0686621
0.0632891
0.0578133
0.0523054
0.0468302
0.0414445
0.0361961
0.0311225
0.0262706
0.0216656
0.107093
0.1066
0.105519
0.103886
0.101718
0.0990102
0.0957656
0.0919996
0.087743
0.0830419
0.0779561
0.0725563
0.06692
0.0611274
0.0552572
0.0493835
0.0435727
0.0378823
0.0323583
0.0270559
0.0220109
0.110857
0.110415
0.109436
0.107939
0.105917
0.103349
0.100219
0.0965278
0.0922924
0.0875493
0.0823524
0.0767706
0.0708834
0.0647762
0.0585361
0.0522467
0.0459853
0.0398201
0.0338074
0.028012
0.0224815
0.114597
0.114213
0.113354
0.112018
0.110175
0.107785
0.104813
0.101241
0.0970716
0.0923285
0.087057
0.0813216
0.0752021
0.0687883
0.0621747
0.055455
0.0487184
0.0420452
0.0355034
0.0291692
0.023103
0.118293
0.117975
0.117254
0.116103
0.114473
0.1123
0.109531
0.106128
0.102075
0.0973804
0.0920778
0.0862249
0.0798991
0.0731929
0.0662073
0.0590466
0.0518118
0.0445971
0.0374842
0.0305618
0.0239046
0.121929
0.121684
0.121117
0.120177
0.118792
0.116877
0.114359
0.111177
0.107295
0.102703
0.0974203
0.091494
0.0849962
0.0780195
0.0706702
0.063062
0.055309
0.04752
0.0397922
0.032229
0.0249198
0.12549
0.125325
0.124927
0.124222
0.123112
0.121497
0.119277
0.11637
0.112719
0.108291
0.103087
0.0971403
0.0905139
0.0832974
0.0756004
0.0675446
0.0592571
0.0508624
0.0424749
0.034215
0.0261865
0.128962
0.128881
0.128668
0.128219
0.127416
0.126138
0.124265
0.121691
0.118333
0.114135
0.109077
0.103172
0.0964704
0.0890552
0.0810357
0.07254
0.0637071
0.0546778
0.0455855
0.0365699
0.027748
0.132332
0.13234
0.132325
0.132151
0.131684
0.130782
0.129303
0.127119
0.12412
0.120224
0.115384
0.109593
0.102881
0.0953194
0.0870138
0.0780953
0.0687133
0.0590247
0.0491835
0.0393505
0.0296539
0.135588
0.13569
0.135883
0.136002
0.135896
0.135405
0.134367
0.13263
0.130057
0.126539
0.122
0.116402
0.109756
0.102114
0.0935713
0.0842589
0.0743335
0.0639671
0.0533347
0.0426213
0.0319612
0.138722
0.138921
0.139331
0.139758
0.140035
0.139988
0.139434
0.1382
0.136122
0.13306
0.128907
0.123595
0.117102
0.109458
0.100743
0.0910796
0.0806282
0.0695738
0.0581124
0.0464552
0.0347349
0.141725
0.142022
0.142658
0.143403
0.144084
0.144508
0.144479
0.143801
0.142285
0.139761
0.136087
0.131158
0.124919
0.117368
0.10856
0.0986049
0.08766
0.075919
0.0635973
0.0509343
0.0380498
0.14459
0.144988
0.145853
0.146926
0.148025
0.148946
0.149478
0.149406
0.148518
0.146612
0.143512
0.139074
0.1332
0.125851
0.117049
0.10688
0.0954924
0.0830811
0.0698778
0.0561513
0.0419913
0.147314
0.147811
0.148909
0.150315
0.151843
0.153281
0.154405
0.154985
0.154786
0.153579
0.151151
0.147315
0.141929
0.134907
0.126229
0.115948
0.104189
0.0911421
0.0770496
0.0622098
0.0466567
0.149892
0.150489
0.15182
0.153561
0.155526
0.157495
0.159236
0.160507
0.161055
0.160624
0.158965
0.155848
0.151083
0.144528
0.136112
0.125842
0.11381
0.100187
0.0852161
0.0692251
0.0521563
0.152322
0.153017
0.15458
0.156656
0.159061
0.16157
0.163949
0.165945
0.16729
0.167707
0.166912
0.164634
0.160627
0.154694
0.146699
0.136591
0.124412
0.1103
0.094487
0.0773251
0.0586142
0.154604
0.155394
0.157187
0.159593
0.162437
0.165491
0.16852
0.171267
0.173454
0.174784
0.174944
0.173622
0.17052
0.165374
0.15798
0.148212
0.136045
0.121566
0.104976
0.0866483
0.0661682
0.156738
0.157621
0.159638
0.162367
0.165647
0.169245
0.172931
0.176448
0.179511
0.18181
0.183009
0.182758
0.180706
0.176524
0.169927
0.160703
0.148743
0.134058
0.116794
0.0973352
0.0749608
0.158725
0.159697
0.161932
0.164976
0.168682
0.172819
0.177162
0.181459
0.185425
0.188741
0.191054
0.191981
0.191125
0.188087
0.1825
0.174055
0.162534
0.147848
0.130056
0.109535
0.0851366
0.160569
0.161626
0.16407
0.167418
0.171539
0.176203
0.181198
0.186277
0.191162
0.195533
0.199025
0.201231
0.201711
0.200005
0.19566
0.188259
0.177463
0.163048
0.144949
0.123502
0.0969361
0.162272
0.163409
0.166055
0.169692
0.174214
0.179391
0.185026
0.190884
0.196695
0.202146
0.20687
0.210444
0.212395
0.212208
0.209348
0.203289
0.193551
0.179753
0.161671
0.139556
0.110739
0.163838
0.165053
0.16789
0.171803
0.17671
0.182383
0.188641
0.195263
0.201995
0.208535
0.214519
0.219519
0.223035
0.224508
0.223323
0.218845
0.210446
0.197556
0.179748
0.1571
0.125983
0.165272
0.166559
0.169579
0.173755
0.179028
0.185174
0.19203
0.199389
0.207015
0.214618
0.221845
0.228264
0.23336
0.236527
0.23708
0.234268
0.227309
0.215435
0.197936
0.174297
0.139949
0.166573
0.167917
0.171103
0.175517
0.181129
0.187715
0.195132
0.203192
0.211683
0.220337
0.228823
0.236729
0.243545
0.248656
0.25134
0.250775
0.246062
0.236284
0.220476
0.197479
0.159622
0.0207863
0.0201489
0.0195126
0.0188769
0.0182416
0.0176069
0.0169732
0.0163408
0.0157098
0.0150806
0.0144532
0.0138281
0.0132054
0.0125853
0.0119681
0.011354
0.0107431
0.0101358
0.00953225
0.00893261
0.0207598
0.0201175
0.0194783
0.0188392
0.0181996
0.0175599
0.0169206
0.0162818
0.015644
0.0150073
0.014372
0.0137384
0.0131068
0.0124774
0.0118506
0.0112266
0.0106056
0.00998803
0.00937405
0.00876394
0.0206998
0.0200413
0.0193905
0.01874
0.0180879
0.017435
0.0167822
0.0161296
0.0154776
0.0148265
0.0141766
0.0135282
0.0128816
0.012237
0.0115949
0.0109556
0.0103192
0.00968618
0.00905677
0.00843127
0.0206146
0.0199309
0.0192621
0.0185941
0.0179231
0.0172507
0.016578
0.0159053
0.0152328
0.014561
0.0138901
0.0132204
0.0125524
0.0118862
0.0112224
0.0105612
0.00990287
0.00924785
0.00859644
0.00794895
0.0205016
0.0197834
0.01909
0.018398
0.0177018
0.0170032
0.0163041
0.0156048
0.0149056
0.0142067
0.0135085
0.0128115
0.0121159
0.0114222
0.0107306
0.0100416
0.0093555
0.00867267
0.00799345
0.0073182
0.0203634
0.019602
0.0188776
0.0181558
0.017428
0.016697
0.0159651
0.0152331
0.0145009
0.0137688
0.0130373
0.0123067
0.0115775
0.01085
0.0101247
0.0094018
0.00868183
0.00796512
0.00725205
0.00654299
0.0202003
0.0193866
0.0186249
0.0178673
0.0171016
0.0163316
0.0155608
0.0147896
0.0140181
0.0132466
0.0124754
0.0117052
0.0109361
0.0101687
0.00940342
0.00864058
0.00788062
0.00712395
0.00637094
0.005622
0.0200141
0.0191389
0.0183334
0.0175339
0.0167238
0.0159084
0.015092
0.0142752
0.013458
0.0126405
0.0118234
0.0110069
0.0101917
0.00937804
0.00856642
0.00775726
0.00695098
0.00614801
0.00534875
0.00455361
0.0198062
0.01886
0.018004
0.0171562
0.016295
0.0154273
0.0145585
0.0136894
0.0128196
0.0119495
0.0110796
0.0102104
0.00934221
0.00847563
0.00761105
0.00674893
0.00588971
0.00503382
0.00418171
0.00333378
0.0195793
0.018552
0.0176384
0.0167354
0.015816
0.0148888
0.0139604
0.0130317
0.0121023
0.0111724
0.0102426
0.00931345
0.00838533
0.00745875
0.00653418
0.00561207
0.0046929
0.00377711
0.00286514
0.00195743
0.0193367
0.0182176
0.0172386
0.0162731
0.0152877
0.0142931
0.0132974
0.0123014
0.0113047
0.0103074
0.00931014
0.00831343
0.00731778
0.00632367
0.00533158
0.00434199
0.00335537
0.00237219
0.00139292
0.000417972
0.0190826
0.0178603
0.0168072
0.0157712
0.0147114
0.013641
0.0125695
0.0114979
0.0104256
0.00935262
0.00827964
0.00720721
0.00613587
0.0050661
0.00399839
0.00293324
0.00187114
0.000812542
-0.000242064
-0.00129225
0.0188224
0.0174845
0.0163477
0.0152323
0.014089
0.0129333
0.0117768
0.0106205
0.00946353
0.00830587
0.0071482
0.00599115
0.00483524
0.00368099
0.00252888
0.00137942
0.000233103
-0.000909606
-0.00204821
-0.0031823
0.0185631
0.0170959
0.0158647
0.0146598
0.0134227
0.0121716
0.0109199
0.00966891
0.00841725
0.00716501
0.00591285
0.00466144
0.00341131
0.00216296
0.000916897
-0.000326376
-0.00156638
-0.00280264
-0.00403464
-0.00526202
0.0183127
0.0167013
0.0153635
0.0140579
0.0127157
0.0113576
0.00999952
0.0086426
0.00728528
0.00592753
0.00457006
0.00321356
0.00185855
0.000505528
-0.000844994
-0.00219253
-0.00353659
-0.00487674
-0.00621238
-0.00754328
0.0180814
0.0163092
0.0148509
0.0134319
0.0119718
0.0104941
0.00901701
0.00754185
0.00606669
0.00459141
0.00311676
0.0016434
0.000171877
-0.00129732
-0.00276371
-0.00422681
-0.00568618
-0.00714148
-0.00859177
-0.0100374
0.0178807
0.0159295
0.0143347
0.0127879
0.0111955
0.0095839
0.00797381
0.00636658
0.00475995
0.00315367
0.00154849
-5.48972e-05
-0.001656
-0.00325436
-0.0048495
-0.00644101
-0.0080288
-0.009613
-0.0111882
-0.01276
0.0177247
0.0155739
0.0138246
0.0121336
0.0103929
0.00863144
0.00687266
0.00511804
0.00336489
0.00161284
-0.000137361
-0.00188503
-0.0036297
-0.00537095
-0.00710837
-0.00884156
-0.0105698
-0.012292
-0.0140132
-0.0157269
0.0176294
0.0152561
0.0133312
0.0114775
0.00957026
0.00764091
0.00571575
0.00379641
0.00187974
-3.48287e-05
-0.00194654
-0.00385477
-0.00575911
-0.0076592
-0.00955472
-0.0114453
-0.0133306
-0.0152103
-0.0170845
-0.0189523
0.0176136
0.014992
0.0128676
0.0108299
0.0087358
0.00661838
0.00450708
0.00240373
0.000304685
-0.00179083
-0.00388212
-0.00596861
-0.00804998
-0.010126
-0.0121963
-0.0142608
-0.0163191
-0.018371
-0.0204166
-0.0224556
0.0176986
0.0147997
0.0124483
0.0102025
0.00789835
0.00557007
0.00325032
0.000941244
-0.00136137
-0.00365855
-0.0059497
-0.00823432
-0.0105122
-0.0127832
-0.0150472
-0.0173041
-0.0195537
-0.0217958
-0.0240308
-0.0262583
0.0179092
0.0147003
0.0120901
0.0096088
0.00706847
0.00450363
0.00195035
-0.000588828
-0.00311871
-0.00564066
-0.0081542
-0.010659
-0.0131549
-0.0156421
-0.0181204
-0.02059
-0.0230509
-0.0255028
-0.0279464
-0.0303817
0.0182737
0.0147175
0.0118122
0.00906394
0.00625791
0.0034275
0.000612394
-0.00218431
-0.00496807
-0.00774066
-0.0105018
-0.0132513
-0.0159894
-0.0187161
-0.0214318
-0.0241367
-0.0268309
-0.0295141
-0.0321877
-0.0348519
0.0188242
0.0148785
0.0116361
0.0085853
0.00548011
0.00235135
-0.000757482
-0.00384252
-0.00690993
-0.009962
-0.0129987
-0.01602
-0.0190263
-0.022018
-0.0249951
-0.0279584
-0.030909
-0.0338434
-0.0367707
-0.039689
0.0195976
0.0152144
0.0115866
0.00819239
0.00475005
0.00128573
-0.00215298
-0.00556124
-0.00894604
-0.0123104
-0.0156547
-0.0189796
-0.0222859
-0.0255747
-0.0288475
-0.0321113
-0.0353762
-0.0385537
-0.0417469
-0.0449404
0.0206364
0.0157608
0.0116918
0.0079075
0.00408492
0.000243021
-0.00356616
-0.00733637
-0.0110754
-0.0147868
-0.0184714
-0.0221296
-0.0257624
-0.0293708
-0.0329555
-0.0365115
-0.0400294
-0.0436027
-0.0471272
-0.0506205
0.0219892
0.0165582
0.0119835
0.00775543
0.00350305
-0.000764909
-0.00499162
-0.00916909
-0.0133061
-0.0174073
-0.021474
-0.0255076
-0.0295096
-0.0334818
-0.0374261
-0.0413439
-0.0452349
-0.0491074
-0.0529538
-0.0567783
0.0237128
0.0176546
0.0124995
0.00776604
0.00302748
-0.00172146
-0.00641866
-0.0110538
-0.0156367
-0.0201733
-0.0246655
-0.0291151
-0.0335242
-0.0378951
-0.0422301
-0.0465314
-0.050799
-0.0550399
-0.0592541
-0.063443
0.025873
0.0191052
0.0132831
0.00797308
0.00268347
-0.00260966
-0.00783826
-0.0129891
-0.0180731
-0.0230975
-0.0280653
-0.0329787
-0.0378406
-0.0426538
-0.0474216
-0.0521471
-0.0568268
-0.0614746
-0.0660899
-0.0706734
0.0285469
0.0209755
0.0143855
0.00841659
0.00250114
-0.00340901
-0.0092391
-0.0149721
-0.0206203
-0.0261925
-0.0316928
-0.0371241
-0.0424903
-0.0477952
-0.0530448
-0.058246
-0.0633693
-0.0684591
-0.0735106
-0.0785216
0.0318254
0.023343
0.0158676
0.00914432
0.00251648
-0.00409494
-0.0106076
-0.0169995
-0.0232842
-0.0294727
-0.0355697
-0.0415792
-0.0475055
-0.0533533
-0.0591266
-0.0648268
-0.0704706
-0.0760527
-0.0815772
-0.0870502
0.0358159
0.0263006
0.017803
0.0102139
0.00277325
-0.0046374
-0.0119268
-0.0190669
-0.0260727
-0.0329571
-0.0397263
-0.0463848
-0.052938
-0.0593914
-0.0657491
-0.0720084
-0.078209
-0.0843243
-0.0903628
-0.0963346
0.0406452
0.0299598
0.0202801
0.0116959
0.00332569
-0.00499822
-0.0131744
-0.0211667
-0.0289917
-0.0366649
-0.0441936
-0.0515831
-0.0588396
-0.0659702
-0.0729822
-0.0798643
-0.0866584
-0.0933534
-0.0999516
-0.106462
0.0464627
0.0344537
0.0234063
0.0136765
0.00424132
-0.0051288
-0.0143201
-0.0232864
-0.0320456
-0.0406159
-0.049006
-0.0572219
-0.0652716
-0.0731678
-0.0809253
-0.0884744
-0.0959218
-0.103249
-0.110452
-0.117538
0.0534441
0.0399416
0.0273116
0.0162623
0.00560491
-0.00496664
-0.0153235
-0.0254066
-0.0352349
-0.0448292
-0.0541987
-0.0633495
-0.0722897
-0.0810272
-0.0895601
-0.0979252
-0.106115
-0.114132
-0.121986
-0.129689
0.061788
0.0466088
0.0321517
0.0195843
0.00752322
-0.0044311
-0.0161302
-0.0274986
-0.0385564
-0.0493272
-0.0598198
-0.0700398
-0.0799957
-0.0896938
-0.099104
-0.108357
-0.117365
-0.126139
-0.1347
-0.143062
0.0717062
0.0546555
0.0381026
0.0237989
0.0101286
-0.00341787
-0.0166645
-0.0295156
-0.0419929
-0.0541216
-0.0659096
-0.0773625
-0.0884964
-0.0993302
-0.10974
-0.11993
-0.129834
-0.139442
-0.148771
-0.157834
0.0834536
0.064302
0.0453642
0.0290927
0.0135836
-0.00179296
-0.0168217
-0.0313848
-0.0455049
-0.0592059
-0.0724897
-0.0853562
-0.0978148
-0.109855
-0.121506
-0.132806
-0.143714
-0.154239
-0.164399
-0.174206
0.097384
0.075825
0.0541747
0.0356631
0.0180345
0.000547401
-0.016532
-0.0330708
-0.0490953
-0.0646237
-0.0796466
-0.0941602
-0.108169
-0.121497
-0.134589
-0.14717
-0.159211
-0.170752
-0.181814
-0.192405
0.113615
0.0895386
0.0649626
0.0439382
0.0238446
0.00390996
-0.0155357
-0.0343635
-0.0526053
-0.0702706
-0.0873535
-0.103925
-0.120093
-0.134789
-0.149299
-0.163257
-0.176552
-0.189209
-0.201237
-0.212641
0.131199
0.105425
0.0785373
0.0550351
0.0321468
0.00936186
-0.0128924
-0.0344881
-0.0554274
-0.0756782
-0.0951936
-0.113869
-0.131299
-0.149059
-0.165668
-0.181254
-0.195986
-0.209879
-0.222917
-0.2351
0.144376
0.116033
0.088154
0.0625971
0.0371439
0.0118057
-0.0130369
-0.0372823
-0.060885
-0.0837935
-0.106025
-0.127582
-0.147232
-0.16649
-0.184781
-0.202004
-0.21818
-0.233288
-0.2473
-0.260204
0.00833711
0.00774593
0.00715928
0.00657734
0.00600029
0.00542831
0.00486156
0.00430022
0.00374445
0.00319441
0.00265024
0.0021121
0.00815797
0.00755638
0.00695943
0.00636734
0.00578037
0.00519873
0.00462263
0.0040523
0.00348793
0.00292972
0.00237786
0.00183251
0.00780996
0.00719312
0.00658102
0.00597392
0.00537207
0.00477573
0.00418513
0.0036005
0.00302207
0.00245004
0.00188461
0.00132598
0.00730569
0.00666698
0.0060331
0.00540437
0.00478104
0.00416342
0.00355174
0.00294628
0.00234727
0.00175494
0.00116953
0.00059122
0.00664725
0.00598094
0.00531957
0.00466348
0.00401296
0.00336831
0.00272981
0.00209773
0.00147234
0.00085388
0.00024259
-0.000361313
0.00583829
0.00513832
0.00444341
0.00375391
0.00307013
0.00239238
0.00172098
0.00105621
0.000398341
-0.000252355
-0.000895628
-0.00153125
0.0048775
0.00413782
0.00340332
0.00267434
0.00195124
0.00123434
0.000523965
-0.000179589
-0.000876028
-0.00156507
-0.00224647
-0.00291996
0.003763
0.00297729
0.00219688
0.00142212
0.000653376
-0.000109011
-0.000864709
-0.0016134
-0.00235479
-0.00308857
-0.00381449
-0.00453228
0.00249045
0.00165213
0.000819206
-7.9384e-06
-0.000828935
-0.00164343
-0.00245108
-0.00325156
-0.00404455
-0.00482977
-0.00560692
-0.00637575
0.00105441
0.000156481
-0.000735939
-0.00162247
-0.00250272
-0.00337634
-0.00424297
-0.00510229
-0.00595397
-0.00679772
-0.00763323
-0.00846027
-0.000552202
-0.00151718
-0.00247655
-0.00342992
-0.00437691
-0.00531714
-0.00625027
-0.00717596
-0.00809388
-0.00900375
-0.00990526
-0.0107982
-0.00233758
-0.00337762
-0.00441195
-0.00544018
-0.00646192
-0.00747682
-0.00848451
-0.00948467
-0.010477
-0.0114611
-0.0124369
-0.0134039
-0.00431143
-0.00543517
-0.00655311
-0.00766485
-0.00877002
-0.00986826
-0.0109592
-0.0120426
-0.0131181
-0.0141853
-0.0152442
-0.0162943
-0.00648434
-0.00770116
-0.00891208
-0.0101167
-0.0113147
-0.0125057
-0.0136894
-0.0148655
-0.0160337
-0.0171937
-0.0183453
-0.00886898
-0.0101891
-0.0115031
-0.0128108
-0.0141119
-0.0154059
-0.0166925
-0.0179716
-0.0192428
-0.0205059
-0.0217608
-0.0114778
-0.0129124
-0.0143409
-0.0157628
-0.017178
-0.0185862
-0.019987
-0.0213803
-0.0227659
-0.0241435
-0.025513
-0.0143272
-0.0158884
-0.0174432
-0.0189914
-0.0205329
-0.0220673
-0.0235945
-0.0251142
-0.0266264
-0.0281308
-0.0296274
-0.0174336
-0.0191342
-0.0208285
-0.0225162
-0.0241971
-0.0258709
-0.0275376
-0.0291971
-0.0308492
-0.0324939
-0.0341311
-0.0208137
-0.0226687
-0.0245171
-0.0263587
-0.0281934
-0.0300212
-0.0318419
-0.0336556
-0.0354622
-0.0372619
-0.0390545
-0.0244877
-0.026513
-0.0285313
-0.0305426
-0.032547
-0.0345444
-0.0365349
-0.0385186
-0.0404956
-0.0424661
-0.0444303
-0.0284785
-0.0306912
-0.0328966
-0.0350947
-0.0372858
-0.0394699
-0.0416473
-0.0438181
-0.0459827
-0.0481413
-0.0502944
-0.0328089
-0.035228
-0.0376393
-0.0400429
-0.0424393
-0.0448287
-0.0472115
-0.0495881
-0.0519589
-0.0543245
-0.0566853
-0.0375068
-0.0401526
-0.0427899
-0.0454192
-0.0480408
-0.0506555
-0.0532637
-0.055866
-0.0584632
-0.0610559
-0.063645
-0.0425959
-0.0454918
-0.0483779
-0.0512551
-0.0541241
-0.0569859
-0.0598413
-0.0626911
-0.0655364
-0.0683783
-0.0712177
-0.0481209
-0.0512884
-0.054445
-0.0575922
-0.0607308
-0.063862
-0.066987
-0.0701071
-0.0732234
-0.0763376
-0.0794509
-0.0540991
-0.0575655
-0.0610199
-0.0644631
-0.0678967
-0.0713225
-0.0747419
-0.0781568
-0.0815689
-0.0849802
-0.0883928
-0.0605852
-0.0643764
-0.0681531
-0.0719172
-0.0756707
-0.0794157
-0.0831543
-0.0868888
-0.0906218
-0.0943559
-0.0980939
-0.067609
-0.0717547
-0.0758827
-0.0799955
-0.0840957
-0.0881862
-0.0922699
-0.09635
-0.10043
-0.104513
-0.108603
-0.0752279
-0.0797569
-0.0842639
-0.0887521
-0.0932251
-0.0976865
-0.10214
-0.106591
-0.111042
-0.115499
-0.119968
-0.0834959
-0.0884379
-0.0933519
-0.0982422
-0.103113
-0.10797
-0.112817
-0.117661
-0.122506
-0.127361
-0.132233
-0.0924768
-0.0978618
-0.10321
-0.108528
-0.11382
-0.119094
-0.124354
-0.12961
-0.13487
-0.140141
-0.145435
-0.102246
-0.108103
-0.113912
-0.11968
-0.125413
-0.13112
-0.13681
-0.142491
-0.148176
-0.153874
-0.159602
-0.112891
-0.119249
-0.125541
-0.131777
-0.137966
-0.144118
-0.150243
-0.156354
-0.162465
-0.168591
-0.17475
-0.124518
-0.131401
-0.138196
-0.144914
-0.151565
-0.158162
-0.164718
-0.171249
-0.177773
-0.184308
-0.190878
-0.137251
-0.144681
-0.151992
-0.159195
-0.166304
-0.173333
-0.1803
-0.187223
-0.194123
-0.201025
-0.207956
-0.151236
-0.159231
-0.167062
-0.174743
-0.18229
-0.189721
-0.197055
-0.204315
-0.211527
-0.21872
-0.225927
-0.166644
-0.175213
-0.183555
-0.191688
-0.199631
-0.207403
-0.215029
-0.222536
-0.229955
-0.23732
-0.244671
-0.183671
-0.192808
-0.201633
-0.210166
-0.218427
-0.226441
-0.234235
-0.241843
-0.249301
-0.256651
-0.263943
-0.202538
-0.212226
-0.221489
-0.230348
-0.238827
-0.246954
-0.254762
-0.26229
-0.269581
-0.276684
-0.283656
-0.223431
-0.233624
-0.243241
-0.252308
-0.260857
-0.268926
-0.276558
-0.283805
-0.290722
-0.297374
-0.303832
-0.246437
-0.256946
-0.266651
-0.275585
-0.283793
-0.291328
-0.298257
-0.304657
-0.310615
-0.316233
-0.321619
-0.271998
-0.282691
-0.292301
-0.300859
-0.308407
-0.315002
-0.320716
-0.325634
-0.329858
-0.333502
-0.336694
)
;

boundaryField
{
    inlet
    {
        type            zeroGradient;
    }
    outlet
    {
        type            fixedValue;
        value           nonuniform 0();
    }
    cylinder
    {
        type            zeroGradient;
    }
    top
    {
        type            symmetryPlane;
    }
    bottom
    {
        type            symmetryPlane;
    }
    defaultFaces
    {
        type            empty;
    }
    procBoundary0to1
    {
        type            processor;
        value           nonuniform List<scalar> 
133
(
-0.420459
-0.421892
-0.430349
-0.439106
-0.439106
-0.437378
-0.445486
-0.445486
-0.440448
-0.440448
-0.433471
-0.440149
-0.440149
-0.43126
-0.43126
-0.421523
-0.421523
-0.410412
-0.410412
-0.396418
-0.396418
-0.388037
-0.388037
-0.339628
-0.397741
-0.388018
-0.339573
-0.397741
-0.396413
-0.410422
-0.410422
-0.421544
-0.421544
-0.43129
-0.43129
-0.440184
-0.440184
-0.433503
-0.440484
-0.440484
-0.445524
-0.445524
-0.437411
-0.43914
-0.43914
-0.430378
-0.430187
-0.339628
-0.326964
-0.31025
-0.290649
-0.271322
-0.25215
-0.233283
-0.215045
-0.197602
-0.181052
-0.165458
-0.150842
-0.137204
-0.124524
-0.112769
-0.101898
-0.0918641
-0.0826166
-0.074104
-0.0662761
-0.0590839
-0.0590839
-0.0546244
-0.0483772
-0.0426539
-0.0374157
-0.0326272
-0.0282558
-0.0242718
-0.0206479
-0.0173597
-0.014385
-0.0117041
-0.00929948
-0.00715606
-0.00526098
-0.00360392
-0.00217701
-0.000975153
3.08078e-06
0.000757477
0.0012772
0.0015636
0.00158013
0.00129384
0.000774317
2.022e-05
-0.000957622
-0.002159
-0.00358532
-0.00524172
-0.00713601
-0.00927856
-0.0116822
-0.014362
-0.0173355
-0.0194882
-0.0194882
-0.0230071
-0.0268743
-0.0311161
-0.035761
-0.0408404
-0.0463883
-0.0524422
-0.059042
-0.0662313
-0.074056
-0.0825651
-0.0918088
-0.101839
-0.112705
-0.124455
-0.13713
-0.150763
-0.165373
-0.180963
-0.197508
-0.214948
-0.233185
-0.252052
-0.271229
-0.290562
-0.310173
-0.326897
-0.339573
)
;
    }
}


// ************************************************************************* //
