# Force coefficients
# liftDir     : (0.000000e+00 1.000000e+00 0.000000e+00)
# dragDir     : (1.000000e+00 0.000000e+00 0.000000e+00)
# pitchAxis   : (0.000000e+00 0.000000e+00 1.000000e+00)
# magUInf     : 1.000000e+00
# lRef        : 1.000000e+00
# Aref        : 1.000000e-01
# CofR        : (0.000000e+00 0.000000e+00 0.000000e+00)
# Time        	Cm            	Cd            	Cl            	Cl(f)         	Cl(r)         
0.005         	3.207655e-05	3.449268e+02	-1.866092e-02	-9.298383e-03	-9.362536e-03
0.01          	1.757930e-05	1.867238e+01	1.396494e-02	7.000048e-03	6.964890e-03
0.015         	1.074680e-05	1.836863e+01	2.354188e-03	1.187841e-03	1.166347e-03
0.02          	7.139336e-06	1.521691e+01	1.061418e-03	5.378485e-04	5.235698e-04
0.025         	4.938120e-06	1.321181e+01	4.510624e-04	2.304693e-04	2.205931e-04
0.03          	3.553839e-06	1.173795e+01	2.180196e-04	1.125636e-04	1.054560e-04
0.035         	2.659955e-06	1.063016e+01	1.281723e-04	6.674612e-05	6.142620e-05
0.04          	2.094324e-06	9.776707e+00	9.298642e-05	4.858753e-05	4.439888e-05
0.045         	1.766691e-06	9.102967e+00	6.988905e-05	3.671122e-05	3.317784e-05
0.05          	1.537839e-06	8.558616e+00	6.144175e-05	3.225872e-05	2.918304e-05
0.055         	1.373402e-06	8.109334e+00	5.219056e-05	2.746868e-05	2.472188e-05
0.06          	1.251957e-06	7.731477e+00	4.886772e-05	2.568582e-05	2.318190e-05
0.065         	1.159831e-06	7.408470e+00	3.877787e-05	2.054877e-05	1.822911e-05
0.07          	1.088156e-06	7.128446e+00	3.318481e-05	1.768056e-05	1.550425e-05
0.075         	1.030849e-06	6.882734e+00	3.679263e-05	1.942716e-05	1.736546e-05
0.08          	9.840384e-07	6.664838e+00	3.756371e-05	1.976589e-05	1.779781e-05
0.085         	9.452491e-07	6.469902e+00	3.180231e-05	1.684640e-05	1.495591e-05
0.09          	9.126390e-07	6.294140e+00	2.859699e-05	1.521113e-05	1.338585e-05
0.095         	8.847314e-07	6.134626e+00	2.669027e-05	1.422987e-05	1.246040e-05
0.1           	8.605519e-07	5.989025e+00	2.957788e-05	1.564949e-05	1.392839e-05
0.105         	8.393942e-07	5.855376e+00	2.886319e-05	1.527099e-05	1.359220e-05
0.11          	8.208232e-07	5.732163e+00	2.840306e-05	1.502235e-05	1.338071e-05
0.115         	8.043973e-07	5.618097e+00	2.611807e-05	1.386343e-05	1.225464e-05
0.12          	7.897546e-07	5.512130e+00	2.320068e-05	1.239010e-05	1.081059e-05
0.125         	7.766620e-07	5.413402e+00	2.329302e-05	1.242317e-05	1.086985e-05
0.13          	7.648684e-07	5.321104e+00	2.347547e-05	1.250260e-05	1.097287e-05
0.135         	7.542119e-07	5.234559e+00	2.446526e-05	1.298684e-05	1.147842e-05
0.14          	7.446065e-07	5.153228e+00	2.121238e-05	1.135080e-05	9.861585e-06
0.145         	7.359039e-07	5.076636e+00	2.108135e-05	1.127658e-05	9.804770e-06
0.15          	7.279816e-07	5.004332e+00	2.319054e-05	1.232325e-05	1.086729e-05
0.155         	7.703025e-07	4.935985e+00	2.121704e-05	1.137882e-05	9.838219e-06
0.16          	8.015558e-07	4.871243e+00	1.873543e-05	1.016927e-05	8.566157e-06
0.165         	8.249071e-07	4.809817e+00	1.948075e-05	1.056528e-05	8.915467e-06
0.17          	8.425447e-07	4.751420e+00	1.752616e-05	9.605625e-06	7.920536e-06
0.175         	8.559191e-07	4.695838e+00	1.841908e-05	1.006546e-05	8.353622e-06
0.18          	8.786217e-07	4.642866e+00	1.774976e-05	9.753501e-06	7.996258e-06
0.185         	8.967390e-07	4.592318e+00	1.577251e-05	8.782997e-06	6.989518e-06
0.19          	9.112447e-07	4.544025e+00	1.682171e-05	9.322101e-06	7.499612e-06
0.195         	9.229322e-07	4.497836e+00	1.670075e-05	9.273308e-06	7.427444e-06
0.2           	9.324105e-07	4.453619e+00	1.500978e-05	8.437302e-06	6.572481e-06
0.205         	9.401005e-07	4.411251e+00	1.592898e-05	8.904592e-06	7.024391e-06
0.21          	9.463384e-07	4.370573e+00	1.466196e-05	8.277319e-06	6.384642e-06
0.215         	9.514170e-07	4.331510e+00	1.250285e-05	7.202843e-06	5.300009e-06
0.22          	9.554987e-07	4.293968e+00	1.307159e-05	7.491293e-06	5.580296e-06
0.225         	9.588577e-07	4.257864e+00	1.255664e-05	7.237175e-06	5.319460e-06
0.23          	9.615405e-07	4.223089e+00	1.571453e-05	8.818804e-06	6.895723e-06
0.235         	9.637714e-07	4.189594e+00	1.073830e-05	6.332923e-06	4.405380e-06
0.24          	9.656365e-07	4.157305e+00	1.307878e-05	7.505025e-06	5.573752e-06
0.245         	9.671633e-07	4.126151e+00	1.054331e-05	6.238821e-06	4.304494e-06
0.25          	9.684633e-07	4.096067e+00	1.214983e-05	7.043378e-06	5.106451e-06
0.255         	9.696179e-07	4.067037e+00	8.979590e-06	5.459413e-06	3.520177e-06
0.26          	9.706796e-07	4.038949e+00	8.754627e-06	5.347993e-06	3.406634e-06
0.265         	9.716421e-07	4.011786e+00	1.062897e-05	6.286126e-06	4.342842e-06
0.27          	9.725774e-07	3.985494e+00	8.448819e-06	5.196987e-06	3.251832e-06
0.275         	9.735381e-07	3.960040e+00	7.872079e-06	4.909578e-06	2.962502e-06
0.28          	9.744910e-07	3.935381e+00	7.190998e-06	4.569990e-06	2.621008e-06
0.285         	9.755451e-07	3.911483e+00	8.600913e-06	5.276001e-06	3.324911e-06
0.29          	9.766804e-07	3.888306e+00	8.714156e-06	5.333758e-06	3.380398e-06
0.295         	9.779771e-07	3.865829e+00	5.566427e-06	3.761190e-06	1.805236e-06
0.3           	9.794210e-07	3.844012e+00	6.627804e-06	4.293323e-06	2.334481e-06
0.305         	9.810354e-07	3.822828e+00	3.403199e-06	2.682635e-06	7.205643e-07
0.31          	9.827553e-07	3.802244e+00	8.743253e-06	5.354382e-06	3.388871e-06
0.315         	9.846765e-07	3.782246e+00	5.895305e-06	3.932329e-06	1.962976e-06
0.32          	9.868369e-07	3.762809e+00	5.233843e-06	3.603758e-06	1.630084e-06
0.325         	9.891958e-07	3.743900e+00	5.820057e-06	3.899224e-06	1.920833e-06
0.33          	9.917520e-07	3.725501e+00	4.713955e-06	3.348729e-06	1.365225e-06
0.335         	9.945547e-07	3.707598e+00	4.133054e-06	3.061082e-06	1.071972e-06
0.34          	9.975921e-07	3.690143e+00	3.718071e-06	2.856628e-06	8.614436e-07
0.345         	1.000874e-06	3.673161e+00	3.207596e-06	2.604672e-06	6.029234e-07
0.35          	1.004400e-06	3.656621e+00	3.671967e-06	2.840383e-06	8.315840e-07
0.355         	1.008173e-06	3.640494e+00	3.830286e-06	2.923316e-06	9.069701e-07
0.36          	1.012221e-06	3.624777e+00	3.109347e-06	2.566894e-06	5.424527e-07
0.365         	1.016553e-06	3.609450e+00	2.291186e-06	2.162146e-06	1.290403e-07
0.37          	1.021164e-06	3.594498e+00	2.439055e-06	2.240692e-06	1.983635e-07
0.375         	1.026042e-06	3.579886e+00	2.279801e-06	2.165942e-06	1.138584e-07
0.38          	1.031202e-06	3.565672e+00	1.312705e-06	1.687555e-06	-3.748497e-07
0.385         	1.036664e-06	3.551779e+00	1.581104e-06	1.827216e-06	-2.461123e-07
0.39          	1.042453e-06	3.538201e+00	-1.140027e-06	4.724391e-07	-1.612467e-06
0.395         	1.048491e-06	3.524954e+00	3.499202e-06	2.798092e-06	7.011099e-07
0.4           	1.054853e-06	3.512004e+00	7.394421e-07	1.424574e-06	-6.851317e-07
0.405         	1.061541e-06	3.499328e+00	3.171847e-06	2.647465e-06	5.243819e-07
0.41          	1.068569e-06	3.486980e+00	6.213169e-07	1.379227e-06	-7.579103e-07
0.415         	1.075953e-06	3.474878e+00	-7.024276e-08	1.040831e-06	-1.111074e-06
0.42          	1.083654e-06	3.463045e+00	-1.017789e-07	1.032764e-06	-1.134543e-06
0.425         	1.091674e-06	3.451472e+00	-1.797195e-07	1.001814e-06	-1.181533e-06
0.43          	1.100022e-06	3.440149e+00	-2.683733e-07	9.658357e-07	-1.234209e-06
0.435         	1.108703e-06	3.429070e+00	-2.038790e-07	1.006764e-06	-1.210643e-06
0.44          	1.117722e-06	3.418226e+00	-3.392395e-07	9.481025e-07	-1.287342e-06
0.445         	1.127084e-06	3.407610e+00	-2.714199e-07	9.913736e-07	-1.262793e-06
0.45          	1.136791e-06	3.397216e+00	-4.682511e-07	9.026655e-07	-1.370917e-06
0.455         	1.146847e-06	3.387038e+00	-2.484965e-07	1.022599e-06	-1.271095e-06
0.46          	1.157256e-06	3.377072e+00	-6.077217e-07	8.533956e-07	-1.461117e-06
0.465         	1.195238e-06	3.367293e+00	-1.065497e-06	6.624898e-07	-1.727986e-06
0.47          	1.229396e-06	3.357713e+00	-1.133439e-06	6.626763e-07	-1.796116e-06
0.475         	1.260653e-06	3.348296e+00	-1.391521e-06	5.648927e-07	-1.956413e-06
0.48          	1.289652e-06	3.339100e+00	-9.694680e-07	8.049184e-07	-1.774386e-06
0.485         	1.316865e-06	3.330082e+00	-1.071103e-06	7.813136e-07	-1.852417e-06
0.49          	1.342653e-06	3.321236e+00	-1.080049e-06	8.026284e-07	-1.882677e-06
0.495         	1.367286e-06	3.312558e+00	-1.200593e-06	7.669895e-07	-1.967583e-06
0.5           	1.390986e-06	3.304031e+00	-2.185131e-06	2.984207e-07	-2.483552e-06
0.505         	1.413907e-06	3.295708e+00	5.775160e-07	1.702665e-06	-1.125149e-06
0.51          	1.436196e-06	3.287516e+00	-1.432464e-06	7.199640e-07	-2.152428e-06
0.515         	1.458005e-06	3.279463e+00	-9.560489e-07	9.799810e-07	-1.936030e-06
0.52          	1.479416e-06	3.271587e+00	-1.061857e-06	9.484879e-07	-2.010345e-06
0.525         	1.500520e-06	3.263835e+00	-9.608339e-07	1.020103e-06	-1.980937e-06
0.53          	1.521389e-06	3.256218e+00	-1.284416e-06	8.791816e-07	-2.163597e-06
0.535         	1.542097e-06	3.248761e+00	-9.830340e-07	1.050579e-06	-2.033614e-06
0.54          	1.562718e-06	3.241419e+00	-9.300952e-07	1.097671e-06	-2.027766e-06
0.545         	1.583245e-06	3.234205e+00	-7.641460e-07	1.201172e-06	-1.965318e-06
0.55          	1.603743e-06	3.227122e+00	-5.092667e-08	1.578280e-06	-1.629206e-06
0.555         	1.624256e-06	3.220169e+00	-4.424924e-07	1.403009e-06	-1.845502e-06
0.56          	1.644820e-06	3.213323e+00	4.078757e-07	1.848758e-06	-1.440882e-06
0.565         	1.665464e-06	3.206602e+00	8.808041e-07	2.105866e-06	-1.225062e-06
0.57          	1.686251e-06	3.199991e+00	-3.449054e-06	-3.827617e-08	-3.410777e-06
0.575         	1.707163e-06	3.193487e+00	8.716406e-07	2.142983e-06	-1.271342e-06
0.58          	1.728184e-06	3.187101e+00	5.424477e-07	1.999408e-06	-1.456960e-06
0.585         	1.749402e-06	3.180822e+00	3.589428e-07	1.928873e-06	-1.569930e-06
0.59          	1.770822e-06	3.174641e+00	1.233997e-07	1.832522e-06	-1.709123e-06
0.595         	1.792015e-06	3.168556e+00	6.510894e-07	2.117559e-06	-1.466470e-06
0.6           	1.814813e-06	3.162580e+00	1.411466e-06	2.520546e-06	-1.109080e-06
0.605         	1.838650e-06	3.156700e+00	1.687387e-06	2.682343e-06	-9.949564e-07
0.61          	1.863185e-06	3.150913e+00	1.840850e-06	2.783610e-06	-9.427596e-07
0.615         	1.888202e-06	3.145219e+00	2.089728e-06	2.933067e-06	-8.433381e-07
0.62          	1.913570e-06	3.139616e+00	2.467000e-06	3.147070e-06	-6.800701e-07
0.625         	1.939210e-06	3.134102e+00	3.093965e-06	3.486193e-06	-3.922277e-07
0.63          	1.965084e-06	3.128669e+00	3.550303e-06	3.740236e-06	-1.899326e-07
0.635         	1.991171e-06	3.123327e+00	3.650007e-06	3.816175e-06	-1.661675e-07
0.64          	2.017465e-06	3.118077e+00	3.521168e-06	3.778049e-06	-2.568810e-07
0.645         	2.043972e-06	3.112873e+00	9.899835e-07	2.538964e-06	-1.548981e-06
0.65          	2.070676e-06	3.107768e+00	2.451468e-06	3.296410e-06	-8.449420e-07
0.655         	2.097548e-06	3.102697e+00	2.711210e-06	3.453153e-06	-7.419434e-07
0.66          	2.124610e-06	3.097749e+00	3.588395e-06	3.918807e-06	-3.304124e-07
0.665         	2.151874e-06	3.092875e+00	4.333293e-06	4.318521e-06	1.477229e-08
0.67          	2.179367e-06	3.088055e+00	4.563338e-06	4.461037e-06	1.023016e-07
0.675         	2.207099e-06	3.083314e+00	3.858652e-06	4.136425e-06	-2.777734e-07
0.68          	2.235043e-06	3.078638e+00	9.161999e-06	6.816043e-06	2.345957e-06
0.685         	2.263210e-06	3.074072e+00	9.227941e-06	6.877180e-06	2.350760e-06
0.69          	2.291733e-06	3.069532e+00	1.674116e-07	2.375439e-06	-2.208027e-06
0.695         	2.320526e-06	3.065037e+00	8.396806e-06	6.518929e-06	1.877877e-06
0.7           	2.349484e-06	3.060630e+00	7.830422e-06	6.264695e-06	1.565727e-06
0.705         	2.378742e-06	3.056284e+00	7.933967e-06	6.345725e-06	1.588241e-06
0.71          	2.408297e-06	3.051996e+00	6.259199e-06	5.537897e-06	7.213025e-07
0.715         	2.438127e-06	3.047764e+00	8.239860e-06	6.558057e-06	1.681803e-06
0.72          	2.468228e-06	3.043581e+00	6.834720e-06	5.885588e-06	9.491315e-07
0.725         	2.498515e-06	3.039477e+00	1.788151e-05	1.143927e-05	6.442241e-06
0.73          	2.529158e-06	3.035433e+00	8.752838e-06	6.905577e-06	1.847261e-06
0.735         	2.560212e-06	3.031438e+00	1.120370e-05	8.162061e-06	3.041637e-06
0.74          	2.591548e-06	3.027488e+00	8.442918e-06	6.813007e-06	1.629911e-06
0.745         	2.623187e-06	3.023587e+00	1.041329e-05	7.829833e-06	2.583459e-06
0.75          	2.655131e-06	3.019751e+00	1.307290e-05	9.191582e-06	3.881321e-06
0.755         	2.687347e-06	3.015951e+00	1.254518e-05	8.959938e-06	3.585244e-06
0.76          	2.719874e-06	3.012210e+00	1.326246e-05	9.351104e-06	3.911357e-06
0.765         	2.752683e-06	3.008508e+00	1.401814e-05	9.761754e-06	4.256388e-06
0.77          	2.785771e-06	3.004861e+00	1.502226e-05	1.029690e-05	4.725360e-06
0.775         	2.819129e-06	3.001264e+00	1.649137e-05	1.106481e-05	5.426555e-06
0.78          	2.852746e-06	2.997708e+00	1.436104e-05	1.003327e-05	4.327775e-06
0.785         	2.886791e-06	2.994194e+00	1.570042e-05	1.073700e-05	4.963421e-06
0.79          	2.921101e-06	2.990733e+00	1.729943e-05	1.157082e-05	5.728616e-06
0.795         	2.955680e-06	2.987320e+00	2.087723e-05	1.339429e-05	7.482934e-06
0.8           	2.990627e-06	2.983935e+00	1.295821e-05	9.469730e-06	3.488476e-06
0.805         	3.025885e-06	2.980585e+00	1.698425e-05	1.151801e-05	5.466240e-06
0.81          	3.061420e-06	2.977290e+00	1.934100e-05	1.273192e-05	6.609079e-06
0.815         	3.097211e-06	2.974038e+00	2.282550e-05	1.450996e-05	8.315537e-06
0.82          	3.133341e-06	2.970817e+00	1.677549e-05	1.152109e-05	5.254405e-06
0.825         	3.169808e-06	2.967629e+00	1.960531e-05	1.297246e-05	6.632849e-06
0.83          	3.206520e-06	2.964491e+00	2.177518e-05	1.409411e-05	7.681071e-06
0.835         	3.243522e-06	2.961389e+00	2.272159e-05	1.460432e-05	8.117274e-06
0.84          	3.280832e-06	2.958324e+00	2.335269e-05	1.495718e-05	8.395511e-06
0.845         	3.318450e-06	2.955295e+00	2.404169e-05	1.533930e-05	8.702395e-06
0.85          	3.356399e-06	2.952302e+00	2.448838e-05	1.560059e-05	8.887791e-06
0.855         	3.394728e-06	2.949352e+00	2.749870e-05	1.714408e-05	1.035462e-05
0.86          	3.433371e-06	2.946411e+00	2.297076e-05	1.491875e-05	8.052008e-06
0.865         	3.472271e-06	2.943522e+00	2.705411e-05	1.699932e-05	1.005478e-05
0.87          	3.511410e-06	2.940665e+00	2.789854e-05	1.746068e-05	1.043786e-05
0.875         	3.550834e-06	2.937841e+00	2.870113e-05	1.790140e-05	1.079973e-05
0.88          	3.590548e-06	2.935049e+00	2.949329e-05	1.833719e-05	1.115610e-05
0.885         	3.630551e-06	2.932290e+00	3.002871e-05	1.864491e-05	1.138380e-05
0.89          	3.670831e-06	2.929563e+00	3.271376e-05	2.002771e-05	1.268605e-05
0.895         	3.711445e-06	2.926859e+00	2.446865e-05	1.594577e-05	8.522881e-06
0.9           	3.752350e-06	2.924175e+00	3.114780e-05	1.932625e-05	1.182155e-05
0.905         	3.793424e-06	2.921527e+00	3.281077e-05	2.019881e-05	1.261196e-05
0.91          	3.834850e-06	2.918901e+00	2.199117e-05	1.483044e-05	7.160736e-06
0.915         	3.876499e-06	2.916302e+00	3.903499e-05	2.339399e-05	1.564099e-05
0.92          	3.918262e-06	2.913747e+00	3.817883e-05	2.300768e-05	1.517115e-05
0.925         	3.960418e-06	2.911218e+00	3.734728e-05	2.263406e-05	1.471322e-05
0.93          	4.002906e-06	2.908713e+00	3.652995e-05	2.226788e-05	1.426207e-05
0.935         	4.045688e-06	2.906235e+00	3.660439e-05	2.234788e-05	1.425651e-05
0.94          	4.088749e-06	2.903781e+00	3.543042e-05	2.180396e-05	1.362646e-05
0.945         	4.132059e-06	2.901342e+00	3.806287e-05	2.316349e-05	1.489937e-05
0.95          	4.175533e-06	2.898962e+00	4.955640e-05	2.895373e-05	2.060267e-05
0.955         	4.219225e-06	2.896606e+00	5.456740e-05	3.150292e-05	2.306447e-05
0.96          	4.263426e-06	2.894264e+00	3.633995e-05	2.243340e-05	1.390655e-05
0.965         	4.308044e-06	2.891930e+00	4.307574e-05	2.584591e-05	1.722983e-05
0.97          	4.352776e-06	2.889623e+00	4.388303e-05	2.629429e-05	1.758874e-05
0.975         	4.397790e-06	2.887344e+00	3.958055e-05	2.418806e-05	1.539248e-05
0.98          	4.443030e-06	2.885077e+00	4.458302e-05	2.673454e-05	1.784848e-05
0.985         	4.488486e-06	2.882828e+00	4.069016e-05	2.483356e-05	1.585659e-05
0.99          	4.534158e-06	2.880614e+00	4.935811e-05	2.921321e-05	2.014490e-05
0.995         	4.579981e-06	2.878432e+00	5.502947e-05	3.209471e-05	2.293475e-05
1             	4.626175e-06	2.876253e+00	4.487370e-05	2.706302e-05	1.781067e-05
1.005         	4.672688e-06	2.874105e+00	5.082935e-05	3.008736e-05	2.074199e-05
1.01          	4.719356e-06	2.871980e+00	5.175710e-05	3.059791e-05	2.115919e-05
1.015         	4.766286e-06	2.869872e+00	5.249457e-05	3.101357e-05	2.148100e-05
1.02          	4.813469e-06	2.867786e+00	5.339457e-05	3.151076e-05	2.188382e-05
1.025         	4.860930e-06	2.865717e+00	5.046044e-05	3.009115e-05	2.036929e-05
1.03          	4.908550e-06	2.863673e+00	6.144914e-05	3.563312e-05	2.581602e-05
1.035         	4.956409e-06	2.861647e+00	5.488660e-05	3.239971e-05	2.248689e-05
1.04          	5.004619e-06	2.859638e+00	5.586327e-05	3.293626e-05	2.292702e-05
1.045         	5.053042e-06	2.857645e+00	5.577608e-05	3.294108e-05	2.283500e-05
1.05          	5.101660e-06	2.855669e+00	5.886713e-05	3.453522e-05	2.433190e-05
1.055         	5.150433e-06	2.853725e+00	6.428922e-05	3.729504e-05	2.699418e-05
1.06          	5.199516e-06	2.851791e+00	5.832660e-05	3.436282e-05	2.396378e-05
1.065         	5.248892e-06	2.849872e+00	6.082342e-05	3.566060e-05	2.516282e-05
1.07          	5.298441e-06	2.847970e+00	6.287228e-05	3.673458e-05	2.613770e-05
1.075         	5.348240e-06	2.846083e+00	5.997274e-05	3.533461e-05	2.463813e-05
1.08          	5.398135e-06	2.844219e+00	7.156059e-05	4.117843e-05	3.038216e-05
1.085         	5.448255e-06	2.842382e+00	6.894439e-05	3.992045e-05	2.902394e-05
1.09          	5.498743e-06	2.840544e+00	6.628813e-05	3.864281e-05	2.764532e-05
1.095         	5.549469e-06	2.838725e+00	6.850916e-05	3.980405e-05	2.870511e-05
1.1           	5.600378e-06	2.836925e+00	7.011005e-05	4.065540e-05	2.945465e-05
1.105         	5.651494e-06	2.835141e+00	7.127987e-05	4.129143e-05	2.998844e-05
1.11          	5.702828e-06	2.833373e+00	7.201410e-05	4.170988e-05	3.030422e-05
1.115         	5.754404e-06	2.831623e+00	6.985970e-05	4.068426e-05	2.917545e-05
1.12          	5.806160e-06	2.829878e+00	7.426868e-05	4.294050e-05	3.132818e-05
1.125         	5.858069e-06	2.828155e+00	7.761070e-05	4.466342e-05	3.294728e-05
1.13          	5.910179e-06	2.826459e+00	8.319433e-05	4.750734e-05	3.568699e-05
1.135         	5.962667e-06	2.824757e+00	6.698650e-05	3.945592e-05	2.753058e-05
1.14          	6.015399e-06	2.823074e+00	7.590437e-05	4.396759e-05	3.193679e-05
1.145         	6.068191e-06	2.821391e+00	7.162955e-05	4.188296e-05	2.974658e-05
1.15          	6.121120e-06	2.819738e+00	8.082828e-05	4.653526e-05	3.429302e-05
1.155         	6.174154e-06	2.818102e+00	8.163316e-05	4.699073e-05	3.464242e-05
1.16          	6.227423e-06	2.816479e+00	8.279108e-05	4.762296e-05	3.516812e-05
1.165         	6.280902e-06	2.814869e+00	8.453305e-05	4.854743e-05	3.598562e-05
1.17          	6.334580e-06	2.813273e+00	8.659346e-05	4.963131e-05	3.696215e-05
1.175         	6.388484e-06	2.811693e+00	8.406362e-05	4.842029e-05	3.564333e-05
1.18          	6.442614e-06	2.810112e+00	8.387137e-05	4.837830e-05	3.549307e-05
1.185         	6.496957e-06	2.808547e+00	7.764746e-05	4.532069e-05	3.232677e-05
1.19          	6.551412e-06	2.806993e+00	9.136340e-05	5.223311e-05	3.913029e-05
1.195         	6.605918e-06	2.805462e+00	9.353860e-05	5.337522e-05	4.016338e-05
1.2           	6.660699e-06	2.803939e+00	9.267387e-05	5.299763e-05	3.967624e-05
1.205         	6.715701e-06	2.802432e+00	9.540087e-05	5.441613e-05	4.098473e-05
1.21          	6.770929e-06	2.800938e+00	9.215605e-05	5.284895e-05	3.930709e-05
1.215         	6.826348e-06	2.799446e+00	9.428248e-05	5.396759e-05	4.031489e-05
1.22          	6.881891e-06	2.797968e+00	9.583376e-05	5.479877e-05	4.103499e-05
1.225         	6.937588e-06	2.796504e+00	9.759339e-05	5.573428e-05	4.185911e-05
1.23          	6.993458e-06	2.795052e+00	9.800214e-05	5.599453e-05	4.200761e-05
1.235         	7.068581e-06	2.793598e+00	9.886284e-05	5.650000e-05	4.236284e-05
1.24          	7.141465e-06	2.792168e+00	9.963854e-05	5.696074e-05	4.267781e-05
1.245         	7.212586e-06	2.790751e+00	1.008360e-04	5.763057e-05	4.320540e-05
1.25          	7.282288e-06	2.789344e+00	1.020965e-04	5.833052e-05	4.376594e-05
1.255         	7.350832e-06	2.787948e+00	1.033568e-04	5.902924e-05	4.432758e-05
1.26          	7.418419e-06	2.786561e+00	1.046092e-04	5.972302e-05	4.488618e-05
1.265         	7.485205e-06	2.785185e+00	1.058159e-04	6.039314e-05	4.542273e-05
1.27          	7.551313e-06	2.783820e+00	1.070344e-04	6.106849e-05	4.596587e-05
1.275         	7.616840e-06	2.782466e+00	1.091737e-04	6.220369e-05	4.697001e-05
1.28          	7.681861e-06	2.781124e+00	1.124799e-04	6.392182e-05	4.855809e-05
1.285         	7.746480e-06	2.779789e+00	1.098666e-04	6.267980e-05	4.718684e-05
1.29          	7.810769e-06	2.778459e+00	1.122749e-04	6.394823e-05	4.832669e-05
1.295         	7.874791e-06	2.777137e+00	1.008753e-04	5.831242e-05	4.256284e-05
1.3           	7.938552e-06	2.775823e+00	1.125308e-04	6.420396e-05	4.832686e-05
1.305         	8.001834e-06	2.774520e+00	1.151478e-04	6.557575e-05	4.957208e-05
1.31          	8.064902e-06	2.773230e+00	1.162927e-04	6.621123e-05	5.008143e-05
1.315         	8.127827e-06	2.771950e+00	1.162393e-04	6.624746e-05	4.999181e-05
1.32          	8.190811e-06	2.770670e+00	9.663540e-05	5.650851e-05	4.012689e-05
1.325         	8.253657e-06	2.769394e+00	1.246864e-04	7.059684e-05	5.408952e-05
1.33          	8.316058e-06	2.768143e+00	1.239167e-04	7.027441e-05	5.364230e-05
1.335         	8.378574e-06	2.766900e+00	1.243123e-04	7.053474e-05	5.377759e-05
1.34          	8.441091e-06	2.765666e+00	1.240184e-04	7.045031e-05	5.356812e-05
1.345         	8.503587e-06	2.764437e+00	1.252615e-04	7.113435e-05	5.412717e-05
1.35          	8.566041e-06	2.763219e+00	1.259940e-04	7.156304e-05	5.443096e-05
1.355         	8.628468e-06	2.762008e+00	1.265650e-04	7.191099e-05	5.465405e-05
1.36          	8.690872e-06	2.760807e+00	1.275564e-04	7.246908e-05	5.508734e-05
1.365         	8.753259e-06	2.759611e+00	1.282703e-04	7.288840e-05	5.538188e-05
1.37          	8.815635e-06	2.758426e+00	1.295687e-04	7.359997e-05	5.596870e-05
1.375         	8.878018e-06	2.757245e+00	1.302756e-04	7.401582e-05	5.625978e-05
1.38          	8.940400e-06	2.756073e+00	1.302493e-04	7.406504e-05	5.618424e-05
1.385         	9.002815e-06	2.754907e+00	1.278256e-04	7.291559e-05	5.490996e-05
1.39          	9.065165e-06	2.753751e+00	1.423222e-04	8.022627e-05	6.209594e-05
1.395         	9.127384e-06	2.752618e+00	1.495311e-04	8.389293e-05	6.563816e-05
1.4           	9.189800e-06	2.751488e+00	1.398695e-04	7.912457e-05	6.074498e-05
1.405         	9.252382e-06	2.750359e+00	1.570369e-04	8.777081e-05	6.926605e-05
1.41          	9.315085e-06	2.749241e+00	1.265673e-04	7.259874e-05	5.396857e-05
1.415         	9.378182e-06	2.748113e+00	1.348148e-04	7.678556e-05	5.802920e-05
1.42          	9.440992e-06	2.746996e+00	1.409619e-04	7.992194e-05	6.103995e-05
1.425         	9.503744e-06	2.745891e+00	1.429156e-04	8.096154e-05	6.195406e-05
1.43          	9.566597e-06	2.744791e+00	1.351679e-04	7.715056e-05	5.801736e-05
1.435         	9.629499e-06	2.743693e+00	1.457937e-04	8.252633e-05	6.326733e-05
1.44          	9.692298e-06	2.742612e+00	1.488043e-04	8.409445e-05	6.470985e-05
1.445         	9.755192e-06	2.741539e+00	1.496678e-04	8.458908e-05	6.507870e-05
1.45          	9.818194e-06	2.740472e+00	1.510059e-04	8.532112e-05	6.568473e-05
1.455         	9.881290e-06	2.739412e+00	1.520547e-04	8.590866e-05	6.614608e-05
1.46          	9.944463e-06	2.738360e+00	1.550217e-04	8.745533e-05	6.756640e-05
1.465         	1.000774e-05	2.737310e+00	1.501136e-04	8.506456e-05	6.504907e-05
1.47          	1.007113e-05	2.736265e+00	1.529424e-04	8.654235e-05	6.640009e-05
1.475         	1.013454e-05	2.735231e+00	1.548963e-04	8.758268e-05	6.731359e-05
1.48          	1.019801e-05	2.734201e+00	1.565151e-04	8.845554e-05	6.805952e-05
1.485         	1.026156e-05	2.733179e+00	1.579000e-04	8.921158e-05	6.868846e-05
1.49          	1.032518e-05	2.732164e+00	1.592636e-04	8.995696e-05	6.930660e-05
1.495         	1.038888e-05	2.731155e+00	1.613237e-04	9.105074e-05	7.027299e-05
1.5           	1.045262e-05	2.730155e+00	1.679558e-04	9.443052e-05	7.352528e-05
1.505         	1.051656e-05	2.729155e+00	1.506319e-04	8.583250e-05	6.479938e-05
1.51          	1.058067e-05	2.728159e+00	1.644744e-04	9.281788e-05	7.165655e-05
1.515         	1.064459e-05	2.727175e+00	1.656211e-04	9.345515e-05	7.216598e-05
1.52          	1.070864e-05	2.726196e+00	1.666553e-04	9.403629e-05	7.261902e-05
1.525         	1.077279e-05	2.725223e+00	1.677848e-04	9.466520e-05	7.311962e-05
1.53          	1.083707e-05	2.724258e+00	1.684429e-04	9.505852e-05	7.338437e-05
1.535         	1.090153e-05	2.723291e+00	1.694281e-04	9.561558e-05	7.381253e-05
1.54          	1.096608e-05	2.722335e+00	1.708559e-04	9.639404e-05	7.446188e-05
1.545         	1.103067e-05	2.721385e+00	1.719177e-04	9.698950e-05	7.492817e-05
1.55          	1.109533e-05	2.720441e+00	1.726730e-04	9.743183e-05	7.524118e-05
1.555         	1.116006e-05	2.719502e+00	1.738045e-04	9.806232e-05	7.574221e-05
1.56          	1.122485e-05	2.718568e+00	1.750216e-04	9.873563e-05	7.628593e-05
1.565         	1.128971e-05	2.717640e+00	1.762251e-04	9.940224e-05	7.682282e-05
1.57          	1.135465e-05	2.716717e+00	1.774012e-04	1.000552e-04	7.734593e-05
1.575         	1.141966e-05	2.715799e+00	1.785274e-04	1.006834e-04	7.784404e-05
1.58          	1.148475e-05	2.714887e+00	1.795460e-04	1.012578e-04	7.828828e-05
1.585         	1.154993e-05	2.713979e+00	1.791885e-04	1.011442e-04	7.804430e-05
1.59          	1.161712e-05	2.713076e+00	1.840149e-04	1.036246e-04	8.039032e-05
1.595         	1.168440e-05	2.712179e+00	1.858218e-04	1.045953e-04	8.122649e-05
1.6           	1.175177e-05	2.711289e+00	1.841321e-04	1.038178e-04	8.031426e-05
1.605         	1.181918e-05	2.710403e+00	1.855311e-04	1.045847e-04	8.094637e-05
1.61          	1.188657e-05	2.709522e+00	1.870393e-04	1.054062e-04	8.163308e-05
1.615         	1.195392e-05	2.708647e+00	1.877513e-04	1.058296e-04	8.192172e-05
1.62          	1.202126e-05	2.707774e+00	1.891862e-04	1.066144e-04	8.257184e-05
1.625         	1.208857e-05	2.706909e+00	1.905778e-04	1.073775e-04	8.320032e-05
1.63          	1.215586e-05	2.706048e+00	1.917779e-04	1.080448e-04	8.373306e-05
1.635         	1.222316e-05	2.705193e+00	1.937705e-04	1.091084e-04	8.466211e-05
1.64          	1.229045e-05	2.704344e+00	1.947780e-04	1.096795e-04	8.509856e-05
1.645         	1.235775e-05	2.703498e+00	1.971902e-04	1.109528e-04	8.623733e-05
1.65          	1.242508e-05	2.702663e+00	1.942680e-04	1.095591e-04	8.470891e-05
1.655         	1.249247e-05	2.701841e+00	1.944513e-04	1.097181e-04	8.473318e-05
1.66          	1.255989e-05	2.700966e+00	1.904763e-04	1.077981e-04	8.267827e-05
1.665         	1.262725e-05	2.700137e+00	2.015352e-04	1.133949e-04	8.814036e-05
1.67          	1.269455e-05	2.699311e+00	1.996310e-04	1.125100e-04	8.712093e-05
1.675         	1.276188e-05	2.698503e+00	2.052409e-04	1.153823e-04	8.985858e-05
1.68          	1.282917e-05	2.697696e+00	2.133926e-04	1.195255e-04	9.386710e-05
1.685         	1.289666e-05	2.696896e+00	2.054646e-04	1.156290e-04	8.983563e-05
1.69          	1.296438e-05	2.696115e+00	2.001421e-04	1.130355e-04	8.710669e-05
1.695         	1.303216e-05	2.695263e+00	2.007196e-04	1.133920e-04	8.732764e-05
1.7           	1.309980e-05	2.694467e+00	2.064937e-04	1.163466e-04	9.014703e-05
1.705         	1.316741e-05	2.693676e+00	2.086826e-04	1.175087e-04	9.117389e-05
1.71          	1.323510e-05	2.692887e+00	2.055214e-04	1.159958e-04	8.952561e-05
1.715         	1.330289e-05	2.692096e+00	2.032068e-04	1.149063e-04	8.830048e-05
1.72          	1.337063e-05	2.691315e+00	2.153044e-04	1.210228e-04	9.428155e-05
1.725         	1.343831e-05	2.690542e+00	2.156056e-04	1.212411e-04	9.436451e-05
1.73          	1.350612e-05	2.689773e+00	2.161817e-04	1.215970e-04	9.458473e-05
1.735         	1.357404e-05	2.689008e+00	2.173485e-04	1.222483e-04	9.510019e-05
1.74          	1.364203e-05	2.688248e+00	2.191923e-04	1.232382e-04	9.595412e-05
1.745         	1.371015e-05	2.687488e+00	2.098864e-04	1.186534e-04	9.123307e-05
1.75          	1.377835e-05	2.686729e+00	2.172449e-04	1.224008e-04	9.484409e-05
1.755         	1.384647e-05	2.685979e+00	2.198603e-04	1.237766e-04	9.608367e-05
1.76          	1.391471e-05	2.685231e+00	2.091150e-04	1.184722e-04	9.064279e-05
1.765         	1.398300e-05	2.684493e+00	2.230102e-04	1.254881e-04	9.752209e-05
1.77          	1.405117e-05	2.683766e+00	2.242259e-04	1.261641e-04	9.806180e-05
1.775         	1.411948e-05	2.682980e+00	2.236946e-04	1.259668e-04	9.772781e-05
1.78          	1.418784e-05	2.682254e+00	2.242726e-04	1.263241e-04	9.794845e-05
1.785         	1.425621e-05	2.681530e+00	2.310443e-04	1.297784e-04	1.012659e-04
1.79          	1.432466e-05	2.680813e+00	2.319116e-04	1.302805e-04	1.016311e-04
1.795         	1.439332e-05	2.680096e+00	2.276206e-04	1.282036e-04	9.941699e-05
1.8           	1.446210e-05	2.679381e+00	2.288789e-04	1.289016e-04	9.997737e-05
1.805         	1.453089e-05	2.678668e+00	2.301282e-04	1.295950e-04	1.005332e-04
1.81          	1.459972e-05	2.677959e+00	2.312650e-04	1.302322e-04	1.010328e-04
1.815         	1.466860e-05	2.677254e+00	2.325209e-04	1.309291e-04	1.015919e-04
1.82          	1.473753e-05	2.676552e+00	2.337177e-04	1.315964e-04	1.021213e-04
1.825         	1.480651e-05	2.675854e+00	2.347613e-04	1.321872e-04	1.025741e-04
1.83          	1.487556e-05	2.675158e+00	2.358547e-04	1.328029e-04	1.030518e-04
1.835         	1.494465e-05	2.674460e+00	2.369365e-04	1.334129e-04	1.035236e-04
1.84          	1.501381e-05	2.673762e+00	2.380862e-04	1.340569e-04	1.040293e-04
1.845         	1.508301e-05	2.673111e+00	2.391952e-04	1.346806e-04	1.045146e-04
1.85          	1.515229e-05	2.672428e+00	2.413266e-04	1.358156e-04	1.055110e-04
1.855         	1.522164e-05	2.671748e+00	2.391764e-04	1.348098e-04	1.043666e-04
1.86          	1.529106e-05	2.671068e+00	2.407690e-04	1.356756e-04	1.050935e-04
1.865         	1.536050e-05	2.670396e+00	2.430866e-04	1.369038e-04	1.061828e-04
1.87          	1.542998e-05	2.669735e+00	2.442493e-04	1.375546e-04	1.066947e-04
1.875         	1.549953e-05	2.669071e+00	2.451289e-04	1.380640e-04	1.070649e-04
1.88          	1.556915e-05	2.668391e+00	2.462818e-04	1.387100e-04	1.075717e-04
1.885         	1.563881e-05	2.667752e+00	2.472071e-04	1.392424e-04	1.079648e-04
1.89          	1.570855e-05	2.667116e+00	2.482408e-04	1.398290e-04	1.084119e-04
1.895         	1.577835e-05	2.666466e+00	2.493793e-04	1.404680e-04	1.089113e-04
1.9           	1.584821e-05	2.665822e+00	2.506952e-04	1.411958e-04	1.094994e-04
1.905         	1.591813e-05	2.665182e+00	2.507046e-04	1.412704e-04	1.094342e-04
1.91          	1.598812e-05	2.664561e+00	2.526040e-04	1.422901e-04	1.103139e-04
1.915         	1.605816e-05	2.663912e+00	2.543545e-04	1.432354e-04	1.111191e-04
1.92          	1.612826e-05	2.663237e+00	2.518129e-04	1.420347e-04	1.097782e-04
1.925         	1.619842e-05	2.662604e+00	2.534802e-04	1.429385e-04	1.105417e-04
1.93          	1.626863e-05	2.661978e+00	2.511250e-04	1.418311e-04	1.092939e-04
1.935         	1.633889e-05	2.661351e+00	2.559687e-04	1.443232e-04	1.116455e-04
1.94          	1.640910e-05	2.660735e+00	2.618782e-04	1.473482e-04	1.145300e-04
1.945         	1.647941e-05	2.660120e+00	2.607974e-04	1.468781e-04	1.139193e-04
1.95          	1.654985e-05	2.659508e+00	2.617897e-04	1.474447e-04	1.143450e-04
1.955         	1.662036e-05	2.658898e+00	2.634598e-04	1.483502e-04	1.151095e-04
1.96          	1.669098e-05	2.658291e+00	2.608595e-04	1.471207e-04	1.137388e-04
1.965         	1.676166e-05	2.657684e+00	2.629224e-04	1.482228e-04	1.146995e-04
1.97          	1.683234e-05	2.657091e+00	2.633813e-04	1.485230e-04	1.148583e-04
1.975         	1.690307e-05	2.656469e+00	2.652084e-04	1.495073e-04	1.157011e-04
1.98          	1.697383e-05	2.655844e+00	2.661264e-04	1.500370e-04	1.160894e-04
1.985         	1.704462e-05	2.655309e+00	2.670113e-04	1.505503e-04	1.164610e-04
1.99          	1.711551e-05	2.654724e+00	2.682955e-04	1.512633e-04	1.170322e-04
1.995         	1.718643e-05	2.654134e+00	2.690751e-04	1.517240e-04	1.173511e-04
2             	1.725741e-05	2.653548e+00	2.702770e-04	1.523959e-04	1.178811e-04
2.005         	1.732843e-05	2.652966e+00	2.713135e-04	1.529852e-04	1.183283e-04
2.01          	1.739950e-05	2.652389e+00	2.721790e-04	1.534890e-04	1.186900e-04
2.015         	1.747067e-05	2.651829e+00	2.682058e-04	1.515736e-04	1.166322e-04
2.02          	1.754195e-05	2.651223e+00	2.638988e-04	1.494913e-04	1.144074e-04
2.025         	1.761319e-05	2.650650e+00	2.724048e-04	1.538156e-04	1.185892e-04
2.03          	1.768433e-05	2.650082e+00	2.743740e-04	1.548713e-04	1.195027e-04
2.035         	1.775554e-05	2.649518e+00	2.755444e-04	1.555277e-04	1.200166e-04
2.04          	1.782682e-05	2.648957e+00	2.765351e-04	1.560944e-04	1.204407e-04
2.045         	1.789817e-05	2.648399e+00	2.773107e-04	1.565535e-04	1.207572e-04
2.05          	1.796958e-05	2.647841e+00	2.783971e-04	1.571681e-04	1.212289e-04
2.055         	1.804105e-05	2.647288e+00	2.798061e-04	1.579441e-04	1.218620e-04
2.06          	1.811258e-05	2.646738e+00	2.791416e-04	1.576834e-04	1.214582e-04
2.065         	1.818428e-05	2.646181e+00	2.637790e-04	1.500738e-04	1.137052e-04
2.07          	1.825602e-05	2.645628e+00	2.770454e-04	1.567787e-04	1.202667e-04
2.075         	1.832752e-05	2.645084e+00	2.860983e-04	1.613767e-04	1.247217e-04
2.08          	1.839896e-05	2.644545e+00	2.861033e-04	1.614506e-04	1.246527e-04
2.085         	1.847060e-05	2.644009e+00	2.865268e-04	1.617340e-04	1.247928e-04
2.09          	1.854237e-05	2.643476e+00	2.870544e-04	1.620696e-04	1.249848e-04
2.095         	1.861422e-05	2.642945e+00	2.877669e-04	1.624977e-04	1.252693e-04
2.1           	1.868614e-05	2.642417e+00	2.886071e-04	1.629897e-04	1.256174e-04
2.105         	1.875813e-05	2.641892e+00	2.893946e-04	1.634554e-04	1.259392e-04
2.11          	1.883018e-05	2.641373e+00	2.909519e-04	1.643061e-04	1.266458e-04
2.115         	1.890231e-05	2.640859e+00	2.892144e-04	1.635095e-04	1.257049e-04
2.12          	1.897454e-05	2.640342e+00	2.865792e-04	1.622641e-04	1.243150e-04
2.125         	1.904679e-05	2.639789e+00	2.909082e-04	1.645009e-04	1.264073e-04
2.13          	1.911902e-05	2.639278e+00	2.924237e-04	1.653309e-04	1.270928e-04
2.135         	1.919135e-05	2.638765e+00	2.841099e-04	1.612463e-04	1.228636e-04
2.14          	1.926372e-05	2.638254e+00	2.968696e-04	1.676985e-04	1.291711e-04
2.145         	1.933600e-05	2.637750e+00	2.967102e-04	1.676911e-04	1.290191e-04
2.15          	1.940841e-05	2.637246e+00	2.968503e-04	1.678335e-04	1.290167e-04
2.155         	1.948090e-05	2.636745e+00	2.972703e-04	1.681161e-04	1.291542e-04
2.16          	1.955346e-05	2.636242e+00	2.982407e-04	1.686738e-04	1.295669e-04
2.165         	1.962608e-05	2.635732e+00	2.992895e-04	1.692708e-04	1.300187e-04
2.17          	1.969874e-05	2.635247e+00	2.999554e-04	1.696764e-04	1.302789e-04
2.175         	1.977152e-05	2.634794e+00	2.932239e-04	1.663835e-04	1.268404e-04
2.18          	1.984442e-05	2.634317e+00	2.957299e-04	1.677094e-04	1.280205e-04
2.185         	1.991729e-05	2.633832e+00	2.993075e-04	1.695711e-04	1.297365e-04
2.19          	1.999005e-05	2.633322e+00	3.029580e-04	1.714691e-04	1.314890e-04
2.195         	2.006289e-05	2.632830e+00	3.025435e-04	1.713346e-04	1.312088e-04
2.2           	2.013581e-05	2.632325e+00	3.031888e-04	1.717302e-04	1.314586e-04
2.205         	2.020880e-05	2.631842e+00	2.983169e-04	1.693673e-04	1.289497e-04
2.21          	2.028187e-05	2.631363e+00	2.948467e-04	1.677052e-04	1.271415e-04
2.215         	2.035488e-05	2.630887e+00	3.049999e-04	1.728548e-04	1.321451e-04
2.22          	2.042780e-05	2.630414e+00	3.031562e-04	1.720059e-04	1.311503e-04
2.225         	2.050081e-05	2.629945e+00	3.052507e-04	1.731261e-04	1.321245e-04
2.23          	2.057385e-05	2.629478e+00	3.040187e-04	1.725832e-04	1.314355e-04
2.235         	2.064694e-05	2.629013e+00	3.049223e-04	1.731081e-04	1.318142e-04
2.24          	2.071993e-05	2.628555e+00	3.247158e-04	1.830779e-04	1.416380e-04
2.245         	2.079293e-05	2.628100e+00	3.168153e-04	1.792006e-04	1.376147e-04
2.25          	2.086629e-05	2.627646e+00	3.116916e-04	1.767121e-04	1.349795e-04
2.255         	2.093978e-05	2.627190e+00	3.118036e-04	1.768416e-04	1.349620e-04
2.26          	2.101329e-05	2.626729e+00	3.124861e-04	1.772563e-04	1.352297e-04
2.265         	2.108676e-05	2.626311e+00	3.238803e-04	1.830269e-04	1.408534e-04
2.27          	2.116026e-05	2.625848e+00	3.194853e-04	1.809029e-04	1.385824e-04
2.275         	2.123405e-05	2.625405e+00	3.071448e-04	1.748065e-04	1.323384e-04
2.28          	2.130792e-05	2.624957e+00	3.162267e-04	1.794212e-04	1.368054e-04
2.285         	2.138166e-05	2.624516e+00	3.140101e-04	1.783867e-04	1.356234e-04
2.29          	2.145548e-05	2.624077e+00	3.157902e-04	1.793506e-04	1.364396e-04
2.295         	2.152930e-05	2.623640e+00	3.163881e-04	1.797233e-04	1.366647e-04
2.3           	2.160316e-05	2.623206e+00	3.170428e-04	1.801246e-04	1.369182e-04
2.305         	2.167706e-05	2.622777e+00	3.177316e-04	1.805429e-04	1.371888e-04
2.31          	2.175099e-05	2.622355e+00	3.184125e-04	1.809572e-04	1.374552e-04
2.315         	2.182496e-05	2.621919e+00	3.191526e-04	1.814013e-04	1.377514e-04
2.32          	2.189895e-05	2.621472e+00	3.204100e-04	1.821039e-04	1.383060e-04
2.325         	2.197298e-05	2.621030e+00	3.195118e-04	1.817289e-04	1.377829e-04
2.33          	2.204704e-05	2.620613e+00	3.212849e-04	1.826895e-04	1.385954e-04
2.335         	2.212114e-05	2.620195e+00	3.219547e-04	1.830985e-04	1.388562e-04
2.34          	2.219528e-05	2.619778e+00	3.226202e-04	1.835054e-04	1.391148e-04
2.345         	2.226946e-05	2.619363e+00	3.232045e-04	1.838717e-04	1.393328e-04
2.35          	2.234367e-05	2.618948e+00	3.238786e-04	1.842830e-04	1.395956e-04
2.355         	2.241793e-05	2.618536e+00	3.244898e-04	1.846628e-04	1.398270e-04
2.36          	2.249222e-05	2.618125e+00	3.251777e-04	1.850811e-04	1.400966e-04
2.365         	2.256654e-05	2.617715e+00	3.260939e-04	1.856135e-04	1.404804e-04
2.37          	2.264090e-05	2.617309e+00	3.261023e-04	1.856921e-04	1.404103e-04
2.375         	2.271530e-05	2.616904e+00	3.272170e-04	1.863238e-04	1.408932e-04
2.38          	2.278973e-05	2.616500e+00	3.274431e-04	1.865113e-04	1.409318e-04
2.385         	2.286420e-05	2.616099e+00	3.283646e-04	1.870465e-04	1.413181e-04
2.39          	2.293870e-05	2.615700e+00	3.287093e-04	1.872933e-04	1.414159e-04
2.395         	2.301324e-05	2.615302e+00	3.293474e-04	1.876869e-04	1.416604e-04
2.4           	2.308780e-05	2.614907e+00	3.299511e-04	1.880634e-04	1.418878e-04
2.405         	2.316241e-05	2.614513e+00	3.305442e-04	1.884345e-04	1.421097e-04
2.41          	2.323704e-05	2.614120e+00	3.304739e-04	1.884740e-04	1.419999e-04
2.415         	2.331171e-05	2.613732e+00	3.319491e-04	1.892863e-04	1.426629e-04
2.42          	2.338641e-05	2.613344e+00	3.323319e-04	1.895523e-04	1.427795e-04
2.425         	2.346114e-05	2.612958e+00	3.329409e-04	1.899316e-04	1.430093e-04
2.43          	2.353591e-05	2.612573e+00	3.336511e-04	1.903614e-04	1.432896e-04
2.435         	2.361070e-05	2.612192e+00	3.339833e-04	1.906024e-04	1.433810e-04
2.44          	2.368553e-05	2.611808e+00	3.344912e-04	1.909311e-04	1.435601e-04
2.445         	2.376039e-05	2.611430e+00	3.351671e-04	1.913439e-04	1.438232e-04
2.45          	2.383528e-05	2.611054e+00	3.358254e-04	1.917480e-04	1.440774e-04
2.455         	2.391020e-05	2.610679e+00	3.361519e-04	1.919862e-04	1.441658e-04
2.46          	2.398515e-05	2.610306e+00	3.362396e-04	1.921049e-04	1.441346e-04
2.465         	2.406013e-05	2.609940e+00	3.375024e-04	1.928113e-04	1.446911e-04
2.47          	2.413514e-05	2.609570e+00	3.381752e-04	1.932227e-04	1.449525e-04
2.475         	2.421017e-05	2.609191e+00	3.388434e-04	1.936319e-04	1.452115e-04
2.48          	2.428524e-05	2.608828e+00	3.385075e-04	1.935390e-04	1.449685e-04
2.485         	2.436034e-05	2.608463e+00	3.379626e-04	1.933416e-04	1.446209e-04
2.49          	2.443546e-05	2.608105e+00	3.408458e-04	1.948583e-04	1.459874e-04
2.495         	2.451060e-05	2.607738e+00	3.413666e-04	1.951939e-04	1.461727e-04
2.5           	2.458577e-05	2.607380e+00	3.418513e-04	1.955114e-04	1.463399e-04
2.505         	2.466097e-05	2.607025e+00	3.433565e-04	1.963392e-04	1.470173e-04
2.51          	2.473621e-05	2.606668e+00	3.407355e-04	1.951039e-04	1.456315e-04
2.515         	2.481150e-05	2.606314e+00	3.439110e-04	1.967670e-04	1.471440e-04
2.52          	2.488676e-05	2.605960e+00	3.463445e-04	1.980590e-04	1.482855e-04
2.525         	2.496210e-05	2.605609e+00	3.428908e-04	1.964075e-04	1.464833e-04
2.53          	2.503759e-05	2.605256e+00	3.308147e-04	1.904450e-04	1.403698e-04
2.535         	2.511304e-05	2.604903e+00	3.416940e-04	1.959600e-04	1.457339e-04
2.54          	2.518828e-05	2.604554e+00	3.461159e-04	1.982462e-04	1.478697e-04
2.545         	2.526355e-05	2.604205e+00	3.423941e-04	1.964606e-04	1.459335e-04
2.55          	2.533892e-05	2.603851e+00	3.447306e-04	1.977042e-04	1.470264e-04
2.555         	2.541426e-05	2.603515e+00	3.473202e-04	1.990743e-04	1.482458e-04
2.56          	2.548963e-05	2.603195e+00	3.473875e-04	1.991834e-04	1.482041e-04
2.565         	2.556506e-05	2.602861e+00	3.477070e-04	1.994185e-04	1.482884e-04
2.57          	2.564052e-05	2.602529e+00	3.477632e-04	1.995221e-04	1.482411e-04
2.575         	2.571601e-05	2.602216e+00	3.478474e-04	1.996397e-04	1.482077e-04
2.58          	2.579153e-05	2.601872e+00	3.489873e-04	2.002852e-04	1.487021e-04
2.585         	2.586704e-05	2.601541e+00	3.481493e-04	1.999417e-04	1.482076e-04
2.59          	2.594261e-05	2.601210e+00	3.489979e-04	2.004416e-04	1.485563e-04
2.595         	2.601819e-05	2.600881e+00	3.495866e-04	2.008115e-04	1.487751e-04
2.6           	2.609379e-05	2.600554e+00	3.499640e-04	2.010758e-04	1.488882e-04
2.605         	2.616941e-05	2.600228e+00	3.502411e-04	2.012899e-04	1.489511e-04
2.61          	2.624508e-05	2.599905e+00	3.505109e-04	2.015005e-04	1.490104e-04
2.615         	2.632077e-05	2.599590e+00	3.514090e-04	2.020253e-04	1.493837e-04
2.62          	2.639647e-05	2.599258e+00	3.514114e-04	2.021022e-04	1.493092e-04
2.625         	2.647218e-05	2.598940e+00	3.520370e-04	2.024907e-04	1.495463e-04
2.63          	2.654791e-05	2.598623e+00	3.524546e-04	2.027752e-04	1.496794e-04
2.635         	2.662365e-05	2.598308e+00	3.528285e-04	2.030379e-04	1.497906e-04
2.64          	2.669940e-05	2.597995e+00	3.532004e-04	2.032996e-04	1.499008e-04
2.645         	2.677516e-05	2.597691e+00	3.535081e-04	2.035292e-04	1.499789e-04
2.65          	2.685093e-05	2.597366e+00	3.539994e-04	2.038506e-04	1.501488e-04
2.655         	2.692671e-05	2.597056e+00	3.543552e-04	2.041043e-04	1.502509e-04
2.66          	2.700249e-05	2.596749e+00	3.547701e-04	2.043876e-04	1.503826e-04
2.665         	2.707829e-05	2.596443e+00	3.550366e-04	2.045966e-04	1.504400e-04
2.67          	2.715409e-05	2.596138e+00	3.554252e-04	2.048667e-04	1.505585e-04
2.675         	2.722991e-05	2.595834e+00	3.560432e-04	2.052515e-04	1.507917e-04
2.68          	2.730573e-05	2.595532e+00	3.561782e-04	2.053949e-04	1.507834e-04
2.685         	2.738156e-05	2.595232e+00	3.566790e-04	2.057211e-04	1.509579e-04
2.69          	2.745740e-05	2.594934e+00	3.575553e-04	2.062351e-04	1.513202e-04
2.695         	2.753325e-05	2.594636e+00	3.564318e-04	2.057491e-04	1.506826e-04
2.7           	2.760912e-05	2.594339e+00	3.568725e-04	2.060454e-04	1.508271e-04
2.705         	2.768498e-05	2.594046e+00	3.587062e-04	2.070381e-04	1.516681e-04
2.71          	2.776084e-05	2.593755e+00	3.582562e-04	2.068889e-04	1.513673e-04
2.715         	2.783671e-05	2.593462e+00	3.587755e-04	2.072244e-04	1.515510e-04
2.72          	2.791259e-05	2.593159e+00	3.594063e-04	2.076158e-04	1.517906e-04
2.725         	2.798846e-05	2.592867e+00	3.596256e-04	2.078013e-04	1.518243e-04
2.73          	2.806434e-05	2.592579e+00	3.602322e-04	2.081804e-04	1.520518e-04
2.735         	2.814023e-05	2.592275e+00	3.607717e-04	2.085261e-04	1.522456e-04
2.74          	2.821611e-05	2.591993e+00	3.611641e-04	2.087981e-04	1.523659e-04
2.745         	2.829200e-05	2.591713e+00	3.617679e-04	2.091760e-04	1.525920e-04
2.75          	2.836793e-05	2.591430e+00	3.581327e-04	2.074343e-04	1.506984e-04
2.755         	2.844393e-05	2.591146e+00	3.499330e-04	2.034104e-04	1.465226e-04
2.76          	2.851988e-05	2.590860e+00	3.567212e-04	2.068805e-04	1.498407e-04
2.765         	2.859564e-05	2.590579e+00	3.605119e-04	2.088516e-04	1.516603e-04
2.77          	2.867136e-05	2.590299e+00	3.611302e-04	2.092364e-04	1.518937e-04
2.775         	2.874711e-05	2.590022e+00	3.613437e-04	2.094190e-04	1.519247e-04
2.78          	2.882287e-05	2.589748e+00	3.628049e-04	2.102253e-04	1.525796e-04
2.785         	2.889862e-05	2.589468e+00	3.601286e-04	2.089629e-04	1.511657e-04
2.79          	2.897445e-05	2.589191e+00	3.560872e-04	2.070181e-04	1.490692e-04
2.795         	2.905026e-05	2.588915e+00	3.570711e-04	2.075858e-04	1.494853e-04
2.8           	2.912589e-05	2.588642e+00	3.635124e-04	2.108821e-04	1.526303e-04
2.805         	2.920154e-05	2.588371e+00	3.567973e-04	2.076002e-04	1.491971e-04
2.81          	2.927725e-05	2.588100e+00	3.636481e-04	2.111013e-04	1.525468e-04
2.815         	2.935283e-05	2.587832e+00	3.657352e-04	2.122204e-04	1.535148e-04
2.82          	2.942844e-05	2.587567e+00	3.658702e-04	2.123635e-04	1.535067e-04
2.825         	2.950408e-05	2.587304e+00	3.658630e-04	2.124356e-04	1.534274e-04
2.83          	2.957975e-05	2.587038e+00	3.636939e-04	2.114267e-04	1.522672e-04
2.835         	2.965542e-05	2.586776e+00	3.647177e-04	2.120143e-04	1.527034e-04
2.84          	2.973108e-05	2.586509e+00	3.637090e-04	2.115856e-04	1.521234e-04
2.845         	2.980672e-05	2.586250e+00	3.653298e-04	2.124716e-04	1.528582e-04
2.85          	2.988233e-05	2.585993e+00	3.653474e-04	2.125560e-04	1.527913e-04
2.855         	2.995794e-05	2.585743e+00	3.656829e-04	2.127994e-04	1.528835e-04
2.86          	3.003353e-05	2.585473e+00	3.657049e-04	2.128860e-04	1.528189e-04
2.865         	3.010911e-05	2.585218e+00	3.657923e-04	2.130053e-04	1.527870e-04
2.87          	3.018467e-05	2.584964e+00	3.659547e-04	2.131620e-04	1.527927e-04
2.875         	3.026021e-05	2.584712e+00	3.661411e-04	2.133307e-04	1.528103e-04
2.88          	3.033573e-05	2.584462e+00	3.662004e-04	2.134359e-04	1.527645e-04
2.885         	3.041123e-05	2.584218e+00	3.664044e-04	2.136134e-04	1.527910e-04
2.89          	3.048670e-05	2.583961e+00	3.665888e-04	2.137811e-04	1.528077e-04
2.895         	3.056215e-05	2.583692e+00	3.667677e-04	2.139460e-04	1.528217e-04
2.9           	3.063756e-05	2.583444e+00	3.669088e-04	2.140920e-04	1.528168e-04
2.905         	3.071295e-05	2.583197e+00	3.669197e-04	2.141728e-04	1.527469e-04
2.91          	3.078830e-05	2.582953e+00	3.669547e-04	2.142657e-04	1.526891e-04
2.915         	3.086364e-05	2.582706e+00	3.675001e-04	2.146137e-04	1.528864e-04
2.92          	3.093895e-05	2.582461e+00	3.659627e-04	2.139203e-04	1.520424e-04
2.925         	3.101422e-05	2.582214e+00	3.679087e-04	2.149686e-04	1.529401e-04
2.93          	3.108945e-05	2.581962e+00	3.680394e-04	2.151091e-04	1.529302e-04
2.935         	3.116464e-05	2.581714e+00	3.685911e-04	2.154602e-04	1.531309e-04
2.94          	3.123980e-05	2.581476e+00	3.680883e-04	2.152839e-04	1.528043e-04
2.945         	3.131493e-05	2.581238e+00	3.682423e-04	2.154361e-04	1.528062e-04
2.95          	3.139002e-05	2.581000e+00	3.683737e-04	2.155769e-04	1.527968e-04
2.955         	3.146507e-05	2.580763e+00	3.685763e-04	2.157532e-04	1.528231e-04
2.96          	3.154009e-05	2.580526e+00	3.682825e-04	2.156813e-04	1.526012e-04
2.965         	3.161506e-05	2.580291e+00	3.683682e-04	2.157992e-04	1.525690e-04
2.97          	3.169000e-05	2.580055e+00	3.686687e-04	2.160244e-04	1.526444e-04
2.975         	3.176489e-05	2.579822e+00	3.691873e-04	2.163585e-04	1.528288e-04
2.98          	3.183973e-05	2.579590e+00	3.693281e-04	2.165038e-04	1.528243e-04
2.985         	3.191453e-05	2.579357e+00	3.695342e-04	2.166816e-04	1.528526e-04
2.99          	3.198928e-05	2.579126e+00	3.696624e-04	2.168205e-04	1.528419e-04
2.995         	3.206399e-05	2.578896e+00	3.699969e-04	2.170624e-04	1.529344e-04
3             	3.213866e-05	2.578667e+00	3.678131e-04	2.160452e-04	1.517679e-04
3.005         	3.221330e-05	2.578436e+00	3.676760e-04	2.160513e-04	1.516247e-04
3.01          	3.228786e-05	2.578207e+00	3.691928e-04	2.168842e-04	1.523085e-04
3.015         	3.236234e-05	2.577980e+00	3.696002e-04	2.171624e-04	1.524377e-04
3.02          	3.243677e-05	2.577753e+00	3.696664e-04	2.172700e-04	1.523964e-04
3.025         	3.251117e-05	2.577524e+00	3.650276e-04	2.150250e-04	1.500026e-04
3.03          	3.258551e-05	2.577298e+00	3.703806e-04	2.177758e-04	1.526048e-04
3.035         	3.265973e-05	2.577076e+00	3.706519e-04	2.179857e-04	1.526662e-04
3.04          	3.273390e-05	2.576857e+00	3.692979e-04	2.173829e-04	1.519151e-04
3.045         	3.280805e-05	2.576631e+00	3.707034e-04	2.181598e-04	1.525437e-04
3.05          	3.288213e-05	2.576409e+00	3.701857e-04	2.179750e-04	1.522107e-04
3.055         	3.295616e-05	2.576189e+00	3.704513e-04	2.181818e-04	1.522695e-04
3.06          	3.303013e-05	2.575969e+00	3.704445e-04	2.182524e-04	1.521921e-04
3.065         	3.310403e-05	2.575750e+00	3.708730e-04	2.185405e-04	1.523325e-04
3.07          	3.317787e-05	2.575533e+00	3.703412e-04	2.183485e-04	1.519928e-04
3.075         	3.325165e-05	2.575317e+00	3.703742e-04	2.184388e-04	1.519355e-04
3.08          	3.332536e-05	2.575103e+00	3.713059e-04	2.189783e-04	1.523276e-04
3.085         	3.339899e-05	2.574882e+00	3.703842e-04	2.185911e-04	1.517931e-04
3.09          	3.347256e-05	2.574667e+00	3.709639e-04	2.189545e-04	1.520094e-04
3.095         	3.354606e-05	2.574460e+00	3.702963e-04	2.186942e-04	1.516021e-04
3.1           	3.361950e-05	2.574245e+00	3.704068e-04	2.188229e-04	1.515839e-04
3.105         	3.369286e-05	2.574024e+00	3.704572e-04	2.189215e-04	1.515357e-04
3.11          	3.376614e-05	2.573811e+00	3.704046e-04	2.189684e-04	1.514362e-04
3.115         	3.383934e-05	2.573595e+00	3.694462e-04	2.185625e-04	1.508838e-04
3.12          	3.391247e-05	2.573385e+00	3.705413e-04	2.191831e-04	1.513582e-04
3.125         	3.398552e-05	2.573176e+00	3.703642e-04	2.191676e-04	1.511966e-04
3.13          	3.405850e-05	2.572967e+00	3.699705e-04	2.190437e-04	1.509267e-04
3.135         	3.413140e-05	2.572758e+00	3.689105e-04	2.185866e-04	1.503238e-04
3.14          	3.420418e-05	2.572551e+00	3.720288e-04	2.202186e-04	1.518102e-04
3.145         	3.427683e-05	2.572343e+00	3.737274e-04	2.211405e-04	1.525869e-04
3.15          	3.434946e-05	2.572138e+00	3.716438e-04	2.201714e-04	1.514724e-04
3.155         	3.442203e-05	2.571934e+00	3.737458e-04	2.212949e-04	1.524509e-04
3.16          	3.449454e-05	2.571729e+00	3.712025e-04	2.200958e-04	1.511067e-04
3.165         	3.456701e-05	2.571525e+00	3.696450e-04	2.193895e-04	1.502555e-04
3.17          	3.463937e-05	2.571320e+00	3.697670e-04	2.195229e-04	1.502441e-04
3.175         	3.471162e-05	2.571116e+00	3.708520e-04	2.201376e-04	1.507144e-04
3.18          	3.478375e-05	2.570913e+00	3.706581e-04	2.201128e-04	1.505453e-04
3.185         	3.485579e-05	2.570713e+00	3.700934e-04	2.199025e-04	1.501909e-04
3.19          	3.492775e-05	2.570514e+00	3.724634e-04	2.211594e-04	1.513039e-04
3.195         	3.499959e-05	2.570307e+00	3.706191e-04	2.203091e-04	1.503100e-04
3.2           	3.507134e-05	2.570108e+00	3.708206e-04	2.204816e-04	1.503390e-04
3.205         	3.514300e-05	2.569907e+00	3.694733e-04	2.198796e-04	1.495936e-04
3.21          	3.521457e-05	2.569707e+00	3.703149e-04	2.203720e-04	1.499429e-04
3.215         	3.528602e-05	2.569509e+00	3.704375e-04	2.205048e-04	1.499327e-04
3.22          	3.535737e-05	2.569309e+00	3.695946e-04	2.201547e-04	1.494399e-04
3.225         	3.542861e-05	2.569111e+00	3.706080e-04	2.207326e-04	1.498754e-04
3.23          	3.549974e-05	2.568914e+00	3.705580e-04	2.207787e-04	1.497793e-04
3.235         	3.557077e-05	2.568719e+00	3.704953e-04	2.208184e-04	1.496769e-04
3.24          	3.564169e-05	2.568523e+00	3.705174e-04	2.209004e-04	1.496170e-04
3.245         	3.571250e-05	2.568329e+00	3.709353e-04	2.211802e-04	1.497552e-04
3.25          	3.578321e-05	2.568133e+00	3.684328e-04	2.199996e-04	1.484332e-04
3.255         	3.585381e-05	2.567937e+00	3.704633e-04	2.210855e-04	1.493779e-04
3.26          	3.592429e-05	2.567744e+00	3.703431e-04	2.210958e-04	1.492472e-04
3.265         	3.599466e-05	2.567551e+00	3.702136e-04	2.211015e-04	1.491121e-04
3.27          	3.606491e-05	2.567358e+00	3.700715e-04	2.211007e-04	1.489708e-04
3.275         	3.613506e-05	2.567167e+00	3.699904e-04	2.211303e-04	1.488601e-04
3.28          	3.620508e-05	2.566975e+00	3.698780e-04	2.211441e-04	1.487339e-04
3.285         	3.627499e-05	2.566784e+00	3.697325e-04	2.211412e-04	1.485913e-04
3.29          	3.634477e-05	2.566599e+00	3.680339e-04	2.203617e-04	1.476722e-04
3.295         	3.641445e-05	2.566403e+00	3.708306e-04	2.218298e-04	1.490009e-04
3.3           	3.648400e-05	2.566212e+00	3.697853e-04	2.213767e-04	1.484087e-04
3.305         	3.655342e-05	2.566022e+00	3.695656e-04	2.213362e-04	1.482294e-04
3.31          	3.662273e-05	2.565834e+00	3.694802e-04	2.213628e-04	1.481174e-04
3.315         	3.669190e-05	2.565646e+00	3.692523e-04	2.213181e-04	1.479343e-04
3.32          	3.676096e-05	2.565459e+00	3.689172e-04	2.212196e-04	1.476976e-04
3.325         	3.682988e-05	2.565272e+00	3.693565e-04	2.215081e-04	1.478483e-04
3.33          	3.689868e-05	2.565084e+00	3.695232e-04	2.216603e-04	1.478629e-04
3.335         	3.696734e-05	2.564897e+00	3.694628e-04	2.216987e-04	1.477641e-04
3.34          	3.703588e-05	2.564712e+00	3.699253e-04	2.219985e-04	1.479268e-04
3.345         	3.710429e-05	2.564525e+00	3.689340e-04	2.215713e-04	1.473627e-04
3.35          	3.717256e-05	2.564340e+00	3.690249e-04	2.216850e-04	1.473399e-04
3.355         	3.724070e-05	2.564156e+00	3.701913e-04	2.223363e-04	1.478549e-04
3.36          	3.730871e-05	2.563972e+00	3.703942e-04	2.225058e-04	1.478884e-04
3.365         	3.737658e-05	2.563789e+00	3.688491e-04	2.218011e-04	1.470480e-04
3.37          	3.744431e-05	2.563610e+00	3.680267e-04	2.214577e-04	1.465691e-04
3.375         	3.751191e-05	2.563426e+00	3.686312e-04	2.218275e-04	1.468037e-04
3.38          	3.757937e-05	2.563232e+00	3.696417e-04	2.224002e-04	1.472415e-04
3.385         	3.764668e-05	2.563050e+00	3.680149e-04	2.216542e-04	1.463608e-04
3.39          	3.771386e-05	2.562868e+00	3.672796e-04	2.213537e-04	1.459260e-04
3.395         	3.778089e-05	2.562688e+00	3.695895e-04	2.225756e-04	1.470139e-04
3.4           	3.784778e-05	2.562508e+00	3.683839e-04	2.220397e-04	1.463441e-04
3.405         	3.791453e-05	2.562327e+00	3.678213e-04	2.218252e-04	1.459961e-04
3.41          	3.798113e-05	2.562147e+00	3.677170e-04	2.218396e-04	1.458774e-04
3.415         	3.804759e-05	2.561971e+00	3.684964e-04	2.222958e-04	1.462006e-04
3.42          	3.811390e-05	2.561787e+00	3.690185e-04	2.226231e-04	1.463953e-04
3.425         	3.818006e-05	2.561612e+00	3.665431e-04	2.214516e-04	1.450915e-04
3.43          	3.824607e-05	2.561424e+00	3.667892e-04	2.216406e-04	1.451485e-04
3.435         	3.831192e-05	2.561246e+00	3.667657e-04	2.216948e-04	1.450709e-04
3.44          	3.837763e-05	2.561068e+00	3.666182e-04	2.216867e-04	1.449315e-04
3.445         	3.844318e-05	2.560890e+00	3.663657e-04	2.216260e-04	1.447397e-04
3.45          	3.850858e-05	2.560712e+00	3.676126e-04	2.223149e-04	1.452977e-04
3.455         	3.857382e-05	2.560535e+00	3.676189e-04	2.223833e-04	1.452357e-04
3.46          	3.863890e-05	2.560358e+00	3.668026e-04	2.220402e-04	1.447624e-04
3.465         	3.870383e-05	2.560181e+00	3.666127e-04	2.220102e-04	1.446025e-04
3.47          	3.876860e-05	2.560005e+00	3.667985e-04	2.221678e-04	1.446306e-04
3.475         	3.883322e-05	2.559829e+00	3.682092e-04	2.229378e-04	1.452714e-04
3.48          	3.889766e-05	2.559653e+00	3.654221e-04	2.216087e-04	1.438134e-04
3.485         	3.896195e-05	2.559477e+00	3.655954e-04	2.217597e-04	1.438357e-04
3.49          	3.902608e-05	2.559302e+00	3.653393e-04	2.216957e-04	1.436436e-04
3.495         	3.909005e-05	2.559128e+00	3.663761e-04	2.222781e-04	1.440980e-04
3.5           	3.915384e-05	2.558950e+00	3.654008e-04	2.218542e-04	1.435465e-04
3.505         	3.921747e-05	2.558775e+00	3.652696e-04	2.218523e-04	1.434173e-04
3.51          	3.928095e-05	2.558601e+00	3.651093e-04	2.218356e-04	1.432737e-04
3.515         	3.934427e-05	2.558426e+00	3.645189e-04	2.216037e-04	1.429152e-04
3.52          	3.940743e-05	2.558252e+00	3.646004e-04	2.217076e-04	1.428928e-04
3.525         	3.947040e-05	2.558077e+00	3.642919e-04	2.216164e-04	1.426756e-04
3.53          	3.953321e-05	2.557904e+00	3.663886e-04	2.227275e-04	1.436611e-04
3.535         	3.959583e-05	2.557732e+00	3.650636e-04	2.221276e-04	1.429360e-04
3.54          	3.965829e-05	2.557558e+00	3.645181e-04	2.219174e-04	1.426008e-04
3.545         	3.972057e-05	2.557386e+00	3.641443e-04	2.217927e-04	1.423516e-04
3.55          	3.978268e-05	2.557214e+00	3.644570e-04	2.220112e-04	1.424458e-04
3.555         	3.984462e-05	2.557042e+00	3.669583e-04	2.233238e-04	1.436345e-04
3.56          	3.990638e-05	2.556872e+00	3.633630e-04	2.215879e-04	1.417751e-04
3.565         	3.996797e-05	2.556702e+00	3.639707e-04	2.219533e-04	1.420174e-04
3.57          	4.002937e-05	2.556526e+00	3.635576e-04	2.218082e-04	1.417494e-04
3.575         	4.009060e-05	2.556355e+00	3.634229e-04	2.218020e-04	1.416208e-04
3.58          	4.015165e-05	2.556183e+00	3.632940e-04	2.217986e-04	1.414953e-04
3.585         	4.021253e-05	2.556012e+00	3.631463e-04	2.217857e-04	1.413606e-04
3.59          	4.027322e-05	2.555841e+00	3.630135e-04	2.217799e-04	1.412335e-04
3.595         	4.033373e-05	2.555671e+00	3.628697e-04	2.217686e-04	1.411011e-04
3.6           	4.039406e-05	2.555500e+00	3.628312e-04	2.218096e-04	1.410215e-04
3.605         	4.045421e-05	2.555330e+00	3.625189e-04	2.217136e-04	1.408052e-04
3.61          	4.051417e-05	2.555162e+00	3.618785e-04	2.214534e-04	1.404251e-04
3.615         	4.057396e-05	2.554992e+00	3.631165e-04	2.221322e-04	1.409843e-04
3.62          	4.063355e-05	2.554820e+00	3.620324e-04	2.216497e-04	1.403826e-04
3.625         	4.069296e-05	2.554653e+00	3.611873e-04	2.212866e-04	1.399007e-04
3.63          	4.075219e-05	2.554481e+00	3.620565e-04	2.217805e-04	1.402761e-04
3.635         	4.081123e-05	2.554311e+00	3.617201e-04	2.216713e-04	1.400488e-04
3.64          	4.087009e-05	2.554142e+00	3.615066e-04	2.216234e-04	1.398832e-04
3.645         	4.092875e-05	2.553973e+00	3.612611e-04	2.215593e-04	1.397018e-04
3.65          	4.098723e-05	2.553805e+00	3.609210e-04	2.214477e-04	1.394733e-04
3.655         	4.104552e-05	2.553636e+00	3.609625e-04	2.215268e-04	1.394357e-04
3.66          	4.110362e-05	2.553468e+00	3.622148e-04	2.222110e-04	1.400038e-04
3.665         	4.116153e-05	2.553301e+00	3.611360e-04	2.217295e-04	1.394064e-04
3.67          	4.121925e-05	2.553133e+00	3.620789e-04	2.222587e-04	1.398202e-04
3.675         	4.127678e-05	2.552966e+00	3.607119e-04	2.216327e-04	1.390792e-04
3.68          	4.133413e-05	2.552798e+00	3.591341e-04	2.209012e-04	1.382329e-04
3.685         	4.139130e-05	2.552629e+00	3.576313e-04	2.202069e-04	1.374244e-04
3.69          	4.144826e-05	2.552462e+00	3.575173e-04	2.202069e-04	1.373104e-04
3.695         	4.150500e-05	2.552294e+00	3.591631e-04	2.210865e-04	1.380765e-04
3.7           	4.156152e-05	2.552126e+00	3.590208e-04	2.210719e-04	1.379489e-04
3.705         	4.161786e-05	2.551960e+00	3.591013e-04	2.211685e-04	1.379328e-04
3.71          	4.167400e-05	2.551796e+00	3.599998e-04	2.216739e-04	1.383259e-04
3.715         	4.172995e-05	2.551624e+00	3.586825e-04	2.210712e-04	1.376113e-04
3.72          	4.178570e-05	2.551457e+00	3.583398e-04	2.209556e-04	1.373842e-04
3.725         	4.184126e-05	2.551292e+00	3.584751e-04	2.210788e-04	1.373963e-04
3.73          	4.189663e-05	2.551125e+00	3.581941e-04	2.209937e-04	1.372004e-04
3.735         	4.195180e-05	2.550960e+00	3.581589e-04	2.210312e-04	1.371276e-04
3.74          	4.200678e-05	2.550797e+00	3.578583e-04	2.209359e-04	1.369224e-04
3.745         	4.206156e-05	2.550627e+00	3.578040e-04	2.209636e-04	1.368405e-04
3.75          	4.211614e-05	2.550456e+00	3.576267e-04	2.209295e-04	1.366972e-04
3.755         	4.217052e-05	2.550291e+00	3.573874e-04	2.208642e-04	1.365232e-04
3.76          	4.222470e-05	2.550126e+00	3.572776e-04	2.208635e-04	1.364141e-04
3.765         	4.227870e-05	2.549960e+00	3.557382e-04	2.201478e-04	1.355904e-04
3.77          	4.233251e-05	2.549795e+00	3.533440e-04	2.190045e-04	1.343395e-04
3.775         	4.238611e-05	2.549629e+00	3.535192e-04	2.191457e-04	1.343735e-04
3.78          	4.243946e-05	2.549462e+00	3.566636e-04	2.207713e-04	1.358923e-04
3.785         	4.249256e-05	2.549297e+00	3.570339e-04	2.210095e-04	1.360244e-04
3.79          	4.254549e-05	2.549131e+00	3.564468e-04	2.207689e-04	1.356779e-04
3.795         	4.259825e-05	2.548966e+00	3.547125e-04	2.199545e-04	1.347580e-04
3.8           	4.265081e-05	2.548800e+00	3.556327e-04	2.204672e-04	1.351655e-04
3.805         	4.270316e-05	2.548635e+00	3.554435e-04	2.204249e-04	1.350186e-04
3.81          	4.275532e-05	2.548471e+00	3.571140e-04	2.213123e-04	1.358017e-04
3.815         	4.280727e-05	2.548307e+00	3.558051e-04	2.207098e-04	1.350953e-04
3.82          	4.285902e-05	2.548142e+00	3.552001e-04	2.204591e-04	1.347410e-04
3.825         	4.291058e-05	2.547982e+00	3.555600e-04	2.206906e-04	1.348694e-04
3.83          	4.296194e-05	2.547815e+00	3.545867e-04	2.202553e-04	1.343314e-04
3.835         	4.301311e-05	2.547650e+00	3.548124e-04	2.204193e-04	1.343931e-04
3.84          	4.306408e-05	2.547484e+00	3.548493e-04	2.204887e-04	1.343606e-04
3.845         	4.311484e-05	2.547321e+00	3.546774e-04	2.204535e-04	1.342238e-04
3.85          	4.316540e-05	2.547154e+00	3.513791e-04	2.188549e-04	1.325241e-04
3.855         	4.321575e-05	2.546987e+00	3.545529e-04	2.204922e-04	1.340607e-04
3.86          	4.326586e-05	2.546824e+00	3.554987e-04	2.210152e-04	1.344835e-04
3.865         	4.331580e-05	2.546662e+00	3.546508e-04	2.206412e-04	1.340096e-04
3.87          	4.336557e-05	2.546498e+00	3.534899e-04	2.201105e-04	1.333794e-04
3.875         	4.341514e-05	2.546334e+00	3.530369e-04	2.199336e-04	1.331033e-04
3.88          	4.346450e-05	2.546171e+00	3.535233e-04	2.202262e-04	1.332972e-04
3.885         	4.351366e-05	2.546007e+00	3.536037e-04	2.203155e-04	1.332882e-04
3.89          	4.356262e-05	2.545844e+00	3.527716e-04	2.199484e-04	1.328232e-04
3.895         	4.361137e-05	2.545680e+00	3.520759e-04	2.196493e-04	1.324266e-04
3.9           	4.365992e-05	2.545517e+00	3.521582e-04	2.197390e-04	1.324192e-04
3.905         	4.370826e-05	2.545354e+00	3.526975e-04	2.200570e-04	1.326405e-04
3.91          	4.375640e-05	2.545190e+00	3.526453e-04	2.200790e-04	1.325662e-04
3.915         	4.380436e-05	2.545027e+00	3.521977e-04	2.199032e-04	1.322945e-04
3.92          	4.385211e-05	2.544864e+00	3.515192e-04	2.196117e-04	1.319075e-04
3.925         	4.389965e-05	2.544701e+00	3.511845e-04	2.194919e-04	1.316926e-04
3.93          	4.394698e-05	2.544542e+00	3.508272e-04	2.193606e-04	1.314666e-04
3.935         	4.399411e-05	2.544374e+00	3.514133e-04	2.197007e-04	1.317125e-04
3.94          	4.404103e-05	2.544210e+00	3.506720e-04	2.193770e-04	1.312950e-04
3.945         	4.408774e-05	2.544046e+00	3.498582e-04	2.190168e-04	1.308414e-04
3.95          	4.413425e-05	2.543883e+00	3.503567e-04	2.193126e-04	1.310441e-04
3.955         	4.418054e-05	2.543722e+00	3.500453e-04	2.192032e-04	1.308421e-04
3.96          	4.422664e-05	2.543560e+00	3.520844e-04	2.202688e-04	1.318156e-04
3.965         	4.427252e-05	2.543394e+00	3.497300e-04	2.191375e-04	1.305925e-04
3.97          	4.431821e-05	2.543232e+00	3.492343e-04	2.189354e-04	1.302989e-04
3.975         	4.436370e-05	2.543070e+00	3.491683e-04	2.189478e-04	1.302204e-04
3.98          	4.440898e-05	2.542907e+00	3.490113e-04	2.189146e-04	1.300966e-04
3.985         	4.445407e-05	2.542744e+00	3.488354e-04	2.188718e-04	1.299636e-04
3.99          	4.449895e-05	2.542582e+00	3.484914e-04	2.187446e-04	1.297467e-04
3.995         	4.454363e-05	2.542421e+00	3.488919e-04	2.189896e-04	1.299023e-04
4             	4.458811e-05	2.542256e+00	3.482501e-04	2.187132e-04	1.295369e-04
4.005         	4.463239e-05	2.542093e+00	3.482896e-04	2.187772e-04	1.295124e-04
4.01          	4.467646e-05	2.541931e+00	3.476413e-04	2.184971e-04	1.291442e-04
4.015         	4.472035e-05	2.541769e+00	3.477334e-04	2.185870e-04	1.291464e-04
4.02          	4.476403e-05	2.541607e+00	3.485568e-04	2.190424e-04	1.295144e-04
4.025         	4.480751e-05	2.541445e+00	3.475161e-04	2.185656e-04	1.289505e-04
4.03          	4.485080e-05	2.541282e+00	3.466873e-04	2.181944e-04	1.284928e-04
4.035         	4.489389e-05	2.541120e+00	3.476121e-04	2.186999e-04	1.289122e-04
4.04          	4.493677e-05	2.540959e+00	3.470882e-04	2.184809e-04	1.286073e-04
4.045         	4.497947e-05	2.540796e+00	3.467015e-04	2.183302e-04	1.283713e-04
4.05          	4.502197e-05	2.540634e+00	3.464496e-04	2.182468e-04	1.282028e-04
4.055         	4.506427e-05	2.540472e+00	3.462695e-04	2.181990e-04	1.280705e-04
4.06          	4.510638e-05	2.540313e+00	3.461743e-04	2.181935e-04	1.279808e-04
4.065         	4.514830e-05	2.540153e+00	3.459024e-04	2.180995e-04	1.278029e-04
4.07          	4.519001e-05	2.539991e+00	3.457032e-04	2.180416e-04	1.276616e-04
4.075         	4.523154e-05	2.539829e+00	3.450096e-04	2.177364e-04	1.272733e-04
4.08          	4.527288e-05	2.539668e+00	3.449956e-04	2.177707e-04	1.272249e-04
4.085         	4.531402e-05	2.539507e+00	3.432673e-04	2.169477e-04	1.263196e-04
4.09          	4.535496e-05	2.539347e+00	3.436537e-04	2.171818e-04	1.264719e-04
4.095         	4.539569e-05	2.539181e+00	3.426544e-04	2.167229e-04	1.259315e-04
4.1           	4.543621e-05	2.539020e+00	3.421777e-04	2.165250e-04	1.256526e-04
4.105         	4.547653e-05	2.538857e+00	3.426384e-04	2.167957e-04	1.258427e-04
4.11          	4.551664e-05	2.538697e+00	3.434141e-04	2.172237e-04	1.261904e-04
4.115         	4.555654e-05	2.538536e+00	3.435517e-04	2.173324e-04	1.262193e-04
4.12          	4.559626e-05	2.538375e+00	3.434302e-04	2.173114e-04	1.261189e-04
4.125         	4.563580e-05	2.538214e+00	3.432607e-04	2.172661e-04	1.259945e-04
4.13          	4.567516e-05	2.538053e+00	3.430847e-04	2.172175e-04	1.258672e-04
4.135         	4.571433e-05	2.537892e+00	3.429027e-04	2.171657e-04	1.257370e-04
4.14          	4.575332e-05	2.537731e+00	3.427210e-04	2.171138e-04	1.256072e-04
4.145         	4.579213e-05	2.537570e+00	3.426792e-04	2.171317e-04	1.255475e-04
4.15          	4.583075e-05	2.537409e+00	3.423344e-04	2.169979e-04	1.253364e-04
4.155         	4.586919e-05	2.537248e+00	3.421801e-04	2.169593e-04	1.252209e-04
4.16          	4.590744e-05	2.537089e+00	3.418580e-04	2.168364e-04	1.250216e-04
4.165         	4.594552e-05	2.536928e+00	3.417645e-04	2.168278e-04	1.249368e-04
4.17          	4.598341e-05	2.536767e+00	3.415608e-04	2.167638e-04	1.247970e-04
4.175         	4.602112e-05	2.536606e+00	3.413687e-04	2.167055e-04	1.246632e-04
4.18          	4.605864e-05	2.536446e+00	3.411688e-04	2.166430e-04	1.245257e-04
4.185         	4.609599e-05	2.536285e+00	3.409711e-04	2.165816e-04	1.243896e-04
4.19          	4.613316e-05	2.536125e+00	3.407182e-04	2.164923e-04	1.242260e-04
4.195         	4.617014e-05	2.535965e+00	3.405379e-04	2.164391e-04	1.240988e-04
4.2           	4.620695e-05	2.535807e+00	3.405271e-04	2.164705e-04	1.240566e-04
4.205         	4.624357e-05	2.535644e+00	3.406333e-04	2.165602e-04	1.240731e-04
4.21          	4.628003e-05	2.535483e+00	3.401382e-04	2.163491e-04	1.237891e-04
4.215         	4.631631e-05	2.535322e+00	3.396806e-04	2.161566e-04	1.235240e-04
4.22          	4.635240e-05	2.535163e+00	3.397444e-04	2.162246e-04	1.235198e-04
4.225         	4.638832e-05	2.535003e+00	3.395020e-04	2.161393e-04	1.233627e-04
4.23          	4.642407e-05	2.534843e+00	3.393048e-04	2.160765e-04	1.232283e-04
4.235         	4.645964e-05	2.534683e+00	3.391140e-04	2.160166e-04	1.230974e-04
4.24          	4.649503e-05	2.534523e+00	3.388954e-04	2.159427e-04	1.229527e-04
4.245         	4.653025e-05	2.534363e+00	3.385456e-04	2.158031e-04	1.227426e-04
4.25          	4.656530e-05	2.534204e+00	3.385122e-04	2.158214e-04	1.226908e-04
4.255         	4.660018e-05	2.534044e+00	3.382881e-04	2.157442e-04	1.225439e-04
4.26          	4.663488e-05	2.533886e+00	3.382877e-04	2.157787e-04	1.225089e-04
4.265         	4.666942e-05	2.533726e+00	3.382331e-04	2.157860e-04	1.224471e-04
4.27          	4.670378e-05	2.533567e+00	3.379416e-04	2.156746e-04	1.222670e-04
4.275         	4.673797e-05	2.533409e+00	3.380172e-04	2.157466e-04	1.222706e-04
4.28          	4.677200e-05	2.533249e+00	3.370412e-04	2.152926e-04	1.217486e-04
4.285         	4.680586e-05	2.533090e+00	3.369919e-04	2.153018e-04	1.216901e-04
4.29          	4.683956e-05	2.532931e+00	3.367781e-04	2.152286e-04	1.215495e-04
4.295         	4.687308e-05	2.532772e+00	3.366736e-04	2.152099e-04	1.214637e-04
4.3           	4.690644e-05	2.532613e+00	3.364212e-04	2.151170e-04	1.213042e-04
4.305         	4.693964e-05	2.532454e+00	3.362751e-04	2.150772e-04	1.211979e-04
4.31          	4.697267e-05	2.532295e+00	3.362020e-04	2.150737e-04	1.211283e-04
4.315         	4.700554e-05	2.532137e+00	3.358377e-04	2.149244e-04	1.209133e-04
4.32          	4.703825e-05	2.531979e+00	3.356653e-04	2.148709e-04	1.207944e-04
4.325         	4.707080e-05	2.531822e+00	3.354357e-04	2.147887e-04	1.206471e-04
4.33          	4.710318e-05	2.531662e+00	3.351151e-04	2.146607e-04	1.204544e-04
4.335         	4.713541e-05	2.531502e+00	3.353538e-04	2.148123e-04	1.205415e-04
4.34          	4.716747e-05	2.531342e+00	3.348394e-04	2.145872e-04	1.202522e-04
4.345         	4.719938e-05	2.531184e+00	3.346517e-04	2.145252e-04	1.201265e-04
4.35          	4.723112e-05	2.531026e+00	3.346270e-04	2.145446e-04	1.200824e-04
4.355         	4.726272e-05	2.530868e+00	3.342493e-04	2.143874e-04	1.198619e-04
4.36          	4.729415e-05	2.530711e+00	3.340629e-04	2.143256e-04	1.197373e-04
4.365         	4.732543e-05	2.530552e+00	3.338426e-04	2.142467e-04	1.195959e-04
4.37          	4.735656e-05	2.530394e+00	3.337275e-04	2.142203e-04	1.195072e-04
4.375         	4.738754e-05	2.530236e+00	3.331884e-04	2.139818e-04	1.192067e-04
4.38          	4.741836e-05	2.530078e+00	3.332046e-04	2.140206e-04	1.191839e-04
4.385         	4.744903e-05	2.529919e+00	3.328302e-04	2.138641e-04	1.189661e-04
4.39          	4.747954e-05	2.529763e+00	3.328519e-04	2.139055e-04	1.189464e-04
4.395         	4.750991e-05	2.529605e+00	3.325343e-04	2.137771e-04	1.187572e-04
4.4           	4.754013e-05	2.529447e+00	3.324031e-04	2.137417e-04	1.186614e-04
4.405         	4.757019e-05	2.529291e+00	3.322374e-04	2.136889e-04	1.185485e-04
4.41          	4.760011e-05	2.529134e+00	3.321099e-04	2.136550e-04	1.184548e-04
4.415         	4.762989e-05	2.528977e+00	3.318670e-04	2.135634e-04	1.183036e-04
4.42          	4.765952e-05	2.528820e+00	3.316585e-04	2.134888e-04	1.181697e-04
4.425         	4.768900e-05	2.528663e+00	3.314620e-04	2.134200e-04	1.180420e-04
4.43          	4.771833e-05	2.528506e+00	3.313363e-04	2.133865e-04	1.179498e-04
4.435         	4.774753e-05	2.528351e+00	3.312064e-04	2.133507e-04	1.178557e-04
4.44          	4.777658e-05	2.528194e+00	3.308797e-04	2.132165e-04	1.176633e-04
4.445         	4.780549e-05	2.528038e+00	3.306560e-04	2.131335e-04	1.175225e-04
4.45          	4.783425e-05	2.527882e+00	3.304360e-04	2.130523e-04	1.173837e-04
4.455         	4.786288e-05	2.527729e+00	3.297829e-04	2.127543e-04	1.170286e-04
4.46          	4.789137e-05	2.527572e+00	3.306338e-04	2.132083e-04	1.174256e-04
4.465         	4.791972e-05	2.527413e+00	3.298786e-04	2.128590e-04	1.170196e-04
4.47          	4.794793e-05	2.527257e+00	3.295945e-04	2.127452e-04	1.168493e-04
4.475         	4.797600e-05	2.527102e+00	3.284957e-04	2.122239e-04	1.162718e-04
4.48          	4.800396e-05	2.526948e+00	3.265529e-04	2.112804e-04	1.152725e-04
4.485         	4.803177e-05	2.526791e+00	3.267561e-04	2.114098e-04	1.153463e-04
4.49          	4.806571e-05	2.526626e+00	3.260659e-04	2.110986e-04	1.149672e-04
4.495         	4.809866e-05	2.526470e+00	3.264653e-04	2.113313e-04	1.151340e-04
4.5           	4.813087e-05	2.526316e+00	3.252247e-04	2.107432e-04	1.144815e-04
4.505         	4.816235e-05	2.526165e+00	3.257233e-04	2.110240e-04	1.146993e-04
4.51          	4.819336e-05	2.526010e+00	3.259139e-04	2.111503e-04	1.147636e-04
4.515         	4.822387e-05	2.525855e+00	3.280238e-04	2.122357e-04	1.157880e-04
4.52          	4.825391e-05	2.525701e+00	3.279562e-04	2.122320e-04	1.157242e-04
4.525         	4.828361e-05	2.525548e+00	3.277840e-04	2.121756e-04	1.156084e-04
4.53          	4.831301e-05	2.525395e+00	3.275504e-04	2.120882e-04	1.154622e-04
4.535         	4.834210e-05	2.525238e+00	3.274204e-04	2.120523e-04	1.153681e-04
4.54          	4.837092e-05	2.525086e+00	3.271329e-04	2.119374e-04	1.151955e-04
4.545         	4.839948e-05	2.524931e+00	3.270670e-04	2.119330e-04	1.151340e-04
4.55          	4.842781e-05	2.524777e+00	3.267652e-04	2.118104e-04	1.149548e-04
4.555         	4.845588e-05	2.524624e+00	3.265492e-04	2.117305e-04	1.148187e-04
4.56          	4.848373e-05	2.524470e+00	3.261567e-04	2.115621e-04	1.145946e-04
4.565         	4.851135e-05	2.524318e+00	3.261135e-04	2.115681e-04	1.145454e-04
4.57          	4.853878e-05	2.524165e+00	3.259059e-04	2.114917e-04	1.144142e-04
4.575         	4.856600e-05	2.524012e+00	3.257249e-04	2.114284e-04	1.142964e-04
4.58          	4.859303e-05	2.523860e+00	3.249533e-04	2.110697e-04	1.138836e-04
4.585         	4.861989e-05	2.523706e+00	3.239741e-04	2.106070e-04	1.133672e-04
4.59          	4.864654e-05	2.523553e+00	3.237827e-04	2.105379e-04	1.132448e-04
4.595         	4.867433e-05	2.523401e+00	3.236560e-04	2.105023e-04	1.131537e-04
4.6           	4.870173e-05	2.523249e+00	3.232042e-04	2.103038e-04	1.129004e-04
4.605         	4.872883e-05	2.523097e+00	3.230007e-04	2.102292e-04	1.127715e-04
4.61          	4.875561e-05	2.522945e+00	3.234978e-04	2.105045e-04	1.129933e-04
4.615         	4.878213e-05	2.522793e+00	3.237626e-04	2.106634e-04	1.130992e-04
4.62          	4.880841e-05	2.522642e+00	3.236053e-04	2.106110e-04	1.129942e-04
4.625         	4.883447e-05	2.522490e+00	3.234167e-04	2.105428e-04	1.128739e-04
4.63          	4.886034e-05	2.522339e+00	3.230700e-04	2.103953e-04	1.126747e-04
4.635         	4.888602e-05	2.522188e+00	3.229932e-04	2.103826e-04	1.126106e-04
4.64          	4.891152e-05	2.522038e+00	3.227611e-04	2.102921e-04	1.124690e-04
4.645         	4.893684e-05	2.521887e+00	3.225524e-04	2.102130e-04	1.123394e-04
4.65          	4.896199e-05	2.521739e+00	3.219567e-04	2.099404e-04	1.120164e-04
4.655         	4.898699e-05	2.521586e+00	3.223288e-04	2.101514e-04	1.121774e-04
4.66          	4.901181e-05	2.521434e+00	3.220602e-04	2.100419e-04	1.120183e-04
4.665         	4.903648e-05	2.521284e+00	3.217670e-04	2.099200e-04	1.118470e-04
4.67          	4.906100e-05	2.521134e+00	3.215630e-04	2.098425e-04	1.117205e-04
4.675         	4.908538e-05	2.520985e+00	3.213475e-04	2.097591e-04	1.115884e-04
4.68          	4.910961e-05	2.520835e+00	3.211507e-04	2.096850e-04	1.114658e-04
4.685         	4.913370e-05	2.520685e+00	3.209342e-04	2.096008e-04	1.113334e-04
4.69          	4.915765e-05	2.520536e+00	3.207825e-04	2.095489e-04	1.112336e-04
4.695         	4.918147e-05	2.520387e+00	3.203789e-04	2.093709e-04	1.110080e-04
4.7           	4.920515e-05	2.520238e+00	3.203974e-04	2.094038e-04	1.109935e-04
4.705         	4.922870e-05	2.520089e+00	3.199975e-04	2.092274e-04	1.107700e-04
4.71          	4.925213e-05	2.519941e+00	3.199026e-04	2.092034e-04	1.106992e-04
4.715         	4.927543e-05	2.519793e+00	3.196048e-04	2.090778e-04	1.105270e-04
4.72          	4.929861e-05	2.519644e+00	3.194555e-04	2.090264e-04	1.104292e-04
4.725         	4.932167e-05	2.519496e+00	3.192050e-04	2.089242e-04	1.102809e-04
4.73          	4.934460e-05	2.519348e+00	3.190365e-04	2.088629e-04	1.101737e-04
4.735         	4.936742e-05	2.519201e+00	3.186829e-04	2.087089e-04	1.099740e-04
4.74          	4.939013e-05	2.519053e+00	3.186587e-04	2.087195e-04	1.099392e-04
4.745         	4.941271e-05	2.518905e+00	3.181176e-04	2.084715e-04	1.096461e-04
4.75          	4.943519e-05	2.518759e+00	3.182394e-04	2.085549e-04	1.096845e-04
4.755         	4.945755e-05	2.518612e+00	3.178254e-04	2.083702e-04	1.094552e-04
4.76          	4.947980e-05	2.518465e+00	3.177035e-04	2.083316e-04	1.093719e-04
4.765         	4.950195e-05	2.518318e+00	3.174930e-04	2.082484e-04	1.092445e-04
4.77          	4.952398e-05	2.518172e+00	3.172903e-04	2.081691e-04	1.091212e-04
4.775         	4.954591e-05	2.518025e+00	3.169878e-04	2.080398e-04	1.089480e-04
4.78          	4.956774e-05	2.517880e+00	3.168451e-04	2.079903e-04	1.088548e-04
4.785         	4.958946e-05	2.517735e+00	3.164836e-04	2.078313e-04	1.086524e-04
4.79          	4.961108e-05	2.517590e+00	3.167528e-04	2.079875e-04	1.087653e-04
4.795         	4.963259e-05	2.517441e+00	3.164294e-04	2.078473e-04	1.085821e-04
4.8           	4.965400e-05	2.517296e+00	3.158402e-04	2.075741e-04	1.082661e-04
4.805         	4.967533e-05	2.517151e+00	3.158433e-04	2.075970e-04	1.082463e-04
4.81          	4.969654e-05	2.517006e+00	3.155750e-04	2.074840e-04	1.080910e-04
4.815         	4.971767e-05	2.516862e+00	3.154059e-04	2.074206e-04	1.079853e-04
4.82          	4.973869e-05	2.516717e+00	3.151627e-04	2.073200e-04	1.078426e-04
4.825         	4.975962e-05	2.516573e+00	3.149307e-04	2.072250e-04	1.077057e-04
4.83          	4.978046e-05	2.516429e+00	3.147430e-04	2.071519e-04	1.075910e-04
4.835         	4.980121e-05	2.516285e+00	3.145298e-04	2.070661e-04	1.074637e-04
4.84          	4.982186e-05	2.516141e+00	3.142589e-04	2.069513e-04	1.073076e-04
4.845         	4.984242e-05	2.515998e+00	3.143460e-04	2.070154e-04	1.073306e-04
4.85          	4.986289e-05	2.515853e+00	3.124061e-04	2.060660e-04	1.063402e-04
4.855         	4.988330e-05	2.515710e+00	3.114232e-04	2.055949e-04	1.058283e-04
4.86          	4.990361e-05	2.515567e+00	3.112187e-04	2.055129e-04	1.057057e-04
4.865         	4.992380e-05	2.515424e+00	3.110849e-04	2.054662e-04	1.056186e-04
4.87          	4.994388e-05	2.515282e+00	3.109580e-04	2.054229e-04	1.055351e-04
4.875         	4.996386e-05	2.515140e+00	3.109842e-04	2.054560e-04	1.055282e-04
4.88          	4.998373e-05	2.514995e+00	3.128311e-04	2.063993e-04	1.064318e-04
4.885         	5.000349e-05	2.514854e+00	3.127673e-04	2.063871e-04	1.063802e-04
4.89          	5.002319e-05	2.514712e+00	3.124920e-04	2.062692e-04	1.062228e-04
4.895         	5.004282e-05	2.514571e+00	3.122498e-04	2.061677e-04	1.060821e-04
4.9           	5.006238e-05	2.514430e+00	3.120069e-04	2.060658e-04	1.059411e-04
4.905         	5.008187e-05	2.514288e+00	3.117083e-04	2.059360e-04	1.057723e-04
4.91          	5.010128e-05	2.514147e+00	3.114703e-04	2.058364e-04	1.056339e-04
4.915         	5.012063e-05	2.514006e+00	3.113191e-04	2.057802e-04	1.055389e-04
4.92          	5.013989e-05	2.513866e+00	3.110105e-04	2.056451e-04	1.053654e-04
4.925         	5.015908e-05	2.513726e+00	3.108546e-04	2.055864e-04	1.052682e-04
4.93          	5.017820e-05	2.513586e+00	3.105921e-04	2.054743e-04	1.051179e-04
4.935         	5.019724e-05	2.513446e+00	3.103837e-04	2.053891e-04	1.049946e-04
4.94          	5.021621e-05	2.513307e+00	3.101596e-04	2.052960e-04	1.048636e-04
4.945         	5.023510e-05	2.513167e+00	3.099797e-04	2.052250e-04	1.047548e-04
4.95          	5.025392e-05	2.513029e+00	3.095601e-04	2.050340e-04	1.045261e-04
4.955         	5.027267e-05	2.512891e+00	3.097318e-04	2.051386e-04	1.045932e-04
4.96          	5.029134e-05	2.512750e+00	3.092892e-04	2.049360e-04	1.043533e-04
4.965         	5.030994e-05	2.512612e+00	3.090009e-04	2.048104e-04	1.041905e-04
4.97          	5.032848e-05	2.512474e+00	3.088112e-04	2.047341e-04	1.040771e-04
4.975         	5.034694e-05	2.512336e+00	3.085947e-04	2.046443e-04	1.039504e-04
4.98          	5.036533e-05	2.512197e+00	3.084599e-04	2.045953e-04	1.038646e-04
4.985         	5.038365e-05	2.512060e+00	3.081653e-04	2.044663e-04	1.036990e-04
4.99          	5.040190e-05	2.511923e+00	3.079425e-04	2.043732e-04	1.035694e-04
4.995         	5.042008e-05	2.511786e+00	3.077261e-04	2.042832e-04	1.034430e-04
5             	5.043819e-05	2.511649e+00	3.075746e-04	2.042255e-04	1.033491e-04
5.005         	5.045624e-05	2.511512e+00	3.072598e-04	2.040861e-04	1.031737e-04
5.01          	5.047422e-05	2.511375e+00	3.070801e-04	2.040143e-04	1.030658e-04
5.015         	5.049213e-05	2.511239e+00	3.068408e-04	2.039125e-04	1.029283e-04
5.02          	5.050997e-05	2.511103e+00	3.066011e-04	2.038105e-04	1.027906e-04
5.025         	5.052775e-05	2.510967e+00	3.064010e-04	2.037282e-04	1.026727e-04
5.03          	5.054547e-05	2.510832e+00	3.061632e-04	2.036271e-04	1.025361e-04
5.035         	5.056312e-05	2.510696e+00	3.059663e-04	2.035463e-04	1.024200e-04
5.04          	5.058070e-05	2.510561e+00	3.057203e-04	2.034409e-04	1.022794e-04
5.045         	5.059822e-05	2.510427e+00	3.055206e-04	2.033585e-04	1.021621e-04
5.05          	5.061568e-05	2.510292e+00	3.053030e-04	2.032672e-04	1.020358e-04
5.055         	5.063307e-05	2.510158e+00	3.050857e-04	2.031759e-04	1.019098e-04
5.06          	5.065040e-05	2.510024e+00	3.047505e-04	2.030257e-04	1.017249e-04
5.065         	5.066767e-05	2.509890e+00	3.048398e-04	2.030876e-04	1.017522e-04
5.07          	5.068487e-05	2.509756e+00	3.043128e-04	2.028412e-04	1.014715e-04
5.075         	5.070202e-05	2.509624e+00	3.040545e-04	2.027293e-04	1.013253e-04
5.08          	5.071910e-05	2.509491e+00	3.041296e-04	2.027839e-04	1.013457e-04
5.085         	5.073613e-05	2.509356e+00	3.039879e-04	2.027301e-04	1.012578e-04
5.09          	5.075309e-05	2.509222e+00	3.035897e-04	2.025479e-04	1.010417e-04
5.095         	5.076999e-05	2.509089e+00	3.033643e-04	2.024522e-04	1.009122e-04
5.1           	5.078684e-05	2.508957e+00	3.031067e-04	2.023402e-04	1.007665e-04
5.105         	5.080363e-05	2.508825e+00	3.029024e-04	2.022548e-04	1.006476e-04
5.11          	5.082035e-05	2.508693e+00	3.026878e-04	2.021642e-04	1.005235e-04
5.115         	5.083702e-05	2.508562e+00	3.024705e-04	2.020723e-04	1.003982e-04
5.12          	5.085364e-05	2.508430e+00	3.022556e-04	2.019815e-04	1.002742e-04
5.125         	5.087019e-05	2.508299e+00	3.020396e-04	2.018900e-04	1.001496e-04
5.13          	5.088669e-05	2.508169e+00	3.017998e-04	2.017866e-04	1.000132e-04
5.135         	5.090313e-05	2.508039e+00	3.015476e-04	2.016769e-04	9.987065e-05
5.14          	5.091952e-05	2.507909e+00	3.013522e-04	2.015956e-04	9.975659e-05
5.145         	5.093585e-05	2.507778e+00	3.012255e-04	2.015486e-04	9.967688e-05
5.15          	5.095213e-05	2.507647e+00	3.010812e-04	2.014927e-04	9.958846e-05
5.155         	5.096834e-05	2.507517e+00	3.007292e-04	2.013330e-04	9.939627e-05
5.16          	5.098451e-05	2.507387e+00	3.004936e-04	2.012313e-04	9.926229e-05
5.165         	5.100062e-05	2.507258e+00	3.002886e-04	2.011449e-04	9.914366e-05
5.17          	5.101668e-05	2.507129e+00	3.000797e-04	2.010565e-04	9.902318e-05
5.175         	5.103268e-05	2.507000e+00	2.998918e-04	2.009786e-04	9.891324e-05
5.18          	5.104863e-05	2.506871e+00	2.995456e-04	2.008214e-04	9.872417e-05
5.185         	5.106453e-05	2.506743e+00	2.994119e-04	2.007705e-04	9.864141e-05
5.19          	5.108038e-05	2.506615e+00	2.991285e-04	2.006446e-04	9.848385e-05
5.195         	5.109618e-05	2.506488e+00	2.990157e-04	2.006040e-04	9.841167e-05
5.2           	5.111192e-05	2.506360e+00	2.987755e-04	2.004997e-04	9.827583e-05
5.205         	5.112761e-05	2.506233e+00	2.985709e-04	2.004131e-04	9.815785e-05
5.21          	5.114325e-05	2.506106e+00	2.983476e-04	2.003171e-04	9.803055e-05
5.215         	5.115884e-05	2.505979e+00	2.981329e-04	2.002253e-04	9.790763e-05
5.22          	5.117438e-05	2.505852e+00	2.979171e-04	2.001329e-04	9.778415e-05
5.225         	5.118987e-05	2.505726e+00	2.977001e-04	2.000399e-04	9.766019e-05
5.23          	5.120530e-05	2.505600e+00	2.974824e-04	1.999465e-04	9.753590e-05
5.235         	5.122069e-05	2.505474e+00	2.972627e-04	1.998521e-04	9.741068e-05
5.24          	5.123603e-05	2.505348e+00	2.970195e-04	1.997458e-04	9.727373e-05
5.245         	5.125133e-05	2.505225e+00	2.966721e-04	1.995874e-04	9.708474e-05
5.25          	5.126657e-05	2.505099e+00	2.969821e-04	1.997576e-04	9.722449e-05
5.255         	5.128176e-05	2.504971e+00	2.964741e-04	1.995188e-04	9.695528e-05
5.26          	5.129691e-05	2.504847e+00	2.961201e-04	1.993570e-04	9.676315e-05
5.265         	5.131201e-05	2.504722e+00	2.959678e-04	1.992959e-04	9.667191e-05
5.27          	5.132706e-05	2.504598e+00	2.957556e-04	1.992049e-04	9.655075e-05
5.275         	5.134206e-05	2.504474e+00	2.955400e-04	1.991120e-04	9.642792e-05
5.28          	5.135702e-05	2.504350e+00	2.953255e-04	1.990198e-04	9.630571e-05
5.285         	5.137193e-05	2.504227e+00	2.951107e-04	1.989273e-04	9.618343e-05
5.29          	5.138680e-05	2.504104e+00	2.948947e-04	1.988342e-04	9.606056e-05
5.295         	5.140161e-05	2.503981e+00	2.946804e-04	1.987418e-04	9.593861e-05
5.3           	5.141639e-05	2.503858e+00	2.944599e-04	1.986463e-04	9.581356e-05
5.305         	5.143111e-05	2.503735e+00	2.942514e-04	1.985568e-04	9.569457e-05
5.31          	5.144579e-05	2.503613e+00	2.940402e-04	1.984659e-04	9.557431e-05
5.315         	5.146043e-05	2.503491e+00	2.938340e-04	1.983774e-04	9.545658e-05
5.32          	5.147502e-05	2.503369e+00	2.935602e-04	1.982551e-04	9.530508e-05
5.325         	5.148956e-05	2.503247e+00	2.934330e-04	1.982060e-04	9.522692e-05
5.33          	5.150406e-05	2.503124e+00	2.932917e-04	1.981499e-04	9.514179e-05
5.335         	5.151852e-05	2.503001e+00	2.932174e-04	1.981272e-04	9.509020e-05
5.34          	5.153292e-05	2.502882e+00	2.923883e-04	1.977271e-04	9.466125e-05
5.345         	5.154728e-05	2.502764e+00	2.921617e-04	1.976281e-04	9.453354e-05
5.35          	5.156162e-05	2.502646e+00	2.923904e-04	1.977568e-04	9.463356e-05
5.355         	5.157590e-05	2.502525e+00	2.922579e-04	1.977049e-04	9.455305e-05
5.36          	5.159013e-05	2.502405e+00	2.921316e-04	1.976559e-04	9.447565e-05
5.365         	5.160433e-05	2.502285e+00	2.919373e-04	1.975730e-04	9.436433e-05
5.37          	5.161847e-05	2.502165e+00	2.917314e-04	1.974842e-04	9.424723e-05
5.375         	5.163258e-05	2.502046e+00	2.915218e-04	1.973935e-04	9.412833e-05
5.38          	5.164665e-05	2.501928e+00	2.912479e-04	1.972706e-04	9.397731e-05
5.385         	5.166067e-05	2.501809e+00	2.911839e-04	1.972526e-04	9.393126e-05
5.39          	5.167465e-05	2.501690e+00	2.907438e-04	1.970466e-04	9.369727e-05
5.395         	5.168860e-05	2.501572e+00	2.905246e-04	1.969509e-04	9.357370e-05
5.4           	5.170250e-05	2.501453e+00	2.903484e-04	1.968767e-04	9.347172e-05
5.405         	5.171636e-05	2.501335e+00	2.900753e-04	1.967540e-04	9.332129e-05
5.41          	5.173017e-05	2.501217e+00	2.898566e-04	1.966585e-04	9.319812e-05
5.415         	5.174395e-05	2.501100e+00	2.896424e-04	1.965651e-04	9.307723e-05
5.42          	5.175768e-05	2.500983e+00	2.894301e-04	1.964727e-04	9.295739e-05
5.425         	5.177137e-05	2.500866e+00	2.892192e-04	1.963810e-04	9.283824e-05
5.43          	5.178502e-05	2.500750e+00	2.890093e-04	1.962897e-04	9.271961e-05
5.435         	5.179863e-05	2.500633e+00	2.888140e-04	1.962056e-04	9.260836e-05
5.44          	5.181220e-05	2.500517e+00	2.885610e-04	1.960927e-04	9.246830e-05
5.445         	5.182573e-05	2.500401e+00	2.883694e-04	1.960104e-04	9.235899e-05
5.45          	5.183922e-05	2.500286e+00	2.881962e-04	1.959373e-04	9.225890e-05
5.455         	5.185266e-05	2.500170e+00	2.879091e-04	1.958072e-04	9.210186e-05
5.46          	5.186607e-05	2.500055e+00	2.877063e-04	1.957192e-04	9.198708e-05
5.465         	5.187944e-05	2.499940e+00	2.875414e-04	1.956501e-04	9.189126e-05
5.47          	5.189277e-05	2.499826e+00	2.873613e-04	1.955734e-04	9.178789e-05
5.475         	5.190606e-05	2.499711e+00	2.871025e-04	1.954573e-04	9.164521e-05
5.48          	5.191931e-05	2.499597e+00	2.869707e-04	1.954047e-04	9.156604e-05
5.485         	5.193251e-05	2.499483e+00	2.866098e-04	1.952374e-04	9.137241e-05
5.49          	5.194569e-05	2.499369e+00	2.867683e-04	1.953299e-04	9.143849e-05
5.495         	5.195881e-05	2.499256e+00	2.861259e-04	1.950218e-04	9.110415e-05
5.5           	5.197191e-05	2.499143e+00	2.860638e-04	1.950038e-04	9.106002e-05
5.505         	5.198496e-05	2.499030e+00	2.858832e-04	1.949266e-04	9.095666e-05
5.51          	5.199797e-05	2.498917e+00	2.856504e-04	1.948232e-04	9.082724e-05
5.515         	5.201095e-05	2.498805e+00	2.854451e-04	1.947335e-04	9.071159e-05
5.52          	5.202388e-05	2.498692e+00	2.852408e-04	1.946443e-04	9.059652e-05
5.525         	5.203678e-05	2.498580e+00	2.850341e-04	1.945538e-04	9.048028e-05
5.53          	5.204964e-05	2.498469e+00	2.848274e-04	1.944633e-04	9.036407e-05
5.535         	5.206246e-05	2.498357e+00	2.846215e-04	1.943732e-04	9.024828e-05
5.54          	5.207524e-05	2.498246e+00	2.844067e-04	1.942786e-04	9.012809e-05
5.545         	5.208798e-05	2.498134e+00	2.842070e-04	1.941915e-04	9.001550e-05
5.55          	5.210069e-05	2.498024e+00	2.840001e-04	1.941007e-04	8.989935e-05
5.555         	5.211335e-05	2.497913e+00	2.837928e-04	1.940097e-04	8.978304e-05
5.56          	5.212598e-05	2.497803e+00	2.835853e-04	1.939187e-04	8.966668e-05
5.565         	5.213858e-05	2.497692e+00	2.833775e-04	1.938273e-04	8.955016e-05
5.57          	5.215113e-05	2.497582e+00	2.831681e-04	1.937352e-04	8.943293e-05
5.575         	5.216364e-05	2.497473e+00	2.829557e-04	1.936415e-04	8.931423e-05
5.58          	5.217612e-05	2.497364e+00	2.827222e-04	1.935372e-04	8.918496e-05
5.585         	5.218856e-05	2.497255e+00	2.825744e-04	1.934757e-04	8.909862e-05
5.59          	5.220096e-05	2.497145e+00	2.825662e-04	1.934841e-04	8.908215e-05
5.595         	5.221333e-05	2.497036e+00	2.823871e-04	1.934069e-04	8.898023e-05
5.6           	5.222565e-05	2.496927e+00	2.820049e-04	1.932281e-04	8.877679e-05
5.605         	5.223794e-05	2.496818e+00	2.817779e-04	1.931269e-04	8.865100e-05
5.61          	5.225020e-05	2.496710e+00	2.815789e-04	1.930397e-04	8.853926e-05
5.615         	5.226242e-05	2.496602e+00	2.813635e-04	1.929442e-04	8.841933e-05
5.62          	5.227460e-05	2.496495e+00	2.811670e-04	1.928581e-04	8.830892e-05
5.625         	5.228674e-05	2.496387e+00	2.809664e-04	1.927700e-04	8.819648e-05
5.63          	5.229884e-05	2.496279e+00	2.813453e-04	1.929715e-04	8.837381e-05
5.635         	5.231090e-05	2.496172e+00	2.804985e-04	1.925601e-04	8.793834e-05
5.64          	5.232294e-05	2.496066e+00	2.802988e-04	1.924723e-04	8.782644e-05
5.645         	5.233494e-05	2.495959e+00	2.801049e-04	1.923874e-04	8.771750e-05
5.65          	5.234690e-05	2.495853e+00	2.799207e-04	1.923073e-04	8.761347e-05
5.655         	5.235883e-05	2.495747e+00	2.797417e-04	1.922297e-04	8.751200e-05
5.66          	5.237071e-05	2.495642e+00	2.794680e-04	1.921047e-04	8.736330e-05
5.665         	5.238256e-05	2.495536e+00	2.794466e-04	1.921059e-04	8.734076e-05
5.67          	5.239437e-05	2.495430e+00	2.791355e-04	1.919621e-04	8.717339e-05
5.675         	5.240615e-05	2.495325e+00	2.790795e-04	1.919459e-04	8.713359e-05
5.68          	5.241789e-05	2.495220e+00	2.788130e-04	1.918244e-04	8.698860e-05
5.685         	5.242959e-05	2.495115e+00	2.785869e-04	1.917231e-04	8.686387e-05
5.69          	5.244126e-05	2.495010e+00	2.783924e-04	1.916375e-04	8.675496e-05
5.695         	5.245289e-05	2.494906e+00	2.782054e-04	1.915556e-04	8.664981e-05
5.7           	5.246448e-05	2.494802e+00	2.780133e-04	1.914711e-04	8.654215e-05
5.705         	5.247604e-05	2.494698e+00	2.778177e-04	1.913849e-04	8.643279e-05
5.71          	5.248756e-05	2.494594e+00	2.776230e-04	1.912991e-04	8.632393e-05
5.715         	5.249905e-05	2.494491e+00	2.774277e-04	1.912129e-04	8.621481e-05
5.72          	5.251050e-05	2.494388e+00	2.772322e-04	1.911266e-04	8.610562e-05
5.725         	5.252191e-05	2.494285e+00	2.770382e-04	1.910410e-04	8.599719e-05
5.73          	5.253328e-05	2.494182e+00	2.768446e-04	1.909556e-04	8.588903e-05
5.735         	5.254462e-05	2.494079e+00	2.766507e-04	1.908700e-04	8.578073e-05
5.74          	5.255593e-05	2.493977e+00	2.764564e-04	1.907841e-04	8.567225e-05
5.745         	5.256720e-05	2.493875e+00	2.762645e-04	1.906995e-04	8.556508e-05
5.75          	5.257843e-05	2.493773e+00	2.760720e-04	1.906144e-04	8.545758e-05
5.755         	5.258962e-05	2.493671e+00	2.758804e-04	1.905298e-04	8.535056e-05
5.76          	5.260078e-05	2.493569e+00	2.756893e-04	1.904454e-04	8.524386e-05
5.765         	5.261191e-05	2.493468e+00	2.755000e-04	1.903619e-04	8.513808e-05
5.77          	5.262299e-05	2.493367e+00	2.753119e-04	1.902789e-04	8.503293e-05
5.775         	5.263405e-05	2.493266e+00	2.751261e-04	1.901971e-04	8.492901e-05
5.78          	5.264506e-05	2.493165e+00	2.749750e-04	1.901325e-04	8.484242e-05
5.785         	5.265604e-05	2.493064e+00	2.748378e-04	1.900749e-04	8.476286e-05
5.79          	5.266698e-05	2.492963e+00	2.743990e-04	1.898665e-04	8.453253e-05
5.795         	5.267789e-05	2.492862e+00	2.746022e-04	1.899790e-04	8.462323e-05
5.8           	5.268876e-05	2.492762e+00	2.739893e-04	1.896834e-04	8.430589e-05
5.805         	5.269959e-05	2.492663e+00	2.736427e-04	1.895209e-04	8.412176e-05
5.81          	5.271039e-05	2.492568e+00	2.733164e-04	1.893686e-04	8.394778e-05
5.815         	5.272117e-05	2.492471e+00	2.733217e-04	1.893820e-04	8.393967e-05
5.82          	5.273190e-05	2.492372e+00	2.735419e-04	1.895029e-04	8.403906e-05
5.825         	5.274259e-05	2.492272e+00	2.733603e-04	1.894227e-04	8.393753e-05
5.83          	5.275325e-05	2.492173e+00	2.730307e-04	1.892686e-04	8.376208e-05
5.835         	5.276387e-05	2.492074e+00	2.728549e-04	1.891913e-04	8.366358e-05
5.84          	5.277446e-05	2.491976e+00	2.726834e-04	1.891162e-04	8.356724e-05
5.845         	5.278501e-05	2.491878e+00	2.724480e-04	1.890090e-04	8.343898e-05
5.85          	5.279553e-05	2.491780e+00	2.722991e-04	1.889451e-04	8.335403e-05
5.855         	5.280602e-05	2.491683e+00	2.720679e-04	1.888399e-04	8.322791e-05
5.86          	5.281646e-05	2.491585e+00	2.719206e-04	1.887768e-04	8.314384e-05
5.865         	5.282687e-05	2.491488e+00	2.716914e-04	1.886726e-04	8.301885e-05
5.87          	5.283725e-05	2.491391e+00	2.715212e-04	1.885979e-04	8.292336e-05
5.875         	5.284759e-05	2.491294e+00	2.713343e-04	1.885147e-04	8.281954e-05
5.88          	5.285790e-05	2.491198e+00	2.711514e-04	1.884336e-04	8.271782e-05
5.885         	5.286816e-05	2.491102e+00	2.709659e-04	1.883511e-04	8.261479e-05
5.89          	5.287840e-05	2.491006e+00	2.707805e-04	1.882686e-04	8.251183e-05
5.895         	5.288860e-05	2.490910e+00	2.705986e-04	1.881879e-04	8.241071e-05
5.9           	5.289876e-05	2.490814e+00	2.704148e-04	1.881061e-04	8.230862e-05
5.905         	5.290889e-05	2.490719e+00	2.701329e-04	1.879753e-04	8.215755e-05
5.91          	5.291899e-05	2.490623e+00	2.696697e-04	1.877538e-04	8.191584e-05
5.915         	5.292905e-05	2.490527e+00	2.698409e-04	1.878495e-04	8.199138e-05
5.92          	5.293906e-05	2.490433e+00	2.695884e-04	1.877333e-04	8.185515e-05
5.925         	5.294905e-05	2.490338e+00	2.694607e-04	1.876794e-04	8.178130e-05
5.93          	5.295899e-05	2.490244e+00	2.692848e-04	1.876014e-04	8.168341e-05
5.935         	5.296891e-05	2.490149e+00	2.690946e-04	1.875162e-04	8.157840e-05
5.94          	5.297878e-05	2.490055e+00	2.689188e-04	1.874382e-04	8.148062e-05
5.945         	5.298863e-05	2.489961e+00	2.687305e-04	1.873539e-04	8.137664e-05
5.95          	5.299844e-05	2.489868e+00	2.685616e-04	1.872792e-04	8.128236e-05
5.955         	5.300821e-05	2.489774e+00	2.683703e-04	1.871933e-04	8.117693e-05
5.96          	5.301795e-05	2.489681e+00	2.681707e-04	1.871033e-04	8.106741e-05
5.965         	5.302765e-05	2.489588e+00	2.679781e-04	1.870167e-04	8.096141e-05
5.97          	5.303732e-05	2.489495e+00	2.677805e-04	1.869276e-04	8.085291e-05
5.975         	5.304695e-05	2.489402e+00	2.675772e-04	1.868356e-04	8.074167e-05
5.98          	5.305655e-05	2.489309e+00	2.676435e-04	1.868783e-04	8.076522e-05
5.985         	5.306611e-05	2.489217e+00	2.671903e-04	1.866613e-04	8.052905e-05
5.99          	5.307564e-05	2.489125e+00	2.666687e-04	1.864100e-04	8.025870e-05
5.995         	5.308514e-05	2.489032e+00	2.671468e-04	1.866586e-04	8.048828e-05
6             	5.309459e-05	2.488940e+00	2.667585e-04	1.864738e-04	8.028466e-05
6.005         	5.310402e-05	2.488849e+00	2.665590e-04	1.863835e-04	8.017548e-05
6.01          	5.311340e-05	2.488758e+00	2.663930e-04	1.863099e-04	8.008310e-05
6.015         	5.312276e-05	2.488667e+00	2.662197e-04	1.862326e-04	7.998707e-05
6.02          	5.313208e-05	2.488576e+00	2.660341e-04	1.861491e-04	7.988499e-05
6.025         	5.314136e-05	2.488487e+00	2.658267e-04	1.860547e-04	7.977197e-05
6.03          	5.315061e-05	2.488395e+00	2.657112e-04	1.860062e-04	7.970501e-05
6.035         	5.315984e-05	2.488303e+00	2.656579e-04	1.859888e-04	7.966911e-05
6.04          	5.316901e-05	2.488214e+00	2.652122e-04	1.857751e-04	7.943710e-05
6.045         	5.317816e-05	2.488124e+00	2.652590e-04	1.858077e-04	7.945136e-05
6.05          	5.318728e-05	2.488032e+00	2.649956e-04	1.856851e-04	7.931050e-05
6.055         	5.319635e-05	2.487943e+00	2.648434e-04	1.856180e-04	7.922533e-05
6.06          	5.320539e-05	2.487853e+00	2.646647e-04	1.855378e-04	7.912697e-05
6.065         	5.321440e-05	2.487764e+00	2.644943e-04	1.854616e-04	7.903276e-05
6.07          	5.322337e-05	2.487675e+00	2.643234e-04	1.853851e-04	7.893835e-05
6.075         	5.323231e-05	2.487586e+00	2.641526e-04	1.853086e-04	7.884396e-05
6.08          	5.324122e-05	2.487497e+00	2.639824e-04	1.852324e-04	7.874997e-05
6.085         	5.325009e-05	2.487409e+00	2.638159e-04	1.851580e-04	7.865785e-05
6.09          	5.325892e-05	2.487322e+00	2.636461e-04	1.850820e-04	7.856414e-05
6.095         	5.326772e-05	2.487234e+00	2.634800e-04	1.850077e-04	7.847226e-05
6.1           	5.327649e-05	2.487145e+00	2.632994e-04	1.849262e-04	7.837321e-05
6.105         	5.328523e-05	2.487056e+00	2.631165e-04	1.848435e-04	7.827305e-05
6.11          	5.329393e-05	2.486968e+00	2.629643e-04	1.847761e-04	7.818820e-05
6.115         	5.330259e-05	2.486881e+00	2.627922e-04	1.846987e-04	7.809350e-05
6.12          	5.331122e-05	2.486793e+00	2.626246e-04	1.846235e-04	7.800109e-05
6.125         	5.331981e-05	2.486706e+00	2.624563e-04	1.845479e-04	7.790832e-05
6.13          	5.332838e-05	2.486619e+00	2.622891e-04	1.844729e-04	7.781616e-05
