/*--------------------------------*- C++ -*----------------------------------*\
  =========                 |
  \\      /  F ield         | OpenFOAM: The Open Source CFD Toolbox
   \\    /   O peration     | Website:  https://openfoam.org
    \\  /    A nd           | Version:  7
     \\/     M anipulation  |
\*---------------------------------------------------------------------------*/
FoamFile
{
    version     2.0;
    format      ascii;
    class       volScalarField;
    location    "15";
    object      p;
}
// * * * * * * * * * * * * * * * * * * * * * * * * * * * * * * * * * * * * * //

dimensions      [0 2 -2 0 0 0 0];

internalField   nonuniform List<scalar> 
6386
(
-0.367618
-0.377159
-0.387056
-0.397265
-0.384927
-0.407733
-0.393687
-0.418403
-0.402629
-0.390371
-0.429213
-0.411704
-0.398337
-0.384781
-0.440097
-0.420859
-0.406395
-0.391871
-0.450984
-0.430038
-0.414498
-0.399021
-0.383662
-0.461801
-0.439179
-0.422591
-0.406182
-0.389976
-0.374361
-0.472469
-0.448213
-0.430614
-0.4133
-0.396249
-0.379834
-0.364169
-0.4829
-0.457062
-0.438497
-0.420307
-0.402417
-0.385167
-0.368586
-0.352407
-0.493
-0.465642
-0.44616
-0.427129
-0.408404
-0.390282
-0.372697
-0.355291
-0.337599
-0.502661
-0.473856
-0.453512
-0.433676
-0.414119
-0.395087
-0.376419
-0.35768
-0.338379
-0.327175
-0.511765
-0.481597
-0.460453
-0.439849
-0.419463
-0.399482
-0.379656
-0.359498
-0.338537
-0.324152
-0.520181
-0.488747
-0.466869
-0.445537
-0.424324
-0.403356
-0.382304
-0.360658
-0.33801
-0.320576
-0.527767
-0.495179
-0.472638
-0.450618
-0.428579
-0.406588
-0.384252
-0.361068
-0.336725
-0.316406
-0.53437
-0.500755
-0.477627
-0.45496
-0.432097
-0.409049
-0.385381
-0.360625
-0.334599
-0.311584
-0.539828
-0.505328
-0.481695
-0.458423
-0.434738
-0.410605
-0.385567
-0.359226
-0.331548
-0.306038
-0.543971
-0.508745
-0.484693
-0.460861
-0.436359
-0.411117
-0.384685
-0.356762
-0.327482
-0.299689
-0.546624
-0.510848
-0.486466
-0.46212
-0.436809
-0.410444
-0.382608
-0.353128
-0.322316
-0.292457
-0.547611
-0.511473
-0.486858
-0.462046
-0.435939
-0.408446
-0.379213
-0.348221
-0.315964
-0.284263
-0.546754
-0.51046
-0.485708
-0.460482
-0.433597
-0.404984
-0.37438
-0.341943
-0.308352
-0.275034
-0.543881
-0.507645
-0.48286
-0.457274
-0.429639
-0.399927
-0.367999
-0.334207
-0.299411
-0.264704
-0.538825
-0.502875
-0.47816
-0.452274
-0.423925
-0.393153
-0.359968
-0.324935
-0.289082
-0.253219
-0.531429
-0.495998
-0.471462
-0.445341
-0.416325
-0.38455
-0.350198
-0.314061
-0.27732
-0.240535
-0.52155
-0.486878
-0.462629
-0.436343
-0.406722
-0.37402
-0.338617
-0.301534
-0.264092
-0.226621
-0.509059
-0.475388
-0.451538
-0.425164
-0.395013
-0.361482
-0.325165
-0.287318
-0.249378
-0.211455
-0.493847
-0.461421
-0.43808
-0.411704
-0.381114
-0.346873
-0.309803
-0.271392
-0.23317
-0.195032
-0.475828
-0.444885
-0.422169
-0.395884
-0.364961
-0.330148
-0.292508
-0.253752
-0.215478
-0.177357
-0.454937
-0.425714
-0.403734
-0.377642
-0.346509
-0.311285
-0.273277
-0.234408
-0.196323
-0.158455
-0.431139
-0.403861
-0.382733
-0.356945
-0.325741
-0.290284
-0.252127
-0.213386
-0.175738
-0.13835
-0.404423
-0.379309
-0.359146
-0.333781
-0.30266
-0.267168
-0.229094
-0.190732
-0.153761
-0.117
-0.374812
-0.352065
-0.332981
-0.308168
-0.277298
-0.241983
-0.204237
-0.166517
-0.130474
-0.094333
-0.342355
-0.322167
-0.304274
-0.280148
-0.249711
-0.214796
-0.177634
-0.140826
-0.106008
-0.070741
-0.307135
-0.28968
-0.27309
-0.249794
-0.21998
-0.185699
-0.149379
-0.113724
-0.0801808
-0.0465248
-0.269265
-0.254701
-0.239522
-0.217203
-0.188213
-0.154806
-0.119587
-0.0853415
-0.0533092
-0.0213842
-0.228886
-0.217352
-0.203691
-0.182503
-0.154541
-0.12225
-0.0883896
-0.0557923
-0.0255111
0.00456784
-0.186172
-0.177785
-0.165747
-0.145844
-0.119113
-0.0881857
-0.055936
-0.0252139
0.00310804
0.0311746
-0.141319
-0.136182
-0.125867
-0.107391
-0.0821146
-0.0527864
-0.0223903
0.00624131
0.0324167
0.0582739
-0.0945364
-0.0927592
-0.0842396
-0.0673602
-0.0437346
-0.0162389
0.0120687
0.0384111
0.0622745
0.0856774
-0.0460763
-0.0477453
-0.0411005
-0.0259601
-0.00418377
0.0212551
0.0472506
0.071133
0.0925496
0.113089
0.00374128
-0.00135676
0.00331184
0.0165734
0.0363118
0.0594822
0.082958
0.104254
0.123091
0.139973
0.054663
0.0461121
0.048736
0.0599892
0.0775149
0.0982211
0.118994
0.137617
0.153595
0.165592
0.106386
0.0943732
0.0948967
0.104024
0.11918
0.13725
0.155173
0.171026
0.183479
0.189189
0.158587
0.143128
0.141506
0.148406
0.161055
0.176351
0.191331
0.204272
0.212159
0.211919
0.210936
0.192067
0.188267
0.192853
0.202883
0.2153
0.227262
0.237265
0.242181
0.240314
0.263096
0.24087
0.234873
0.237079
0.2444
0.253855
0.262728
0.269675
0.271848
0.268535
0.314724
0.289216
0.281018
0.280795
0.285342
0.291772
0.297506
0.301317
0.300656
0.295585
0.36548
0.33678
0.326392
0.323715
0.325446
0.328819
0.331391
0.332046
0.328533
0.321457
0.415023
0.38324
0.37069
0.365554
0.36446
0.364769
0.364187
0.361702
0.355368
0.34614
0.463019
0.428278
0.413609
0.406036
0.402133
0.399407
0.395707
0.390133
0.381031
0.369582
0.509143
0.471583
0.454857
0.444891
0.438228
0.432524
0.425777
0.417195
0.405405
0.391721
0.553081
0.512857
0.494152
0.481861
0.472514
0.463924
0.454231
0.442752
0.428382
0.412491
0.59453
0.551811
0.531221
0.5167
0.504776
0.493419
0.480913
0.466678
0.449858
0.431826
0.633207
0.588173
0.565808
0.549174
0.534807
0.520834
0.505675
0.488851
0.469736
0.449661
0.668843
0.621687
0.597675
0.579067
0.562418
0.546007
0.528381
0.509158
0.487922
0.465932
0.701191
0.652117
0.6266
0.606178
0.587434
0.568787
0.548906
0.527496
0.504331
0.480577
0.730026
0.679248
0.65238
0.630324
0.609694
0.589039
0.567135
0.54377
0.518881
0.493537
0.755145
0.702887
0.674835
0.651345
0.629057
0.60664
0.582967
0.557893
0.531502
0.504758
0.776373
0.722865
0.693808
0.669097
0.6454
0.621486
0.596311
0.569791
0.54213
0.514192
0.793559
0.73904
0.709166
0.68346
0.658616
0.633486
0.607092
0.5794
0.55071
0.521795
0.806581
0.751294
0.720799
0.694337
0.66862
0.642567
0.615249
0.586669
0.557196
0.527528
0.815346
0.75954
0.728625
0.701652
0.675348
0.648674
0.620734
0.591558
0.561559
0.531383
0.81979
0.763717
0.732588
0.705356
0.678754
0.651766
0.623514
0.594039
0.563787
0.533391
0.81988
0.763793
0.732658
0.705421
0.678816
0.651824
0.623569
0.594092
0.563848
0.533484
0.815613
0.759767
0.728834
0.701847
0.67553
0.648845
0.620896
0.591712
0.561719
0.531582
0.807019
0.751666
0.721141
0.694655
0.668917
0.642845
0.615508
0.58691
0.557424
0.527755
0.794155
0.739547
0.709632
0.683893
0.659018
0.633859
0.607436
0.579714
0.550991
0.522038
0.777112
0.723495
0.694388
0.669634
0.645897
0.621943
0.596727
0.570163
0.542454
0.514453
0.756009
0.703625
0.675514
0.651973
0.629636
0.607169
0.583441
0.55831
0.531856
0.505032
0.730994
0.680078
0.653142
0.63103
0.610341
0.589625
0.567656
0.544219
0.519255
0.493816
0.702242
0.65302
0.62743
0.606944
0.588135
0.569418
0.54946
0.527968
0.504716
0.480855
0.669953
0.622645
0.598557
0.57988
0.563159
0.546669
0.528958
0.509643
0.488312
0.466204
0.634355
0.589167
0.566725
0.550019
0.535574
0.521517
0.506264
0.489341
0.470124
0.449922
0.595695
0.552824
0.532156
0.517561
0.505557
0.494111
0.481506
0.467166
0.450241
0.432072
0.554243
0.513872
0.49509
0.482726
0.473298
0.464616
0.454821
0.443233
0.428755
0.412719
0.510284
0.472585
0.455785
0.445747
0.439003
0.433207
0.426357
0.417664
0.405765
0.391928
0.464123
0.429252
0.414514
0.406872
0.402891
0.400074
0.396271
0.390587
0.381376
0.369767
0.416077
0.384175
0.371561
0.366361
0.365193
0.365415
0.364732
0.362139
0.355696
0.346303
0.366472
0.337666
0.32722
0.324485
0.326148
0.329438
0.331914
0.332464
0.328847
0.321603
0.315646
0.290044
0.281795
0.281521
0.286006
0.292361
0.298006
0.301718
0.300959
0.295724
0.263941
0.241635
0.235594
0.237756
0.245024
0.254411
0.263203
0.270058
0.272146
0.268693
0.2117
0.192763
0.188927
0.193477
0.203463
0.215822
0.227714
0.237634
0.242483
0.240554
0.159267
0.143753
0.142103
0.148975
0.161588
0.176837
0.191759
0.20463
0.212478
0.212282
0.106981
0.094926
0.0954284
0.104536
0.119666
0.137699
0.155578
0.171377
0.183804
0.189682
0.0551749
0.0465925
0.0492025
0.0604439
0.0779525
0.098633
0.119373
0.137957
0.153911
0.166001
0.00417135
-0.000947554
0.00371381
0.016971
0.0367011
0.0598554
0.0833083
0.104576
0.123388
0.1403
-0.0457251
-0.0474051
-0.0407614
-0.0256185
-0.00384242
0.0215894
0.0475707
0.0714333
0.0928299
0.113375
-0.0942603
-0.0924852
-0.083961
-0.067073
-0.0434402
-0.0159433
0.0123584
0.0386889
0.0625383
0.0859398
-0.141113
-0.135971
-0.125646
-0.107156
-0.0818655
-0.0525286
-0.0221306
0.00649655
0.0326639
0.058518
-0.186031
-0.177632
-0.16558
-0.145658
-0.118907
-0.0879643
-0.0557056
-0.024981
0.00333876
0.0314036
-0.228806
-0.217252
-0.203574
-0.182363
-0.154376
-0.122063
-0.0881875
-0.0555811
-0.0252964
0.00478375
-0.269239
-0.25465
-0.239451
-0.217105
-0.188087
-0.154653
-0.119412
-0.0851515
-0.0531102
-0.0211803
-0.307158
-0.289674
-0.273061
-0.249735
-0.219889
-0.185577
-0.14923
-0.113555
-0.0799968
-0.0463328
-0.342421
-0.3222
-0.304282
-0.280125
-0.249652
-0.214702
-0.177509
-0.140676
-0.105837
-0.0705622
-0.374915
-0.352133
-0.333021
-0.308176
-0.277269
-0.241916
-0.204136
-0.166386
-0.13032
-0.0941661
-0.404558
-0.379406
-0.359215
-0.333816
-0.302657
-0.267125
-0.229014
-0.190619
-0.153623
-0.116844
-0.4313
-0.403983
-0.382826
-0.357004
-0.32576
-0.290263
-0.252067
-0.213291
-0.175613
-0.138204
-0.455121
-0.425857
-0.403848
-0.377721
-0.346549
-0.311283
-0.273235
-0.234328
-0.196213
-0.158321
-0.476028
-0.445045
-0.422299
-0.39598
-0.365018
-0.330163
-0.292482
-0.253688
-0.215381
-0.177234
-0.494061
-0.461594
-0.438224
-0.411814
-0.381186
-0.346903
-0.309792
-0.271342
-0.233086
-0.19492
-0.509281
-0.47557
-0.451691
-0.425284
-0.395096
-0.361525
-0.325167
-0.287281
-0.249305
-0.211354
-0.521778
-0.487066
-0.462789
-0.436471
-0.406814
-0.374074
-0.33863
-0.301509
-0.264031
-0.22653
-0.53166
-0.49619
-0.471626
-0.445474
-0.416425
-0.384612
-0.350222
-0.314046
-0.277269
-0.240454
-0.539055
-0.503068
-0.478326
-0.452411
-0.424029
-0.393222
-0.359999
-0.324929
-0.289041
-0.253148
-0.544109
-0.507837
-0.483026
-0.457413
-0.429747
-0.400001
-0.368037
-0.334209
-0.299378
-0.264641
-0.546977
-0.510648
-0.485873
-0.46062
-0.433706
-0.405061
-0.374424
-0.341952
-0.308328
-0.274979
-0.547828
-0.511658
-0.487019
-0.462182
-0.436047
-0.408525
-0.379261
-0.348236
-0.315947
-0.284216
-0.546834
-0.511027
-0.486623
-0.462253
-0.436917
-0.410524
-0.382659
-0.353148
-0.322304
-0.292418
-0.544172
-0.508918
-0.484844
-0.46099
-0.436464
-0.411197
-0.384737
-0.356786
-0.327477
-0.299656
-0.54002
-0.505493
-0.48184
-0.458548
-0.434841
-0.410684
-0.38562
-0.359252
-0.331547
-0.306011
-0.534552
-0.500912
-0.477765
-0.455079
-0.432195
-0.409125
-0.385434
-0.360654
-0.334602
-0.311563
-0.527938
-0.495328
-0.472769
-0.450731
-0.428673
-0.406662
-0.384304
-0.361098
-0.336731
-0.316391
-0.520341
-0.488887
-0.466993
-0.445644
-0.424413
-0.403427
-0.382355
-0.360689
-0.338019
-0.320565
-0.511915
-0.481728
-0.460569
-0.43995
-0.419548
-0.39955
-0.379705
-0.359529
-0.338548
-0.324146
-0.5028
-0.473978
-0.453621
-0.433771
-0.414199
-0.395151
-0.376467
-0.357711
-0.338392
-0.327173
-0.493129
-0.465756
-0.446261
-0.427217
-0.408478
-0.390342
-0.372743
-0.355321
-0.48302
-0.457168
-0.438591
-0.420389
-0.402487
-0.385224
-0.368629
-0.352436
-0.472578
-0.44831
-0.430701
-0.413376
-0.396313
-0.379887
-0.364209
-0.461902
-0.439269
-0.422672
-0.406252
-0.390035
-0.374409
-0.451076
-0.430121
-0.414572
-0.399086
-0.383718
-0.440181
-0.420935
-0.406463
-0.391931
-0.42929
-0.411773
-0.3984
-0.384836
-0.418473
-0.402692
-0.390429
-0.407796
-0.393745
-0.397321
-0.384979
-0.387107
-0.377205
-0.222248
-0.232272
-0.241217
-0.249118
-0.256021
-0.261988
-0.267095
-0.271434
-0.275108
-0.278235
-0.280945
-0.198455
-0.208376
-0.217491
-0.225834
-0.233452
-0.240402
-0.246751
-0.252579
-0.257975
-0.26304
-0.267883
-0.177087
-0.186776
-0.195879
-0.204423
-0.212441
-0.21997
-0.227056
-0.23375
-0.240107
-0.246193
-0.252076
-0.15772
-0.166982
-0.175805
-0.18421
-0.192221
-0.199866
-0.207179
-0.214196
-0.22096
-0.227521
-0.233934
-0.140273
-0.149057
-0.157515
-0.165665
-0.173527
-0.181125
-0.188486
-0.195641
-0.202627
-0.209483
-0.216258
-0.124581
-0.132863
-0.140906
-0.148724
-0.156335
-0.163759
-0.171017
-0.178137
-0.185146
-0.192079
-0.198973
-0.11043
-0.1182
-0.125794
-0.133223
-0.140502
-0.147649
-0.154682
-0.161622
-0.168492
-0.175321
-0.182139
-0.097635
-0.104896
-0.112025
-0.119034
-0.125935
-0.132742
-0.139471
-0.146138
-0.152764
-0.15937
-0.165984
-0.0860333
-0.0927952
-0.0994594
-0.106035
-0.112533
-0.118964
-0.125341
-0.131677
-0.137989
-0.144295
-0.150616
-0.0754828
-0.0817625
-0.0879693
-0.0941108
-0.100195
-0.106232
-0.11223
-0.118201
-0.124158
-0.130116
-0.13609
-0.0658622
-0.0716805
-0.0774439
-0.0831583
-0.0888304
-0.0944674
-0.100077
-0.105668
-0.11125
-0.116835
-0.122434
-0.057072
-0.0624515
-0.0677892
-0.0730898
-0.0783586
-0.0836011
-0.0888233
-0.0940318
-0.0992341
-0.104438
-0.109654
-0.0490255
-0.0539909
-0.058924
-0.0638286
-0.0687087
-0.0735685
-0.0784127
-0.0832461
-0.0880743
-0.0929033
-0.09774
-0.041648
-0.0462254
-0.0507774
-0.055307
-0.0598172
-0.0643112
-0.0687925
-0.0732648
-0.077732
-0.0821985
-0.0866692
-0.0348795
-0.0390947
-0.0432897
-0.0474667
-0.0516281
-0.0557761
-0.0599134
-0.0640426
-0.0681665
-0.0722884
-0.0764117
-0.0286635
-0.0325429
-0.0364059
-0.0402542
-0.0440893
-0.047913
-0.0517273
-0.0555341
-0.0593354
-0.0631334
-0.0669306
-0.0229558
-0.0265245
-0.0300797
-0.0336224
-0.037154
-0.0406758
-0.0441889
-0.047695
-0.0511953
-0.0546915
-0.0581853
-0.0177126
-0.0209952
-0.0242663
-0.0275269
-0.0307778
-0.0340198
-0.037254
-0.0404812
-0.0437026
-0.0469192
-0.0501321
-0.012897
-0.0159167
-0.0189266
-0.0219274
-0.0249194
-0.0279035
-0.0308801
-0.03385
-0.0368139
-0.0397725
-0.0427266
-0.0084757
-0.0112543
-0.0140245
-0.0167866
-0.0195408
-0.0222875
-0.0250273
-0.0277604
-0.0304873
-0.0332086
-0.0359246
-0.00441709
-0.00697529
-0.00952604
-0.0120694
-0.0146056
-0.0171347
-0.019657
-0.0221728
-0.0246822
-0.0271857
-0.0296834
-0.000694631
-0.00305137
-0.00540134
-0.00774456
-0.0100811
-0.0124108
-0.014734
-0.0170506
-0.0193607
-0.0216645
-0.0239622
-0.0262539
0.00271807
0.000545139
-0.00162158
-0.003782
-0.00593602
-0.00808354
-0.0102245
-0.0123589
-0.0144867
-0.0166079
-0.0187226
-0.0208308
0.00584253
0.00383742
0.00183804
-0.0001554
-0.0021427
-0.00412368
-0.00609818
-0.00806606
-0.0100272
-0.0119816
-0.013929
-0.0158695
0.00870123
0.00684895
0.00500204
0.0031608
0.00132551
-0.00050357
-0.00232621
-0.00414219
-0.00595132
-0.00775343
-0.00954836
-0.011336
0.0113129
0.00959969
0.00789164
0.00618905
0.00449226
0.00280159
0.00111734
-0.000560224
-0.00223083
-0.00389425
-0.00555025
-0.00719865
0.0136952
0.0121085
0.0105268
0.00895031
0.00737954
0.00581481
0.00425647
0.00270485
0.00116025
-0.000377032
-0.00190673
-0.00342859
0.015864
0.0143923
0.0129253
0.0114635
0.0100072
0.00855694
0.007113
0.00567577
0.0042456
0.00282283
0.00140775
6.67725e-07
0.0178341
0.0164666
0.0151038
0.0137459
0.0123935
0.011047
0.00970682
0.00837331
0.00704686
0.00572781
0.00441653
0.00311331
0.0196186
0.0183455
0.0170769
0.0158132
0.0145548
0.0133023
0.012056
0.0108163
0.00958363
0.00835834
0.0071408
0.00593134
0.0212295
0.0200417
0.0188582
0.0176796
0.0165062
0.0153384
0.0141769
0.0130218
0.0118737
0.0107329
0.00959978
0.00847469
0.0226775
0.0215666
0.0204598
0.0193577
0.0182608
0.0171694
0.0160841
0.0150051
0.013933
0.0128681
0.0118107
0.0107613
0.0239726
0.0229305
0.0218926
0.0208592
0.0198308
0.0188079
0.0177908
0.01678
0.0157758
0.0147787
0.013789
0.0128071
0.0251229
0.0241424
0.0231659
0.0221938
0.0212265
0.0202646
0.0193084
0.0183582
0.0174146
0.0164778
0.0155482
0.0146262
0.0261362
0.0252103
0.0242882
0.0233704
0.0224573
0.0215493
0.0206469
0.0197504
0.0188601
0.0179765
0.0170999
0.0162306
0.0270184
0.0261404
0.0252661
0.024396
0.0235304
0.0226698
0.0218145
0.0209649
0.0201213
0.0192842
0.0184537
0.0176303
0.0277748
0.0269383
0.0261055
0.0252766
0.0244521
0.0236324
0.0228178
0.0220087
0.0212053
0.0204081
0.0196174
0.0188334
0.0284084
0.0276073
0.0268096
0.0260159
0.0252263
0.0244413
0.0236613
0.0228864
0.0221171
0.0213536
0.0205962
0.0198453
0.028922
0.02815
0.0273814
0.0266165
0.0258557
0.0250992
0.0243473
0.0236005
0.0228589
0.0221228
0.0213926
0.0206684
0.0293137
0.028565
0.0278195
0.0270776
0.0263396
0.0256057
0.0248763
0.0241515
0.0234317
0.022717
0.0220078
0.0213043
0.0295838
0.0288514
0.0281222
0.0273963
0.0266742
0.025956
0.025242
0.0245324
0.0238275
0.0231275
0.0224326
0.021743
0.0297223
0.0290014
0.0282836
0.027569
0.0268579
0.0261505
0.0254468
0.0247471
0.0240517
0.0233606
0.022674
0.0219921
0.182433
0.154725
0.127323
0.102242
0.0772886
0.0524639
0.0281475
0.00444502
-0.0185949
-0.0409137
-0.0624123
-0.082719
-0.102536
-0.121279
-0.138925
-0.155527
-0.171073
-0.185531
-0.198883
-0.211122
0.169278
0.144082
0.117583
0.0944647
0.0719935
0.0496401
0.0278256
0.00667895
-0.0138041
-0.0336064
-0.0527396
-0.0712103
-0.0883729
-0.105157
-0.121078
-0.136109
-0.150294
-0.163625
-0.176094
-0.1877
0.151773
0.128196
0.103937
0.0832226
0.0634728
0.043896
0.0248154
0.00636288
-0.0114889
-0.0287436
-0.045384
-0.0613518
-0.0763629
-0.0915118
-0.105781
-0.119272
-0.13211
-0.14431
-0.155869
-0.16679
0.1355
0.114376
0.0929823
0.0747221
0.0573761
0.0401824
0.0233995
0.00716107
-0.00855906
-0.0237812
-0.0385088
-0.0528039
-0.0667691
-0.0795481
-0.0921592
-0.104338
-0.115995
-0.12715
-0.137817
-0.148004
0.121443
0.102673
0.0839387
0.067867
0.0525861
0.0374454
0.0226531
0.00832847
-0.0055501
-0.0190059
-0.0320385
-0.0446498
-0.0568499
-0.0685155
-0.0799536
-0.0909892
-0.101602
-0.111823
-0.121668
-0.131148
0.109513
0.0927918
0.0763932
0.0622418
0.0487505
0.0353888
0.0223262
0.0096605
-0.00262792
-0.0145633
-0.0261517
-0.0373953
-0.0482944
-0.0588233
-0.0691459
-0.0791366
-0.0888005
-0.0981641
-0.107242
-0.116045
0.0993572
0.084458
0.0701099
0.0576518
0.0457256
0.0339103
0.0223481
0.011117
0.000198015
-0.0104322
-0.0207827
-0.0308609
-0.0406874
-0.0502887
-0.0594892
-0.0685285
-0.0773525
-0.085943
-0.0943117
-0.102471
0.0907251
0.077457
0.0648947
0.0539162
0.0433544
0.0328814
0.0226203
0.0126327
0.00290133
-0.00659448
-0.0158632
-0.0249102
-0.0337441
-0.042374
-0.0507689
-0.0590185
-0.0670848
-0.0749674
-0.0826798
-0.0902328
0.0834105
0.0715942
0.0605773
0.0508839
0.0415094
0.0322022
0.0230706
0.0141636
0.00546516
-0.00304251
-0.0113671
-0.019514
-0.0274893
-0.0352949
-0.0429168
-0.050467
-0.057849
-0.0650809
-0.0721833
-0.0791653
0.0772194
0.0666889
0.0570063
0.0484277
0.0400871
0.0317944
0.0236459
0.0156805
0.00788318
0.000238658
-0.00726017
-0.0146186
-0.0218431
-0.0289443
-0.0359313
-0.0427583
-0.0494971
-0.0561372
-0.062677
-0.0691232
0.0719804
0.0625857
0.0540556
0.0464449
0.0390064
0.0315992
0.0243093
0.0171677
0.0101609
0.00327604
-0.00349289
-0.0101502
-0.0167009
-0.0231525
-0.0295137
-0.0357506
-0.0419219
-0.0480189
-0.0540376
-0.0599832
0.0675482
0.0591553
0.0516219
0.0448532
0.0382036
0.0315713
0.0250339
0.018616
0.0123057
0.00609205
-2.95835e-05
-0.00606277
-0.0120115
-0.0178805
-0.0236745
-0.0293874
-0.0350425
-0.0406361
-0.0461691
-0.0516461
0.0638001
0.0562904
0.0496206
0.043586
0.0376279
0.031676
0.0258002
0.0200204
0.0143256
0.00870712
0.00316116
-0.00231514
-0.00772512
-0.0130725
-0.0183602
-0.0235871
-0.0287702
-0.0339011
-0.0389841
-0.0440243
0.0606329
0.053902
0.047982
0.0425891
0.0372391
0.0318863
0.0265942
0.0213786
0.0162301
0.0111413
0.00610944
0.00113252
-0.00379204
-0.00866685
-0.0134921
-0.0182644
-0.0230268
-0.027738
-0.032407
-0.0370426
0.05796
0.0519164
0.0466488
0.0418181
0.037004
0.0321802
0.0274042
0.0226889
0.0180257
0.0134088
0.00883596
0.00430554
-0.000184518
-0.00463665
-0.00905509
-0.0134446
-0.0177772
-0.0220904
-0.0263795
-0.0306419
0.0557084
0.0502721
0.0455733
0.0412365
0.0368959
0.0325404
0.0282223
0.023952
0.0197219
0.0155274
0.011367
0.00723963
0.00314384
-0.000921858
-0.00495969
-0.00897237
-0.0129493
-0.0169085
-0.0208479
-0.0247658
0.053816
0.0489176
0.0447158
0.0408136
0.0368924
0.0329523
0.0290412
0.0251675
0.0213245
0.0175085
0.0137185
0.00995397
0.00621384
0.00249707
-0.00119757
-0.00487131
-0.00852209
-0.012156
-0.0157727
-0.0193723
0.0522304
0.0478092
0.0440422
0.0405233
0.0369742
0.0334035
0.0298549
0.0263352
0.0228386
0.0193621
0.0159053
0.0124678
0.00904898
0.00564818
0.0022646
-0.00110243
-0.00445239
-0.00778826
-0.0111099
-0.0144178
0.0509063
0.0469093
0.0435236
0.0403432
0.0371247
0.0338828
0.0306575
0.0274544
0.0242682
0.0210967
0.0179397
0.0147972
0.0116689
0.00855433
0.0054531
0.00236484
-0.00071022
-0.0037741
-0.00682625
-0.00986704
0.0498047
0.0461857
0.0431346
0.0402535
0.0373293
0.0343806
0.031444
0.0285242
0.0256164
0.022719
0.019832
0.0169557
0.01409
0.0112347
0.00838957
0.00555461
0.00273015
-8.60718e-05
-0.00289206
-0.00568838
0.0488919
0.0456104
0.0428535
0.0402373
0.0375752
0.0348884
0.0322099
0.0295439
0.0268861
0.0242353
0.0215919
0.0189561
0.0163282
0.013708
0.0110958
0.00849215
0.00589817
0.00330451
0.00072183
-0.00185147
0.0481384
0.0451588
0.0426608
0.0402794
0.037851
0.035398
0.0329505
0.0305119
0.0280786
0.0256496
0.0232253
0.0208063
0.0183927
0.0159848
0.0135826
0.0111859
0.00879393
0.00641477
0.00403926
0.00166898
0.0475186
0.0448095
0.0425398
0.0403666
0.0381468
0.0359031
0.0336626
0.0314281
0.0291967
0.0269675
0.0247412
0.0225184
0.0202993
0.0180843
0.0158738
0.0136678
0.0114663
0.00927216
0.00708215
0.00489716
0.0470104
0.044544
0.0424757
0.0404874
0.038454
0.0363976
0.0343425
0.0322913
0.0302414
0.0281922
0.0261445
0.0240987
0.0220554
0.020015
0.0179778
0.0159442
0.0139144
0.0118896
0.009869
0.00785315
0.0465942
0.0443461
0.0424558
0.0406318
0.038765
0.0368764
0.0349876
0.0331011
0.0312145
0.0293276
0.0274409
0.0255552
0.0236709
0.0217886
0.0199085
0.0180313
0.0161572
0.014287
0.0124207
0.0105586
0.0462536
0.0442017
0.042469
0.0407911
0.0390733
0.0373351
0.0355956
0.0338571
0.0321175
0.0303767
0.0286354
0.0268943
0.0251538
0.0234146
0.021677
0.0199416
0.0182088
0.0164792
0.014753
0.0130308
0.0459739
0.0440988
0.0425058
0.040958
0.0393735
0.0377701
0.0361647
0.0345592
0.0329519
0.0313429
0.0297328
0.0281223
0.0265119
0.0249022
0.0232937
0.0216868
0.0200822
0.0184803
0.0168815
0.0152863
0.0457431
0.0440271
0.042558
0.0411261
0.0396611
0.0381786
0.0366936
0.0352076
0.0337195
0.0322293
0.0307375
0.029245
0.0277522
0.0262597
0.024768
0.0232776
0.0217892
0.0203031
0.0188199
0.0173401
0.0455507
0.043978
0.0426191
0.0412905
0.0399324
0.0385584
0.0371814
0.035803
0.0344221
0.0330388
0.0316538
0.0302677
0.0288811
0.0274946
0.0261086
0.0247237
0.0233405
0.0219594
0.020581
0.0192057
0.0453883
0.0439445
0.0426835
0.0414471
0.0401846
0.0389078
0.0376278
0.036346
0.0350615
0.0337746
0.0324857
0.0311956
0.0299049
0.028614
0.0273236
0.026034
0.0247459
0.0234599
0.0221763
0.0208957
0.0452489
0.0439209
0.042747
0.0415927
0.0404156
0.039226
0.0380329
0.0368377
0.0356399
0.0344395
0.0332372
0.0320335
0.0308291
0.0296245
0.0284202
0.0272166
0.0260145
0.0248142
0.0236162
0.0224212
0.0451269
0.0439026
0.0428061
0.0417249
0.0406242
0.0395124
0.0383971
0.0372795
0.0361592
0.0350365
0.0339118
0.0327858
0.031659
0.030532
0.0294051
0.028279
0.0271542
0.0260312
0.0249103
0.0237922
0.0450183
0.0438865
0.0428586
0.0418424
0.0408096
0.0397671
0.0387211
0.0376728
0.0366219
0.0355685
0.0345133
0.0334569
0.0323996
0.031342
0.0302846
0.029228
0.0281726
0.027119
0.0260672
0.0250182
0.04492
0.0438701
0.0429028
0.041944
0.0409714
0.0399903
0.0390059
0.0380191
0.0370298
0.0360382
0.0350448
0.0340502
0.0330549
0.0320592
0.0310638
0.0300691
0.0290755
0.0280834
0.027094
0.026107
0.0448301
0.0438523
0.0429381
0.0420298
0.0411101
0.0401831
0.039253
0.0383205
0.0373855
0.0364485
0.0355098
0.03457
0.0336295
0.0326888
0.0317483
0.0308085
0.0298699
0.0289329
0.027998
0.0270656
0.0447476
0.0438324
0.0429643
0.0420999
0.0412261
0.0403463
0.0394634
0.0385782
0.0376908
0.0368015
0.0359107
0.0350188
0.0341264
0.0332338
0.0323415
0.0314499
0.0305595
0.0296707
0.028784
0.0278997
0.0446727
0.0438108
0.042982
0.042155
0.0413207
0.0404812
0.0396389
0.0387945
0.037948
0.0370998
0.0362503
0.0353999
0.034549
0.0336981
0.0328475
0.0319977
0.0311491
0.0303021
0.0294571
0.0286146
0.0446054
0.0437877
0.0429914
0.0421957
0.0413941
0.0405883
0.0397801
0.0389698
0.0381578
0.0373442
0.0365296
0.0357143
0.0348986
0.034083
0.0332679
0.0324536
0.0316406
0.0308291
0.0300197
0.0292127
0.044548
0.0437653
0.042995
0.0422242
0.0414489
0.0406704
0.0398896
0.039107
0.038323
0.0375377
0.0367516
0.035965
0.0351783
0.0343918
0.0336058
0.0328208
0.032037
0.0312549
0.0304748
0.0296971
0.0444998
0.0437427
0.0429912
0.0422386
0.0414828
0.0407245
0.0399644
0.0392029
0.0384402
0.0376767
0.0369127
0.0361484
0.0353842
0.0346205
0.0338576
0.0330957
0.0323352
0.0315764
0.0308197
0.0300654
0.0444675
0.0437266
0.0429871
0.0422463
0.0415034
0.0407586
0.0400125
0.0392654
0.0385175
0.0377691
0.0370205
0.0362719
0.0355236
0.0347759
0.0340292
0.0332836
0.0325396
0.0317973
0.031057
0.0303191
0.0444448
0.0437083
0.0429714
0.0422336
0.0414946
0.0407548
0.0400144
0.0392737
0.0385329
0.0377923
0.0370521
0.0363125
0.0355737
0.0348361
0.0340998
0.033365
0.032632
0.0319011
0.0311723
0.030446
0.199162
0.200545
0.203813
0.208342
0.214097
0.220846
0.228444
0.236694
0.245381
0.254237
0.262927
0.271036
0.278057
0.283377
0.286273
0.285931
0.281458
0.271949
0.256475
0.233875
0.196585
0.197818
0.199136
0.202238
0.206532
0.211954
0.218268
0.225307
0.232855
0.240673
0.248465
0.255875
0.26247
0.267734
0.271067
0.271791
0.269169
0.262442
0.250867
0.233782
0.210684
0.177006
0.196349
0.197602
0.200531
0.204573
0.209638
0.215493
0.22195
0.22878
0.235727
0.242483
0.248681
0.253892
0.257618
0.259301
0.258335
0.254092
0.245962
0.233393
0.215986
0.193825
0.163254
0.194742
0.19592
0.198657
0.202421
0.207101
0.212459
0.218292
0.224358
0.230386
0.236057
0.241001
0.244797
0.246971
0.247013
0.244391
0.238589
0.22914
0.215674
0.197991
0.176348
0.148044
0.192993
0.194089
0.196622
0.200093
0.204368
0.209207
0.214395
0.219677
0.224774
0.22936
0.23307
0.235497
0.236201
0.234726
0.230625
0.223489
0.212989
0.198915
0.181217
0.160239
0.134174
0.191098
0.192108
0.194429
0.197594
0.201449
0.205756
0.210287
0.214782
0.218955
0.222483
0.225012
0.226159
0.225527
0.222722
0.217383
0.209207
0.197986
0.183641
0.166244
0.146177
0.12225
0.189055
0.189975
0.192076
0.194922
0.198347
0.202111
0.20598
0.20969
0.212956
0.215464
0.216876
0.216842
0.215015
0.211066
0.204718
0.195764
0.184102
0.169751
0.152866
0.133834
0.111893
0.186859
0.187686
0.18956
0.192079
0.195064
0.19828
0.201485
0.204421
0.206805
0.208338
0.208707
0.207599
0.204719
0.199805
0.192656
0.183152
0.171275
0.157117
0.140885
0.122951
0.102862
0.184511
0.18524
0.186883
0.189068
0.191608
0.194272
0.196822
0.199
0.200537
0.20115
0.200558
0.198489
0.194699
0.188991
0.181235
0.171383
0.15948
0.14567
0.130188
0.113384
0.0950203
0.182008
0.182638
0.184045
0.185892
0.187986
0.190103
0.192009
0.193455
0.194186
0.193945
0.192481
0.189566
0.185008
0.17867
0.170482
0.160455
0.148682
0.135338
0.120668
0.104998
0.0882315
0.179352
0.179881
0.181051
0.182557
0.184209
0.185788
0.187068
0.187814
0.18779
0.186764
0.184522
0.180877
0.175689
0.168872
0.160408
0.150353
0.138833
0.126039
0.112216
0.0976575
0.082363
0.176543
0.176971
0.177904
0.179072
0.180287
0.181342
0.182022
0.182107
0.181383
0.179649
0.176724
0.172465
0.166775
0.159617
0.151013
0.14105
0.129878
0.117691
0.104723
0.0912396
0.0772957
0.173586
0.173912
0.174611
0.175446
0.176235
0.176785
0.176894
0.176363
0.175001
0.172635
0.169123
0.164361
0.158291
0.150914
0.142284
0.132513
0.121758
0.110212
0.0980919
0.0856329
0.0729241
0.170484
0.17071
0.171179
0.171689
0.172068
0.172137
0.17171
0.170611
0.168674
0.165758
0.161753
0.156591
0.150251
0.142762
0.134204
0.124701
0.114412
0.103523
0.0922289
0.0807381
0.0691554
0.167245
0.167372
0.167619
0.167814
0.167801
0.167416
0.166494
0.16488
0.162435
0.159047
0.15464
0.149176
0.142663
0.135156
0.126748
0.11757
0.10778
0.0975478
0.0870496
0.0764666
0.0659083
0.163876
0.163907
0.16394
0.163835
0.163452
0.162645
0.161271
0.159196
0.156309
0.152528
0.147804
0.142127
0.135529
0.12808
0.119885
0.111076
0.101801
0.0922165
0.0824769
0.0727399
0.0631119
0.160386
0.160324
0.160155
0.159767
0.159039
0.157845
0.156063
0.153584
0.150323
0.146223
0.141261
0.135451
0.128843
0.121517
0.113584
0.105171
0.0964174
0.0874628
0.0784411
0.0694889
0.0607048
0.156786
0.156637
0.156278
0.155626
0.154581
0.153037
0.150894
0.148068
0.144497
0.140149
0.135023
0.129151
0.122595
0.115445
0.10781
0.0998109
0.0915749
0.0832262
0.0748796
0.0666527
0.0586338
0.153089
0.152859
0.152324
0.151429
0.150097
0.148242
0.145786
0.142668
0.13885
0.134319
0.129095
0.123222
0.116773
0.109839
0.102527
0.0949495
0.0872215
0.0794512
0.0717363
0.0641779
0.0568525
0.14931
0.149004
0.148309
0.147194
0.145606
0.14348
0.140759
0.137404
0.133396
0.128744
0.123479
0.117658
0.111358
0.104672
0.0976991
0.0905445
0.0833091
0.0760873
0.0689612
0.0620174
0.0553204
0.145463
0.145089
0.144249
0.142939
0.141128
0.13877
0.135831
0.132291
0.128149
0.123429
0.118174
0.11245
0.106334
0.0999167
0.0932924
0.0865549
0.0797935
0.0730888
0.0665096
0.0601301
0.0540027
0.141566
0.14113
0.140164
0.138684
0.136682
0.134133
0.13102
0.127343
0.123117
0.118377
0.113177
0.107584
0.101679
0.0955463
0.0892728
0.0829427
0.0766337
0.0704144
0.0643419
0.0584795
0.0528684
0.137637
0.137147
0.136072
0.134447
0.132287
0.129584
0.126341
0.122572
0.118307
0.113589
0.10848
0.103049
0.0973734
0.0915334
0.0856083
0.0796724
0.0737926
0.0680272
0.0624229
0.0570339
0.0518909
0.133694
0.133159
0.131992
0.130248
0.12796
0.125142
0.121808
0.117988
0.113723
0.109064
0.104076
0.0988283
0.0933955
0.0878518
0.0822686
0.076711
0.0712366
0.065894
0.0607216
0.0557653
0.0510469
0.129758
0.129184
0.127944
0.126105
0.123721
0.12082
0.117433
0.113599
0.109368
0.104798
0.0999551
0.0949071
0.0897249
0.0844765
0.0792254
0.0740287
0.0689352
0.0639854
0.0592106
0.0546495
0.0503161
0.125849
0.125245
0.123948
0.122038
0.119585
0.116634
0.113226
0.10941
0.105243
0.100787
0.096107
0.0912699
0.0863415
0.0813837
0.0764528
0.0715982
0.0668612
0.0622753
0.0578658
0.0536653
0.049681
0.121988
0.121361
0.120023
0.118064
0.115569
0.112596
0.109196
0.105426
0.101348
0.0970247
0.0925212
0.0879015
0.0832264
0.0785517
0.0739271
0.069395
0.0649903
0.0607407
0.0566662
0.0527942
0.0491266
0.118197
0.117554
0.116189
0.114201
0.111689
0.108719
0.105353
0.101652
0.0976813
0.0935054
0.0891873
0.0847874
0.0803617
0.0759602
0.0716266
0.0673972
0.0633014
0.0593615
0.0555937
0.0520205
0.0486398
0.114497
0.113844
0.112466
0.110468
0.107959
0.105014
0.101702
0.0980892
0.0942414
0.090223
0.0860951
0.081914
0.0777312
0.0735912
0.0695323
0.0655856
0.0617755
0.0581203
0.0546325
0.0513309
0.04821
0.11091
0.110253
0.108873
0.106881
0.104393
0.101492
0.0982518
0.0947409
0.0910265
0.0871718
0.083235
0.0792689
0.07532
0.0714284
0.0676273
0.0639432
0.0603966
0.0570021
0.0537695
0.0507141
0.0478281
0.107456
0.106801
0.10543
0.103457
0.101005
0.0981631
0.0950075
0.0916091
0.0880349
0.0843462
0.0805985
0.0768407
0.0731152
0.0694576
0.0658969
0.0624556
0.0591508
0.0559943
0.0529935
0.0501607
0.0474867
0.104159
0.103509
0.102155
0.100213
0.0978087
0.0950368
0.0919754
0.0886962
0.0852651
0.0817416
0.0781781
0.07462
0.0711056
0.0676667
0.0643286
0.0611105
0.0580267
0.0550864
0.0522954
0.0496631
0.0471799
0.101039
0.100397
0.0990674
0.0971646
0.0948173
0.0921231
0.0891618
0.0860048
0.0827166
0.0793545
0.0759679
0.0725987
0.0692818
0.0660456
0.0629121
0.0598979
0.0570147
0.0542699
0.0516678
0.0492155
0.0469034
0.0981172
0.0974873
0.0961861
0.0943285
0.092044
0.0894322
0.0865734
0.0835383
0.0803897
0.0771824
0.0739631
0.0707705
0.0676364
0.0645862
0.0616392
0.0588097
0.0561074
0.0535382
0.0511051
0.0488134
0.0466537
0.0954163
0.0947996
0.0935302
0.0917214
0.0895026
0.0869746
0.0842175
0.0813009
0.0782858
0.0752245
0.0721608
0.069131
0.066164
0.0632826
0.0605038
0.0578399
0.0552992
0.0528863
0.0506032
0.0484537
0.0464289
0.0929583
0.0923557
0.0911193
0.0893604
0.0872075
0.0847617
0.0821027
0.0792984
0.076408
0.0734814
0.0705602
0.0676779
0.0648613
0.0621308
0.0595016
0.0569846
0.0545865
0.0523111
0.0501596
0.0481345
0.0462278
0.090766
0.0901776
0.0889739
0.0872638
0.0851744
0.0828064
0.0802388
0.077538
0.0747611
0.0719561
0.0691623
0.066411
0.0637271
0.0611291
0.0586307
0.0562415
0.0539672
0.0518108
0.0497731
0.0478552
0.0460503
0.0888638
0.0882887
0.0871158
0.0854513
0.0834203
0.081123
0.0786376
0.0760289
0.0733522
0.0706536
0.0679705
0.0653324
0.0627625
0.0602779
0.0578911
0.0556105
0.0534411
0.0513854
0.0494436
0.047616
0.0458968
0.0872775
0.0867144
0.0855688
0.0839445
0.0819645
0.0797284
0.0773134
0.074783
0.0721909
0.0695816
0.0669908
0.0644468
0.0619712
0.0595801
0.0572849
0.0550933
0.0530097
0.0510362
0.0491727
0.0474187
0.0457695
0.0860356
0.0854822
0.0843592
0.0827677
0.0808291
0.0786422
0.0762835
0.0738153
0.0712901
0.068751
0.0662325
0.0637619
0.0613596
0.0590409
0.0568166
0.0546937
0.0526762
0.0507659
0.0489624
0.0472647
0.0456688
0.08517
0.0846232
0.0835165
0.081949
0.0800399
0.0778878
0.0755689
0.0731446
0.0706663
0.0681763
0.0657083
0.0632886
0.0609371
0.0586686
0.0564933
0.0544178
0.052446
0.0505793
0.0488174
0.0471589
0.0456004
0.0847172
0.0841728
0.0830751
0.0815207
0.0796273
0.0774937
0.0751958
0.0727946
0.070341
0.0678768
0.0654352
0.0630421
0.0607172
0.0584749
0.056325
0.0542741
0.0523258
0.0504815
0.0487406
0.0471017
0.0455616
0.207553
0.209007
0.212692
0.217798
0.224483
0.23245
0.241781
0.25241
0.264334
0.277551
0.29207
0.3079
0.325049
0.343518
0.363293
0.38434
0.406597
0.43002
0.454477
0.479752
0.505324
0.207512
0.208958
0.212625
0.217692
0.224295
0.232279
0.241589
0.252191
0.264084
0.277267
0.291748
0.307535
0.324635
0.343048
0.362758
0.383731
0.405901
0.429184
0.453414
0.478422
0.503765
0.20743
0.208866
0.212516
0.217566
0.224162
0.232104
0.241377
0.251937
0.263781
0.276905
0.291316
0.307019
0.324017
0.342305
0.361862
0.38265
0.404592
0.427578
0.451423
0.47597
0.500725
0.20731
0.208743
0.212388
0.217435
0.22403
0.231951
0.241202
0.251734
0.263539
0.276611
0.290951
0.306558
0.323429
0.341549
0.360887
0.381388
0.402959
0.425474
0.448719
0.472534
0.496317
0.20715
0.208583
0.212223
0.217264
0.223848
0.231754
0.240982
0.25148
0.263238
0.276245
0.290494
0.305978
0.322683
0.340582
0.359627
0.379747
0.400824
0.422712
0.445157
0.467998
0.4905
0.20695
0.208381
0.212015
0.217045
0.223616
0.2315
0.240698
0.251152
0.262849
0.275771
0.289905
0.305233
0.321729
0.33935
0.35803
0.377675
0.39814
0.419251
0.440707
0.462348
0.48328
0.20671
0.20814
0.211766
0.216779
0.223337
0.231196
0.240355
0.250757
0.26238
0.2752
0.289194
0.304335
0.32058
0.337869
0.356112
0.375191
0.394926
0.415112
0.435392
0.45561
0.474687
0.206431
0.20786
0.211477
0.216488
0.223014
0.230842
0.239958
0.250298
0.261835
0.274537
0.28837
0.303293
0.319246
0.336148
0.353885
0.372305
0.391194
0.410309
0.429231
0.44781
0.464755
0.206113
0.20754
0.211148
0.216149
0.222646
0.230441
0.239508
0.249778
0.261217
0.273784
0.287434
0.302108
0.317729
0.334192
0.351352
0.369024
0.386952
0.404854
0.422238
0.438971
0.453522
0.205757
0.207183
0.21078
0.215762
0.222236
0.229993
0.239005
0.249196
0.260527
0.272943
0.286387
0.300784
0.316033
0.332004
0.348517
0.365354
0.382209
0.398758
0.414431
0.429119
0.441028
0.205362
0.206788
0.210372
0.215337
0.221784
0.229499
0.23845
0.248556
0.259765
0.272015
0.285232
0.299322
0.314161
0.329587
0.345388
0.361301
0.376973
0.392034
0.405829
0.418282
0.427314
0.20493
0.206357
0.209925
0.214874
0.221291
0.228961
0.237845
0.247857
0.258935
0.271004
0.283973
0.297727
0.312116
0.326948
0.341969
0.356874
0.371256
0.384695
0.39645
0.406488
0.412421
0.204461
0.205889
0.209449
0.214374
0.220758
0.228379
0.237192
0.247103
0.258039
0.269911
0.282611
0.296002
0.309905
0.324091
0.338269
0.352082
0.365068
0.376756
0.386313
0.393764
0.396388
0.203955
0.205386
0.208934
0.213837
0.220186
0.227755
0.236493
0.246295
0.257079
0.26874
0.281152
0.294152
0.307532
0.321025
0.334295
0.346935
0.358423
0.368232
0.375441
0.380136
0.37925
0.203414
0.204848
0.208381
0.213265
0.219577
0.22709
0.235747
0.245433
0.256055
0.267492
0.279595
0.292178
0.304998
0.317751
0.330052
0.341438
0.35133
0.359134
0.363849
0.365625
0.361035
0.202837
0.204277
0.207794
0.212657
0.218929
0.226383
0.234953
0.244515
0.254963
0.266158
0.277932
0.290067
0.302289
0.31425
0.325516
0.335568
0.343762
0.349437
0.351516
0.350206
0.341735
0.202226
0.203675
0.207176
0.212017
0.218247
0.225641
0.234119
0.24355
0.253814
0.264753
0.276175
0.287834
0.299419
0.310537
0.320703
0.329334
0.335726
0.339144
0.338447
0.333869
0.321317
0.201582
0.203043
0.206535
0.21136
0.217556
0.224896
0.233291
0.242601
0.25269
0.263382
0.27446
0.285648
0.296594
0.306858
0.315897
0.323063
0.327577
0.328616
0.324997
0.31695
0.300083
0.200905
0.202384
0.205872
0.210688
0.216858
0.224155
0.232483
0.241691
0.251628
0.262099
0.272863
0.283608
0.293943
0.303376
0.311302
0.316993
0.319584
0.318129
0.311396
0.29958
0.278387
0.200187
0.20166
0.205106
0.209868
0.215954
0.223137
0.231307
0.240302
0.249951
0.260036
0.270285
0.280351
0.289797
0.298081
0.304539
0.308377
0.30866
0.304348
0.294177
0.277995
0.251994
0.200122
0.201514
0.204894
0.209582
0.215583
0.22266
0.230698
0.239528
0.248976
0.258821
0.268791
0.278543
0.287651
0.295589
0.301722
0.305301
0.305454
0.301223
0.291417
0.276006
0.251036
0.200883
0.202382
0.205925
0.210813
0.217071
0.224465
0.232894
0.242201
0.25223
0.262779
0.273597
0.284366
0.294682
0.304043
0.311833
0.317321
0.319644
0.31788
0.310859
0.298939
0.277848
0.201575
0.203098
0.206697
0.211656
0.21801
0.22552
0.234093
0.243579
0.253831
0.264663
0.275845
0.287085
0.298017
0.308186
0.317041
0.323928
0.328082
0.328714
0.324723
0.316488
0.299636
0.202219
0.203726
0.207331
0.212303
0.218686
0.226243
0.234889
0.244484
0.254895
0.265956
0.277461
0.289152
0.300705
0.311716
0.321695
0.330065
0.336139
0.339216
0.338229
0.333526
0.32098
0.202829
0.204322
0.207938
0.212925
0.219343
0.226955
0.235685
0.245405
0.255997
0.267313
0.279174
0.29135
0.303557
0.315437
0.326552
0.336385
0.344307
0.349685
0.3515
0.35005
0.341519
0.203407
0.204894
0.208525
0.213534
0.219992
0.227664
0.236485
0.246334
0.257108
0.268675
0.28088
0.293521
0.306348
0.319045
0.331222
0.342417
0.352062
0.359583
0.364031
0.365633
0.360925
0.20395
0.205434
0.209081
0.214111
0.220608
0.228339
0.237245
0.247214
0.258157
0.269959
0.282482
0.295555
0.308957
0.322413
0.33558
0.348049
0.35931
0.368847
0.37579
0.380284
0.379235
0.204457
0.205938
0.209602
0.21465
0.221184
0.228969
0.237954
0.248036
0.259137
0.271156
0.283977
0.297451
0.31139
0.325556
0.339649
0.353312
0.366089
0.377519
0.386812
0.394039
0.39646
0.204927
0.206407
0.210074
0.215153
0.221721
0.229556
0.238615
0.248802
0.260049
0.272271
0.285369
0.299218
0.313657
0.328484
0.343439
0.358213
0.372403
0.385597
0.397087
0.406879
0.412571
0.20536
0.20684
0.210523
0.215617
0.222217
0.2301
0.239227
0.249512
0.260895
0.273305
0.286659
0.300854
0.315754
0.33119
0.346942
0.362741
0.378237
0.393063
0.406593
0.418779
0.427534
0.205756
0.207236
0.210933
0.216043
0.222673
0.230598
0.239789
0.250163
0.261671
0.274253
0.287842
0.302353
0.317676
0.333669
0.350149
0.366886
0.383579
0.399903
0.41531
0.429711
0.441312
0.206114
0.207594
0.211303
0.216436
0.223086
0.231051
0.2403
0.250754
0.262375
0.275113
0.288914
0.303712
0.319417
0.335916
0.353054
0.370642
0.38842
0.406105
0.423221
0.439649
0.453864
0.206433
0.207915
0.211634
0.216795
0.223457
0.231457
0.240757
0.251284
0.263006
0.275884
0.289875
0.304928
0.320975
0.337925
0.355653
0.374001
0.39275
0.411655
0.430307
0.448565
0.465147
0.206713
0.208197
0.211924
0.217056
0.223784
0.231814
0.24116
0.251751
0.263563
0.276563
0.290721
0.306
0.322347
0.339693
0.357939
0.376956
0.396561
0.416543
0.436551
0.456433
0.475122
0.206953
0.208439
0.212175
0.217333
0.224065
0.232122
0.241507
0.252153
0.264042
0.277148
0.29145
0.306923
0.323529
0.341216
0.359909
0.379502
0.399845
0.420755
0.441936
0.463226
0.483748
0.207155
0.208642
0.212385
0.217558
0.2243
0.232379
0.241796
0.252488
0.264441
0.277635
0.292058
0.307692
0.324514
0.342488
0.361553
0.381629
0.402589
0.424278
0.446444
0.46892
0.490991
0.207316
0.208805
0.212553
0.217735
0.224489
0.232586
0.24203
0.252759
0.264763
0.278028
0.292547
0.308311
0.325306
0.343508
0.362872
0.383334
0.404788
0.427103
0.450061
0.473497
0.496817
0.207438
0.20893
0.212684
0.217873
0.22464
0.232756
0.242224
0.252986
0.265033
0.278356
0.292951
0.308816
0.325944
0.344319
0.363908
0.384658
0.406481
0.429259
0.452806
0.476955
0.501207
0.207519
0.209013
0.212774
0.217973
0.224749
0.232884
0.242376
0.253167
0.265252
0.278622
0.293277
0.309218
0.326444
0.344943
0.364691
0.385642
0.407718
0.430799
0.454707
0.47929
0.504132
0.207558
0.209043
0.21279
0.217972
0.224731
0.232843
0.242315
0.253089
0.265161
0.278525
0.293185
0.309144
0.326404
0.344961
0.364797
0.385875
0.408126
0.4314
0.455503
0.480315
0.505504
0.0847231
0.0841787
0.0830812
0.0815272
0.0796342
0.077501
0.0752036
0.0728029
0.0703498
0.067886
0.0654448
0.0630522
0.0607277
0.0584857
0.0563362
0.0542856
0.0523376
0.0504935
0.0487529
0.0471142
0.0455743
0.0851757
0.084629
0.0835226
0.0819554
0.0800467
0.0778951
0.0755766
0.0731528
0.070675
0.0681854
0.0657179
0.0632986
0.0609476
0.0586795
0.0565045
0.0544293
0.0524578
0.0505914
0.0488298
0.0471715
0.0456132
0.0860412
0.0854879
0.0843651
0.082774
0.0808358
0.0786493
0.0762911
0.0738234
0.0712987
0.0687601
0.0662421
0.0637719
0.06137
0.0590518
0.0568278
0.0547053
0.0526881
0.0507781
0.0489748
0.0472774
0.0456817
0.0872828
0.0867198
0.0855745
0.0839505
0.081971
0.0797354
0.0773209
0.074791
0.0721994
0.0695906
0.0670004
0.0644569
0.0619817
0.059591
0.0572962
0.0551049
0.0530217
0.0510485
0.0491853
0.0474316
0.0457826
0.0888687
0.0882938
0.0871212
0.085457
0.0834265
0.0811298
0.0786448
0.0760367
0.0733606
0.0706625
0.06798
0.0653425
0.062773
0.0602889
0.0579025
0.0556223
0.0534533
0.0513979
0.0494565
0.0476291
0.0459102
0.0907706
0.0901822
0.0889788
0.0872692
0.0851803
0.0828128
0.0802458
0.0775456
0.0747693
0.071965
0.0691717
0.066421
0.0637376
0.0611401
0.0586422
0.0562534
0.0539795
0.0518235
0.0497862
0.0478686
0.0460639
0.0929623
0.0923599
0.0911238
0.0893654
0.087213
0.0847678
0.0821094
0.0793058
0.076416
0.0734901
0.0705696
0.0676879
0.0648719
0.0621419
0.0595133
0.0569967
0.054599
0.052324
0.050173
0.0481482
0.0462417
0.0954198
0.0948033
0.0935342
0.0917258
0.0895076
0.0869802
0.0842239
0.081308
0.0782936
0.075233
0.0721701
0.069141
0.0661746
0.0632938
0.0605156
0.0578523
0.055312
0.0528996
0.0506169
0.0484677
0.0464433
0.09812
0.0974903
0.0961895
0.0943324
0.0920484
0.0894374
0.0865794
0.083545
0.0803972
0.0771908
0.0739722
0.0707804
0.0676471
0.0645975
0.0616512
0.0588223
0.0561205
0.0535518
0.0511191
0.0488279
0.0466686
0.101041
0.1004
0.0990701
0.0971679
0.0948212
0.0921278
0.0891673
0.0860111
0.0827239
0.0793626
0.0759768
0.0726085
0.0692925
0.066057
0.0629243
0.0599107
0.0570281
0.0542839
0.0516823
0.0492305
0.0469188
0.10416
0.10351
0.102157
0.100216
0.097812
0.0950409
0.0919804
0.0887021
0.085272
0.0817495
0.078187
0.0746298
0.0711163
0.0676783
0.0643409
0.0611236
0.0580405
0.0551009
0.0523104
0.0496787
0.047196
0.107457
0.106802
0.105431
0.103459
0.101008
0.0981665
0.0950118
0.0916145
0.0880413
0.0843537
0.0806071
0.0768504
0.0731259
0.0694693
0.0659095
0.062469
0.059165
0.0560093
0.0530092
0.0501769
0.0475035
0.110909
0.110253
0.108873
0.106882
0.104395
0.101495
0.0982555
0.0947457
0.0910325
0.0871789
0.0832433
0.0792784
0.0753307
0.0714402
0.0676401
0.063957
0.0604113
0.0570177
0.0537858
0.050731
0.0478457
0.114496
0.113843
0.112465
0.110468
0.10796
0.105016
0.101705
0.0980934
0.0942468
0.0902298
0.0861031
0.0819234
0.0777418
0.0736031
0.0695454
0.0655997
0.0617907
0.0581365
0.0546495
0.0513487
0.0482285
0.118195
0.117552
0.116187
0.114201
0.111689
0.10872
0.105355
0.101655
0.0976861
0.0935116
0.089195
0.0847966
0.0803723
0.0759723
0.07164
0.0674118
0.0633171
0.0593784
0.0556115
0.0520392
0.0486593
0.121985
0.121358
0.12002
0.118062
0.115569
0.112596
0.109197
0.105429
0.101352
0.0970304
0.0925285
0.0879105
0.0832369
0.0785638
0.0739407
0.06941
0.0650067
0.0607583
0.0566849
0.0528139
0.0491471
0.125845
0.125241
0.123944
0.122035
0.119583
0.116633
0.113226
0.109412
0.105247
0.100792
0.0961138
0.0912785
0.0863519
0.0813959
0.0764668
0.0716137
0.0668782
0.0622937
0.0578855
0.0536861
0.0497029
0.129753
0.12918
0.12794
0.126102
0.123718
0.120818
0.117432
0.1136
0.109371
0.104803
0.0999613
0.0949154
0.0897351
0.0844887
0.0792396
0.0740447
0.0689529
0.0640048
0.0592314
0.0546716
0.0503394
0.133688
0.133153
0.131987
0.130243
0.127956
0.125138
0.121806
0.117988
0.113724
0.109068
0.104082
0.0988361
0.0934055
0.0878641
0.082283
0.0767276
0.0712551
0.0659143
0.0607436
0.0557889
0.0510717
0.13763
0.13714
0.136066
0.134441
0.132281
0.12958
0.126338
0.122571
0.118307
0.113592
0.108485
0.103056
0.097383
0.0915457
0.085623
0.0796895
0.073812
0.0680486
0.0624463
0.057059
0.0519175
0.141558
0.141122
0.140157
0.138677
0.136675
0.134127
0.131016
0.12734
0.123116
0.118378
0.113181
0.107591
0.101688
0.0955584
0.0892877
0.0829604
0.0766539
0.070437
0.0643667
0.0585064
0.052897
0.145454
0.14508
0.14424
0.142931
0.14112
0.138763
0.135825
0.132286
0.128146
0.123428
0.118177
0.112455
0.106343
0.0999286
0.0933075
0.0865731
0.0798146
0.0731127
0.0665361
0.0601589
0.0540335
0.1493
0.148994
0.148299
0.147184
0.145596
0.143471
0.140751
0.137397
0.133392
0.128742
0.12348
0.117662
0.111366
0.104683
0.0977143
0.0905632
0.0833313
0.0761127
0.0689895
0.0620485
0.0553538
0.153078
0.152848
0.152313
0.151418
0.150086
0.148231
0.145776
0.14266
0.138844
0.134316
0.129094
0.123225
0.11678
0.10985
0.102542
0.0949688
0.0872447
0.0794781
0.0717666
0.0642113
0.0568885
0.156774
0.156625
0.156266
0.155613
0.154568
0.153025
0.150883
0.148058
0.144489
0.140143
0.135021
0.129152
0.122601
0.115456
0.107825
0.0998306
0.0915991
0.0832548
0.0749121
0.0666888
0.058673
0.160373
0.160311
0.160142
0.159753
0.159025
0.157831
0.15605
0.153572
0.150313
0.146215
0.141257
0.135451
0.128847
0.121527
0.113599
0.105192
0.0964428
0.0874931
0.078476
0.069528
0.0607474
0.163862
0.163893
0.163926
0.16382
0.163437
0.16263
0.161255
0.159181
0.156297
0.152518
0.147797
0.142125
0.135532
0.128089
0.1199
0.111096
0.101827
0.0922487
0.0825144
0.0727823
0.0631582
0.167231
0.167357
0.167604
0.167798
0.167784
0.167399
0.166477
0.164863
0.162419
0.159034
0.15463
0.149171
0.142664
0.135163
0.126761
0.117591
0.107807
0.0975821
0.0870901
0.0765127
0.0659588
0.170469
0.170694
0.171163
0.171672
0.17205
0.172117
0.171691
0.170592
0.168656
0.165742
0.161741
0.156583
0.150249
0.142767
0.134217
0.124721
0.114441
0.103559
0.0922726
0.0807884
0.0692106
0.17357
0.173896
0.174594
0.175428
0.176216
0.176765
0.176873
0.176341
0.174979
0.172616
0.169107
0.164349
0.158286
0.150916
0.142295
0.132533
0.121787
0.110251
0.0981391
0.0856879
0.0729845
0.176527
0.176954
0.177886
0.179053
0.180266
0.18132
0.181998
0.182082
0.181359
0.179626
0.176704
0.172449
0.166767
0.159617
0.151022
0.14107
0.129908
0.117732
0.104775
0.0912997
0.0773621
0.179335
0.179864
0.181032
0.182537
0.184186
0.185763
0.187041
0.187786
0.187762
0.186737
0.184497
0.180858
0.175676
0.168868
0.160415
0.150371
0.138864
0.126083
0.112271
0.0977237
0.0824364
0.181991
0.18262
0.184026
0.185871
0.187963
0.190077
0.19198
0.193424
0.194154
0.193913
0.192451
0.18954
0.184989
0.178661
0.170485
0.160471
0.148713
0.135384
0.120729
0.105071
0.0883133
0.184493
0.185222
0.186863
0.189046
0.191583
0.194245
0.196791
0.198966
0.200501
0.201114
0.200523
0.198457
0.194674
0.188976
0.181233
0.171396
0.15951
0.145718
0.130253
0.113465
0.0951125
0.186841
0.187667
0.18954
0.192057
0.195039
0.19825
0.201452
0.204384
0.206765
0.208296
0.208665
0.207561
0.204686
0.199782
0.192647
0.183161
0.171304
0.157167
0.140956
0.12304
0.102967
0.189036
0.189956
0.192056
0.1949
0.19832
0.202081
0.205944
0.20965
0.212912
0.215417
0.216828
0.216796
0.214974
0.211036
0.204701
0.195767
0.184127
0.169802
0.152943
0.133934
0.112015
0.19108
0.192089
0.194409
0.197571
0.201422
0.205724
0.21025
0.214739
0.218907
0.22243
0.224957
0.226104
0.225476
0.222681
0.217357
0.209201
0.198008
0.183694
0.166329
0.146291
0.122396
0.192974
0.194069
0.196601
0.200069
0.204338
0.209172
0.214352
0.219627
0.224716
0.229295
0.233
0.235424
0.236129
0.234661
0.230574
0.22346
0.21299
0.198952
0.181297
0.16036
0.134344
0.194723
0.195899
0.198635
0.202395
0.207068
0.212418
0.218241
0.224296
0.230313
0.235972
0.240907
0.244695
0.246866
0.246909
0.244297
0.238514
0.229096
0.215673
0.198042
0.176456
0.148231
0.196332
0.197586
0.200515
0.204553
0.209614
0.215461
0.22191
0.228732
0.23567
0.242417
0.248609
0.253817
0.257545
0.259236
0.258287
0.25407
0.245976
0.233452
0.216096
0.19399
0.1635
0.197804
0.199131
0.202245
0.206547
0.211977
0.218299
0.225347
0.232907
0.240739
0.248548
0.255979
0.2626
0.267897
0.271269
0.272039
0.26947
0.262797
0.251274
0.234225
0.211147
0.177485
0.19914
0.200523
0.203804
0.208346
0.214117
0.220881
0.228493
0.236754
0.24545
0.254307
0.262993
0.271093
0.278097
0.283397
0.286277
0.285927
0.281467
0.272004
0.256613
0.234166
0.197067
0.0444577
0.0437213
0.0429844
0.0422467
0.0415079
0.0407681
0.0400278
0.0392872
0.0385465
0.037806
0.0370658
0.0363263
0.0355876
0.03485
0.0341138
0.0333791
0.0326462
0.0319153
0.0311866
0.0304603
0.0444805
0.0437397
0.0430003
0.0422596
0.0415167
0.040772
0.040026
0.039279
0.0385312
0.0377828
0.0370343
0.0362858
0.0355376
0.03479
0.0340433
0.0332978
0.0325538
0.0318116
0.0310714
0.0303335
0.0445129
0.0437558
0.0430045
0.042252
0.0414963
0.040738
0.039978
0.0392166
0.038454
0.0376906
0.0369266
0.0361624
0.0353984
0.0346347
0.0338718
0.03311
0.0323496
0.0315909
0.0308343
0.03008
0.0445613
0.0437787
0.0430085
0.0422378
0.0414626
0.0406841
0.0399034
0.039121
0.038337
0.0375519
0.0367658
0.0359793
0.0351927
0.0344062
0.0336203
0.0328354
0.0320517
0.0312697
0.0304896
0.029712
0.044619
0.0438013
0.0430052
0.0422095
0.041408
0.0406024
0.0397942
0.038984
0.0381721
0.0373586
0.0365441
0.0357289
0.0349133
0.0340978
0.0332827
0.0324685
0.0316556
0.0308442
0.0300349
0.0292279
0.0446866
0.0438248
0.0429961
0.0421692
0.0413349
0.0404956
0.0396534
0.038809
0.0379627
0.0371145
0.0362651
0.0354148
0.0345641
0.0337132
0.0328627
0.032013
0.0311645
0.0303176
0.0294727
0.0286302
0.0447619
0.0438468
0.0429788
0.0421144
0.0412408
0.0403611
0.0394783
0.0385932
0.0377059
0.0368167
0.035926
0.0350342
0.0341419
0.0332494
0.0323572
0.0314657
0.0305754
0.0296867
0.0288
0.0279158
0.0448448
0.0438672
0.0429531
0.0420449
0.0411253
0.0401984
0.0392684
0.038336
0.0374011
0.0364642
0.0355257
0.0345859
0.0336455
0.0327049
0.0317645
0.0308248
0.0298863
0.0289493
0.0280146
0.0270823
0.0449352
0.0438855
0.0429183
0.0419596
0.0409871
0.0400062
0.0390219
0.0380352
0.037046
0.0360545
0.0350613
0.0340668
0.0330715
0.032076
0.0310807
0.030086
0.0290925
0.0281005
0.0271113
0.0261243
0.0450341
0.0439025
0.0428747
0.0418586
0.0408259
0.0397836
0.0387378
0.0376895
0.0366387
0.0355855
0.0345304
0.0334741
0.0324169
0.0313595
0.0303022
0.0292457
0.0281904
0.0271368
0.0260851
0.0250363
0.0451434
0.0439193
0.0428229
0.0417419
0.0406413
0.0395296
0.0384144
0.037297
0.0361768
0.0350542
0.0339297
0.0328038
0.0316772
0.0305502
0.0294235
0.0282975
0.0271728
0.0260499
0.0249291
0.0238111
0.0452662
0.0439384
0.0427646
0.0416104
0.0404336
0.039244
0.0380511
0.0368561
0.0356583
0.0344581
0.0332559
0.0320524
0.0308482
0.0296436
0.0284394
0.027236
0.026034
0.0248338
0.023636
0.022441
0.0454065
0.0439629
0.0427021
0.0414658
0.0402034
0.0389268
0.037647
0.0363653
0.035081
0.0337941
0.0325055
0.0312155
0.0299249
0.0286342
0.0273438
0.0260544
0.0247665
0.0234805
0.022197
0.0209166
0.0455699
0.0439974
0.0426387
0.0413103
0.0399522
0.0385784
0.0372016
0.0358233
0.0344426
0.0330595
0.0316746
0.0302887
0.0289023
0.0275159
0.02613
0.0247453
0.0233622
0.0219812
0.0206029
0.0192278
0.0457633
0.0440476
0.0425787
0.041147
0.0396821
0.0381998
0.0367149
0.0352292
0.0337413
0.0322512
0.0307596
0.0292672
0.0277745
0.0262822
0.0247906
0.0233004
0.0218121
0.0203262
0.0188431
0.0173634
0.0459954
0.0441206
0.0425278
0.0409801
0.0393959
0.0377926
0.0361874
0.0345821
0.032975
0.0313662
0.0297562
0.0281459
0.0265357
0.0249261
0.0233177
0.0217111
0.0201066
0.0185048
0.0169061
0.0153111
0.0462764
0.044225
0.0424924
0.0408147
0.0390971
0.0373591
0.0356198
0.0338815
0.0321421
0.0304015
0.0286604
0.0269194
0.0251791
0.0234401
0.0217026
0.0199674
0.0182347
0.0165053
0.0147793
0.0130571
0.0466187
0.044371
0.0424809
0.040657
0.0387905
0.036902
0.0350135
0.0331272
0.0312408
0.029354
0.0274675
0.025582
0.0236979
0.0218157
0.0199359
0.0180588
0.0161849
0.0143149
0.0124486
0.0105867
0.0470366
0.0445707
0.0425026
0.0405145
0.0384813
0.0364251
0.0343702
0.0323192
0.0302695
0.0282206
0.026173
0.0241274
0.0220843
0.0200441
0.018007
0.0159736
0.013944
0.0119193
0.00989888
0.00788319
0.0475468
0.0448383
0.0425687
0.0403957
0.0381762
0.0359327
0.0336923
0.0314581
0.0292269
0.0269979
0.0247718
0.0225492
0.0203303
0.0181155
0.0159052
0.0136993
0.011498
0.00930402
0.00711416
0.00492931
0.0481688
0.0451899
0.042692
0.0403108
0.0378826
0.0354299
0.0329826
0.0305442
0.0281111
0.0256823
0.0232583
0.0208394
0.0184261
0.0160183
0.0136163
0.0112197
0.00882789
0.00644893
0.00407359
0.00170345
0.0489249
0.0456442
0.0428873
0.0402713
0.0376095
0.0349229
0.0322446
0.0295788
0.0269213
0.0242707
0.0216274
0.0189918
0.0163641
0.0137441
0.0111321
0.00852859
0.00593479
0.00334124
0.000758696
-0.00181447
0.0498407
0.0462226
0.0431715
0.0402905
0.0373665
0.0344181
0.0314817
0.028562
0.0256544
0.0227572
0.0198704
0.0169943
0.0141288
0.0112736
0.00842865
0.00559385
0.00276952
-4.65604e-05
-0.00285242
-0.00564861
0.0509457
0.0469497
0.0435639
0.0403835
0.0371652
0.0339236
0.0306984
0.0274955
0.0243095
0.0211381
0.0179813
0.014839
0.0117108
0.0085964
0.00549531
0.00240718
-0.00066776
-0.00373152
-0.00678357
-0.00982425
0.0522738
0.0478537
0.0440865
0.0405675
0.0370186
0.033448
0.0298995
0.02638
0.0228835
0.0194072
0.0159505
0.0125131
0.00909441
0.00569372
0.00231025
-0.00105668
-0.00440655
-0.00774233
-0.0110639
-0.0143717
0.053864
0.0489669
0.0447647
0.0408622
0.0369411
0.0330011
0.0290901
0.0252165
0.0213736
0.0175576
0.0137677
0.0100032
0.00626317
0.00254646
-0.00114812
-0.00482181
-0.00847254
-0.0121064
-0.0157231
-0.0193226
0.0557617
0.0503271
0.0456276
0.0412902
0.0369496
0.0325941
0.028276
0.0240057
0.0197756
0.0155811
0.0114207
0.00729331
0.00319752
-0.000868177
-0.00490601
-0.00891867
-0.0128956
-0.0168548
-0.0207943
-0.0247122
0.0580196
0.0519778
0.0467092
0.0418777
0.0370634
0.0322395
0.0274634
0.022748
0.0180847
0.0134676
0.00889469
0.00436417
-0.000125992
-0.00457823
-0.00899681
-0.0133866
-0.0177191
-0.0220323
-0.0263215
-0.0305841
0.0606996
0.0539708
0.0480494
0.0426553
0.037305
0.0319521
0.0266596
0.0214438
0.016295
0.0112059
0.00617391
0.00119679
-0.00372797
-0.00860298
-0.0134284
-0.0182008
-0.0229635
-0.027675
-0.0323443
-0.03698
0.0638746
0.0563674
0.0496958
0.0436598
0.0377013
0.031749
0.0258728
0.0200925
0.0143973
0.00877845
0.00323212
-0.00224454
-0.00765488
-0.0130026
-0.0182907
-0.0235179
-0.0287014
-0.0338327
-0.038916
-0.0439566
0.0676313
0.0592412
0.0517057
0.0449355
0.0382853
0.0316525
0.0251145
0.018696
0.0123851
0.00617093
4.87587e-05
-0.00598496
-0.0119342
-0.0178038
-0.0235983
-0.0293117
-0.0349673
-0.0405615
-0.046095
-0.0515725
0.0720724
0.0626808
0.0541485
0.0465364
0.0390974
0.0316896
0.0243989
0.0172566
0.0102491
0.00336348
-0.00340619
-0.0100642
-0.0166157
-0.023068
-0.0294299
-0.0356676
-0.0418397
-0.0479375
-0.0539569
-0.0599032
0.0773201
0.0667928
0.0571087
0.0485292
0.0401883
0.031895
0.0237457
0.0157794
0.00798119
0.000335731
-0.00716407
-0.0145234
-0.021749
-0.0288512
-0.0358393
-0.0426673
-0.0494071
-0.0560482
-0.0625891
-0.0690363
0.0835192
0.0717062
0.0606891
0.050996
0.0416215
0.0323137
0.0231814
0.0142735
0.00557406
-0.00293474
-0.0112605
-0.0194086
-0.0273853
-0.0351921
-0.0428154
-0.050367
-0.0577504
-0.0649837
-0.0720875
-0.0790708
0.0908403
0.0775752
0.0650155
0.054039
0.0434779
0.0330046
0.0227429
0.0127546
0.00302206
-0.00647507
-0.0157453
-0.0247938
-0.0336293
-0.042261
-0.0506575
-0.0589089
-0.0669771
-0.0748615
-0.0825758
-0.0901307
0.0994772
0.0845803
0.0702387
0.0577851
0.0458605
0.0340455
0.0224832
0.0112514
0.000331249
-0.0103005
-0.0206528
-0.030733
-0.0405617
-0.0501658
-0.0593678
-0.0684093
-0.0772357
-0.0858286
-0.0941997
-0.102361
0.109637
0.0929169
0.0765297
0.0623855
0.0488967
0.035536
0.0224738
0.00980766
-0.00248194
-0.014419
-0.0260095
-0.0372552
-0.0481564
-0.0586869
-0.0690137
-0.079008
-0.088675
-0.0980417
-0.107123
-0.115928
0.121569
0.102801
0.0840835
0.0680215
0.052744
0.0376049
0.0228134
0.00848831
-0.0053917
-0.0188496
-0.0318848
-0.044499
-0.0567024
-0.0683699
-0.0798115
-0.0908517
-0.101469
-0.111694
-0.121543
-0.131028
0.135621
0.114503
0.0931328
0.0748856
0.0575446
0.0403538
0.023572
0.0073331
-0.00838888
-0.0236139
-0.0383456
-0.0526481
-0.0666284
-0.0793991
-0.0920119
-0.104195
-0.115857
-0.127017
-0.137689
-0.147881
0.151906
0.128327
0.10409
0.0833902
0.0636479
0.0440758
0.0249974
0.00654472
-0.0113087
-0.0285659
-0.0452092
-0.061178
-0.076181
-0.0913511
-0.10563
-0.119127
-0.13197
-0.144177
-0.155742
-0.16667
0.169531
0.144287
0.117777
0.0946558
0.0721848
0.0498322
0.0280174
0.00686892
-0.0136172
-0.033424
-0.0525643
-0.071047
-0.0882102
-0.105
-0.120928
-0.135966
-0.150158
-0.163497
-0.175973
-0.187586
0.182864
0.155081
0.127616
0.102502
0.0775303
0.0526921
0.0283647
0.00465299
-0.0183952
-0.0407221
-0.0622272
-0.0825336
-0.10237
-0.121124
-0.138779
-0.15539
-0.170945
-0.185412
-0.198773
-0.21102
0.0297367
0.0290159
0.0282981
0.0275836
0.0268725
0.0261651
0.0254615
0.0247619
0.0240664
0.0233754
0.0226888
0.022007
0.0295983
0.0288659
0.0281368
0.027411
0.0266889
0.0259707
0.0252568
0.0245472
0.0238424
0.0231424
0.0224475
0.021758
0.0293284
0.0285797
0.0278343
0.0270925
0.0263545
0.0256207
0.0248913
0.0241665
0.0234467
0.0227321
0.0220229
0.0213195
0.028937
0.028165
0.0273965
0.0266316
0.0258708
0.0251144
0.0243626
0.0236158
0.0228742
0.0221382
0.021408
0.0206839
0.0284237
0.0276226
0.026825
0.0260313
0.0252418
0.0244569
0.0236769
0.0229021
0.0221328
0.0213693
0.020612
0.0198611
0.0277905
0.0269541
0.0261213
0.0252925
0.0244681
0.0236484
0.0228338
0.0220248
0.0212215
0.0204243
0.0196336
0.0188497
0.0270346
0.0261566
0.0252824
0.0244123
0.0235468
0.0226863
0.021831
0.0209815
0.020138
0.0193009
0.0184705
0.0176472
0.026153
0.0252271
0.0243051
0.0233873
0.0224743
0.0215664
0.0206641
0.0197676
0.0188774
0.0179938
0.0171173
0.016248
0.0251403
0.0241599
0.0231834
0.0222114
0.0212443
0.0202824
0.0193262
0.0183761
0.0174325
0.0164958
0.0155663
0.0146443
0.0239907
0.0229487
0.0219109
0.0208776
0.0198493
0.0188264
0.0178094
0.0167987
0.0157946
0.0147975
0.0138079
0.0128261
0.0226965
0.0215856
0.020479
0.019377
0.0182801
0.0171889
0.0161036
0.0150247
0.0139527
0.0128878
0.0118305
0.0107811
0.0212494
0.0200617
0.0188784
0.0176998
0.0165265
0.0153589
0.0141974
0.0130424
0.0118943
0.0107536
0.00962057
0.00849556
0.0196396
0.0183666
0.0170981
0.0158345
0.0145762
0.0133238
0.0120776
0.010838
0.00960538
0.00838017
0.00716271
0.00595332
0.0178563
0.0164889
0.0151261
0.0137684
0.0124161
0.0110697
0.00972962
0.0083962
0.00706983
0.00575087
0.00443966
0.0158875
0.0144159
0.012949
0.0114873
0.0100312
0.00858096
0.00713712
0.00569999
0.00426992
0.00284723
0.00143224
0.0137201
0.0121335
0.0105519
0.00897558
0.00740492
0.0058403
0.00428207
0.00273054
0.00118604
-0.00035115
-0.00188076
0.0113394
0.00962632
0.00791839
0.00621592
0.00451925
0.00282869
0.00114454
-0.000532915
-0.00220343
-0.00386675
-0.00552266
0.00872948
0.00687733
0.00503055
0.00318943
0.00135426
-0.000474704
-0.00229724
-0.00411311
-0.00592215
-0.00772416
-0.009519
0.0058727
0.00386773
0.00186848
-0.000124836
-0.00211202
-0.00409288
-0.00606727
-0.00803506
-0.00999612
-0.0119504
-0.0138977
0.00275037
0.000577567
-0.00158903
-0.00374932
-0.00590322
-0.00805063
-0.0101915
-0.0123258
-0.0144535
-0.0165746
-0.0186892
-0.000660026
-0.00301664
-0.00536648
-0.00770958
-0.010046
-0.0123756
-0.0146987
-0.0170152
-0.0193252
-0.021629
-0.0239266
-0.00437995
-0.00693803
-0.00948866
-0.0120319
-0.014568
-0.017097
-0.0196192
-0.0221349
-0.0246443
-0.0271476
-0.0296453
-0.00843582
-0.0112143
-0.0139844
-0.0167464
-0.0195005
-0.0222472
-0.0249868
-0.0277198
-0.0304467
-0.0331679
-0.0358839
-0.0128541
-0.0158737
-0.0188836
-0.0218842
-0.0248762
-0.0278602
-0.0308368
-0.0338066
-0.0367704
-0.039729
-0.042683
-0.0176665
-0.020949
-0.0242201
-0.0274806
-0.0307314
-0.0339734
-0.0372075
-0.0404347
-0.0436561
-0.0468726
-0.0500855
-0.0229061
-0.0264748
-0.0300299
-0.0335727
-0.0371043
-0.040626
-0.0441392
-0.0476452
-0.0511455
-0.0546417
-0.0581354
-0.0286099
-0.0324894
-0.0363525
-0.0402007
-0.0440359
-0.0478597
-0.051674
-0.0554807
-0.0592821
-0.0630801
-0.0668772
-0.0348217
-0.039037
-0.0432322
-0.0474093
-0.0515707
-0.0557189
-0.0598562
-0.0639854
-0.0681095
-0.0722313
-0.0763545
-0.0415857
-0.0461633
-0.0507155
-0.0552452
-0.0597556
-0.0642498
-0.0687313
-0.0732036
-0.0776709
-0.0821374
-0.0866081
-0.0489581
-0.0539238
-0.0588572
-0.0637621
-0.0686425
-0.0735026
-0.078347
-0.0831806
-0.0880089
-0.092838
-0.0976748
-0.056999
-0.062379
-0.0677171
-0.0730182
-0.0782874
-0.0835303
-0.0887528
-0.0939617
-0.0991642
-0.104369
-0.109585
-0.065783
-0.071602
-0.077366
-0.0830811
-0.0887539
-0.0943914
-0.100002
-0.105593
-0.111176
-0.11676
-0.12236
-0.0753969
-0.0816775
-0.0878853
-0.0940277
-0.100113
-0.10615
-0.112149
-0.118121
-0.124079
-0.130037
-0.136012
-0.0859402
-0.0927034
-0.0993689
-0.105946
-0.112445
-0.118877
-0.125255
-0.131593
-0.137906
-0.144213
-0.150535
-0.0975347
-0.104797
-0.111928
-0.118939
-0.125842
-0.132651
-0.139381
-0.14605
-0.152677
-0.159285
-0.165901
-0.110323
-0.118096
-0.125691
-0.133123
-0.140405
-0.147554
-0.154589
-0.161531
-0.168404
-0.175234
-0.182055
-0.124468
-0.132754
-0.140799
-0.14862
-0.156234
-0.163661
-0.170923
-0.178045
-0.185058
-0.191993
-0.19889
-0.140157
-0.148945
-0.157406
-0.16556
-0.173426
-0.181028
-0.188393
-0.195552
-0.202541
-0.209401
-0.21618
-0.157603
-0.166869
-0.175697
-0.184107
-0.192123
-0.199773
-0.20709
-0.214111
-0.22088
-0.227445
-0.233863
-0.176972
-0.186667
-0.195776
-0.204326
-0.212349
-0.219884
-0.226975
-0.233674
-0.240036
-0.246127
-0.252015
-0.198348
-0.208276
-0.217398
-0.225747
-0.233371
-0.240326
-0.246681
-0.252514
-0.257915
-0.262984
-0.267832
-0.222154
-0.232186
-0.241139
-0.249046
-0.255955
-0.261928
-0.267041
-0.271384
-0.275062
-0.278194
-0.280907
)
;

boundaryField
{
    inlet
    {
        type            zeroGradient;
    }
    outlet
    {
        type            fixedValue;
        value           nonuniform 0();
    }
    cylinder
    {
        type            zeroGradient;
    }
    top
    {
        type            symmetryPlane;
    }
    bottom
    {
        type            symmetryPlane;
    }
    defaultFaces
    {
        type            empty;
    }
    procBoundary0to1
    {
        type            processor;
        value           nonuniform List<scalar> 
133
(
-0.358475
-0.360146
-0.368119
-0.376391
-0.376391
-0.37489
-0.382542
-0.382542
-0.377792
-0.377792
-0.371121
-0.377363
-0.377363
-0.368814
-0.368814
-0.359519
-0.359519
-0.349091
-0.349091
-0.336247
-0.336247
-0.329658
-0.329658
-0.283374
-0.337613
-0.32966
-0.28334
-0.337613
-0.336261
-0.349119
-0.349119
-0.359556
-0.359556
-0.368859
-0.368859
-0.377414
-0.377414
-0.371168
-0.377843
-0.377843
-0.382595
-0.382595
-0.374938
-0.376439
-0.376439
-0.368162
-0.36766
-0.283374
-0.272623
-0.257834
-0.240263
-0.223003
-0.20587
-0.188982
-0.172635
-0.156977
-0.1421
-0.128063
-0.114893
-0.102592
-0.0911497
-0.08054
-0.0707295
-0.0616783
-0.0533426
-0.045677
-0.0386361
-0.0321758
-0.0321758
-0.0285399
-0.0229325
-0.0178031
-0.0131162
-0.00883925
-0.00494237
-0.00139814
0.00181848
0.00473029
0.00735798
0.0097201
0.0118333
0.013712
0.0153689
0.0168143
0.0180564
0.0191011
0.0199505
0.0206066
0.0210589
0.0213151
0.02133
0.0210739
0.0206218
0.019966
0.0191169
0.0180727
0.0168312
0.0153864
0.0137302
0.0118523
0.00974002
0.00737891
0.00475234
0.00313652
0.00313652
2.52365e-05
-0.00340253
-0.00717097
-0.0113065
-0.0158382
-0.0207973
-0.0262182
-0.0321376
-0.0385953
-0.0456334
-0.0532959
-0.0616284
-0.0706761
-0.0804828
-0.0910885
-0.102527
-0.114823
-0.12799
-0.142023
-0.156897
-0.172553
-0.1889
-0.205791
-0.222929
-0.240196
-0.257778
-0.272577
-0.28334
)
;
    }
}


// ************************************************************************* //
