/*--------------------------------*- C++ -*----------------------------------*\
  =========                 |
  \\      /  F ield         | OpenFOAM: The Open Source CFD Toolbox
   \\    /   O peration     | Website:  https://openfoam.org
    \\  /    A nd           | Version:  7
     \\/     M anipulation  |
\*---------------------------------------------------------------------------*/
FoamFile
{
    version     2.0;
    format      ascii;
    class       volScalarField;
    location    "40";
    object      p;
}
// * * * * * * * * * * * * * * * * * * * * * * * * * * * * * * * * * * * * * //

dimensions      [0 2 -2 0 0 0 0];

internalField   nonuniform List<scalar> 
6386
(
-0.181551
-0.18348
-0.18439
-0.185128
-0.185764
-0.186325
-0.186833
-0.187296
-0.18771
-0.188087
-0.181816
-0.183724
-0.184624
-0.185353
-0.185982
-0.186537
-0.187041
-0.1875
-0.187913
-0.188278
-0.182268
-0.184135
-0.185011
-0.185718
-0.186327
-0.186863
-0.187348
-0.18779
-0.188182
-0.188505
-0.182901
-0.184706
-0.185546
-0.18622
-0.186795
-0.187299
-0.187749
-0.188157
-0.18851
-0.188751
-0.183707
-0.18543
-0.186223
-0.186849
-0.187378
-0.187833
-0.188233
-0.188589
-0.188884
-0.188998
-0.184674
-0.186299
-0.187032
-0.187598
-0.188064
-0.188457
-0.188788
-0.18907
-0.189292
-0.189215
-0.18579
-0.187303
-0.187964
-0.188455
-0.188845
-0.189157
-0.1894
-0.189585
-0.189721
-0.189366
-0.187044
-0.188431
-0.189008
-0.189411
-0.189706
-0.189922
-0.190055
-0.190116
-0.190159
-0.189403
-0.188424
-0.189675
-0.190155
-0.190454
-0.190638
-0.190739
-0.190741
-0.190643
-0.190605
-0.189251
-0.189918
-0.191025
-0.191396
-0.191574
-0.19163
-0.191596
-0.191447
-0.191152
-0.191079
-0.188821
-0.19152
-0.192474
-0.192723
-0.192763
-0.192671
-0.192485
-0.192164
-0.191618
-0.191602
-0.188169
-0.193223
-0.194019
-0.19413
-0.194014
-0.193755
-0.193397
-0.192886
-0.192019
-0.191921
-0.187517
-0.195028
-0.195657
-0.195615
-0.195322
-0.194875
-0.194326
-0.193616
-0.192544
-0.192076
-0.186595
-0.196937
-0.197392
-0.197178
-0.196685
-0.196028
-0.19527
-0.194332
-0.193043
-0.192262
-0.185377
-0.19896
-0.19923
-0.198823
-0.198105
-0.197214
-0.196227
-0.195047
-0.193526
-0.192447
-0.183963
-0.201185
-0.200559
-0.199587
-0.198434
-0.197196
-0.195762
-0.194034
-0.192557
-0.182521
-0.203272
-0.202398
-0.201141
-0.199695
-0.198182
-0.19647
-0.194599
-0.192477
-0.181228
-0.205516
-0.204362
-0.202785
-0.201011
-0.199193
-0.197171
-0.195259
-0.192017
-0.180193
-0.206479
-0.20454
-0.202404
-0.20025
-0.197883
-0.196047
-0.191083
-0.180167
-0.208778
-0.20644
-0.203903
-0.201382
-0.19864
-0.19692
-0.190055
-0.184466
-0.208522
-0.205551
-0.202631
-0.199482
-0.197683
-0.189578
-0.195652
-0.207395
-0.204042
-0.200461
-0.19821
-0.189822
-0.194772
-0.209491
-0.205666
-0.201622
-0.1986
-0.190334
-0.192007
-0.207548
-0.202977
-0.199017
-0.190745
-0.189297
-0.204523
-0.199507
-0.190927
-0.186567
-0.200054
-0.190801
-0.183921
-0.190344
-0.181292
-0.178601
-0.187538
-0.176625
-0.188254
-0.179215
-0.197936
-0.188627
-0.181738
-0.202447
-0.197338
-0.188666
-0.184272
-0.205533
-0.200872
-0.196796
-0.188395
-0.186888
-0.207522
-0.203634
-0.199486
-0.196328
-0.187893
-0.189482
-0.205416
-0.201991
-0.198293
-0.195885
-0.187294
-0.19213
-0.206571
-0.203562
-0.200559
-0.197281
-0.195306
-0.186973
-0.192889
-0.206838
-0.204489
-0.201906
-0.199291
-0.196407
-0.194495
-0.187378
-0.181555
-0.204549
-0.202595
-0.200402
-0.198145
-0.195624
-0.193584
-0.188352
-0.177202
-0.203611
-0.202445
-0.200851
-0.199013
-0.197082
-0.194895
-0.192771
-0.189251
-0.177203
-0.201393
-0.200515
-0.199229
-0.197711
-0.196076
-0.194191
-0.192102
-0.189694
-0.178226
-0.199227
-0.199346
-0.198716
-0.197708
-0.196476
-0.195111
-0.193498
-0.191546
-0.18978
-0.179525
-0.197133
-0.197446
-0.197031
-0.196272
-0.195298
-0.194178
-0.192817
-0.191069
-0.1897
-0.180995
-0.195181
-0.195674
-0.195449
-0.194912
-0.194169
-0.193276
-0.192156
-0.19064
-0.189572
-0.182459
-0.193357
-0.194017
-0.193961
-0.193622
-0.193088
-0.192406
-0.191518
-0.190221
-0.189465
-0.183756
-0.191649
-0.192468
-0.192564
-0.1924
-0.192055
-0.191567
-0.190882
-0.189812
-0.189406
-0.184783
-0.190053
-0.191024
-0.191256
-0.191249
-0.191073
-0.190762
-0.190274
-0.189522
-0.189231
-0.185568
-0.188568
-0.189686
-0.190039
-0.190171
-0.190147
-0.189995
-0.189688
-0.189195
-0.188876
-0.186368
-0.187199
-0.188455
-0.188917
-0.189172
-0.189283
-0.189273
-0.18913
-0.188847
-0.188585
-0.186983
-0.185951
-0.187339
-0.187898
-0.18826
-0.188488
-0.188604
-0.188605
-0.188497
-0.188338
-0.187346
-0.184834
-0.186344
-0.186988
-0.187443
-0.187772
-0.187997
-0.188122
-0.188158
-0.188112
-0.187544
-0.183859
-0.18548
-0.186197
-0.186731
-0.187145
-0.187462
-0.187692
-0.187846
-0.18791
-0.187645
-0.183037
-0.184754
-0.185533
-0.186133
-0.186618
-0.187011
-0.187327
-0.187575
-0.18774
-0.187695
-0.182379
-0.184177
-0.185006
-0.185659
-0.1862
-0.186654
-0.187039
-0.187362
-0.187611
-0.187727
-0.181894
-0.183756
-0.184623
-0.185316
-0.1859
-0.1864
-0.186838
-0.187219
-0.187535
-0.187767
-0.181591
-0.183496
-0.18439
-0.18511
-0.185724
-0.186258
-0.186733
-0.187156
-0.187523
-0.187834
-0.181476
-0.183404
-0.184312
-0.185047
-0.185678
-0.186232
-0.186731
-0.187181
-0.18758
-0.187939
-0.188528
-0.188834
-0.189142
-0.189446
-0.189741
-0.190023
-0.190286
-0.19052
-0.190715
-0.19086
-0.190944
-0.190952
-0.190873
-0.190692
-0.190395
-0.189972
-0.189404
-0.188672
-0.187754
-0.186625
-0.185256
-0.183617
-0.181673
-0.179355
-0.176611
-0.173376
-0.169578
-0.165163
-0.160046
-0.154206
-0.147502
-0.139989
-0.131356
-0.121815
-0.110792
-0.0987427
-0.0851941
-0.069966
-0.0553114
-0.0355915
-0.0251185
0.00246486
-0.188767
-0.189065
-0.189373
-0.189678
-0.189972
-0.190251
-0.190506
-0.190726
-0.190898
-0.191009
-0.191044
-0.190989
-0.190828
-0.190543
-0.19012
-0.189551
-0.188818
-0.187903
-0.186791
-0.185465
-0.183906
-0.182093
-0.180041
-0.177666
-0.17494
-0.171815
-0.168235
-0.164151
-0.159478
-0.154178
-0.148085
-0.141208
-0.133182
-0.124155
-0.113475
-0.101567
-0.0878881
-0.0723188
-0.0569585
-0.0365219
-0.0251559
0.00326608
-0.189082
-0.189356
-0.189658
-0.189962
-0.190254
-0.190529
-0.190775
-0.19098
-0.19113
-0.191207
-0.191195
-0.191076
-0.190834
-0.190447
-0.189897
-0.189186
-0.188289
-0.187194
-0.185891
-0.184367
-0.182619
-0.180634
-0.178485
-0.176055
-0.173347
-0.170334
-0.166971
-0.163217
-0.158984
-0.154221
-0.14873
-0.142482
-0.135049
-0.126524
-0.116164
-0.104375
-0.0905663
-0.0746596
-0.0586022
-0.03749
-0.0252809
0.00377586
-0.189463
-0.1897
-0.189989
-0.190291
-0.190579
-0.190849
-0.191088
-0.191279
-0.191406
-0.191451
-0.191394
-0.191213
-0.19089
-0.190403
-0.189729
-0.18888
-0.187822
-0.186551
-0.18506
-0.183342
-0.181406
-0.179324
-0.17702
-0.174533
-0.171844
-0.168942
-0.165795
-0.162367
-0.158566
-0.15433
-0.149427
-0.143792
-0.136933
-0.128891
-0.118826
-0.10717
-0.0931965
-0.0769569
-0.0602197
-0.0384739
-0.025497
0.00397453
-0.189898
-0.190083
-0.190356
-0.190654
-0.190938
-0.191205
-0.191436
-0.191615
-0.191723
-0.191737
-0.191636
-0.191399
-0.190999
-0.190409
-0.189606
-0.188633
-0.187422
-0.185978
-0.184304
-0.182394
-0.180256
-0.178055
-0.175649
-0.173109
-0.17044
-0.167647
-0.16471
-0.1616
-0.15822
-0.154497
-0.150164
-0.145122
-0.138812
-0.131231
-0.121424
-0.10989
-0.0957478
-0.0791827
-0.0618001
-0.0394449
-0.0256934
0.00399653
-0.190373
-0.190491
-0.190745
-0.191041
-0.191321
-0.191584
-0.191811
-0.19198
-0.192069
-0.192056
-0.191916
-0.191624
-0.191156
-0.190484
-0.189518
-0.188441
-0.187085
-0.185478
-0.183629
-0.181527
-0.179155
-0.176887
-0.174381
-0.171788
-0.169138
-0.166451
-0.163718
-0.160915
-0.157942
-0.154712
-0.150926
-0.146452
-0.140663
-0.133514
-0.123921
-0.11252
-0.0981949
-0.0813121
-0.0633324
-0.040416
-0.0259033
0.00395251
-0.190878
-0.190909
-0.191143
-0.191437
-0.191714
-0.191976
-0.1922
-0.192361
-0.192437
-0.1924
-0.192225
-0.191883
-0.191349
-0.190603
-0.189672
-0.188306
-0.186804
-0.185046
-0.183032
-0.180746
-0.178407
-0.175834
-0.17322
-0.170575
-0.167942
-0.165357
-0.162818
-0.16031
-0.157723
-0.154966
-0.151697
-0.147763
-0.142462
-0.135719
-0.126296
-0.115033
-0.100512
-0.083324
-0.064745
-0.0414037
-0.0261552
0.00384007
-0.191407
-0.191317
-0.191532
-0.191828
-0.192104
-0.192367
-0.19259
-0.192747
-0.192812
-0.192756
-0.192551
-0.192166
-0.191574
-0.190751
-0.189693
-0.188333
-0.186574
-0.184666
-0.182504
-0.179998
-0.177548
-0.17488
-0.172166
-0.16947
-0.166852
-0.164363
-0.162006
-0.159777
-0.157556
-0.155245
-0.152463
-0.149035
-0.144189
-0.137825
-0.128795
-0.11741
-0.102674
-0.0852068
-0.0660819
-0.042332
-0.026445
0.00364721
-0.191988
-0.191699
-0.191898
-0.192201
-0.192477
-0.192742
-0.192967
-0.193123
-0.193181
-0.193112
-0.192882
-0.192462
-0.191819
-0.190928
-0.189772
-0.188309
-0.186551
-0.184336
-0.182022
-0.179277
-0.176824
-0.174031
-0.17122
-0.168474
-0.165867
-0.163466
-0.161279
-0.159311
-0.157431
-0.155538
-0.153209
-0.150253
-0.145824
-0.139794
-0.130917
-0.119602
-0.104691
-0.0869451
-0.0673322
-0.0431991
-0.026757
0.00337493
-0.192672
-0.192037
-0.192227
-0.192544
-0.192817
-0.193086
-0.193316
-0.193475
-0.193531
-0.193452
-0.193205
-0.192756
-0.192072
-0.191123
-0.189889
-0.188334
-0.186462
-0.184281
-0.181648
-0.179128
-0.176226
-0.173287
-0.17038
-0.167585
-0.164982
-0.162662
-0.160631
-0.158902
-0.157338
-0.155832
-0.153921
-0.151402
-0.147343
-0.141579
-0.132892
-0.121627
-0.106536
-0.0885293
-0.0684834
-0.0440086
-0.0270794
0.00302944
-0.193214
-0.192393
-0.192517
-0.192847
-0.193111
-0.193383
-0.193621
-0.193785
-0.193844
-0.193762
-0.193505
-0.193036
-0.192319
-0.191322
-0.190024
-0.188393
-0.186426
-0.184131
-0.181508
-0.178733
-0.175716
-0.172643
-0.169644
-0.166799
-0.164197
-0.161947
-0.160055
-0.158545
-0.157267
-0.156115
-0.154583
-0.152456
-0.148746
-0.14325
-0.134693
-0.123466
-0.108204
-0.089956
-0.0695324
-0.0447583
-0.0274031
0.00261811
-0.193552
-0.192808
-0.192755
-0.193076
-0.193359
-0.193629
-0.193871
-0.194042
-0.194105
-0.194026
-0.193766
-0.193285
-0.192547
-0.191511
-0.190164
-0.188469
-0.186423
-0.184037
-0.18134
-0.178428
-0.175297
-0.172091
-0.169003
-0.166108
-0.163509
-0.16132
-0.159546
-0.158229
-0.157209
-0.156374
-0.155186
-0.153414
-0.149995
-0.144759
-0.136309
-0.125108
-0.109695
-0.0912235
-0.0704784
-0.0454465
-0.0277201
0.00214883
-0.193925
-0.193203
-0.192937
-0.193251
-0.193538
-0.193799
-0.194045
-0.194224
-0.194297
-0.194226
-0.193969
-0.193487
-0.192737
-0.191682
-0.190296
-0.18855
-0.186441
-0.183981
-0.181207
-0.178227
-0.174976
-0.171634
-0.168463
-0.165522
-0.162906
-0.160758
-0.159091
-0.157946
-0.157154
-0.156601
-0.155718
-0.154261
-0.151071
-0.146096
-0.137738
-0.126551
-0.111008
-0.0923318
-0.0713218
-0.0460738
-0.0280236
0.00162972
-0.19432
-0.193586
-0.193068
-0.193362
-0.193638
-0.193883
-0.194129
-0.194318
-0.194402
-0.194344
-0.1941
-0.193624
-0.192875
-0.191811
-0.190402
-0.188622
-0.186465
-0.183944
-0.181105
-0.178142
-0.174674
-0.171248
-0.168007
-0.165019
-0.162391
-0.16027
-0.15869
-0.157689
-0.157095
-0.156788
-0.15617
-0.154985
-0.152024
-0.147251
-0.138973
-0.12779
-0.112141
-0.0932823
-0.0720633
-0.0466417
-0.0283077
0.00106875
-0.194719
-0.193969
-0.19315
-0.193403
-0.19365
-0.193865
-0.194107
-0.194304
-0.194403
-0.194363
-0.194137
-0.193679
-0.192942
-0.191882
-0.190466
-0.188669
-0.18648
-0.183913
-0.181012
-0.178001
-0.174691
-0.170886
-0.16763
-0.1646
-0.161953
-0.159848
-0.158335
-0.157451
-0.157023
-0.156926
-0.156533
-0.155574
-0.152803
-0.148216
-0.14001
-0.128825
-0.113097
-0.0940768
-0.0727032
-0.0471518
-0.0285672
0.000473598
-0.195118
-0.194331
-0.193171
-0.193362
-0.193553
-0.193723
-0.193957
-0.194162
-0.194278
-0.194262
-0.194064
-0.193633
-0.192919
-0.191877
-0.190471
-0.188672
-0.18647
-0.183874
-0.180911
-0.17769
-0.174334
-0.171063
-0.167341
-0.164259
-0.161584
-0.159483
-0.158018
-0.157225
-0.156932
-0.157008
-0.156801
-0.156034
-0.15344
-0.148989
-0.140847
-0.129655
-0.113874
-0.0947168
-0.073241
-0.0476048
-0.0287975
-0.000148278
-0.195463
-0.194566
-0.193088
-0.193218
-0.193326
-0.193439
-0.193664
-0.19388
-0.194017
-0.19403
-0.193866
-0.19347
-0.192791
-0.19178
-0.190397
-0.188614
-0.186417
-0.183814
-0.180826
-0.177516
-0.174112
-0.170662
-0.167287
-0.163995
-0.161277
-0.159165
-0.157732
-0.157003
-0.156814
-0.157027
-0.156967
-0.156376
-0.153915
-0.149567
-0.141483
-0.130281
-0.114478
-0.0952081
-0.0736819
-0.0480042
-0.0289995
-0.000790183
-0.195682
-0.194554
-0.192873
-0.192967
-0.192956
-0.193002
-0.193217
-0.193444
-0.193606
-0.193653
-0.193531
-0.193181
-0.192548
-0.191581
-0.190238
-0.188487
-0.186312
-0.183718
-0.180728
-0.177383
-0.173943
-0.170411
-0.166986
-0.163791
-0.161018
-0.15888
-0.157468
-0.156772
-0.156657
-0.156971
-0.15702
-0.156553
-0.154215
-0.14995
-0.141928
-0.13072
-0.11493
-0.0955732
-0.0740485
-0.0483628
-0.0291839
-0.0014489
-0.196555
-0.194251
-0.192469
-0.192516
-0.192341
-0.19231
-0.192517
-0.192762
-0.192958
-0.193051
-0.192985
-0.192698
-0.192132
-0.191233
-0.189957
-0.188268
-0.186148
-0.183597
-0.180628
-0.177222
-0.173784
-0.170225
-0.166744
-0.163571
-0.160783
-0.158615
-0.157212
-0.156517
-0.156455
-0.156834
-0.156957
-0.156581
-0.154341
-0.150145
-0.142193
-0.130987
-0.115246
-0.095826
-0.0743471
-0.0486884
-0.0293432
-0.00212666
-0.196315
-0.191852
-0.191078
-0.191376
-0.191139
-0.191129
-0.191394
-0.191707
-0.191968
-0.192128
-0.192131
-0.191917
-0.191427
-0.190605
-0.189406
-0.187795
-0.185753
-0.183283
-0.180405
-0.176863
-0.173589
-0.170026
-0.166552
-0.163328
-0.1606
-0.158451
-0.156952
-0.156247
-0.156248
-0.156664
-0.156842
-0.156511
-0.154323
-0.150141
-0.142228
-0.130985
-0.115289
-0.0958295
-0.0744137
-0.048899
-0.0293647
-0.00281763
-0.180998
-0.183143
-0.18802
-0.189654
-0.189711
-0.189834
-0.190203
-0.190607
-0.190939
-0.191156
-0.191213
-0.19105
-0.190608
-0.18983
-0.188669
-0.18709
-0.185076
-0.182632
-0.179798
-0.176637
-0.173076
-0.169372
-0.165899
-0.162712
-0.159978
-0.157944
-0.156581
-0.156066
-0.156018
-0.156481
-0.156703
-0.156358
-0.154157
-0.149859
-0.141891
-0.130493
-0.114804
-0.0953347
-0.0740114
-0.0489227
-0.0291196
-0.00371112
-0.180214
-0.180495
-0.184964
-0.186777
-0.18687
-0.186982
-0.187437
-0.187976
-0.188422
-0.188726
-0.188853
-0.188754
-0.188369
-0.187645
-0.186535
-0.185009
-0.183049
-0.180658
-0.17786
-0.174672
-0.171175
-0.167901
-0.164635
-0.161622
-0.159044
-0.157124
-0.155862
-0.155382
-0.155376
-0.155789
-0.15591
-0.155393
-0.153029
-0.148499
-0.140432
-0.128894
-0.113335
-0.0940226
-0.0730302
-0.0486189
-0.0287259
-0.00468175
-0.177331
-0.177335
-0.180285
-0.182019
-0.182486
-0.182836
-0.183458
-0.184166
-0.18477
-0.185205
-0.185448
-0.185458
-0.185181
-0.184566
-0.183571
-0.182168
-0.180342
-0.1781
-0.175468
-0.172499
-0.169317
-0.166186
-0.163089
-0.160268
-0.157866
-0.156068
-0.15489
-0.154418
-0.154375
-0.154656
-0.154588
-0.153808
-0.151204
-0.146397
-0.138221
-0.126598
-0.11124
-0.0922353
-0.0716873
-0.048105
-0.0282645
-0.00553729
-0.171967
-0.172736
-0.174345
-0.175695
-0.176543
-0.177294
-0.178172
-0.179083
-0.179882
-0.180502
-0.180919
-0.181099
-0.180993
-0.180553
-0.179741
-0.178532
-0.176914
-0.174897
-0.172509
-0.169817
-0.166925
-0.164015
-0.161167
-0.158564
-0.156343
-0.154668
-0.15355
-0.15305
-0.152908
-0.152993
-0.152673
-0.151572
-0.14869
-0.1436
-0.13533
-0.123697
-0.108609
-0.0900581
-0.0700432
-0.0474203
-0.0277478
-0.0062706
-0.164121
-0.166265
-0.167306
-0.168244
-0.169308
-0.17046
-0.171645
-0.172783
-0.173792
-0.174626
-0.175255
-0.175648
-0.175759
-0.175546
-0.174972
-0.174015
-0.172666
-0.170936
-0.168852
-0.166481
-0.163912
-0.161293
-0.158726
-0.15637
-0.154343
-0.152786
-0.151703
-0.15114
-0.150854
-0.150692
-0.150074
-0.148617
-0.145437
-0.140082
-0.131753
-0.120203
-0.105465
-0.0875087
-0.0681199
-0.0465553
-0.0271768
-0.00686554
-0.154469
-0.158072
-0.159192
-0.159939
-0.16113
-0.16262
-0.164125
-0.165508
-0.166731
-0.167778
-0.168629
-0.16925
-0.169599
-0.169636
-0.16933
-0.16866
-0.167618
-0.166214
-0.164474
-0.16246
-0.160246
-0.157959
-0.155695
-0.1536
-0.151768
-0.150326
-0.149258
-0.148602
-0.148135
-0.147692
-0.146748
-0.144925
-0.141453
-0.135876
-0.127536
-0.116171
-0.101865
-0.0846285
-0.0659552
-0.0455109
-0.0265535
-0.00731534
-0.144028
-0.148694
-0.150224
-0.151055
-0.152384
-0.154142
-0.15594
-0.157572
-0.159006
-0.160257
-0.161319
-0.162162
-0.162745
-0.163034
-0.162999
-0.162623
-0.161898
-0.160833
-0.159451
-0.157803
-0.155956
-0.154011
-0.152058
-0.15022
-0.148575
-0.147231
-0.146175
-0.145407
-0.144738
-0.144
-0.142727
-0.140552
-0.136813
-0.131074
-0.122784
-0.111701
-0.0979046
-0.0814806
-0.0635994
-0.0442997
-0.0258794
-0.00762211
-0.133366
-0.138687
-0.140733
-0.141843
-0.14336
-0.145338
-0.147387
-0.149253
-0.150892
-0.152336
-0.153594
-0.154644
-0.155448
-0.155976
-0.156199
-0.156106
-0.155686
-0.15495
-0.153914
-0.152622
-0.151128
-0.149516
-0.147861
-0.146268
-0.144799
-0.143543
-0.142483
-0.141597
-0.140723
-0.139697
-0.138107
-0.135617
-0.131651
-0.125816
-0.117637
-0.106917
-0.0936924
-0.0781387
-0.0611063
-0.0429419
-0.0251553
-0.0077949
-0.122819
-0.128503
-0.131031
-0.132501
-0.134249
-0.136422
-0.13868
-0.140758
-0.142595
-0.144223
-0.145664
-0.146904
-0.147914
-0.148662
-0.149126
-0.149294
-0.149158
-0.148727
-0.148012
-0.14705
-0.145883
-0.144581
-0.143202
-0.141834
-0.140524
-0.139342
-0.138266
-0.13727
-0.136201
-0.134909
-0.133034
-0.130274
-0.126131
-0.120264
-0.11225
-0.101951
-0.0893405
-0.0746786
-0.0585281
-0.0414634
-0.0243824
-0.00784827
-0.112602
-0.118431
-0.121349
-0.123181
-0.125174
-0.127529
-0.129964
-0.13223
-0.134252
-0.136056
-0.137669
-0.139087
-0.140285
-0.141237
-0.141922
-0.14233
-0.142453
-0.142299
-0.141876
-0.141213
-0.140342
-0.139319
-0.13819
-0.137024
-0.135855
-0.134737
-0.133645
-0.132549
-0.131308
-0.129784
-0.127663
-0.124688
-0.120418
-0.114575
-0.10677
-0.0969242
-0.0849488
-0.0711693
-0.0559101
-0.0398923
-0.0235635
-0.00780027
-0.102796
-0.108631
-0.111839
-0.113994
-0.116221
-0.118743
-0.121332
-0.123762
-0.125952
-0.127921
-0.129696
-0.131281
-0.132654
-0.133794
-0.134681
-0.135308
-0.135667
-0.135763
-0.135603
-0.135208
-0.134602
-0.13383
-0.132924
-0.131939
-0.130897
-0.129838
-0.128733
-0.127556
-0.12617
-0.124455
-0.122135
-0.118997
-0.114651
-0.108876
-0.101312
-0.0919327
-0.080595
-0.0676669
-0.0532884
-0.038256
-0.0227037
-0.00766994
-0.0934318
-0.0991897
-0.102602
-0.105022
-0.107455
-0.110124
-0.112845
-0.115414
-0.117754
-0.119874
-0.1218
-0.123539
-0.125074
-0.126387
-0.127461
-0.128287
-0.12886
-0.129183
-0.129258
-0.129104
-0.128735
-0.128187
-0.127481
-0.12666
-0.125735
-0.124734
-0.123618
-0.122389
-0.120889
-0.119026
-0.116555
-0.113306
-0.10893
-0.10326
-0.0959587
-0.0870437
-0.0763323
-0.064212
-0.0506888
-0.036579
-0.0218097
-0.00747555
-0.0845336
-0.0901573
-0.0936988
-0.0963243
-0.0989261
-0.101717
-0.104545
-0.10723
-0.109699
-0.111953
-0.114017
-0.115895
-0.117578
-0.11905
-0.120294
-0.121302
-0.122069
-0.122596
-0.122884
-0.122945
-0.12279
-0.122443
-0.121918
-0.121247
-0.120432
-0.119494
-0.118394
-0.117119
-0.115538
-0.113569
-0.110995
-0.107681
-0.103317
-0.0977799
-0.090757
-0.0822967
-0.072192
-0.0608313
-0.0481289
-0.0348818
-0.0208893
-0.00723352
-0.0761091
-0.0815584
-0.0851685
-0.0879441
-0.0906743
-0.0935582
-0.0964681
-0.0992455
-0.101819
-0.104189
-0.106372
-0.108376
-0.110192
-0.111806
-0.113204
-0.114377
-0.115319
-0.11603
-0.116509
-0.116764
-0.1168
-0.116635
-0.116275
-0.115744
-0.115035
-0.114163
-0.113089
-0.111795
-0.110164
-0.108129
-0.105497
-0.102161
-0.0978452
-0.0924648
-0.08573
-0.0777111
-0.0681891
-0.0575401
-0.0456199
-0.0331811
-0.0199506
-0.00695779
-0.0681594
-0.0734062
-0.0770353
-0.0799116
-0.0827312
-0.0856778
-0.0886436
-0.0914878
-0.0941433
-0.0966062
-0.0988908
-0.101003
-0.102936
-0.104676
-0.10621
-0.10753
-0.108629
-0.109505
-0.110155
-0.110584
-0.110792
-0.110792
-0.110583
-0.110182
-0.109577
-0.108777
-0.10774
-0.106449
-0.104799
-0.102735
-0.100084
-0.0967637
-0.0925293
-0.0873247
-0.0808846
-0.073293
-0.0643287
-0.0543469
-0.0431688
-0.0314899
-0.0190015
-0.00665962
-0.0606815
-0.065706
-0.0693131
-0.0722471
-0.0751201
-0.0781002
-0.081096
-0.0839819
-0.0866954
-0.0892297
-0.0915954
-0.0937974
-0.0958284
-0.097677
-0.0993302
-0.10078
-0.102017
-0.10304
-0.103842
-0.104427
-0.104789
-0.104938
-0.104868
-0.104589
-0.104086
-0.103362
-0.102375
-0.101108
-0.099466
-0.0974059
-0.0947704
-0.0914986
-0.087373
-0.0823606
-0.0762196
-0.0690418
-0.0606105
-0.0512554
-0.0407804
-0.0298185
-0.0180495
-0.00634773
-0.0536672
-0.058456
-0.0620079
-0.0649627
-0.067857
-0.0708435
-0.0738446
-0.0767484
-0.0794966
-0.0820801
-0.0845063
-0.0867786
-0.0888898
-0.0908288
-0.092583
-0.0941436
-0.0955014
-0.0966526
-0.0975895
-0.0983121
-0.0988133
-0.0990974
-0.0991547
-0.0989915
-0.0985876
-0.0979442
-0.097017
-0.0957923
-0.0941829
-0.0921537
-0.089564
-0.0863691
-0.0823761
-0.0775694
-0.0717303
-0.0649534
-0.0570316
-0.0482673
-0.0384583
-0.0281754
-0.0171014
-0.00602876
-0.0471035
-0.0516492
-0.0551196
-0.058064
-0.0609517
-0.0639205
-0.0669042
-0.0698036
-0.0725643
-0.0751756
-0.0776419
-0.079965
-0.0821377
-0.0841489
-0.0859861
-0.0876399
-0.0891005
-0.0903625
-0.0914169
-0.0922612
-0.092886
-0.093292
-0.0934667
-0.093412
-0.0931056
-0.0925457
-0.0916885
-0.0905214
-0.0889646
-0.0869899
-0.0844716
-0.0813775
-0.0775369
-0.072947
-0.067411
-0.0610233
-0.0535889
-0.045383
-0.0362052
-0.0265671
-0.0161633
-0.00570765
-0.0409746
-0.0452746
-0.0486429
-0.051551
-0.0544084
-0.0573384
-0.0602849
-0.0631597
-0.0659126
-0.0685314
-0.0710183
-0.0733734
-0.0755891
-0.0776546
-0.079557
-0.0812865
-0.0828326
-0.0841884
-0.0853438
-0.0862943
-0.0870285
-0.0875441
-0.0878264
-0.087874
-0.0876628
-0.0871888
-0.0864093
-0.0853124
-0.0838252
-0.0819249
-0.0794993
-0.076526
-0.0728539
-0.0684894
-0.0632563
-0.0572466
-0.050279
-0.0426026
-0.0340234
-0.0249989
-0.0152403
-0.0053881
-0.0352622
-0.0393176
-0.0425687
-0.0454196
-0.0482269
-0.0511005
-0.0539925
-0.056825
-0.0595517
-0.0621597
-0.0646489
-0.0670181
-0.0692593
-0.0713616
-0.0733121
-0.0751004
-0.0767153
-0.0781488
-0.0793897
-0.0804317
-0.0812618
-0.0818754
-0.082256
-0.0823996
-0.0822811
-0.0818945
-0.0811986
-0.0801821
-0.0787782
-0.0769688
-0.0746533
-0.0718169
-0.0683259
-0.0641934
-0.0592616
-0.0536193
-0.0470989
-0.0399257
-0.0319152
-0.0234753
-0.0143368
-0.00507286
-0.0299468
-0.0337619
-0.0368849
-0.0396621
-0.0424034
-0.0452061
-0.0480293
-0.0508044
-0.0534889
-0.0560695
-0.0585445
-0.0609113
-0.0631616
-0.0652844
-0.0672667
-0.0690978
-0.0707657
-0.0722616
-0.0735732
-0.0746927
-0.0756061
-0.0763068
-0.0767769
-0.0770103
-0.0769813
-0.0766827
-0.0760747
-0.0751464
-0.0738369
-0.0721313
-0.0699398
-0.0672529
-0.0639526
-0.0600563
-0.0554232
-0.0501377
-0.0440463
-0.0373521
-0.029882
-0.0219997
-0.0134562
-0.00476405
-0.0250081
-0.0285894
-0.0315774
-0.0342685
-0.0369312
-0.0396515
-0.0423945
-0.0450996
-0.0477285
-0.0502674
-0.0527134
-0.0550629
-0.0573073
-0.0594356
-0.0614347
-0.0632936
-0.0649997
-0.0665435
-0.067912
-0.0690961
-0.0700809
-0.0708582
-0.0714092
-0.0717262
-0.0717834
-0.0715721
-0.0710548
-0.0702206
-0.0690137
-0.067422
-0.0653649
-0.0628372
-0.0597342
-0.0560765
-0.0517382
-0.0467991
-0.0411191
-0.0348814
-0.0279252
-0.0205747
-0.0126017
-0.00446325
-0.0204257
-0.0237817
-0.0266308
-0.0292267
-0.0318015
-0.0344307
-0.0370846
-0.0397099
-0.0422718
-0.044757
-0.0471614
-0.0494805
-0.0517057
-0.0538259
-0.0558281
-0.057701
-0.0594319
-0.0610102
-0.0624227
-0.0636592
-0.0647043
-0.0655484
-0.0661722
-0.0665666
-0.066706
-0.0665808
-0.0661552
-0.0654188
-0.0643206
-0.06285
-0.060935
-0.0585732
-0.0556717
-0.0522528
-0.0482043
-0.0436009
-0.0383156
-0.0325133
-0.0260459
-0.0192027
-0.0117754
-0.00417168
-0.0161799
-0.01932
-0.0220292
-0.0245237
-0.0270041
-0.029536
-0.0320942
-0.0346322
-0.0371184
-0.03954
-0.0418921
-0.0441698
-0.0463642
-0.0484643
-0.0504574
-0.052332
-0.0540751
-0.055676
-0.0571206
-0.0583984
-0.0594933
-0.0603949
-0.0610836
-0.0615492
-0.0617665
-0.0617252
-0.0613911
-0.0607545
-0.0597689
-0.0584244
-0.0566561
-0.0544643
-0.0517662
-0.0485847
-0.0448199
-0.0405415
-0.0356344
-0.0302474
-0.024245
-0.0178852
-0.0109793
-0.0038903
-0.0122512
-0.015186
-0.0177562
-0.0201459
-0.0225275
-0.0249583
-0.0274166
-0.0298618
-0.0322657
-0.034616
-0.0369073
-0.0391343
-0.041288
-0.0433579
-0.0453313
-0.0471967
-0.0489411
-0.0505535
-0.0520196
-0.0533284
-0.0544636
-0.0554139
-0.05616
-0.0566906
-0.0569812
-0.0570209
-0.0567769
-0.0562397
-0.0553695
-0.0541537
-0.0525346
-0.0505145
-0.0480195
-0.0450724
-0.0415842
-0.0376194
-0.0330745
-0.0280834
-0.022523
-0.0166236
-0.0102148
-0.0036198
-0.00862149
-0.011362
-0.0137958
-0.0160793
-0.0183601
-0.0206877
-0.0230437
-0.0253928
-0.0277098
-0.0299831
-0.0322071
-0.034376
-0.0364811
-0.0385121
-0.0404568
-0.0423036
-0.0440398
-0.045654
-0.0471321
-0.0484626
-0.0496292
-0.0506202
-0.0514164
-0.052006
-0.0523652
-0.0524826
-0.0523266
-0.0518845
-0.0511326
-0.0500462
-0.0485766
-0.0467278
-0.0444336
-0.0417165
-0.0384967
-0.034834
-0.0306353
-0.0260213
-0.0208806
-0.0154189
-0.00948313
-0.00336076
-0.00527335
-0.00783096
-0.0101324
-0.01231
-0.0144896
-0.0167138
-0.0189669
-0.0212183
-0.0234457
-0.0256382
-0.02779
-0.0298953
-0.0319456
-0.0339309
-0.0358394
-0.0376598
-0.0393795
-0.0409872
-0.0424689
-0.0438128
-0.0450029
-0.0460272
-0.0468666
-0.0475093
-0.0479321
-0.0481241
-0.0480568
-0.047724
-0.0470708
-0.0461098
-0.0447882
-0.0431083
-0.0410112
-0.038518
-0.0355576
-0.0321849
-0.0283164
-0.0240609
-0.0193181
-0.0142719
-0.00878518
-0.00311359
-0.00219075
-0.00457697
-0.00675114
-0.00882471
-0.0109043
-0.0130262
-0.0151773
-0.0173309
-0.0194675
-0.0215771
-0.0236537
-0.0256916
-0.0276825
-0.0296168
-0.0314832
-0.0332708
-0.0349673
-0.0365614
-0.0380395
-0.0393896
-0.0405961
-0.0416467
-0.0425229
-0.0432127
-0.0436938
-0.0439549
-0.0439687
-0.0437247
-0.0431855
-0.0423503
-0.0411745
-0.0396604
-0.0377549
-0.0354786
-0.0327675
-0.0296722
-0.0261178
-0.0222024
-0.0178362
-0.0131833
-0.00812174
-0.00287864
0.000641144
-0.00158525
-0.00363812
-0.00561062
-0.00759252
-0.00961463
-0.0116656
-0.0137229
-0.0157691
-0.0177951
-0.019795
-0.0217632
-0.0236917
-0.0255713
-0.0273913
-0.0291412
-0.030809
-0.0323837
-0.033852
-0.0352021
-0.0364186
-0.0374894
-0.0383965
-0.0391277
-0.0396616
-0.0399866
-0.0400769
-0.0399222
-0.0394897
-0.0387761
-0.0377416
-0.0363883
-0.034668
-0.0326001
-0.0301276
-0.0272964
-0.0240398
-0.0204462
-0.0164352
-0.0121538
-0.00749349
-0.00265618
0.00323578
0.00115774
-0.000780392
-0.00265581
-0.00454342
-0.00646909
-0.00842327
-0.0103866
-0.0123441
-0.0142871
-0.0162103
-0.0181078
-0.0199723
-0.0217949
-0.0235656
-0.0252741
-0.0269091
-0.0284599
-0.0299135
-0.0312583
-0.0324795
-0.033565
-0.0344974
-0.0352645
-0.0358459
-0.03623
-0.0363922
-0.0363229
-0.035992
-0.0353949
-0.0344958
-0.0332967
-0.0317539
-0.029885
-0.0276393
-0.0250586
-0.0220832
-0.0187929
-0.015116
-0.0111841
-0.00690107
-0.00244646
0.00560528
0.00366423
0.00183379
5.07276e-05
-0.00174684
-0.00358034
-0.00544177
-0.00731468
-0.00918605
-0.0110481
-0.0128956
-0.014723
-0.0165231
-0.0182877
-0.0200073
-0.0216722
-0.0232716
-0.024795
-0.02623
-0.0275653
-0.0287866
-0.0298819
-0.0308347
-0.0316327
-0.0322565
-0.0326947
-0.0329239
-0.0329348
-0.0326996
-0.0322134
-0.031443
-0.0303905
-0.0290163
-0.0273363
-0.0253049
-0.0229604
-0.0202492
-0.0172434
-0.0138794
-0.010275
-0.00634512
-0.00224971
0.00776034
0.00594508
0.00421494
0.00251885
0.000806405
-0.000939926
-0.00271342
-0.00450025
-0.00628917
-0.00807319
-0.00984718
-0.0116059
-0.0133425
-0.0150494
-0.0167175
-0.0183376
-0.0198996
-0.0213933
-0.0228068
-0.0241293
-0.025347
-0.0264481
-0.0274168
-0.0282412
-0.0289025
-0.0293897
-0.0296807
-0.0297661
-0.0296203
-0.0292384
-0.0285893
-0.0276749
-0.0264595
-0.0249572
-0.023127
-0.0210036
-0.0185394
-0.0157991
-0.0127266
-0.00942725
-0.00582633
-0.00206619
0.0097102
0.0080097
0.00637218
0.0047572
0.00312436
0.00145962
-0.00023142
-0.00193722
-0.00364815
-0.00535789
-0.00706156
-0.0087541
-0.0104292
-0.0120795
-0.0136967
-0.0152722
-0.016796
-0.0182588
-0.019649
-0.0209563
-0.0221673
-0.0232709
-0.0242517
-0.0250981
-0.0257924
-0.0263235
-0.0266708
-0.0268248
-0.0267618
-0.0264769
-0.025941
-0.0251555
-0.0240881
-0.0227516
-0.0211087
-0.0191909
-0.0169558
-0.0144617
-0.0116588
-0.00864207
-0.0053455
-0.00189615
0.0114627
0.00986605
0.00831325
0.00677307
0.00521385
0.00362461
0.00201
0.000379544
-0.00125855
-0.00289859
-0.00453595
-0.00616579
-0.00778213
-0.0093782
-0.0109461
-0.0124778
-0.0139639
-0.0153954
-0.0167614
-0.0180519
-0.0192542
-0.0203575
-0.0213471
-0.0222117
-0.0229346
-0.0235048
-0.0239028
-0.0241193
-0.0241315
-0.0239362
-0.0235047
-0.0228383
-0.0219076
-0.020724
-0.019254
-0.0175256
-0.0155012
-0.0132333
-0.0106781
-0.00792078
-0.00490353
-0.00173992
0.013024
0.0115205
0.0100443
0.00857225
0.00708024
0.00555997
0.00401526
0.00245393
0.000882898
-0.00069271
-0.00226851
-0.00383987
-0.00540118
-0.00694609
-0.00846724
-0.00995699
-0.0114066
-0.0128074
-0.0141491
-0.0154221
-0.0166142
-0.0177151
-0.0187108
-0.0195903
-0.0203377
-0.0209423
-0.0213858
-0.0216592
-0.0217418
-0.0216247
-0.0212877
-0.0207299
-0.0199239
-0.0188799
-0.0175673
-0.0160116
-0.0141788
-0.0121168
-0.00978653
-0.00726506
-0.00450155
-0.00159787
0.0143986
0.0129774
0.0115697
0.0101588
0.00872718
0.00726894
0.0057872
0.00428825
0.00277795
0.00126089
-0.00025877
-0.00177661
-0.00328733
-0.00478498
-0.00626268
-0.00771324
-0.00912839
-0.0104999
-0.011818
-0.0130734
-0.0142547
-0.0153518
-0.0163513
-0.0172427
-0.0180107
-0.018645
-0.0191281
-0.019451
-0.0195933
-0.0195493
-0.0192976
-0.0188377
-0.018144
-0.0172254
-0.0160543
-0.0146537
-0.012993
-0.0111156
-0.00898698
-0.00667698
-0.00414089
-0.00147046
0.0155893
0.0142399
0.012892
0.0115349
0.0101566
0.00875308
0.00732692
0.00588317
0.00442673
0.00296174
0.00149216
2.22181e-05
-0.00144307
-0.00289811
-0.00433645
-0.0057513
-0.00713485
-0.00847924
-0.0097752
-0.0110138
-0.0121842
-0.0132766
-0.0142782
-0.0151789
-0.015964
-0.0166234
-0.0171405
-0.0175065
-0.0177021
-0.0177217
-0.0175447
-0.0171708
-0.016576
-0.0157681
-0.0147217
-0.0134578
-0.0119487
-0.010234
-0.00828286
-0.00615908
-0.00382316
-0.00135823
0.0165966
0.0153081
0.0140114
0.0127005
0.0113679
0.0100114
0.00863302
0.00723681
0.00582685
0.00440691
0.00298076
0.00155247
0.000126807
-0.00129096
-0.00269473
-0.00407808
-0.00543358
-0.00675374
-0.00802968
-0.00925287
-0.0104128
-0.0115002
-0.0125027
-0.0134104
-0.0142094
-0.0148898
-0.0154355
-0.0158379
-0.0160791
-0.0161531
-0.0160401
-0.0157397
-0.0152297
-0.0145169
-0.0135777
-0.0124312
-0.0110522
-0.00947716
-0.00767843
-0.00571447
-0.00355035
-0.00126188
0.0174193
0.0161806
0.014926
0.0136532
0.0123584
0.0110407
0.00970185
0.00834497
0.00697355
0.00559103
0.00420103
0.00280749
0.00141495
2.8437e-05
-0.00134626
-0.00270301
-0.00403474
-0.00533422
-0.00659296
-0.00780271
-0.0089534
-0.0100359
-0.0110385
-0.0119514
-0.0127613
-0.0134584
-0.0140274
-0.0144597
-0.0147382
-0.0148568
-0.0147967
-0.0145569
-0.014117
-0.0134827
-0.0126321
-0.0115827
-0.0103114
-0.0088517
-0.00717889
-0.00534702
-0.00332485
-0.00118222
0.0180526
0.0168525
0.0156306
0.0143874
0.013122
0.0118344
0.0105262
0.00919996
0.00785857
0.00650526
0.00514351
0.00377715
0.00241058
0.00104862
-0.000303188
-0.00163894
-0.00295182
-0.00423485
-0.00547982
-0.00667871
-0.00782176
-0.0089001
-0.0099023
-0.0108189
-0.0116369
-0.0123467
-0.0129335
-0.0133888
-0.0136961
-0.0138492
-0.0138301
-0.0136375
-0.0132519
-0.0126787
-0.011897
-0.0109231
-0.00973541
-0.00836551
-0.00679065
-0.00506144
-0.00314962
-0.00112023
0.0184875
0.0173143
0.0161149
0.0148922
0.0136471
0.0123805
0.0110936
0.00978867
0.00846819
0.00713523
0.00579319
0.00444584
0.00309744
0.00175268
0.000416938
-0.000904047
-0.00220364
-0.00347503
-0.00471021
-0.00590132
-0.00703884
-0.00811405
-0.00911577
-0.0100347
-0.0108581
-0.0115766
-0.0121755
-0.0126467
-0.0129738
-0.0131507
-0.0131599
-0.0129999
-0.0126519
-0.012121
-0.0113872
-0.0104656
-0.00933607
-0.00802838
-0.0065216
-0.00486355
-0.0030284
-0.00107714
0.0187199
0.0175592
0.0163708
0.0151582
0.0139233
0.0126672
0.0113911
0.0100969
0.00878709
0.00746453
0.00613262
0.00479504
0.00345602
0.00212016
0.000792758
-0.000520549
-0.00181322
-0.00307854
-0.00430859
-0.00549562
-0.00663023
-0.00770376
-0.00870521
-0.00962534
-0.0104515
-0.0111744
-0.0117798
-0.0122591
-0.0125965
-0.0127858
-0.0128099
-0.0126667
-0.0123386
-0.0118296
-0.011121
-0.0102265
-0.00912766
-0.00785213
-0.00638145
-0.0047601
-0.00296573
-0.0010544
-0.161615
-0.164838
-0.167867
-0.170828
-0.173913
-0.177332
-0.18166
-0.186393
-0.196007
-0.150312
-0.15456
-0.158841
-0.163276
-0.168117
-0.173226
-0.179452
-0.184134
-0.194061
-0.139718
-0.144803
-0.149946
-0.155072
-0.160366
-0.165202
-0.17092
-0.174419
-0.183687
-0.128779
-0.133982
-0.139122
-0.144036
-0.149075
-0.153624
-0.159411
-0.163606
-0.172421
-0.117523
-0.122628
-0.127716
-0.132675
-0.137935
-0.142898
-0.148889
-0.153559
-0.161086
-0.106796
-0.111929
-0.117116
-0.12223
-0.127553
-0.13254
-0.138078
-0.142741
-0.149206
-0.0967845
-0.101864
-0.106955
-0.111936
-0.11699
-0.121808
-0.126982
-0.1318
-0.137655
-0.0872444
-0.0921363
-0.0970138
-0.10182
-0.106689
-0.111474
-0.116465
-0.12132
-0.126667
-0.0782092
-0.082915
-0.0876208
-0.0923038
-0.0970229
-0.101699
-0.106442
-0.111156
-0.116127
-0.0697834
-0.0743048
-0.0788237
-0.0833259
-0.0878301
-0.0923141
-0.0968236
-0.101381
-0.106093
-0.0619217
-0.0662281
-0.0705269
-0.0748165
-0.0791071
-0.0834045
-0.0877177
-0.0920955
-0.0965644
-0.0545803
-0.0586639
-0.0627445
-0.0668262
-0.0709114
-0.075009
-0.0791113
-0.0832753
-0.0875051
-0.0477504
-0.0516142
-0.0554778
-0.0593445
-0.063213
-0.0670939
-0.0709783
-0.0749234
-0.0789198
-0.0414056
-0.0450493
-0.0486933
-0.0523412
-0.0559919
-0.0596569
-0.0633263
-0.0670515
-0.0708125
-0.0355142
-0.0389413
-0.0423698
-0.0458033
-0.0492406
-0.0526916
-0.0561458
-0.0596499
-0.0631767
-0.03005
-0.0332675
-0.0364868
-0.039711
-0.0429385
-0.0461787
-0.0494205
-0.0527078
-0.0560063
-0.024986
-0.0280014
-0.0310185
-0.03404
-0.0370642
-0.0400999
-0.043136
-0.0462129
-0.0492908
-0.0202955
-0.0231175
-0.0259409
-0.0287679
-0.0315971
-0.0344362
-0.0372741
-0.0401483
-0.043015
-0.015953
-0.0185912
-0.0212301
-0.0238718
-0.0265147
-0.0291659
-0.0318145
-0.0344949
-0.0371613
-0.0119348
-0.0143988
-0.0168629
-0.0193289
-0.021795
-0.0242677
-0.0267365
-0.0292331
-0.0317105
-0.00821802
-0.0105179
-0.0128171
-0.0151171
-0.0174163
-0.0197204
-0.0220194
-0.0243424
-0.0266425
-0.00692714
-0.00907133
-0.0112153
-0.0133575
-0.015503
-0.0176424
-0.0198022
-0.0219366
-0.00360726
-0.00560613
-0.00760383
-0.00959882
-0.0115957
-0.0135856
-0.0155926
-0.0175727
-0.000539987
-0.00240305
-0.00426404
-0.00612153
-0.00797953
-0.0098299
-0.0116943
-0.0135312
0.00229186
0.000555346
-0.0011783
-0.00290772
-0.00463642
-0.00635697
-0.00808879
-0.00979325
0.00490359
0.0032847
0.00166939
5.89127e-05
-0.00154972
-0.00314984
-0.00475873
-0.00634091
0.0073096
0.00579972
0.00429405
0.00279373
0.00129622
-0.000192529
-0.00168777
-0.00315742
0.00952275
0.00811363
0.00670925
0.00531065
0.0039157
0.00252963
0.0011391
-0.000227238
0.0115547
0.0102385
0.00892738
0.00762241
0.00632178
0.00503008
0.00373573
0.00246396
0.0134159
0.0121849
0.0109595
0.00974042
0.00852625
0.00732097
0.00611464
0.00492915
0.0151156
0.0139627
0.0128155
0.0116749
0.0105397
0.00941319
0.00828707
0.00718
0.0166619
0.01558
0.0145041
0.0134349
0.0123713
0.0113164
0.010263
0.00922684
0.0180617
0.0170442
0.0160328
0.015028
0.0140292
0.0130387
0.0120509
0.0110785
0.019321
0.0183614
0.0174078
0.0164609
0.0155201
0.0145873
0.0136581
0.0127427
0.0204444
0.0195364
0.0186343
0.0177388
0.0168494
0.0159678
0.0150903
0.0142252
0.0214352
0.0205724
0.0197156
0.0188652
0.0180209
0.017184
0.0163518
0.0155304
0.0222959
0.0214724
0.0206546
0.019843
0.0190374
0.0182388
0.0174453
0.0166613
0.0230266
0.0222361
0.0214512
0.0206722
0.019899
0.0191324
0.018371
0.017618
0.0236279
0.0228643
0.0221059
0.021353
0.0206057
0.0198645
0.0191286
0.0183999
0.0240947
0.0233518
0.0226137
0.0218806
0.0211528
0.0204305
0.0197133
0.0190024
0.0244234
0.0236939
0.0229689
0.0222485
0.0215329
0.0208224
0.0201167
0.0194165
0.024614
0.023892
0.0231737
0.0224592
0.0217486
0.0210421
0.0203396
0.0196412
0.0242251
0.0235031
0.0227848
0.0220705
0.0213602
0.0206541
0.0199521
0.0192544
0.0240308
0.0233011
0.022576
0.0218556
0.0211401
0.0204298
0.0197246
0.0190248
0.023695
0.0229515
0.022213
0.0214797
0.0207516
0.0200293
0.0193122
0.0186014
0.0232179
0.0224533
0.0216941
0.0209404
0.0201925
0.0194508
0.0187144
0.0179854
0.0226035
0.0218116
0.0210253
0.0202449
0.0194704
0.0187027
0.0179402
0.0171862
0.0218574
0.0210317
0.0202118
0.0193981
0.0185905
0.0177899
0.0169945
0.0162086
0.0209791
0.0201133
0.0192535
0.0184
0.0175528
0.016713
0.0158779
0.0150536
0.0199691
0.0190569
0.0181508
0.0172512
0.0163578
0.0154722
0.0145907
0.0137214
0.018825
0.0178601
0.0169013
0.0159491
0.015003
0.0140649
0.0131302
0.0122092
0.0175439
0.0165198
0.0155018
0.0144903
0.0134848
0.0124875
0.0114927
0.0105132
0.016122
0.0150321
0.0139481
0.0128705
0.0117986
0.0107351
0.00967306
0.00862801
0.0145537
0.0133911
0.0122341
0.0110835
0.00993804
0.00880119
0.00766443
0.00654645
0.0128326
0.0115902
0.0103531
0.00912205
0.00789572
0.00667802
0.00545891
0.00426036
0.0122861
0.0109514
0.0096218
0.00829704
0.00697808
0.00566313
0.00435681
0.00304737
0.00176022
0.0103306
0.00890148
0.00747696
0.00605678
0.00464201
0.00323045
0.00182741
0.000419325
-0.000964825
0.00820472
0.00667318
0.00514577
0.00362211
0.00210334
0.000586843
-0.000921342
-0.00243672
-0.0039267
0.00589778
0.00425563
0.00261706
0.00098151
-0.000649766
-0.00227983
-0.00390191
-0.00553357
-0.00713862
0.00339813
0.00163686
-0.000121488
-0.00187763
-0.0036302
-0.00538278
-0.00712782
-0.00888507
-0.0106149
0.000692597
-0.0011966
-0.00308359
-0.00496929
-0.00685223
-0.00873652
-0.0106139
-0.0125063
-0.0143709
-0.00223302
-0.00425924
-0.00628402
-0.00830848
-0.0103311
-0.0123565
-0.0143757
-0.0164131
-0.018423
-0.00539467
-0.00756717
-0.00973906
-0.0119117
-0.0140834
-0.0162596
-0.0184304
-0.0206227
-0.0227885
-0.00880972
-0.0111379
-0.0134663
-0.0157965
-0.0181269
-0.0204634
-0.0227955
-0.0251527
-0.0274855
-0.0124964
-0.0149898
-0.0174842
-0.0199816
-0.0224801
-0.0249865
-0.0274896
-0.0300216
-0.0325323
-0.016475
-0.0191431
-0.0218131
-0.0244869
-0.027163
-0.0298484
-0.032532
-0.0352483
-0.0379477
-0.0207678
-0.02362
-0.0264744
-0.0293337
-0.032196
-0.0350694
-0.0379421
-0.0408517
-0.0437502
-0.0253982
-0.0284431
-0.0314907
-0.0345437
-0.0376004
-0.0406695
-0.0437393
-0.0468501
-0.0499572
-0.0303909
-0.0336366
-0.036885
-0.0401392
-0.0433975
-0.0466691
-0.0499424
-0.0532609
-0.0565848
-0.0357725
-0.0392257
-0.042681
-0.0461419
-0.0496071
-0.0530866
-0.0565687
-0.0600999
-0.0636468
-0.0415697
-0.0452364
-0.0489039
-0.0525756
-0.0562503
-0.0599392
-0.0636317
-0.0673781
-0.0711521
-0.0478089
-0.0516916
-0.0555741
-0.0594598
-0.0633469
-0.0672459
-0.0711469
-0.0751056
-0.0791057
-0.0545219
-0.0586192
-0.0627131
-0.0668074
-0.0709045
-0.0750126
-0.0791231
-0.0832911
-0.0875133
-0.0617356
-0.0660492
-0.0703543
-0.074649
-0.078943
-0.0832416
-0.0875525
-0.0919227
-0.0963702
-0.069459
-0.0739801
-0.078497
-0.0829952
-0.0874928
-0.091967
-0.096462
-0.100998
-0.105672
-0.0777373
-0.0824338
-0.0871278
-0.0917959
-0.0964967
-0.101151
-0.105865
-0.110541
-0.115457
-0.0866167
-0.0914896
-0.0963445
-0.101124
-0.105961
-0.110708
-0.115654
-0.120453
-0.125726
-0.0959924
-0.101042
-0.106099
-0.11104
-0.116049
-0.120813
-0.125924
-0.130665
-0.136424
-0.105834
-0.110924
-0.116063
-0.121122
-0.126384
-0.131301
-0.136759
-0.141324
-0.147674
-0.116391
-0.12144
-0.126466
-0.131354
-0.136532
-0.141405
-0.147295
-0.151847
-0.159241
-0.127476
-0.132613
-0.137678
-0.142508
-0.147449
-0.15189
-0.15755
-0.161605
-0.170264
-0.138235
-0.14324
-0.148295
-0.153322
-0.158507
-0.163223
-0.168804
-0.172154
-0.181249
-0.148651
-0.152802
-0.156977
-0.161296
-0.16601
-0.170984
-0.177062
-0.1816
-0.191364
-0.159818
-0.162938
-0.165853
-0.168691
-0.171644
-0.174923
-0.179101
-0.183681
-0.193132
0.0183342
0.0171752
0.0159891
0.0147794
0.013548
0.0122961
0.011025
0.00973667
0.00843369
0.00711908
0.00579629
0.00446917
0.00314204
0.00181963
0.000507359
-0.00078901
-0.00206282
-0.00330727
-0.00451434
-0.00567626
-0.00678358
-0.00782772
-0.00879774
-0.00968465
-0.010476
-0.011163
-0.0117317
-0.0121744
-0.012476
-0.0126312
-0.0126238
-0.0124531
-0.0121029
-0.0115781
-0.010862
-0.00996874
-0.00888196
-0.00762766
-0.00619046
-0.0046103
-0.00286941
-0.00101614
0.0180967
0.0169249
0.0157276
0.0145076
0.0132658
0.0120031
0.0107211
0.0094218
0.008108
0.00678284
0.00544983
0.00411286
0.00277633
0.00144505
0.00012455
-0.00117932
-0.00245978
-0.00370993
-0.00492164
-0.00608703
-0.00719651
-0.00824143
-0.00921067
-0.0100952
-0.0108823
-0.0115633
-0.012124
-0.0125568
-0.0128462
-0.0129873
-0.0129632
-0.0127741
-0.0124026
-0.0118549
-0.011113
-0.0101925
-0.00907558
-0.00779028
-0.00631897
-0.0047046
-0.00292626
-0.0010366
0.0176519
0.0164528
0.0152324
0.0139915
0.0127289
0.011445
0.0101412
0.00882025
0.00748522
0.00613941
0.00478647
0.00343035
0.00207558
0.000727148
-0.00060925
-0.00192756
-0.00322082
-0.00448191
-0.00570248
-0.00687447
-0.00798804
-0.00903434
-0.010002
-0.0108818
-0.0116609
-0.0123302
-0.0128755
-0.013289
-0.013555
-0.0136686
-0.0136128
-0.013388
-0.012976
-0.0123839
-0.011593
-0.0106199
-0.00944586
-0.00810062
-0.00656507
-0.00488451
-0.00303593
-0.00107523
0.0170043
0.0157658
0.0145121
0.013241
0.0119485
0.0106337
0.00929863
0.00794648
0.00658088
0.00520541
0.00382384
0.00244026
0.00105938
-0.000313591
-0.00167268
-0.00301157
-0.00432298
-0.00559954
-0.00683258
-0.00801374
-0.00913283
-0.0101808
-0.0111457
-0.0120184
-0.0127853
-0.0134375
-0.01396
-0.0143454
-0.0145772
-0.0146508
-0.0145489
-0.014272
-0.0138014
-0.013145
-0.0122833
-0.0112343
-0.00997812
-0.00854656
-0.00691882
-0.00514303
-0.00319379
-0.00113054
0.0161633
0.0148738
0.0135771
0.012267
0.0109359
0.00958146
0.00820601
0.00681369
0.00540878
0.0039952
0.0025769
0.00115812
-0.000256161
-0.00166046
-0.00304846
-0.00441347
-0.00574786
-0.00704389
-0.00829247
-0.0094849
-0.0106105
-0.0116599
-0.0126208
-0.0134836
-0.0142342
-0.0148637
-0.0153563
-0.0157048
-0.0158918
-0.0159135
-0.0157515
-0.0154071
-0.0148606
-0.0141212
-0.0131682
-0.0120215
-0.0106598
-0.00911739
-0.00737152
-0.00547376
-0.00339571
-0.00120115
0.015134
0.0137821
0.012433
0.0110755
0.00969756
0.00829499
0.00687058
0.00542959
0.00397712
0.00251752
0.00105493
-0.000406185
-0.00186058
-0.0033024
-0.0047249
-0.00612099
-0.00748256
-0.00880146
-0.0100681
-0.0112733
-0.012406
-0.0134563
-0.0144113
-0.0152611
-0.0159911
-0.0165919
-0.0170474
-0.0173501
-0.0174821
-0.0174398
-0.0172042
-0.0167772
-0.0161383
-0.015298
-0.0142342
-0.0129692
-0.0114798
-0.00980371
-0.00791552
-0.00587099
-0.00363815
-0.00128587
0.0139176
0.0124923
0.0110817
0.00966899
0.00823628
0.0067775
0.00529598
0.00379829
0.00229052
0.000777506
-0.00073636
-0.0022464
-0.00374702
-0.00523195
-0.00669394
-0.00812544
-0.00951778
-0.0108623
-0.0121489
-0.013368
-0.0145077
-0.0155577
-0.0165046
-0.0173379
-0.0180424
-0.0186085
-0.0190192
-0.0192673
-0.0193338
-0.0192156
-0.018893
-0.0183688
-0.0176213
-0.0166626
-0.0154693
-0.0140662
-0.0124284
-0.0105971
-0.00854392
-0.00632959
-0.00391787
-0.00138357
0.0125143
0.0110043
0.00952343
0.00804776
0.00655278
0.00503005
0.00348361
0.00192157
0.000351179
-0.00122218
-0.00279383
-0.00435886
-0.00591127
-0.00744433
-0.00895023
-0.0104209
-0.011847
-0.0132194
-0.0145272
-0.0157605
-0.0169066
-0.0179547
-0.0188905
-0.0197034
-0.0203771
-0.0209021
-0.0212603
-0.0214445
-0.0214349
-0.0212288
-0.0208058
-0.0201699
-0.0192979
-0.0182038
-0.0168628
-0.0153029
-0.0134967
-0.0114898
-0.00925043
-0.00684484
-0.00423193
-0.0014932
0.0109212
0.00931564
0.00775576
0.00620972
0.00464523
0.00305115
0.00143233
-0.000201315
-0.00184122
-0.00348136
-0.0051168
-0.00674232
-0.00835153
-0.00993714
-0.0114907
-0.0130036
-0.0144658
-0.0158676
-0.0171974
-0.0184446
-0.0195958
-0.0206398
-0.0215612
-0.0223491
-0.0229864
-0.0234631
-0.0237604
-0.0238714
-0.0237752
-0.0234691
-0.0229322
-0.0221699
-0.0211575
-0.0199114
-0.018405
-0.01667
-0.0146765
-0.0124746
-0.0100291
-0.0074123
-0.00457754
-0.0016138
0.00913447
0.00742203
0.00577463
0.00415106
0.00251015
0.000837613
-0.000860696
-0.0025728
-0.00428866
-0.00600156
-0.00770624
-0.0093972
-0.0110676
-0.0127095
-0.0143139
-0.0158715
-0.0173714
-0.0188035
-0.0201553
-0.0214155
-0.0225701
-0.023607
-0.0245102
-0.0252681
-0.0258626
-0.0262836
-0.0265112
-0.0265383
-0.0263434
-0.0259265
-0.0252626
-0.0243592
-0.0231903
-0.0217757
-0.0200867
-0.018159
-0.0159598
-0.0135447
-0.0108743
-0.00802774
-0.00495202
-0.00174442
0.00714837
0.0053177
0.00357436
0.00186641
0.000142475
-0.00161524
-0.00339977
-0.00519678
-0.00699454
-0.0087856
-0.0105644
-0.0123251
-0.0140604
-0.0157618
-0.0174195
-0.0190234
-0.0205622
-0.0220246
-0.0233978
-0.0246696
-0.0258249
-0.0268513
-0.0277317
-0.028454
-0.028999
-0.0293566
-0.0295053
-0.029439
-0.0291345
-0.0285925
-0.0277873
-0.026728
-0.025387
-0.0237876
-0.021899
-0.0197614
-0.017339
-0.0146935
-0.0117806
-0.00868706
-0.0053528
-0.00188415
0.00495558
0.00299518
0.00114767
-0.000651169
-0.0024643
-0.00431352
-0.00619054
-0.00807838
-0.00996343
-0.0118374
-0.0136945
-0.0155286
-0.0173319
-0.0190951
-0.0208078
-0.0224591
-0.0240369
-0.0255293
-0.0269224
-0.0282035
-0.0293565
-0.0303684
-0.0312209
-0.0319015
-0.0323898
-0.0326755
-0.032736
-0.0325652
-0.0321387
-0.0314585
-0.0304976
-0.0292674
-0.0277387
-0.0259383
-0.0238332
-0.0214692
-0.0188067
-0.0159143
-0.0127425
-0.00938621
-0.00577735
-0.00203213
0.00254757
0.000445756
-0.00151393
-0.00340971
-0.00531773
-0.00726427
-0.00923953
-0.0112235
-0.0132006
-0.0151616
-0.0171005
-0.0190108
-0.0208842
-0.0227109
-0.0244795
-0.0261784
-0.0277946
-0.0293157
-0.0307268
-0.0320144
-0.0331614
-0.0341541
-0.0349731
-0.0356054
-0.0360292
-0.0362342
-0.0361964
-0.03591
-0.0353486
-0.0345167
-0.0333856
-0.0319693
-0.0302366
-0.0282189
-0.0258809
-0.023274
-0.0203554
-0.0172007
-0.0137546
-0.0101212
-0.00622318
-0.00218747
-8.55295e-05
-0.00234061
-0.00442016
-0.00641839
-0.00842636
-0.0104754
-0.012554
-0.0146388
-0.0167118
-0.0187631
-0.0207863
-0.0227748
-0.0247197
-0.0266106
-0.0284351
-0.030181
-0.0318345
-0.0333823
-0.0348086
-0.0360992
-0.037236
-0.0382044
-0.0389837
-0.0395605
-0.0399116
-0.0400265
-0.0398798
-0.039467
-0.0387575
-0.0377599
-0.0364433
-0.034825
-0.032872
-0.0306206
-0.0280331
-0.0251677
-0.0219773
-0.018546
-0.0148116
-0.010888
-0.00668782
-0.00234934
-0.00295495
-0.00537522
-0.00758187
-0.00968732
-0.0117995
-0.0139555
-0.0161417
-0.018331
-0.020503
-0.0226469
-0.0247561
-0.0268237
-0.0288405
-0.0307952
-0.0326749
-0.0344664
-0.036155
-0.0377268
-0.039165
-0.0404547
-0.0415764
-0.0425149
-0.0432481
-0.043762
-0.0440316
-0.0440462
-0.0437784
-0.0432238
-0.0423571
-0.0411803
-0.0396625
-0.0378258
-0.0356358
-0.0331344
-0.0302811
-0.0271418
-0.0236648
-0.0199434
-0.0159079
-0.0116826
-0.00716883
-0.00251691
-0.00607303
-0.00867047
-0.0110108
-0.0132274
-0.0154472
-0.0177136
-0.0200107
-0.0223073
-0.0245802
-0.0268177
-0.0290133
-0.03116
-0.0332479
-0.0352653
-0.0371983
-0.0390331
-0.040754
-0.0423466
-0.0437928
-0.045077
-0.0461784
-0.0470812
-0.0477615
-0.0482046
-0.048384
-0.0482886
-0.0478895
-0.0471837
-0.0461413
-0.0447694
-0.0430345
-0.0409631
-0.038519
-0.0357509
-0.0326155
-0.0291873
-0.0254098
-0.021386
-0.017038
-0.0125011
-0.00766381
-0.00268939
-0.00945339
-0.0122399
-0.0147197
-0.01705
-0.0193796
-0.0217587
-0.0241689
-0.0265742
-0.0289487
-0.0312798
-0.033561
-0.0357853
-0.0379425
-0.0400203
-0.0420038
-0.0438787
-0.0456285
-0.0472377
-0.0486876
-0.0499614
-0.0510372
-0.051898
-0.0525184
-0.052883
-0.0529631
-0.0527477
-0.0522056
-0.0513342
-0.0501019
-0.0485193
-0.0465507
-0.0442275
-0.0415119
-0.0384604
-0.0350268
-0.0312953
-0.0272039
-0.0228668
-0.0181962
-0.0133395
-0.00817042
-0.00286602
-0.0131107
-0.0160978
-0.0187219
-0.0211672
-0.0236071
-0.0260999
-0.0286239
-0.031138
-0.0336132
-0.0360363
-0.0384008
-0.0407001
-0.0429235
-0.0450582
-0.0470886
-0.0489996
-0.0507739
-0.0523955
-0.0538442
-0.0551026
-0.0561471
-0.0569599
-0.0575134
-0.0577914
-0.0577631
-0.0574171
-0.0567199
-0.0556694
-0.0542323
-0.0524225
-0.0502027
-0.04761
-0.044605
-0.0412528
-0.0375049
-0.0334561
-0.0290386
-0.0243785
-0.0193769
-0.0141937
-0.00868644
-0.00304613
-0.0170608
-0.0202597
-0.0230311
-0.0255909
-0.0281402
-0.0307458
-0.0333828
-0.036004
-0.0385774
-0.0410891
-0.0435331
-0.0459032
-0.0481885
-0.0503755
-0.0524481
-0.0543905
-0.0561846
-0.0578136
-0.0592562
-0.0604941
-0.0615019
-0.0622605
-0.0627402
-0.0629238
-0.0627778
-0.0622904
-0.0614255
-0.060183
-0.0585256
-0.0564714
-0.0539818
-0.0511009
-0.0477878
-0.0441178
-0.0400394
-0.0356599
-0.030905
-0.0259136
-0.0205744
-0.0150601
-0.00920976
-0.00322911
-0.0213203
-0.0247414
-0.0276616
-0.0303332
-0.0329886
-0.0357043
-0.0384513
-0.0411761
-0.0438432
-0.0464384
-0.0489565
-0.0513917
-0.0537332
-0.0559669
-0.0580761
-0.0600445
-0.0618531
-0.0634845
-0.0649161
-0.0661284
-0.0670942
-0.0677929
-0.0681925
-0.0682743
-0.0680016
-0.0673621
-0.0663166
-0.0648679
-0.0629744
-0.0606579
-0.0578792
-0.0546906
-0.05105
-0.0470442
-0.0426192
-0.0378962
-0.0327937
-0.0274645
-0.021783
-0.0159351
-0.00973852
-0.0034145
-0.0259067
-0.0295593
-0.0326276
-0.0354054
-0.0381612
-0.040982
-0.0438339
-0.0466565
-0.0494108
-0.0520824
-0.0546673
-0.0571604
-0.0595509
-0.0618246
-0.0639641
-0.0659526
-0.0677703
-0.069399
-0.0708148
-0.071997
-0.072916
-0.0735499
-0.0738634
-0.0738364
-0.0734287
-0.072627
-0.0713887
-0.069718
-0.0675708
-0.0649735
-0.0618855
-0.0583687
-0.0543803
-0.0500205
-0.0452328
-0.0401542
-0.0346951
-0.0290236
-0.0229969
-0.0168151
-0.0102711
-0.00360199
-0.030838
-0.0347299
-0.0379425
-0.0408183
-0.0436659
-0.046584
-0.0495332
-0.0524454
-0.0552779
-0.0580167
-0.0606592
-0.0632015
-0.0656328
-0.0679388
-0.0701016
-0.0721039
-0.0739252
-0.0755464
-0.0769421
-0.0780902
-0.0789585
-0.0795233
-0.0797457
-0.0796038
-0.0790534
-0.0780797
-0.0766352
-0.0747269
-0.0723081
-0.0694103
-0.0659917
-0.062125
-0.0577674
-0.0530347
-0.0478681
-0.0424226
-0.0365992
-0.0305828
-0.0242109
-0.0176971
-0.0108063
-0.0037915
-0.0361325
-0.0402695
-0.0436195
-0.0465809
-0.0495084
-0.0525131
-0.0555493
-0.0585401
-0.0614395
-0.0642341
-0.0669233
-0.0695043
-0.0719671
-0.0742969
-0.0764754
-0.0784852
-0.0803047
-0.0819142
-0.0832863
-0.0843973
-0.0852122
-0.0857047
-0.085832
-0.0855696
-0.084869
-0.0837152
-0.0820511
-0.0798896
-0.0771801
-0.0739605
-0.0701884
-0.0659487
-0.0611993
-0.0560742
-0.0505124
-0.0446894
-0.0384958
-0.0321345
-0.0254194
-0.0185786
-0.0113433
-0.00398325
-0.0418085
-0.0461937
-0.0496698
-0.0527005
-0.0556922
-0.0587695
-0.0618792
-0.0649351
-0.0678874
-0.0707242
-0.0734471
-0.0760554
-0.078539
-0.0808836
-0.0830703
-0.0850813
-0.0868943
-0.0884884
-0.0898345
-0.0909068
-0.0916668
-0.0920854
-0.0921151
-0.0917278
-0.0908687
-0.0895193
-0.0876309
-0.0852011
-0.0821809
-0.0786168
-0.0744664
-0.069829
-0.0646639
-0.0591258
-0.0531525
-0.0469423
-0.0403741
-0.0336705
-0.0266174
-0.0194575
-0.011882
-0.00417785
-0.0478836
-0.0525166
-0.0561029
-0.0591816
-0.0622176
-0.0653501
-0.0685166
-0.0716209
-0.0746097
-0.0774729
-0.0802152
-0.0828377
-0.0853311
-0.087681
-0.0898682
-0.0918747
-0.093677
-0.0952535
-0.0965725
-0.097606
-0.0983114
-0.0986564
-0.0985876
-0.0980732
-0.0970521
-0.0955045
-0.0933712
-0.0906557
-0.0873042
-0.0833716
-0.0788166
-0.0737548
-0.0681486
-0.062176
-0.0557747
-0.0491684
-0.0422233
-0.0351829
-0.0278003
-0.0203324
-0.0124228
-0.0043764
-0.054374
-0.0592501
-0.0629249
-0.0660252
-0.0690812
-0.0722474
-0.075451
-0.0785841
-0.0815905
-0.0844624
-0.0872082
-0.0898312
-0.0923227
-0.0946685
-0.096849
-0.0988458
-0.100635
-0.102193
-0.103485
-0.104482
-0.105135
-0.105409
-0.105243
-0.1046
-0.103414
-0.101658
-0.099268
-0.0962493
-0.0925448
-0.0882179
-0.0832301
-0.077715
-0.0716405
-0.0652106
-0.0583647
-0.0513542
-0.0440321
-0.0366636
-0.0289637
-0.021203
-0.0129672
-0.00458068
-0.0612935
-0.066403
-0.0701383
-0.0732277
-0.0762748
-0.0794497
-0.0826672
-0.085807
-0.0888098
-0.0916712
-0.0944035
-0.0970125
-0.0994905
-0.101823
-0.10399
-0.105973
-0.107747
-0.109287
-0.110556
-0.11152
-0.112126
-0.112333
-0.112073
-0.111304
-0.10995
-0.107979
-0.10532
-0.101979
-0.0978982
-0.0931491
-0.0876979
-0.081698
-0.0751264
-0.0682147
-0.0609078
-0.0534857
-0.0457892
-0.0381046
-0.0301038
-0.0220693
-0.0135175
-0.00479327
-0.0686534
-0.07398
-0.0777405
-0.0807803
-0.0837846
-0.0869396
-0.0901452
-0.0932671
-0.0962434
-0.0990736
-0.101775
-0.104355
-0.106808
-0.109119
-0.111268
-0.113235
-0.114994
-0.116519
-0.117769
-0.118707
-0.119273
-0.11942
-0.119073
-0.11818
-0.116656
-0.114465
-0.111525
-0.107843
-0.10336
-0.0981588
-0.0922114
-0.0856924
-0.078593
-0.0711731
-0.063389
-0.055548
-0.0474831
-0.0394972
-0.0312174
-0.0229325
-0.0140772
-0.0050177
-0.0764603
-0.0819806
-0.0857228
-0.0886674
-0.0915905
-0.094694
-0.0978595
-0.100937
-0.103863
-0.10664
-0.109293
-0.111831
-0.114248
-0.11653
-0.118655
-0.120605
-0.122351
-0.123867
-0.125106
-0.126027
-0.126564
-0.126662
-0.126235
-0.125224
-0.123531
-0.121115
-0.117882
-0.113838
-0.108927
-0.10324
-0.0967615
-0.0896861
-0.0820262
-0.0740695
-0.0657926
-0.0575251
-0.049102
-0.0408323
-0.0323021
-0.023794
-0.0146512
-0.00525849
-0.0847156
-0.0903979
-0.0940686
-0.0968655
-0.0996652
-0.102684
-0.10578
-0.108786
-0.111636
-0.114339
-0.116926
-0.119408
-0.12178
-0.124026
-0.126125
-0.128058
-0.129797
-0.131309
-0.132548
-0.133465
-0.133985
-0.134047
-0.133552
-0.132431
-0.130574
-0.127927
-0.124387
-0.119961
-0.114593
-0.108386
-0.101338
-0.0936654
-0.0854111
-0.0768865
-0.0681023
-0.0594001
-0.0506339
-0.0420993
-0.0333556
-0.0246548
-0.0152454
-0.00552091
-0.0934175
-0.0992171
-0.102752
-0.105341
-0.107973
-0.110873
-0.113871
-0.116778
-0.119525
-0.122134
-0.124638
-0.127053
-0.129371
-0.131575
-0.133647
-0.135565
-0.137301
-0.138821
-0.140071
-0.140998
-0.141518
-0.141559
-0.14101
-0.13979
-0.137773
-0.13489
-0.13103
-0.126201
-0.120348
-0.113583
-0.105926
-0.0976146
-0.0887307
-0.0796054
-0.0703008
-0.0611545
-0.0520663
-0.0432856
-0.0343758
-0.0255141
-0.0158669
-0.00581043
-0.102557
-0.108413
-0.111732
-0.11405
-0.116471
-0.119222
-0.122092
-0.12487
-0.127491
-0.129985
-0.132392
-0.134727
-0.136982
-0.139141
-0.141183
-0.143089
-0.144829
-0.146366
-0.147641
-0.148593
-0.149131
-0.14917
-0.148582
-0.147273
-0.145104
-0.141983
-0.137792
-0.13254
-0.126172
-0.118813
-0.110506
-0.101514
-0.091965
-0.0822062
-0.07237
-0.0627695
-0.0533862
-0.0443765
-0.0353599
-0.0263675
-0.0165228
-0.00613151
-0.112112
-0.117936
-0.120947
-0.122929
-0.125105
-0.12768
-0.130393
-0.133012
-0.135481
-0.137841
-0.140137
-0.142382
-0.144564
-0.14667
-0.14868
-0.150576
-0.152325
-0.153888
-0.1552
-0.156195
-0.156768
-0.156824
-0.156217
-0.154835
-0.152518
-0.149157
-0.144629
-0.138937
-0.132028
-0.124042
-0.115049
-0.105337
-0.0950905
-0.0846683
-0.0742915
-0.0642268
-0.0545807
-0.0453553
-0.036304
-0.0272049
-0.0172196
-0.00648572
-0.122052
-0.127698
-0.130296
-0.131897
-0.133809
-0.136185
-0.138707
-0.141135
-0.143427
-0.145637
-0.147806
-0.149945
-0.152043
-0.154086
-0.156058
-0.157941
-0.159701
-0.161296
-0.162657
-0.163708
-0.164333
-0.164424
-0.163822
-0.162391
-0.159923
-0.156329
-0.151463
-0.145324
-0.137856
-0.129221
-0.119512
-0.109052
-0.0980807
-0.0869729
-0.0760485
-0.0655122
-0.0556374
-0.0462045
-0.0372016
-0.0280091
-0.0179617
-0.00686952
-0.132297
-0.137543
-0.139629
-0.140843
-0.142496
-0.14465
-0.146939
-0.14914
-0.151232
-0.153272
-0.155295
-0.157309
-0.159303
-0.161269
-0.16319
-0.165052
-0.166818
-0.168446
-0.169861
-0.17098
-0.171672
-0.171814
-0.171237
-0.169772
-0.167177
-0.163369
-0.158175
-0.151596
-0.143567
-0.134278
-0.123839
-0.112622
-0.100908
-0.0891057
-0.0776293
-0.0666193
-0.0565471
-0.0469096
-0.0380436
-0.0287559
-0.0187504
-0.00727202
-0.142635
-0.147183
-0.148718
-0.149618
-0.151045
-0.152939
-0.154943
-0.156881
-0.158752
-0.160599
-0.162451
-0.164312
-0.166178
-0.168042
-0.169893
-0.171717
-0.173479
-0.175135
-0.176605
-0.177799
-0.178574
-0.178787
-0.178242
-0.176767
-0.174084
-0.170099
-0.164609
-0.157617
-0.149047
-0.139127
-0.127968
-0.116006
-0.103549
-0.091061
-0.0790305
-0.0675535
-0.0573059
-0.0474634
-0.0388183
-0.0294161
-0.0195833
-0.00767366
-0.152735
-0.156173
-0.157258
-0.158031
-0.159272
-0.160846
-0.162508
-0.164155
-0.165783
-0.16741
-0.169058
-0.170735
-0.172442
-0.174177
-0.175934
-0.1777
-0.179441
-0.181115
-0.182638
-0.183913
-0.184786
-0.185103
-0.184625
-0.18315
-0.180429
-0.17632
-0.170585
-0.163235
-0.154175
-0.143673
-0.131833
-0.119168
-0.105988
-0.092844
-0.0802609
-0.0683346
-0.0579181
-0.0478697
-0.0395127
-0.0299616
-0.0204538
-0.00804666
-0.162037
-0.163973
-0.164936
-0.165847
-0.1669
-0.168074
-0.169356
-0.170702
-0.172067
-0.173445
-0.174858
-0.176322
-0.177845
-0.179428
-0.181069
-0.18276
-0.184469
-0.186153
-0.187727
-0.189089
-0.190075
-0.190508
-0.190125
-0.188724
-0.186021
-0.181848
-0.175938
-0.168306
-0.158835
-0.147831
-0.135379
-0.12208
-0.108219
-0.0944705
-0.081342
-0.0689954
-0.0583986
-0.0481464
-0.0401148
-0.0303718
-0.0213503
-0.00835732
-0.169537
-0.170069
-0.171557
-0.172819
-0.173585
-0.174289
-0.175194
-0.176245
-0.177336
-0.178449
-0.179614
-0.180857
-0.182186
-0.18361
-0.185129
-0.186738
-0.188412
-0.190105
-0.191733
-0.193188
-0.194298
-0.194871
-0.194631
-0.193354
-0.190722
-0.186551
-0.180548
-0.172726
-0.162941
-0.151537
-0.138567
-0.124727
-0.11025
-0.0959654
-0.0823077
-0.0695786
-0.0587739
-0.0483244
-0.0406175
-0.0306407
-0.0222571
-0.00857043
-0.174594
-0.174346
-0.177131
-0.178709
-0.179022
-0.179255
-0.17983
-0.180602
-0.181422
-0.182282
-0.183218
-0.184256
-0.185408
-0.186684
-0.188091
-0.189627
-0.19127
-0.192977
-0.194663
-0.196216
-0.197458
-0.198186
-0.198117
-0.197
-0.194491
-0.190387
-0.184374
-0.176455
-0.166465
-0.154769
-0.141393
-0.127116
-0.112109
-0.0973652
-0.0832056
-0.0701355
-0.0590841
-0.0484474
-0.0410222
-0.0307817
-0.023156
-0.00865659
-0.177237
-0.177273
-0.18153
-0.183121
-0.182999
-0.182928
-0.183263
-0.183785
-0.184366
-0.185014
-0.185761
-0.186629
-0.187631
-0.188783
-0.190096
-0.191571
-0.193191
-0.194914
-0.196656
-0.198306
-0.199682
-0.200572
-0.20068
-0.199737
-0.197389
-0.193405
-0.187452
-0.17952
-0.169424
-0.157544
-0.143875
-0.129269
-0.113827
-0.0987045
-0.084082
-0.0707118
-0.0593732
-0.0485602
-0.041338
-0.0308206
-0.0240271
-0.00859612
-0.177888
-0.179797
-0.184412
-0.185777
-0.185574
-0.185463
-0.185654
-0.185976
-0.186373
-0.186865
-0.187473
-0.188213
-0.189102
-0.190159
-0.191396
-0.192818
-0.194409
-0.196132
-0.197906
-0.199621
-0.201104
-0.202151
-0.202456
-0.201618
-0.199408
-0.195549
-0.18969
-0.181804
-0.171688
-0.159728
-0.145886
-0.131073
-0.115313
-0.0999164
-0.0849003
-0.0712844
-0.0596471
-0.0486611
-0.0415709
-0.0307487
-0.0248486
-0.0083653
-0.193194
-0.188478
-0.18743
-0.187447
-0.186943
-0.186691
-0.186771
-0.186996
-0.187317
-0.187745
-0.188292
-0.188971
-0.1898
-0.190799
-0.19198
-0.19335
-0.194892
-0.196571
-0.19831
-0.200001
-0.201466
-0.202479
-0.202709
-0.201982
-0.199852
-0.196083
-0.19032
-0.18254
-0.172507
-0.160627
-0.146801
-0.131998
-0.116142
-0.100675
-0.0854551
-0.0717121
-0.0598713
-0.0487176
-0.0417184
-0.0305615
-0.0254672
-0.00801652
-0.19339
-0.190784
-0.188731
-0.188497
-0.188049
-0.187777
-0.187799
-0.187962
-0.188229
-0.188608
-0.189109
-0.189747
-0.190539
-0.191504
-0.192655
-0.193996
-0.195511
-0.197161
-0.198866
-0.200516
-0.201931
-0.202899
-0.203123
-0.202304
-0.200106
-0.196273
-0.190459
-0.18264
-0.172586
-0.160699
-0.146876
-0.132091
-0.116235
-0.100787
-0.0855213
-0.0717849
-0.0598541
-0.0486796
-0.041704
-0.0304025
-0.0258232
-0.00771688
-0.192436
-0.190999
-0.189052
-0.188868
-0.188588
-0.1884
-0.188445
-0.188612
-0.188873
-0.189243
-0.189732
-0.190357
-0.191138
-0.192091
-0.193229
-0.194555
-0.19605
-0.197672
-0.199342
-0.200945
-0.202303
-0.203198
-0.203283
-0.202444
-0.200158
-0.196239
-0.190357
-0.182483
-0.172404
-0.160511
-0.146714
-0.131968
-0.116158
-0.100767
-0.0855086
-0.071813
-0.0598135
-0.0486497
-0.0416438
-0.0302539
-0.0260928
-0.00739177
-0.19216
-0.190972
-0.189233
-0.189095
-0.188941
-0.188833
-0.188906
-0.189084
-0.18935
-0.189719
-0.190204
-0.190822
-0.191592
-0.192532
-0.193653
-0.194956
-0.196421
-0.198004
-0.199625
-0.201169
-0.202458
-0.203275
-0.203304
-0.202362
-0.200003
-0.196026
-0.190111
-0.182223
-0.172165
-0.160313
-0.146585
-0.131914
-0.116184
-0.100863
-0.0856285
-0.0719605
-0.0598844
-0.048698
-0.0416185
-0.0301262
-0.0263234
-0.00703787
-0.191789
-0.190731
-0.189321
-0.189258
-0.189202
-0.189168
-0.189272
-0.189465
-0.189738
-0.190108
-0.190589
-0.191199
-0.191956
-0.192877
-0.193973
-0.195243
-0.196665
-0.198195
-0.199752
-0.201222
-0.202427
-0.203155
-0.203117
-0.20208
-0.199653
-0.195632
-0.189707
-0.181838
-0.171841
-0.160071
-0.146457
-0.131902
-0.11629
-0.101063
-0.0858732
-0.0722276
-0.0600715
-0.0488301
-0.0416373
-0.0300199
-0.0265158
-0.00664999
-0.191394
-0.190401
-0.189345
-0.18936
-0.189379
-0.189411
-0.189549
-0.189761
-0.190046
-0.190419
-0.190898
-0.191498
-0.19224
-0.193138
-0.194202
-0.195428
-0.196796
-0.198259
-0.199739
-0.201118
-0.202226
-0.202853
-0.202729
-0.201603
-0.199113
-0.19506
-0.189144
-0.18132
-0.171416
-0.159767
-0.146309
-0.131909
-0.116456
-0.10135
-0.0862331
-0.0726117
-0.0603762
-0.0490524
-0.0417047
-0.0299396
-0.0266625
-0.00622712
-0.191035
-0.190089
-0.189348
-0.189422
-0.189493
-0.18958
-0.189749
-0.189981
-0.190278
-0.190656
-0.191132
-0.191722
-0.192445
-0.193314
-0.194338
-0.195512
-0.196815
-0.198198
-0.199585
-0.200861
-0.201859
-0.202373
-0.202151
-0.200937
-0.19839
-0.194317
-0.188429
-0.180677
-0.1709
-0.159411
-0.146149
-0.131946
-0.116692
-0.101737
-0.0867202
-0.073127
-0.060813
-0.0493784
-0.0418335
-0.029892
-0.0267603
-0.00577049
-0.190718
-0.189818
-0.189343
-0.189454
-0.189561
-0.189691
-0.189887
-0.190137
-0.190445
-0.190827
-0.191299
-0.191876
-0.192575
-0.19341
-0.194387
-0.195499
-0.196724
-0.198015
-0.199296
-0.200454
-0.201329
-0.201722
-0.201393
-0.200091
-0.197492
-0.193411
-0.187572
-0.179919
-0.170301
-0.159012
-0.145988
-0.132023
-0.11701
-0.102238
-0.0873491
-0.0737898
-0.0613981
-0.0498233
-0.0420386
-0.0298834
-0.0268087
-0.0052822
-0.19046
-0.189575
-0.189324
-0.189461
-0.189594
-0.189757
-0.189974
-0.190239
-0.190556
-0.19094
-0.191405
-0.191965
-0.192637
-0.19343
-0.194351
-0.195391
-0.196527
-0.197714
-0.198876
-0.199904
-0.200644
-0.200906
-0.200465
-0.199073
-0.19643
-0.192354
-0.186581
-0.179055
-0.16963
-0.158579
-0.145834
-0.132151
-0.117421
-0.102865
-0.0881318
-0.0746147
-0.0621461
-0.0504017
-0.0423342
-0.0299198
-0.0268083
-0.00476514
-0.190268
-0.189346
-0.189282
-0.189443
-0.189596
-0.189785
-0.19002
-0.190296
-0.190619
-0.191002
-0.191456
-0.191996
-0.192633
-0.193379
-0.194235
-0.195193
-0.19623
-0.1973
-0.198331
-0.199218
-0.199813
-0.199937
-0.199379
-0.197897
-0.195217
-0.191157
-0.18547
-0.178095
-0.168895
-0.158123
-0.145693
-0.132338
-0.11793
-0.103627
-0.0890779
-0.0756146
-0.0630706
-0.0511268
-0.0427335
-0.030008
-0.0267606
-0.00422302
-0.189936
-0.189193
-0.189222
-0.189401
-0.189573
-0.189782
-0.190031
-0.190316
-0.190642
-0.19102
-0.19146
-0.191973
-0.192571
-0.193261
-0.194044
-0.194911
-0.195838
-0.196781
-0.197669
-0.198403
-0.198845
-0.198825
-0.198146
-0.196571
-0.193865
-0.189834
-0.184252
-0.177053
-0.168111
-0.157642
-0.145589
-0.132591
-0.11855
-0.104531
-0.0901954
-0.0768004
-0.0641836
-0.0520083
-0.0432531
-0.0301567
-0.0266696
-0.00366051
-0.18948
-0.189088
-0.189151
-0.189339
-0.189531
-0.189757
-0.190016
-0.190307
-0.190633
-0.191002
-0.191423
-0.191906
-0.192458
-0.193086
-0.193788
-0.194555
-0.195362
-0.196166
-0.196902
-0.197475
-0.197754
-0.197585
-0.196782
-0.195116
-0.192389
-0.188398
-0.182939
-0.175939
-0.167285
-0.157158
-0.145513
-0.132919
-0.119286
-0.105587
-0.0914997
-0.0781798
-0.0654862
-0.0530541
-0.043923
-0.0303615
-0.0265435
-0.00308327
-0.189147
-0.188965
-0.189065
-0.189267
-0.189478
-0.189717
-0.189985
-0.190278
-0.1906
-0.190958
-0.191356
-0.191802
-0.192303
-0.192861
-0.193475
-0.194133
-0.194811
-0.195468
-0.196042
-0.196445
-0.196556
-0.196233
-0.195302
-0.193549
-0.190806
-0.186866
-0.181545
-0.174768
-0.166428
-0.156679
-0.145478
-0.133329
-0.120143
-0.1068
-0.0929869
-0.0797611
-0.0669904
-0.0543045
-0.0447327
-0.0305596
-0.0263974
-0.00249508
-0.188887
-0.188835
-0.188976
-0.189193
-0.189421
-0.189672
-0.189946
-0.190239
-0.190555
-0.190896
-0.191267
-0.191672
-0.192116
-0.192598
-0.193116
-0.193657
-0.194198
-0.194699
-0.195104
-0.195329
-0.195266
-0.194785
-0.193726
-0.19189
-0.189133
-0.185255
-0.180087
-0.173554
-0.165554
-0.156215
-0.145493
-0.133828
-0.121124
-0.108174
-0.0946595
-0.081545
-0.068697
-0.0557408
-0.0456215
-0.0309159
-0.0262361
-0.00189165
-0.188668
-0.188714
-0.188893
-0.189127
-0.189371
-0.189632
-0.18991
-0.190201
-0.190507
-0.190828
-0.191168
-0.191527
-0.191907
-0.192308
-0.192723
-0.19314
-0.193536
-0.193875
-0.194103
-0.194144
-0.193903
-0.193261
-0.192072
-0.190158
-0.187391
-0.183584
-0.178583
-0.172313
-0.164677
-0.155776
-0.145565
-0.13442
-0.122234
-0.109708
-0.0965161
-0.0835282
-0.0706014
-0.0573647
-0.0466899
-0.0313722
-0.0260531
-0.00128161
-0.188489
-0.188615
-0.188829
-0.18908
-0.189337
-0.189607
-0.189887
-0.190174
-0.190467
-0.190765
-0.191069
-0.191378
-0.19169
-0.192003
-0.19231
-0.192597
-0.192842
-0.193011
-0.193056
-0.19291
-0.192485
-0.19168
-0.190362
-0.188372
-0.1856
-0.181872
-0.17705
-0.17106
-0.163809
-0.155374
-0.145702
-0.135109
-0.123471
-0.1114
-0.0985498
-0.0857022
-0.0726934
-0.0591459
-0.047881
-0.0318876
-0.0257853
-0.000783104
-0.18836
-0.18855
-0.188795
-0.189061
-0.189331
-0.189608
-0.189888
-0.190168
-0.190445
-0.190717
-0.190982
-0.191236
-0.191476
-0.191697
-0.19189
-0.192041
-0.19213
-0.192124
-0.191982
-0.191643
-0.191033
-0.190062
-0.188617
-0.186554
-0.183779
-0.180138
-0.175507
-0.169811
-0.162964
-0.155017
-0.145909
-0.135897
-0.124833
-0.113241
-0.100749
-0.0880528
-0.074957
-0.0610878
-0.049186
-0.0324768
-0.025557
-0.00027993
-0.18829
-0.188531
-0.188801
-0.189082
-0.189362
-0.189643
-0.189921
-0.190192
-0.190452
-0.190695
-0.190917
-0.191114
-0.191278
-0.191402
-0.191476
-0.191487
-0.191415
-0.191232
-0.190898
-0.190363
-0.189565
-0.188429
-0.186859
-0.184723
-0.18195
-0.178403
-0.173971
-0.168582
-0.162154
-0.154716
-0.146192
-0.136784
-0.126314
-0.115221
-0.103096
-0.0905603
-0.0773702
-0.0631666
-0.0506006
-0.0331468
-0.0253741
0.000276214
-0.188291
-0.188568
-0.188858
-0.189149
-0.189437
-0.18972
-0.189995
-0.190255
-0.190495
-0.190707
-0.190885
-0.19102
-0.191105
-0.191129
-0.191082
-0.19095
-0.190714
-0.190349
-0.189821
-0.189089
-0.188101
-0.186798
-0.185103
-0.1829
-0.180133
-0.176686
-0.17246
-0.167389
-0.161391
-0.154477
-0.146552
-0.137766
-0.127904
-0.117323
-0.105571
-0.0931993
-0.0799051
-0.065357
-0.0521079
-0.0338943
-0.0252355
0.00091941
-0.188368
-0.188668
-0.18897
-0.18927
-0.189562
-0.189846
-0.190115
-0.190363
-0.190581
-0.19076
-0.190891
-0.190964
-0.190967
-0.190889
-0.190718
-0.190441
-0.190039
-0.189491
-0.188768
-0.187837
-0.186659
-0.185189
-0.183363
-0.181105
-0.178348
-0.175005
-0.170991
-0.166246
-0.160686
-0.154306
-0.14699
-0.138838
-0.12959
-0.119529
-0.108146
-0.0959391
-0.0825172
-0.0676342
-0.0536862
-0.0347122
-0.0251481
0.00165319
)
;

boundaryField
{
    inlet
    {
        type            zeroGradient;
    }
    outlet
    {
        type            fixedValue;
        value           uniform 0;
    }
    cylinder
    {
        type            zeroGradient;
    }
    top
    {
        type            symmetryPlane;
    }
    bottom
    {
        type            symmetryPlane;
    }
    defaultFaces
    {
        type            empty;
    }
    procBoundary1to0
    {
        type            processor;
        value           nonuniform List<scalar> 
133
(
-0.201113
-0.201113
-0.203418
-0.205905
-0.207941
-0.207941
-0.210586
-0.211296
-0.211296
-0.210833
-0.210833
-0.213423
-0.211893
-0.211893
-0.209727
-0.209727
-0.206251
-0.206251
-0.200607
-0.200607
-0.189548
-0.189548
-0.17577
-0.17577
-0.186469
-0.173887
-0.173887
-0.199072
-0.19854
-0.19854
-0.204201
-0.204201
-0.207724
-0.207724
-0.209931
-0.209931
-0.211478
-0.208884
-0.208884
-0.209351
-0.209351
-0.208636
-0.206007
-0.206007
-0.20394
-0.201486
-0.201486
-0.158112
-0.145971
-0.134621
-0.123467
-0.112293
-0.101606
-0.0916594
-0.0822982
-0.0734719
-0.0652469
-0.057603
-0.0504896
-0.0438842
-0.037761
-0.0320873
-0.0268335
-0.0219716
-0.0174742
-0.0133151
-0.00947048
-0.00591724
-0.00478144
-0.00478144
-0.00160614
0.001326
0.00403194
0.0065266
0.00882407
0.0109369
0.0128763
0.0146524
0.0162742
0.0177496
0.0190851
0.0202865
0.0213584
0.0223036
0.023125
0.0238223
0.0243965
0.0248423
0.0251571
0.0253394
0.0249508
0.0247648
0.0244432
0.0239875
0.0234008
0.0226888
0.0218507
0.0208871
0.0197958
0.0185738
0.0172177
0.0157219
0.0140804
0.0140804
0.0136255
0.0117641
0.00974014
0.00754326
0.00516214
0.00258387
-0.000205443
-0.00322153
-0.00648166
-0.0100038
-0.0138082
-0.0179175
-0.0223552
-0.027147
-0.0323201
-0.0379026
-0.043924
-0.0504173
-0.0574088
-0.0649215
-0.0730071
-0.0816865
-0.0908935
-0.100682
-0.11121
-0.122223
-0.13321
-0.144397
-0.156409
)
;
    }
}


// ************************************************************************* //
