/*--------------------------------*- C++ -*----------------------------------*\
  =========                 |
  \\      /  F ield         | OpenFOAM: The Open Source CFD Toolbox
   \\    /   O peration     | Website:  https://openfoam.org
    \\  /    A nd           | Version:  7
     \\/     M anipulation  |
\*---------------------------------------------------------------------------*/
FoamFile
{
    version     2.0;
    format      ascii;
    class       volScalarField;
    location    "15";
    object      p;
}
// * * * * * * * * * * * * * * * * * * * * * * * * * * * * * * * * * * * * * //

dimensions      [0 2 -2 0 0 0 0];

internalField   nonuniform List<scalar> 
6386
(
-0.272797
-0.274882
-0.275867
-0.276684
-0.277422
-0.27812
-0.278815
-0.27953
-0.28028
-0.28111
-0.27301
-0.275067
-0.276037
-0.27684
-0.277564
-0.278247
-0.278926
-0.279622
-0.280348
-0.281133
-0.273434
-0.275434
-0.276375
-0.27715
-0.277846
-0.2785
-0.279144
-0.279803
-0.280481
-0.281176
-0.274058
-0.275977
-0.276873
-0.277607
-0.27826
-0.278868
-0.279461
-0.280062
-0.280667
-0.28122
-0.274871
-0.276686
-0.277524
-0.2782
-0.278794
-0.27934
-0.279861
-0.280383
-0.280893
-0.281244
-0.275858
-0.277548
-0.278315
-0.278919
-0.279438
-0.279902
-0.280331
-0.280747
-0.281144
-0.281216
-0.277
-0.278552
-0.279233
-0.27975
-0.280175
-0.28054
-0.280852
-0.281135
-0.281406
-0.281098
-0.278282
-0.279683
-0.280267
-0.280679
-0.280993
-0.281237
-0.281409
-0.281526
-0.281672
-0.280832
-0.279687
-0.28093
-0.281403
-0.281695
-0.281878
-0.281981
-0.281989
-0.281905
-0.281946
-0.280326
-0.281203
-0.282282
-0.282633
-0.282787
-0.282819
-0.282761
-0.282583
-0.282257
-0.282239
-0.279511
-0.28282
-0.283732
-0.283947
-0.283946
-0.283807
-0.283569
-0.283187
-0.282572
-0.282501
-0.278762
-0.284532
-0.285276
-0.285341
-0.285165
-0.284837
-0.284401
-0.283801
-0.282884
-0.282583
-0.277862
-0.28634
-0.286913
-0.286812
-0.286443
-0.285905
-0.285254
-0.284422
-0.283241
-0.282652
-0.27665
-0.288251
-0.288647
-0.288364
-0.28778
-0.287011
-0.286129
-0.285052
-0.283608
-0.282772
-0.275173
-0.290278
-0.29049
-0.290004
-0.289179
-0.288156
-0.287028
-0.285698
-0.284001
-0.282919
-0.273548
-0.292455
-0.291744
-0.290646
-0.289348
-0.287953
-0.286358
-0.28445
-0.283018
-0.271961
-0.294565
-0.293593
-0.292201
-0.290594
-0.28891
-0.287028
-0.284988
-0.282933
-0.270598
-0.296843
-0.295584
-0.29386
-0.291912
-0.289912
-0.287709
-0.285646
-0.282449
-0.269569
-0.297745
-0.295649
-0.293327
-0.29098
-0.28842
-0.286452
-0.281469
-0.269658
-0.300106
-0.297601
-0.294871
-0.292149
-0.289197
-0.287339
-0.280382
-0.27412
-0.299758
-0.296586
-0.293457
-0.290085
-0.288096
-0.279851
-0.285081
-0.298522
-0.294951
-0.291134
-0.288613
-0.280107
-0.283999
-0.300732
-0.296677
-0.292375
-0.289007
-0.280559
-0.281098
-0.298676
-0.29381
-0.289433
-0.280841
-0.278279
-0.295428
-0.28992
-0.280856
-0.275415
-0.290436
-0.280534
-0.272602
-0.279858
-0.26976
-0.266818
-0.278853
-0.266843
-0.279894
-0.269788
-0.29048
-0.280573
-0.272634
-0.295475
-0.289964
-0.280898
-0.275451
-0.298723
-0.293857
-0.28948
-0.280886
-0.278318
-0.300778
-0.296724
-0.292423
-0.289055
-0.280606
-0.281141
-0.298568
-0.294998
-0.291182
-0.288662
-0.280156
-0.284046
-0.299804
-0.296632
-0.293504
-0.290134
-0.288147
-0.279902
-0.285132
-0.300151
-0.297646
-0.294916
-0.292195
-0.289246
-0.287391
-0.280435
-0.274172
-0.297789
-0.295693
-0.293372
-0.291027
-0.288469
-0.286504
-0.281524
-0.269709
-0.296886
-0.295628
-0.293904
-0.291957
-0.289958
-0.287758
-0.285699
-0.282505
-0.26962
-0.294606
-0.293635
-0.292244
-0.290638
-0.288956
-0.287076
-0.285039
-0.282989
-0.270649
-0.292481
-0.292495
-0.291784
-0.290687
-0.28939
-0.287997
-0.286405
-0.284501
-0.283074
-0.272011
-0.290316
-0.290528
-0.290043
-0.289218
-0.288197
-0.287071
-0.285744
-0.28405
-0.282973
-0.273598
-0.288288
-0.288684
-0.288401
-0.287817
-0.28705
-0.28617
-0.285097
-0.283656
-0.282825
-0.275222
-0.286375
-0.286947
-0.286847
-0.286479
-0.285943
-0.285293
-0.284465
-0.283287
-0.282702
-0.276699
-0.284564
-0.285308
-0.285373
-0.285199
-0.284872
-0.284438
-0.283841
-0.282927
-0.282631
-0.277908
-0.282849
-0.283762
-0.283977
-0.283977
-0.28384
-0.283604
-0.283224
-0.282612
-0.282545
-0.278805
-0.28123
-0.282309
-0.28266
-0.282816
-0.282849
-0.282793
-0.282618
-0.282295
-0.282279
-0.279551
-0.279711
-0.280954
-0.281428
-0.281721
-0.281905
-0.28201
-0.28202
-0.281939
-0.281983
-0.280364
-0.278303
-0.279705
-0.280289
-0.280702
-0.281017
-0.281263
-0.281437
-0.281557
-0.281705
-0.280867
-0.277018
-0.27857
-0.279252
-0.27977
-0.280196
-0.280562
-0.280876
-0.281161
-0.281435
-0.281129
-0.275873
-0.277564
-0.278331
-0.278936
-0.279455
-0.279921
-0.280351
-0.28077
-0.281169
-0.281243
-0.274884
-0.276699
-0.277537
-0.278214
-0.278809
-0.279356
-0.279879
-0.280402
-0.280914
-0.281266
-0.274068
-0.275987
-0.276884
-0.277617
-0.278271
-0.27888
-0.279474
-0.280077
-0.280683
-0.281238
-0.273441
-0.275441
-0.276382
-0.277158
-0.277854
-0.278508
-0.279154
-0.279814
-0.280492
-0.281188
-0.273014
-0.275071
-0.276041
-0.276845
-0.277569
-0.278253
-0.278932
-0.279629
-0.280355
-0.281141
-0.272798
-0.274884
-0.275869
-0.276686
-0.277424
-0.278122
-0.278817
-0.279532
-0.280283
-0.281112
-0.282127
-0.283038
-0.284098
-0.285328
-0.286756
-0.288418
-0.29035
-0.29259
-0.295176
-0.298144
-0.301529
-0.305352
-0.309619
-0.314312
-0.319372
-0.324688
-0.33008
-0.335284
-0.339932
-0.343538
-0.345514
-0.345164
-0.341626
-0.334093
-0.321865
-0.304343
-0.281272
-0.252927
-0.219995
-0.184018
-0.146415
-0.109504
-0.07467
-0.0436154
-0.0179511
0.00311617
0.0163965
0.0272563
0.0278027
0.0305156
0.0185849
0.0150772
-0.282202
-0.283091
-0.284141
-0.285363
-0.286785
-0.288443
-0.290371
-0.292609
-0.295194
-0.298164
-0.301553
-0.305383
-0.309662
-0.314371
-0.319453
-0.324797
-0.330225
-0.335471
-0.340167
-0.343828
-0.345862
-0.345574
-0.342098
-0.334625
-0.322447
-0.304963
-0.281908
-0.25356
-0.2206
-0.184583
-0.146925
-0.109956
-0.0750543
-0.0439793
-0.0182546
0.00285597
0.0161716
0.0270622
0.0276383
0.030371
0.0184873
0.0149906
-0.282346
-0.283192
-0.28422
-0.28543
-0.28684
-0.288487
-0.290408
-0.29264
-0.295223
-0.298194
-0.301589
-0.305431
-0.30973
-0.314469
-0.31959
-0.324986
-0.330479
-0.335803
-0.340591
-0.344356
-0.346503
-0.346336
-0.342982
-0.335632
-0.323557
-0.30615
-0.283135
-0.254791
-0.221786
-0.185699
-0.147938
-0.110865
-0.0758455
-0.0446928
-0.0188664
0.00232928
0.0157158
0.0266685
0.0273066
0.0300798
0.0182926
0.0148192
-0.282545
-0.283327
-0.284325
-0.285515
-0.286907
-0.288539
-0.290448
-0.292671
-0.295248
-0.298219
-0.30162
-0.305477
-0.309802
-0.314579
-0.319755
-0.325223
-0.330806
-0.33624
-0.341158
-0.345071
-0.34738
-0.347385
-0.34421
-0.33704
-0.325118
-0.307831
-0.284883
-0.256554
-0.223495
-0.187318
-0.14942
-0.112203
-0.0770269
-0.0457403
-0.0197785
0.00154035
0.0150315
0.026076
0.0268095
0.0296427
0.0180044
0.014566
-0.282778
-0.283479
-0.284437
-0.285602
-0.28697
-0.288582
-0.290474
-0.292683
-0.29525
-0.298218
-0.301623
-0.305496
-0.309849
-0.314671
-0.31991
-0.325464
-0.331156
-0.336726
-0.341803
-0.345902
-0.348415
-0.348638
-0.34569
-0.338751
-0.327031
-0.309907
-0.287057
-0.258764
-0.225651
-0.189376
-0.151319
-0.113935
-0.0785631
-0.0471102
-0.0209796
0.000495652
0.0141224
0.025286
0.0261495
0.0290614
0.0176272
0.0142359
-0.283028
-0.283628
-0.284539
-0.285674
-0.287013
-0.288599
-0.290467
-0.292656
-0.295209
-0.298168
-0.301573
-0.305458
-0.309838
-0.314706
-0.320014
-0.325661
-0.331475
-0.337196
-0.342456
-0.346767
-0.349518
-0.349996
-0.347319
-0.340655
-0.329183
-0.312265
-0.289548
-0.261318
-0.228166
-0.191801
-0.15358
-0.116008
-0.0804298
-0.0487762
-0.0224558
-0.000796244
0.0129942
0.0243013
0.0253308
0.0283384
0.0171669
0.0138347
-0.28328
-0.283752
-0.284612
-0.285714
-0.287017
-0.288571
-0.29041
-0.292573
-0.295104
-0.298047
-0.301446
-0.305336
-0.309739
-0.314649
-0.320024
-0.325766
-0.331706
-0.337588
-0.343043
-0.347585
-0.350597
-0.351354
-0.34896
-0.342633
-0.331454
-0.314786
-0.292242
-0.264112
-0.230952
-0.194516
-0.156132
-0.118371
-0.0825922
-0.0507155
-0.0241906
-0.0023244
0.0116544
0.0231267
0.0243587
0.0274779
0.0166296
0.0133693
-0.283537
-0.283834
-0.284644
-0.285708
-0.28697
-0.288486
-0.290289
-0.292417
-0.294917
-0.297836
-0.30122
-0.305107
-0.309524
-0.314468
-0.319903
-0.325735
-0.331799
-0.337841
-0.343496
-0.348277
-0.351565
-0.352622
-0.350542
-0.344581
-0.333729
-0.317355
-0.295031
-0.267051
-0.23391
-0.197427
-0.158907
-0.120988
-0.0850064
-0.0529018
-0.0261648
-0.00407548
0.0101132
0.0217689
0.0232403
0.026486
0.0160219
0.0128473
-0.283888
-0.283844
-0.284623
-0.285647
-0.286863
-0.288333
-0.290092
-0.292178
-0.294638
-0.297523
-0.30088
-0.304753
-0.309172
-0.314139
-0.319622
-0.325533
-0.331711
-0.337906
-0.343757
-0.348777
-0.352349
-0.353721
-0.352066
-0.346401
-0.335908
-0.319867
-0.29781
-0.270046
-0.236911
-0.200464
-0.161867
-0.123797
-0.0876342
-0.0553052
-0.0283563
-0.0060337
0.00838291
0.0202373
0.0219841
0.0253701
0.0153507
0.0122764
-0.284434
-0.283752
-0.284556
-0.28553
-0.286692
-0.288108
-0.289814
-0.291849
-0.29426
-0.297099
-0.300418
-0.304265
-0.308671
-0.313646
-0.319162
-0.325136
-0.331414
-0.337748
-0.343783
-0.349034
-0.352886
-0.354579
-0.353284
-0.348008
-0.337909
-0.322223
-0.300464
-0.272922
-0.239989
-0.203569
-0.164936
-0.126749
-0.0904365
-0.0578953
-0.0307411
-0.00818099
0.0064785
0.0185433
0.0206005
0.0241396
0.0146228
0.0116646
-0.284267
-0.283897
-0.284423
-0.285348
-0.286459
-0.287811
-0.289457
-0.291431
-0.293782
-0.296565
-0.299834
-0.303639
-0.308018
-0.312984
-0.318515
-0.324533
-0.33089
-0.337345
-0.343546
-0.349012
-0.353133
-0.355144
-0.354205
-0.349327
-0.339627
-0.324352
-0.302961
-0.275699
-0.242987
-0.206665
-0.168057
-0.129798
-0.0933744
-0.0606404
-0.0332933
-0.0104972
0.00441692
0.0167008
0.0191012
0.0228052
0.013845
0.0110196
-0.284275
-0.283985
-0.284246
-0.285118
-0.286169
-0.287447
-0.289024
-0.290929
-0.293211
-0.295926
-0.299133
-0.302883
-0.307219
-0.312157
-0.317681
-0.323721
-0.330134
-0.336686
-0.34303
-0.348692
-0.353062
-0.355378
-0.354791
-0.350318
-0.341041
-0.326194
-0.305207
-0.278288
-0.245851
-0.209699
-0.17118
-0.1329
-0.0964094
-0.0635091
-0.0359859
-0.0129606
0.0022168
0.0147254
0.0174991
0.021379
0.0130244
0.0103489
-0.284381
-0.284047
-0.28404
-0.284846
-0.285828
-0.287022
-0.28852
-0.290348
-0.292552
-0.295191
-0.298324
-0.302006
-0.306282
-0.311175
-0.316672
-0.32271
-0.329152
-0.335774
-0.342235
-0.348066
-0.352663
-0.355269
-0.355019
-0.350945
-0.3421
-0.327702
-0.307154
-0.280632
-0.248535
-0.21262
-0.17426
-0.136013
-0.0995052
-0.0664709
-0.038792
-0.0155487
-0.000102235
0.012634
0.0158078
0.0198738
0.0121677
0.00965947
-0.284534
-0.284142
-0.283822
-0.284543
-0.285444
-0.28654
-0.287951
-0.289695
-0.291814
-0.294368
-0.297418
-0.30102
-0.305222
-0.310052
-0.315501
-0.321512
-0.327958
-0.33462
-0.341167
-0.347137
-0.351934
-0.354812
-0.354876
-0.351189
-0.342776
-0.328843
-0.308766
-0.282692
-0.250998
-0.215388
-0.177257
-0.139102
-0.102628
-0.0694963
-0.0416846
-0.0182383
-0.00251975
0.0104444
0.0140417
0.0183026
0.0112819
0.00895769
-0.284733
-0.284287
-0.283601
-0.284215
-0.285017
-0.286002
-0.287318
-0.288973
-0.291002
-0.293467
-0.296426
-0.299939
-0.304054
-0.308803
-0.314183
-0.320145
-0.326566
-0.333238
-0.33984
-0.345916
-0.350878
-0.353966
-0.354353
-0.351039
-0.343053
-0.329596
-0.310018
-0.284436
-0.253205
-0.217967
-0.180134
-0.142131
-0.105743
-0.0725534
-0.0446343
-0.0210038
-0.00501341
0.00817575
0.0122157
0.0166792
0.0103736
0.00824939
-0.28497
-0.284456
-0.28337
-0.283861
-0.284539
-0.285398
-0.286617
-0.288181
-0.29012
-0.292491
-0.295356
-0.298771
-0.302788
-0.307442
-0.312735
-0.318623
-0.324993
-0.331645
-0.338268
-0.344416
-0.349507
-0.352787
-0.353455
-0.350491
-0.342923
-0.329945
-0.310888
-0.285835
-0.255122
-0.220317
-0.182847
-0.145057
-0.108808
-0.0756049
-0.0476077
-0.023817
-0.00755935
0.00584858
0.0103452
0.0150173
0.00944962
0.00753982
-0.285186
-0.284536
-0.283084
-0.283462
-0.283993
-0.284719
-0.285841
-0.287318
-0.289168
-0.291447
-0.294215
-0.297529
-0.30144
-0.305987
-0.311175
-0.316969
-0.323262
-0.329863
-0.336473
-0.342656
-0.347846
-0.351295
-0.352191
-0.349554
-0.342387
-0.329886
-0.311364
-0.286874
-0.256727
-0.222416
-0.185377
-0.147862
-0.111808
-0.0786369
-0.0505922
-0.0266636
-0.010145
0.00347784
0.00844105
0.0133299
0.00851525
0.00683382
-0.285298
-0.284387
-0.282704
-0.283009
-0.283365
-0.283952
-0.284982
-0.286375
-0.288138
-0.290327
-0.292997
-0.296205
-0.300003
-0.30443
-0.309499
-0.315178
-0.321369
-0.327893
-0.334459
-0.340648
-0.345959
-0.349463
-0.350548
-0.348221
-0.341453
-0.329443
-0.31149
-0.287617
-0.258107
-0.224364
-0.187828
-0.150646
-0.114832
-0.0817199
-0.0536409
-0.029574
-0.0127885
0.00106179
0.00650412
0.0116264
0.00757438
0.00613531
-0.286127
-0.283967
-0.282171
-0.282399
-0.282535
-0.282983
-0.283933
-0.285254
-0.286939
-0.28904
-0.291612
-0.294709
-0.298385
-0.30268
-0.30761
-0.313151
-0.319214
-0.325629
-0.332124
-0.338291
-0.343539
-0.34723
-0.348479
-0.346463
-0.340122
-0.32865
-0.311335
-0.288156
-0.259362
-0.226259
-0.190284
-0.153475
-0.11792
-0.0848746
-0.0567557
-0.032545
-0.0154768
-0.00139139
0.0045477
0.00991153
0.00663594
0.00544478
-0.285995
-0.281529
-0.280707
-0.281168
-0.281209
-0.281633
-0.282575
-0.283884
-0.285543
-0.287602
-0.290113
-0.293133
-0.296712
-0.300893
-0.305693
-0.311093
-0.31701
-0.323282
-0.329642
-0.335691
-0.340974
-0.344876
-0.346203
-0.344367
-0.338331
-0.327274
-0.310477
-0.287883
-0.259725
-0.227221
-0.191815
-0.155452
-0.120255
-0.0874352
-0.059396
-0.035212
-0.0179377
-0.00374754
0.00267282
0.00820048
0.00572667
0.00475721
-0.270662
-0.272582
-0.277459
-0.279291
-0.279627
-0.280179
-0.281218
-0.282604
-0.284306
-0.286382
-0.288895
-0.2919
-0.295447
-0.299575
-0.304304
-0.30961
-0.315414
-0.321555
-0.327773
-0.333702
-0.338787
-0.342356
-0.343551
-0.341593
-0.33549
-0.32445
-0.307818
-0.285533
-0.257888
-0.226024
-0.191398
-0.155841
-0.121412
-0.0893087
-0.0617132
-0.0379735
-0.0206445
-0.00660326
0.000383701
0.00597184
0.00457662
0.00386362
-0.269784
-0.26999
-0.27434
-0.276316
-0.276741
-0.27734
-0.278517
-0.280089
-0.281952
-0.284144
-0.286735
-0.28978
-0.29332
-0.297385
-0.301985
-0.307091
-0.312616
-0.318399
-0.324175
-0.329561
-0.334084
-0.337086
-0.33777
-0.335354
-0.328953
-0.317844
-0.301459
-0.279746
-0.253042
-0.222368
-0.189142
-0.155011
-0.121931
-0.0910223
-0.0642503
-0.0411986
-0.0239596
-0.0101007
-0.00250699
0.00325603
0.00308647
0.00284071
-0.266354
-0.266586
-0.269435
-0.271318
-0.272193
-0.27314
-0.274577
-0.276394
-0.278475
-0.280838
-0.283551
-0.286666
-0.290217
-0.294223
-0.298683
-0.30356
-0.308761
-0.314122
-0.319382
-0.324157
-0.328025
-0.330378
-0.330459
-0.327537
-0.320829
-0.30969
-0.293635
-0.272625
-0.247017
-0.217718
-0.18607
-0.153549
-0.121967
-0.0923867
-0.0665455
-0.0442474
-0.0271759
-0.0135047
-0.00537064
0.00061744
0.00158215
0.001909
-0.260231
-0.261487
-0.263134
-0.264656
-0.265962
-0.267399
-0.269176
-0.271254
-0.273563
-0.276114
-0.278963
-0.282156
-0.285718
-0.289657
-0.293963
-0.298592
-0.303446
-0.308363
-0.313083
-0.31724
-0.320448
-0.322145
-0.321639
-0.318259
-0.311314
-0.300235
-0.284618
-0.264438
-0.240053
-0.212275
-0.182333
-0.151557
-0.121582
-0.0934262
-0.0685963
-0.0470993
-0.0302581
-0.0167775
-0.00816389
-0.00191422
9.83403e-05
0.00106637
-0.251571
-0.254349
-0.255598
-0.256778
-0.258336
-0.260227
-0.262365
-0.2647
-0.267217
-0.269941
-0.272915
-0.276172
-0.279728
-0.283583
-0.287714
-0.292072
-0.296558
-0.30101
-0.305184
-0.30873
-0.311294
-0.312362
-0.311318
-0.307554
-0.300467
-0.289561
-0.274506
-0.25529
-0.232255
-0.206124
-0.177997
-0.149069
-0.120783
-0.0941197
-0.0703668
-0.0497054
-0.0331568
-0.0198711
-0.0108475
-0.00430991
-0.00134268
0.000308858
-0.241107
-0.245408
-0.246874
-0.24795
-0.249667
-0.251918
-0.254397
-0.256978
-0.259673
-0.262533
-0.265596
-0.268884
-0.272402
-0.276138
-0.280065
-0.284126
-0.288221
-0.292197
-0.295828
-0.298789
-0.300747
-0.301239
-0.299725
-0.29567
-0.288549
-0.277936
-0.263562
-0.245425
-0.223839
-0.199442
-0.173193
-0.146165
-0.11961
-0.0944699
-0.0718373
-0.0520315
-0.0358324
-0.0227477
-0.0133868
-0.00654752
-0.00272119
-0.000367629
-0.229861
-0.235244
-0.237209
-0.238439
-0.24032
-0.242841
-0.245605
-0.248407
-0.251251
-0.254205
-0.257314
-0.260593
-0.264034
-0.267619
-0.271313
-0.275055
-0.278747
-0.282247
-0.285357
-0.287769
-0.289174
-0.289155
-0.287254
-0.283004
-0.275952
-0.265736
-0.252133
-0.23515
-0.215061
-0.192423
-0.168062
-0.142932
-0.118109
-0.0944894
-0.072998
-0.0540554
-0.0382548
-0.0253803
-0.015754
-0.00861233
-0.00402049
-0.00096844
-0.21838
-0.224419
-0.226945
-0.228495
-0.230578
-0.233306
-0.23629
-0.239274
-0.242239
-0.245256
-0.248376
-0.251611
-0.254947
-0.258357
-0.261802
-0.26522
-0.268515
-0.271549
-0.274135
-0.276082
-0.276996
-0.276542
-0.274337
-0.26998
-0.263082
-0.253336
-0.240554
-0.224749
-0.206152
-0.185248
-0.162732
-0.139453
-0.116327
-0.0941969
-0.0738473
-0.0557657
-0.0404038
-0.0277514
-0.0179279
-0.0104958
-0.00522779
-0.00149961
-0.206977
-0.213373
-0.216398
-0.218324
-0.220633
-0.22353
-0.226674
-0.2298
-0.232861
-0.235918
-0.239026
-0.242196
-0.245411
-0.248639
-0.251836
-0.254942
-0.257862
-0.260472
-0.26261
-0.264102
-0.264588
-0.263778
-0.261349
-0.25696
-0.250276
-0.241041
-0.229094
-0.214449
-0.197296
-0.178055
-0.157306
-0.135796
-0.114304
-0.0936136
-0.0743902
-0.0571594
-0.0422678
-0.0298519
-0.0198943
-0.012194
-0.00633423
-0.00196707
-0.195858
-0.202388
-0.205798
-0.20808
-0.210614
-0.213653
-0.216915
-0.220144
-0.223277
-0.226358
-0.22944
-0.232535
-0.235624
-0.238673
-0.241636
-0.244452
-0.247036
-0.249273
-0.251016
-0.252098
-0.252224
-0.251137
-0.248556
-0.244195
-0.237768
-0.22906
-0.217932
-0.2044
-0.188616
-0.17094
-0.151854
-0.132013
-0.112074
-0.0927609
-0.0746359
-0.0582404
-0.0438424
-0.0316791
-0.0216447
-0.0137068
-0.00733437
-0.00237634
-0.185099
-0.191619
-0.195302
-0.197883
-0.200617
-0.203771
-0.207116
-0.210416
-0.213596
-0.216688
-0.219736
-0.222752
-0.225719
-0.228599
-0.231347
-0.233905
-0.236192
-0.238106
-0.239509
-0.240245
-0.24008
-0.238785
-0.236116
-0.23183
-0.225687
-0.217506
-0.207167
-0.194685
-0.18018
-0.163961
-0.146423
-0.128142
-0.109667
-0.0916595
-0.074597
-0.0590172
-0.045129
-0.0332348
-0.0231757
-0.0150365
-0.00822562
-0.00273229
-0.174736
-0.181154
-0.185012
-0.187822
-0.190716
-0.193957
-0.197355
-0.200696
-0.203901
-0.206989
-0.209997
-0.212934
-0.215784
-0.21851
-0.221066
-0.223397
-0.225428
-0.227064
-0.228184
-0.228642
-0.228249
-0.226808
-0.224105
-0.219935
-0.214092
-0.206429
-0.196838
-0.185337
-0.172017
-0.157144
-0.14104
-0.124206
-0.107103
-0.0903292
-0.0742878
-0.0595015
-0.0461333
-0.0345249
-0.0244875
-0.0161869
-0.00900762
-0.00303911
-0.164795
-0.171045
-0.174997
-0.177969
-0.180976
-0.184271
-0.187693
-0.191046
-0.194254
-0.197324
-0.200284
-0.203143
-0.205883
-0.208468
-0.210855
-0.212989
-0.214802
-0.216207
-0.217095
-0.217339
-0.216779
-0.215244
-0.212551
-0.208526
-0.202995
-0.195834
-0.186952
-0.176362
-0.164137
-0.150502
-0.13572
-0.120226
-0.104402
-0.0887889
-0.0737245
-0.0597072
-0.0468642
-0.0355573
-0.0255835
-0.0171635
-0.00968173
-0.00330041
-0.155289
-0.161325
-0.165302
-0.168374
-0.17145
-0.174765
-0.178181
-0.181522
-0.18471
-0.187746
-0.190652
-0.193432
-0.196067
-0.198525
-0.200762
-0.202727
-0.204357
-0.205573
-0.206278
-0.206361
-0.205683
-0.2041
-0.201454
-0.197598
-0.192384
-0.18571
-0.177494
-0.167751
-0.156534
-0.144037
-0.130471
-0.116214
-0.101582
-0.0870575
-0.0729239
-0.0596498
-0.0473331
-0.0363421
-0.0264695
-0.0179725
-0.0102506
-0.00351933
-0.146227
-0.152013
-0.155961
-0.159079
-0.16218
-0.165482
-0.168865
-0.172169
-0.175317
-0.178305
-0.181147
-0.183846
-0.186382
-0.188724
-0.190828
-0.192649
-0.194126
-0.19519
-0.195753
-0.195718
-0.194966
-0.193374
-0.190806
-0.187137
-0.182242
-0.176035
-0.168446
-0.159489
-0.149201
-0.137748
-0.1253
-0.112184
-0.098658
-0.0851533
-0.0719039
-0.0593463
-0.0475533
-0.0368911
-0.0271534
-0.018621
-0.010718
-0.00369865
-0.137609
-0.143122
-0.146996
-0.150115
-0.153204
-0.156463
-0.159787
-0.16303
-0.166119
-0.169044
-0.171814
-0.174429
-0.176869
-0.179102
-0.181089
-0.182786
-0.184137
-0.185079
-0.185536
-0.18542
-0.18463
-0.18306
-0.180593
-0.177125
-0.172547
-0.16679
-0.15979
-0.15156
-0.142127
-0.131633
-0.120211
-0.108146
-0.0956463
-0.0830949
-0.0706833
-0.0588144
-0.0475399
-0.0372172
-0.0276447
-0.0191172
-0.0110884
-0.00384097
-0.129434
-0.134656
-0.138421
-0.141504
-0.144548
-0.147737
-0.15098
-0.154143
-0.157155
-0.160003
-0.162693
-0.16522
-0.167565
-0.169697
-0.171579
-0.173168
-0.174415
-0.175262
-0.17564
-0.175475
-0.174675
-0.173152
-0.170805
-0.167546
-0.163281
-0.157952
-0.151505
-0.14395
-0.135304
-0.125689
-0.11521
-0.104112
-0.0925625
-0.0809008
-0.069281
-0.0580727
-0.0473092
-0.0373347
-0.0279541
-0.0194695
-0.0113668
-0.00394879
-0.121695
-0.126616
-0.130246
-0.133261
-0.136234
-0.139331
-0.142473
-0.145537
-0.148458
-0.151218
-0.153818
-0.156253
-0.158504
-0.16054
-0.162326
-0.163822
-0.164982
-0.165755
-0.166079
-0.165887
-0.165101
-0.163645
-0.161431
-0.158385
-0.154426
-0.149506
-0.143575
-0.136645
-0.128723
-0.119915
-0.110301
-0.100092
-0.0894222
-0.0785896
-0.0677167
-0.0571406
-0.0468783
-0.0372586
-0.0280936
-0.0196873
-0.011559
-0.00402458
-0.114381
-0.118998
-0.122472
-0.125395
-0.128275
-0.131263
-0.134288
-0.13724
-0.140055
-0.142716
-0.145221
-0.14756
-0.149716
-0.15166
-0.153358
-0.154772
-0.15586
-0.156575
-0.156862
-0.156663
-0.155909
-0.154533
-0.152461
-0.149628
-0.145966
-0.141434
-0.135986
-0.129634
-0.122379
-0.11431
-0.105489
-0.096098
-0.0862407
-0.0761799
-0.0660101
-0.0560376
-0.0462655
-0.0370049
-0.028076
-0.0197804
-0.0116709
-0.00407078
-0.107481
-0.111794
-0.115098
-0.117911
-0.120682
-0.123546
-0.126442
-0.12927
-0.13197
-0.134524
-0.136926
-0.139167
-0.141228
-0.143082
-0.144697
-0.146037
-0.147064
-0.147735
-0.148
-0.147808
-0.147098
-0.145813
-0.143887
-0.141266
-0.137889
-0.133722
-0.128725
-0.122907
-0.116265
-0.108874
-0.10078
-0.0921404
-0.0830331
-0.0736899
-0.064181
-0.0547838
-0.0454893
-0.0365902
-0.0279147
-0.0197591
-0.0117089
-0.00408989
-0.10098
-0.104995
-0.108121
-0.11081
-0.113459
-0.116189
-0.118947
-0.121643
-0.12422
-0.12666
-0.128954
-0.131094
-0.13306
-0.134827
-0.136363
-0.137636
-0.13861
-0.139247
-0.1395
-0.139326
-0.138669
-0.137479
-0.135701
-0.133286
-0.130182
-0.12636
-0.121782
-0.116457
-0.110377
-0.103608
-0.0961803
-0.0882298
-0.0798146
-0.0711377
-0.0622491
-0.0533992
-0.0445686
-0.0360312
-0.0276236
-0.019634
-0.0116794
-0.00408441
-0.0948632
-0.0985887
-0.101531
-0.104087
-0.106606
-0.109197
-0.111812
-0.114369
-0.116818
-0.119139
-0.121323
-0.123359
-0.12523
-0.12691
-0.128371
-0.129582
-0.13051
-0.131119
-0.131368
-0.131218
-0.130619
-0.129529
-0.127896
-0.12568
-0.122835
-0.119335
-0.115147
-0.110276
-0.104712
-0.0985125
-0.0916949
-0.0843771
-0.0765997
-0.0685412
-0.0602339
-0.0519036
-0.0435223
-0.0353452
-0.0272169
-0.0194159
-0.0115893
-0.00405684
-0.0891168
-0.0925626
-0.0953213
-0.0977392
-0.100124
-0.102571
-0.105039
-0.107455
-0.109773
-0.111972
-0.114042
-0.115975
-0.11775
-0.119346
-0.120734
-0.121886
-0.122772
-0.123358
-0.123609
-0.123486
-0.122949
-0.121957
-0.120466
-0.118441
-0.115839
-0.112641
-0.108812
-0.104359
-0.0992692
-0.0935897
-0.0873305
-0.0805929
-0.073403
-0.0659176
-0.0581545
-0.0503168
-0.0423694
-0.0345493
-0.026709
-0.0191159
-0.0114453
-0.0040097
-0.0837256
-0.0869039
-0.0894809
-0.0917585
-0.0940062
-0.0963089
-0.0986298
-0.100904
-0.103089
-0.105165
-0.107122
-0.10895
-0.110631
-0.112143
-0.11346
-0.114557
-0.115403
-0.115971
-0.116225
-0.116132
-0.115656
-0.11476
-0.113405
-0.11156
-0.109187
-0.106268
-0.102771
-0.0987026
-0.0940459
-0.0888422
-0.0830937
-0.0768877
-0.0702387
-0.063284
-0.0560297
-0.0486581
-0.0411286
-0.0336605
-0.0261141
-0.0187447
-0.0112542
-0.00394548
-0.0786754
-0.0815993
-0.0839991
-0.086137
-0.0882483
-0.0904078
-0.092583
-0.0947168
-0.0967696
-0.0987231
-0.100567
-0.102291
-0.103879
-0.105308
-0.106557
-0.107599
-0.108409
-0.108958
-0.109217
-0.109155
-0.108738
-0.107934
-0.106708
-0.105032
-0.102872
-0.100211
-0.09702
-0.093303
-0.0890426
-0.0842733
-0.0789913
-0.0732722
-0.0671205
-0.0606569
-0.0538777
-0.0469463
-0.0398182
-0.0326955
-0.0254463
-0.0183132
-0.0110227
-0.00386661
-0.0739525
-0.0766363
-0.078865
-0.0808656
-0.0828429
-0.0848622
-0.086895
-0.0888908
-0.0908138
-0.0926466
-0.0943794
-0.0960013
-0.0974966
-0.0988458
-0.100027
-0.101017
-0.101791
-0.102323
-0.102587
-0.102554
-0.102193
-0.101476
-0.10037
-0.0988515
-0.096888
-0.0944646
-0.091554
-0.0881586
-0.0842597
-0.0798865
-0.0750305
-0.0697567
-0.064062
-0.0580523
-0.0517161
-0.0451998
-0.038456
-0.0316707
-0.0247196
-0.017832
-0.0107576
-0.0037755
-0.0695439
-0.0720022
-0.0740673
-0.0759349
-0.0777821
-0.0796657
-0.0815607
-0.0834225
-0.0852193
-0.0869345
-0.0885585
-0.0900806
-0.0914861
-0.0927568
-0.0938721
-0.0948108
-0.0955497
-0.0960658
-0.096333
-0.0963266
-0.0960176
-0.0953812
-0.0943872
-0.0930136
-0.0912309
-0.0890253
-0.0863707
-0.0832684
-0.0796987
-0.0756863
-0.0712186
-0.0663517
-0.0610765
-0.0554857
-0.0495619
-0.0434363
-0.0370592
-0.0306019
-0.0239473
-0.0173114
-0.0104652
-0.00367449
-0.0654379
-0.0676854
-0.0695955
-0.0713355
-0.0730578
-0.0748112
-0.0765741
-0.0783073
-0.0799823
-0.0815839
-0.0831026
-0.0845281
-0.0858465
-0.0870409
-0.0880923
-0.088981
-0.0896854
-0.0901844
-0.090454
-0.0904713
-0.09021
-0.0896473
-0.0887555
-0.0875146
-0.085897
-0.0838899
-0.0814683
-0.0786324
-0.0753619
-0.0716773
-0.067563
-0.0630675
-0.0581767
-0.0529722
-0.0474315
-0.0416726
-0.0356445
-0.0295045
-0.0231425
-0.0167615
-0.0101519
-0.00356583
-0.0616234
-0.0636751
-0.0654393
-0.0670581
-0.0686615
-0.0702913
-0.0719286
-0.0735393
-0.0750981
-0.0765909
-0.0780085
-0.0793411
-0.0805756
-0.0816965
-0.082686
-0.0835258
-0.0841963
-0.0846776
-0.0849476
-0.0849854
-0.0847667
-0.0842706
-0.0834716
-0.0823511
-0.0808834
-0.0790564
-0.0768461
-0.0742516
-0.0712522
-0.0678648
-0.0640716
-0.0599143
-0.0553753
-0.0505261
-0.0453408
-0.0399251
-0.0342278
-0.0283931
-0.0223178
-0.0161919
-0.0098238
-0.0034517
-0.0580907
-0.0599614
-0.0615892
-0.0630939
-0.0645852
-0.0660985
-0.0676174
-0.0691124
-0.0705611
-0.0719506
-0.073272
-0.074516
-0.0756704
-0.0767206
-0.0776505
-0.078443
-0.0790799
-0.0795428
-0.0798114
-0.0798663
-0.079685
-0.0792485
-0.0785328
-0.0775208
-0.0761883
-0.0745238
-0.0725042
-0.0701276
-0.0673731
-0.0642545
-0.0607524
-0.0569026
-0.0526846
-0.0481616
-0.0433049
-0.0382095
-0.0328244
-0.0272819
-0.0214851
-0.0156118
-0.00948677
-0.0033342
-0.0548311
-0.0565353
-0.0580366
-0.0594347
-0.0608213
-0.0622258
-0.063634
-0.0650206
-0.0663658
-0.067658
-0.0688886
-0.0700488
-0.0711271
-0.0721101
-0.0729829
-0.0737297
-0.0743336
-0.0747776
-0.0750429
-0.0751114
-0.0749626
-0.0745785
-0.073937
-0.073022
-0.0718108
-0.0702921
-0.0684437
-0.0662631
-0.063729
-0.0608527
-0.0576137
-0.0540425
-0.0501169
-0.0458923
-0.0413384
-0.0365408
-0.0314489
-0.0261842
-0.020656
-0.0150302
-0.00914643
-0.00321533
-0.0518373
-0.0533893
-0.0547741
-0.0560735
-0.057363
-0.0586665
-0.059972
-0.0612579
-0.0625068
-0.0637081
-0.0648538
-0.0659353
-0.066942
-0.0678616
-0.0686801
-0.069383
-0.0699547
-0.0703795
-0.0706397
-0.0707188
-0.0705974
-0.0702591
-0.069683
-0.0688541
-0.0677507
-0.0663621
-0.0646668
-0.0626615
-0.060325
-0.0576663
-0.054664
-0.0513445
-0.047684
-0.0437315
-0.0394556
-0.0349333
-0.0301152
-0.0251129
-0.0198414
-0.0144554
-0.00880814
-0.003097
-0.0491032
-0.050517
-0.0517954
-0.0530042
-0.0542043
-0.0554151
-0.0566263
-0.0578193
-0.0589793
-0.0600966
-0.0611634
-0.0621718
-0.0631118
-0.0639719
-0.0647392
-0.0654006
-0.0659412
-0.0663466
-0.0666003
-0.0666869
-0.0665885
-0.0662896
-0.0657706
-0.0650174
-0.0640094
-0.0627361
-0.0611767
-0.0593273
-0.057167
-0.0547027
-0.0519126
-0.0488192
-0.045398
-0.0416923
-0.0376701
-0.033401
-0.0288369
-0.0240803
-0.0190518
-0.0138956
-0.00847708
-0.00298104
-0.0466245
-0.0479137
-0.0490957
-0.050222
-0.0513409
-0.0524673
-0.0535924
-0.0547008
-0.0557796
-0.0568198
-0.0578144
-0.0587554
-0.0596337
-0.0604387
-0.0611585
-0.0617806
-0.0622916
-0.0626778
-0.0629239
-0.0630156
-0.062936
-0.0626706
-0.062201
-0.0615137
-0.0605893
-0.0594173
-0.0579777
-0.0562662
-0.0542619
-0.0519702
-0.049369
-0.0464776
-0.043271
-0.0397878
-0.0359955
-0.0319575
-0.0276269
-0.0230983
-0.0182974
-0.0133586
-0.00815817
-0.00286922
-0.0443981
-0.0455762
-0.0466718
-0.047724
-0.0487697
-0.0498202
-0.0508679
-0.0518999
-0.0529053
-0.0538758
-0.0548047
-0.0556845
-0.0565066
-0.0572612
-0.0579371
-0.0585229
-0.0590059
-0.0593735
-0.0596113
-0.0597058
-0.0596413
-0.059404
-0.0589766
-0.0583463
-0.0574943
-0.0564106
-0.0550758
-0.053485
-0.0516178
-0.049478
-0.0470436
-0.0443312
-0.0413155
-0.0380309
-0.0344452
-0.0306159
-0.0264978
-0.0221783
-0.0175878
-0.0128517
-0.0078562
-0.00276321
-0.0424233
-0.0435034
-0.0445225
-0.045509
-0.0464898
-0.0474728
-0.0484518
-0.0494159
-0.0503558
-0.0512642
-0.0521344
-0.0529593
-0.0537309
-0.05444
-0.0550762
-0.0556288
-0.056086
-0.0564359
-0.056665
-0.0567606
-0.0567079
-0.0564939
-0.0561022
-0.0555203
-0.0547305
-0.0537228
-0.0524785
-0.0509923
-0.0492441
-0.0472366
-0.0449478
-0.0423922
-0.0395443
-0.0364351
-0.0330326
-0.0293895
-0.0254622
-0.0213317
-0.0169326
-0.0123824
-0.00757577
-0.00266467
-0.040701
-0.0416963
-0.0426489
-0.043578
-0.0445023
-0.0454266
-0.0463455
-0.0472504
-0.0481331
-0.048987
-0.0498056
-0.0505824
-0.0513094
-0.0519782
-0.0525791
-0.0531021
-0.0535359
-0.0538695
-0.05409
-0.0541855
-0.0541418
-0.0539468
-0.0535846
-0.0530434
-0.052306
-0.0513627
-0.0501953
-0.0487983
-0.047152
-0.0452579
-0.0430944
-0.0406739
-0.0379712
-0.0350142
-0.0317716
-0.0282917
-0.0245325
-0.0205695
-0.0163411
-0.0119577
-0.00732142
-0.00257519
-0.0392352
-0.0401587
-0.0410548
-0.0419352
-0.0428113
-0.0436857
-0.0445536
-0.045408
-0.046242
-0.0470493
-0.0478239
-0.0485593
-0.0492481
-0.0498823
-0.0504527
-0.0509498
-0.0513631
-0.051682
-0.0518944
-0.0519888
-0.0519519
-0.0517719
-0.0514337
-0.0509258
-0.0502318
-0.0493419
-0.0482386
-0.046916
-0.0453547
-0.0435557
-0.0414975
-0.0391909
-0.036611
-0.0337831
-0.0306765
-0.0273362
-0.0237214
-0.0199029
-0.0158227
-0.0115847
-0.00709765
-0.00249636
-0.0380321
-0.038897
-0.0397469
-0.0405873
-0.0414241
-0.0422575
-0.0430837
-0.0438967
-0.0446905
-0.0454596
-0.046198
-0.0468993
-0.0475566
-0.048162
-0.048707
-0.0491826
-0.0495787
-0.0498851
-0.0500902
-0.0501832
-0.050151
-0.0499826
-0.0496633
-0.0491819
-0.0485224
-0.0476754
-0.0466235
-0.0453608
-0.0438684
-0.0421464
-0.0401736
-0.0379596
-0.0354799
-0.0327577
-0.0297629
-0.0265374
-0.0230421
-0.0193437
-0.015387
-0.0112706
-0.00690898
-0.00242977
-0.0371021
-0.0379218
-0.0387361
-0.0395457
-0.040352
-0.0411539
-0.0419477
-0.0427288
-0.0434917
-0.0442311
-0.0449414
-0.0456163
-0.046249
-0.0468321
-0.0473573
-0.047816
-0.0481984
-0.0484948
-0.048694
-0.0487855
-0.0487567
-0.0485967
-0.0482914
-0.0478299
-0.0471965
-0.046382
-0.0453692
-0.0441523
-0.0427124
-0.0410493
-0.039142
-0.0369991
-0.0345964
-0.0319556
-0.0290473
-0.0259109
-0.0225086
-0.0189037
-0.0150438
-0.0110228
-0.00676005
-0.00237701
-0.0364606
-0.0372491
-0.0380388
-0.0388271
-0.0396124
-0.0403925
-0.0411641
-0.041923
-0.0426646
-0.0433835
-0.0440743
-0.0447309
-0.0453466
-0.0459142
-0.0464257
-0.0468725
-0.0472454
-0.0475347
-0.0477296
-0.0478196
-0.0477927
-0.0476383
-0.0473424
-0.0468944
-0.0462787
-0.0454862
-0.0445002
-0.0433144
-0.0419104
-0.0402876
-0.0384252
-0.0363312
-0.0339816
-0.0313969
-0.0285484
-0.0254735
-0.0221358
-0.0185959
-0.0148037
-0.0108491
-0.00665588
-0.0023396
-0.0361219
-0.0368952
-0.0376726
-0.0384503
-0.039225
-0.0399941
-0.0407544
-0.0415021
-0.0422326
-0.0429411
-0.0436219
-0.044269
-0.044876
-0.0454355
-0.0459398
-0.0463806
-0.0467484
-0.0470341
-0.0472266
-0.0473159
-0.0472901
-0.0471385
-0.0468475
-0.0464063
-0.0457998
-0.0450187
-0.0440465
-0.0428768
-0.0414915
-0.0398895
-0.0380505
-0.0359817
-0.03366
-0.0311041
-0.0282871
-0.0252439
-0.0219406
-0.018434
-0.0146782
-0.0107574
-0.00660191
-0.00231903
-0.248737
-0.252312
-0.255666
-0.258916
-0.262252
-0.265872
-0.270414
-0.275259
-0.285221
-0.236489
-0.241088
-0.245706
-0.250455
-0.255605
-0.260976
-0.26753
-0.272409
-0.282672
-0.224922
-0.230359
-0.235863
-0.24134
-0.247008
-0.252171
-0.258267
-0.262053
-0.271588
-0.213119
-0.218688
-0.224208
-0.229495
-0.234923
-0.239825
-0.245982
-0.250544
-0.259618
-0.201049
-0.206519
-0.211985
-0.217318
-0.222964
-0.228307
-0.234677
-0.239774
-0.247593
-0.189508
-0.194999
-0.200557
-0.20605
-0.211765
-0.217159
-0.223089
-0.228206
-0.235016
-0.178688
-0.18412
-0.189578
-0.194942
-0.200391
-0.205624
-0.211202
-0.216481
-0.222737
-0.16835
-0.173586
-0.178823
-0.184008
-0.189266
-0.194465
-0.199869
-0.205185
-0.210973
-0.158517
-0.163553
-0.168606
-0.173656
-0.178757
-0.18384
-0.188999
-0.194167
-0.199599
-0.149285
-0.154121
-0.158972
-0.163827
-0.168702
-0.173579
-0.178499
-0.183498
-0.188675
-0.140609
-0.145211
-0.149825
-0.154449
-0.159094
-0.163768
-0.168477
-0.173281
-0.178209
-0.132441
-0.136801
-0.141176
-0.145572
-0.149991
-0.154445
-0.158924
-0.163495
-0.168168
-0.124773
-0.128891
-0.133026
-0.137185
-0.141364
-0.145578
-0.149817
-0.154146
-0.158564
-0.117578
-0.121452
-0.125344
-0.129259
-0.133196
-0.137168
-0.141165
-0.145249
-0.149406
-0.110823
-0.114456
-0.118108
-0.121782
-0.125479
-0.12921
-0.132964
-0.136798
-0.140692
-0.104484
-0.107882
-0.111299
-0.114737
-0.118196
-0.121688
-0.1252
-0.128787
-0.132422
-0.0985346
-0.101706
-0.104893
-0.108102
-0.111329
-0.114586
-0.117863
-0.121207
-0.124589
-0.0929494
-0.0959018
-0.0988693
-0.101855
-0.104859
-0.107889
-0.110937
-0.114045
-0.117183
-0.0877058
-0.0904489
-0.0932056
-0.0959788
-0.0987673
-0.10158
-0.104406
-0.107288
-0.110192
-0.0827828
-0.0853268
-0.0878825
-0.0904525
-0.0930356
-0.0956397
-0.0982553
-0.100921
-0.103601
-0.0781602
-0.0805154
-0.0828806
-0.0852578
-0.087646
-0.0900521
-0.0924673
-0.0949268
-0.0973957
-0.0759973
-0.0781825
-0.0803775
-0.0825814
-0.0848004
-0.0870261
-0.0892907
-0.0915604
-0.071756
-0.0737718
-0.0757954
-0.0778258
-0.0798685
-0.0819159
-0.0839971
-0.0860799
-0.0677765
-0.0696336
-0.0714965
-0.0733642
-0.0752417
-0.0771219
-0.0790311
-0.0809393
-0.0640456
-0.0657543
-0.067467
-0.0691828
-0.0709059
-0.0726301
-0.0743786
-0.0761243
-0.0605513
-0.0621219
-0.0636948
-0.0652691
-0.0668486
-0.0684275
-0.0700267
-0.0716214
-0.0572826
-0.058725
-0.0601682
-0.0616113
-0.0630576
-0.0645019
-0.0659627
-0.0674179
-0.0542308
-0.0555545
-0.0568777
-0.0581995
-0.0595226
-0.0608427
-0.0621757
-0.0635023
-0.0513877
-0.0526021
-0.0538146
-0.0550247
-0.0562345
-0.0574402
-0.0586556
-0.0598641
-0.0487465
-0.0498604
-0.0509714
-0.0520789
-0.0531847
-0.0542856
-0.0553934
-0.0564939
-0.0463014
-0.0473234
-0.0483416
-0.0493555
-0.0503664
-0.0513717
-0.0523813
-0.0533833
-0.0440479
-0.0449863
-0.0459202
-0.0468489
-0.0477736
-0.0486922
-0.0496127
-0.0505255
-0.0419826
-0.0428455
-0.043703
-0.0445549
-0.0454018
-0.0462421
-0.0470824
-0.0479148
-0.0401033
-0.0408984
-0.0416875
-0.0424704
-0.0432477
-0.044018
-0.0447864
-0.0455471
-0.0384093
-0.039144
-0.0398723
-0.040594
-0.0413095
-0.0420177
-0.0427226
-0.0434196
-0.0369011
-0.0375828
-0.0382578
-0.0389259
-0.0395872
-0.040241
-0.0408904
-0.0415318
-0.0355807
-0.0362166
-0.0368456
-0.0374674
-0.0380822
-0.0386893
-0.039291
-0.0398847
-0.0344525
-0.0350498
-0.0356401
-0.0362231
-0.0367989
-0.0373668
-0.0379286
-0.0384824
-0.0335215
-0.0340875
-0.0346465
-0.0351981
-0.0357424
-0.036279
-0.0368088
-0.0373307
-0.0327981
-0.0333401
-0.0338751
-0.0344028
-0.0349233
-0.0354362
-0.0359419
-0.03644
-0.0322927
-0.0328187
-0.0333379
-0.03385
-0.0343549
-0.0348523
-0.0353425
-0.0358251
-0.0320154
-0.0325328
-0.0330438
-0.0335483
-0.0340461
-0.034537
-0.0350211
-0.0354982
-0.0320091
-0.0325265
-0.0330375
-0.0335419
-0.0340397
-0.0345306
-0.0350146
-0.0354916
-0.0322864
-0.0328124
-0.0333315
-0.0338436
-0.0343484
-0.0348458
-0.035336
-0.0358186
-0.0327918
-0.0333337
-0.0338686
-0.0343964
-0.0349168
-0.0354296
-0.0359353
-0.0364333
-0.0335151
-0.0340811
-0.03464
-0.0351916
-0.0357358
-0.0362724
-0.0368021
-0.0373239
-0.034446
-0.0350433
-0.0356335
-0.0362164
-0.0367921
-0.03736
-0.0379217
-0.0384755
-0.035574
-0.0362099
-0.0368388
-0.0374606
-0.0380753
-0.0386824
-0.039284
-0.0398776
-0.0368943
-0.0375759
-0.0382509
-0.0389189
-0.0395802
-0.0402339
-0.0408832
-0.0415245
-0.0384024
-0.039137
-0.0398652
-0.0405869
-0.0413023
-0.0420103
-0.0427152
-0.0434121
-0.0400962
-0.0408912
-0.0416802
-0.042463
-0.0432402
-0.0440104
-0.0447787
-0.0455393
-0.0419753
-0.042838
-0.0436955
-0.0445472
-0.0453941
-0.0462342
-0.0470744
-0.0479068
-0.0440404
-0.0449787
-0.0459124
-0.046841
-0.0477656
-0.048684
-0.0496044
-0.0505172
-0.0462937
-0.0473156
-0.0483336
-0.0493474
-0.0503581
-0.0513633
-0.0523727
-0.0533746
-0.0487385
-0.0498523
-0.0509631
-0.0520705
-0.0531761
-0.0542769
-0.0553844
-0.0564848
-0.0501631
-0.0513795
-0.0525938
-0.0538061
-0.055016
-0.0562256
-0.0574311
-0.0586463
-0.0598546
-0.0528976
-0.0542224
-0.0555459
-0.0568689
-0.0581905
-0.0595134
-0.0608333
-0.062166
-0.0634924
-0.0558319
-0.057274
-0.0587162
-0.0601591
-0.061602
-0.063048
-0.0644921
-0.0659526
-0.0674076
-0.0589735
-0.0605424
-0.0621128
-0.0636854
-0.0652595
-0.0668386
-0.0684173
-0.0700162
-0.0716106
-0.0623309
-0.0640365
-0.0657449
-0.0674573
-0.0691729
-0.0708957
-0.0726195
-0.0743678
-0.0761131
-0.065915
-0.0677672
-0.069624
-0.0714866
-0.073354
-0.0752311
-0.077111
-0.0790198
-0.0809277
-0.0697373
-0.0717465
-0.073762
-0.0757852
-0.0778153
-0.0798577
-0.0819047
-0.0839854
-0.0860679
-0.0738109
-0.0759877
-0.0781724
-0.0803671
-0.0825706
-0.0847892
-0.0870145
-0.0892787
-0.091548
-0.0781508
-0.0805057
-0.0828704
-0.0852472
-0.087635
-0.0900407
-0.0924555
-0.0949145
-0.097383
-0.0827733
-0.0853169
-0.0878722
-0.0904418
-0.0930245
-0.0956281
-0.0982433
-0.100908
-0.103588
-0.0876963
-0.090439
-0.0931953
-0.095968
-0.098756
-0.101568
-0.104394
-0.107276
-0.110179
-0.0929399
-0.0958918
-0.098859
-0.101845
-0.104848
-0.107878
-0.110924
-0.114033
-0.11717
-0.0985252
-0.101696
-0.104883
-0.108091
-0.111318
-0.114574
-0.11785
-0.121194
-0.124576
-0.104475
-0.107873
-0.111289
-0.114727
-0.118185
-0.121676
-0.125188
-0.128774
-0.132409
-0.110814
-0.114447
-0.118098
-0.121772
-0.125468
-0.129199
-0.132953
-0.136786
-0.14068
-0.117569
-0.121443
-0.125335
-0.129249
-0.133185
-0.137157
-0.141155
-0.145237
-0.149394
-0.124765
-0.128882
-0.133018
-0.137175
-0.141355
-0.145568
-0.149807
-0.154135
-0.158553
-0.132434
-0.136793
-0.141168
-0.145563
-0.149982
-0.154436
-0.158915
-0.163486
-0.168158
-0.140602
-0.145204
-0.149817
-0.154442
-0.159086
-0.163759
-0.168468
-0.173272
-0.1782
-0.149279
-0.154114
-0.158965
-0.16382
-0.168694
-0.173572
-0.178491
-0.18349
-0.188667
-0.158511
-0.163547
-0.1686
-0.17365
-0.178751
-0.183834
-0.188992
-0.19416
-0.199591
-0.168345
-0.173581
-0.178818
-0.184002
-0.18926
-0.194459
-0.199863
-0.205179
-0.210966
-0.178684
-0.184115
-0.189574
-0.194938
-0.200387
-0.20562
-0.211198
-0.216478
-0.222733
-0.189504
-0.194995
-0.200554
-0.206048
-0.211763
-0.217158
-0.223089
-0.228207
-0.235018
-0.201046
-0.206518
-0.211984
-0.217319
-0.222966
-0.228311
-0.234682
-0.239782
-0.247603
-0.213119
-0.218689
-0.224211
-0.2295
-0.23493
-0.239834
-0.245994
-0.25056
-0.259637
-0.224926
-0.230365
-0.235871
-0.241351
-0.247022
-0.252188
-0.258288
-0.262077
-0.271617
-0.236499
-0.2411
-0.245721
-0.250473
-0.255627
-0.261002
-0.267561
-0.272443
-0.282712
-0.248754
-0.252331
-0.255689
-0.258943
-0.262282
-0.265906
-0.270452
-0.275302
-0.28527
-0.0361153
-0.0368886
-0.037666
-0.0384435
-0.0392182
-0.0399873
-0.0407475
-0.0414952
-0.0422257
-0.0429341
-0.0436149
-0.0442621
-0.044869
-0.0454285
-0.0459329
-0.0463737
-0.0467416
-0.0470273
-0.0472199
-0.0473093
-0.0472836
-0.0471322
-0.0468413
-0.0464004
-0.0457941
-0.0450132
-0.0440412
-0.0428718
-0.0414868
-0.0398851
-0.0380465
-0.0359779
-0.0336566
-0.0311011
-0.0282845
-0.0252416
-0.0219387
-0.0184324
-0.0146769
-0.0107565
-0.00660137
-0.00231886
-0.036454
-0.0372424
-0.038032
-0.0388203
-0.0396056
-0.0403856
-0.0411572
-0.0419161
-0.0426576
-0.0433765
-0.0440673
-0.0447239
-0.0453396
-0.0459072
-0.0464186
-0.0468656
-0.0472385
-0.0475279
-0.0477228
-0.0478129
-0.0477862
-0.0476319
-0.0473362
-0.0468884
-0.0462729
-0.0454807
-0.0444949
-0.0433094
-0.0419057
-0.0402832
-0.0384212
-0.0363275
-0.0339783
-0.0313939
-0.0285457
-0.0254712
-0.0221339
-0.0185943
-0.0148025
-0.0108483
-0.00665535
-0.00233943
-0.0370954
-0.0379151
-0.0387293
-0.0395388
-0.040345
-0.0411469
-0.0419407
-0.0427217
-0.0434846
-0.044224
-0.0449342
-0.0456091
-0.0462418
-0.0468249
-0.0473502
-0.0478089
-0.0481914
-0.0484878
-0.0486871
-0.0487787
-0.04875
-0.0485902
-0.0482851
-0.0478238
-0.0471906
-0.0463763
-0.0453639
-0.0441472
-0.0427076
-0.0410448
-0.0391379
-0.0369954
-0.0345931
-0.0319527
-0.0290447
-0.0259086
-0.0225067
-0.0189022
-0.0150426
-0.011022
-0.00675954
-0.00237685
-0.0380253
-0.0388901
-0.03974
-0.0405803
-0.041417
-0.0422504
-0.0430765
-0.0438894
-0.0446832
-0.0454523
-0.0461906
-0.0468919
-0.0475492
-0.0481546
-0.0486996
-0.0491753
-0.0495714
-0.0498779
-0.0500831
-0.0501762
-0.0501442
-0.0499759
-0.0496567
-0.0491756
-0.0485163
-0.0476696
-0.046618
-0.0453557
-0.0438636
-0.042142
-0.0401695
-0.0379559
-0.0354766
-0.0327547
-0.0297603
-0.0265352
-0.0230403
-0.0193422
-0.0153858
-0.0112698
-0.0069085
-0.00242963
-0.0392283
-0.0401516
-0.0410477
-0.041928
-0.042804
-0.0436783
-0.0445462
-0.0454005
-0.0462344
-0.0470417
-0.0478163
-0.0485516
-0.0492405
-0.0498746
-0.050445
-0.0509422
-0.0513555
-0.0516745
-0.051887
-0.0519816
-0.0519448
-0.051765
-0.051427
-0.0509193
-0.0502255
-0.049336
-0.048233
-0.0469107
-0.0453499
-0.0435513
-0.0414934
-0.0391872
-0.0366077
-0.0337802
-0.0306741
-0.0273341
-0.0237197
-0.0199016
-0.0158217
-0.0115839
-0.00709722
-0.00249623
-0.0406938
-0.041689
-0.0426416
-0.0435706
-0.0444947
-0.045419
-0.0463378
-0.0472426
-0.0481253
-0.0489791
-0.0497977
-0.0505744
-0.0513014
-0.0519702
-0.0525711
-0.0530941
-0.053528
-0.0538616
-0.0540823
-0.0541779
-0.0541344
-0.0539395
-0.0535775
-0.0530366
-0.0522995
-0.0513566
-0.0501896
-0.048793
-0.047147
-0.0452534
-0.0430903
-0.0406703
-0.0379681
-0.0350115
-0.0317693
-0.0282898
-0.0245309
-0.0205683
-0.0163402
-0.011957
-0.00732105
-0.00257509
-0.0424159
-0.0434959
-0.0445149
-0.0455012
-0.046482
-0.0474649
-0.0484438
-0.0494078
-0.0503477
-0.0512559
-0.052126
-0.052951
-0.0537225
-0.0544315
-0.0550677
-0.0556204
-0.0560776
-0.0564276
-0.0566569
-0.0567526
-0.0567001
-0.0564863
-0.0560948
-0.0555133
-0.0547238
-0.0537165
-0.0524725
-0.0509868
-0.0492391
-0.0472321
-0.0449438
-0.0423887
-0.0395413
-0.0364325
-0.0330305
-0.0293878
-0.0254608
-0.0213307
-0.0169318
-0.0123819
-0.00757548
-0.0026646
-0.0443905
-0.0455684
-0.0466639
-0.047716
-0.0487616
-0.0498119
-0.0508595
-0.0518914
-0.0528967
-0.0538671
-0.0547959
-0.0556757
-0.0564977
-0.0572522
-0.0579281
-0.058514
-0.0589971
-0.0593647
-0.0596026
-0.0596973
-0.0596329
-0.0593959
-0.0589689
-0.0583389
-0.0574873
-0.056404
-0.0550697
-0.0534794
-0.0516127
-0.0494735
-0.0470396
-0.0443278
-0.0413127
-0.0380286
-0.0344433
-0.0306145
-0.0264967
-0.0221776
-0.0175872
-0.0128514
-0.00785601
-0.00276319
-0.0466166
-0.0479056
-0.0490874
-0.0502136
-0.0513324
-0.0524586
-0.0535836
-0.0546919
-0.0557705
-0.0568107
-0.0578051
-0.058746
-0.0596243
-0.0604292
-0.061149
-0.0617711
-0.0622821
-0.0626684
-0.0629147
-0.0630065
-0.0629271
-0.062662
-0.0621927
-0.0615058
-0.0605818
-0.0594104
-0.0579714
-0.0562604
-0.0542568
-0.0519657
-0.0493651
-0.0464744
-0.0432684
-0.0397857
-0.035994
-0.0319564
-0.0276261
-0.0230978
-0.0182971
-0.0133585
-0.00815812
-0.00286924
-0.049095
-0.0505085
-0.0517868
-0.0529954
-0.0541954
-0.055406
-0.056617
-0.0578098
-0.0589697
-0.0600868
-0.0611536
-0.0621618
-0.0631017
-0.0639617
-0.064729
-0.0653904
-0.065931
-0.0663365
-0.0665904
-0.0666772
-0.066579
-0.0662804
-0.0657618
-0.065009
-0.0640016
-0.0627288
-0.0611701
-0.0593214
-0.0571618
-0.0546982
-0.0519089
-0.0488163
-0.0453957
-0.0416907
-0.037669
-0.0334004
-0.0288366
-0.0240802
-0.0190518
-0.0138958
-0.00847718
-0.00298113
-0.0518287
-0.0533804
-0.0547651
-0.0560643
-0.0573535
-0.0586569
-0.0599622
-0.0612478
-0.0624966
-0.0636977
-0.0648432
-0.0659246
-0.0669312
-0.0678507
-0.0686691
-0.069372
-0.0699438
-0.0703686
-0.070629
-0.0707082
-0.0705871
-0.0702492
-0.0696735
-0.0688451
-0.0677424
-0.0663545
-0.0646599
-0.0626554
-0.0603198
-0.0576619
-0.0546605
-0.0513419
-0.0476821
-0.0437303
-0.039455
-0.0349332
-0.0301154
-0.0251133
-0.0198418
-0.0144559
-0.00880844
-0.00309716
-0.0548221
-0.056526
-0.0580271
-0.059425
-0.0608114
-0.0622156
-0.0636235
-0.0650099
-0.0663549
-0.0676468
-0.0688773
-0.0700373
-0.0711154
-0.0720983
-0.072971
-0.0737178
-0.0743216
-0.0747658
-0.0750312
-0.0751
-0.0749514
-0.0745678
-0.0739268
-0.0730124
-0.0718019
-0.070284
-0.0684365
-0.0662568
-0.0637238
-0.0608485
-0.0576105
-0.0540403
-0.0501155
-0.0458917
-0.0413385
-0.0365413
-0.0314497
-0.0261851
-0.0206569
-0.015031
-0.00914696
-0.00321558
-0.0580813
-0.0599517
-0.0615792
-0.0630836
-0.0645747
-0.0660877
-0.0676063
-0.069101
-0.0705494
-0.0719386
-0.0732598
-0.0745036
-0.0756577
-0.0767078
-0.0776376
-0.07843
-0.0790669
-0.0795299
-0.0797986
-0.0798537
-0.0796729
-0.0792368
-0.0785217
-0.0775104
-0.0761788
-0.0745152
-0.0724966
-0.0701212
-0.0673679
-0.0642505
-0.0607496
-0.0569009
-0.052684
-0.0481618
-0.0433058
-0.0382109
-0.032826
-0.0272835
-0.0214866
-0.0156131
-0.00948758
-0.00333456
-0.0616136
-0.063665
-0.0654288
-0.0670473
-0.0686504
-0.0702798
-0.0719168
-0.0735271
-0.0750856
-0.076578
-0.0779953
-0.0793276
-0.0805619
-0.0816825
-0.0826719
-0.0835116
-0.084182
-0.0846634
-0.0849336
-0.0849716
-0.0847534
-0.0842579
-0.0834595
-0.0823398
-0.0808732
-0.0790473
-0.0768382
-0.0742451
-0.071247
-0.067861
-0.0640693
-0.0599133
-0.0553754
-0.0505272
-0.0453426
-0.0399275
-0.0342304
-0.0283957
-0.02232
-0.0161937
-0.00982494
-0.00345218
-0.0654276
-0.0676748
-0.0695844
-0.0713241
-0.073046
-0.074799
-0.0765614
-0.0782943
-0.0799689
-0.08157
-0.0830883
-0.0845135
-0.0858315
-0.0870257
-0.0880769
-0.0889654
-0.0896698
-0.0901688
-0.0904385
-0.0904561
-0.0901953
-0.0896332
-0.0887423
-0.0875023
-0.0858859
-0.0838801
-0.08146
-0.0786258
-0.0753569
-0.0716739
-0.0675613
-0.0630673
-0.0581778
-0.0529744
-0.0474346
-0.0416761
-0.0356482
-0.029508
-0.0231456
-0.0167639
-0.0101534
-0.00356645
-0.0695332
-0.071991
-0.0740557
-0.0759228
-0.0777696
-0.0796526
-0.0815472
-0.0834085
-0.0852048
-0.0869195
-0.088543
-0.0900647
-0.0914698
-0.0927401
-0.0938551
-0.0947936
-0.0955324
-0.0960485
-0.0963159
-0.0963098
-0.0960014
-0.0953657
-0.0943726
-0.0930002
-0.0912189
-0.0890148
-0.086362
-0.0832616
-0.0796939
-0.0756835
-0.0712177
-0.0663525
-0.0610789
-0.0554893
-0.0495663
-0.0434412
-0.0370642
-0.0306066
-0.0239513
-0.0173145
-0.0104671
-0.00367528
-0.0739413
-0.0766245
-0.0788527
-0.0808528
-0.0828296
-0.0848483
-0.0868806
-0.0888757
-0.0907982
-0.0926304
-0.0943626
-0.095984
-0.0974787
-0.0988275
-0.100008
-0.100998
-0.101772
-0.102304
-0.102568
-0.102535
-0.102174
-0.101458
-0.100354
-0.0988367
-0.0968748
-0.0944533
-0.0915448
-0.0881517
-0.0842551
-0.0798843
-0.0750306
-0.0697588
-0.0640659
-0.0580576
-0.0517222
-0.0452065
-0.0384625
-0.0316767
-0.0247247
-0.0178359
-0.01076
-0.00377648
-0.0786637
-0.0815871
-0.0839863
-0.0861235
-0.0882342
-0.090393
-0.0925676
-0.0947007
-0.0967528
-0.0987055
-0.100549
-0.102272
-0.103859
-0.105288
-0.106536
-0.107578
-0.108388
-0.108937
-0.109196
-0.109134
-0.108717
-0.107915
-0.10669
-0.105016
-0.102857
-0.100199
-0.0970103
-0.093296
-0.0890384
-0.0842719
-0.0789926
-0.0732758
-0.0671262
-0.0606641
-0.0538859
-0.0469549
-0.0398265
-0.0327031
-0.0254527
-0.0183181
-0.0110258
-0.00386781
-0.0837135
-0.086891
-0.0894674
-0.0917443
-0.0939913
-0.0962933
-0.0986133
-0.100887
-0.103071
-0.105146
-0.107103
-0.10893
-0.11061
-0.112121
-0.113438
-0.114534
-0.11538
-0.115947
-0.116201
-0.116109
-0.115633
-0.114738
-0.113385
-0.111542
-0.109171
-0.106254
-0.102761
-0.0986955
-0.0940422
-0.0888418
-0.0830964
-0.0768932
-0.0702465
-0.0632935
-0.0560402
-0.0486689
-0.041139
-0.0336699
-0.0261219
-0.0187507
-0.0112579
-0.00394691
-0.0891042
-0.0925493
-0.0953072
-0.0977242
-0.100108
-0.102554
-0.105021
-0.107437
-0.109753
-0.111951
-0.114021
-0.115952
-0.117727
-0.119321
-0.120709
-0.12186
-0.122746
-0.123332
-0.123582
-0.12346
-0.122923
-0.121932
-0.120443
-0.11842
-0.115822
-0.112626
-0.108801
-0.104352
-0.099266
-0.0935905
-0.0873349
-0.0806005
-0.0734133
-0.0659298
-0.0581677
-0.0503302
-0.0423822
-0.0345608
-0.0267184
-0.019123
-0.0114497
-0.0040114
-0.0948502
-0.0985749
-0.101516
-0.104072
-0.10659
-0.10918
-0.111793
-0.114349
-0.116797
-0.119117
-0.121299
-0.123334
-0.125204
-0.126883
-0.128343
-0.129553
-0.13048
-0.131089
-0.131338
-0.131188
-0.13059
-0.129501
-0.12787
-0.125657
-0.122815
-0.119319
-0.115135
-0.110269
-0.10471
-0.0985147
-0.0917014
-0.0843874
-0.076613
-0.0685565
-0.0602502
-0.05192
-0.0435378
-0.035359
-0.0272282
-0.0194244
-0.0115945
-0.00405883
-0.100966
-0.104981
-0.108105
-0.110793
-0.113441
-0.116171
-0.118927
-0.121622
-0.124198
-0.126636
-0.128929
-0.131067
-0.133032
-0.134797
-0.136332
-0.137604
-0.138577
-0.139213
-0.139466
-0.139292
-0.138636
-0.137448
-0.135672
-0.13326
-0.13016
-0.126342
-0.121769
-0.11645
-0.110375
-0.103612
-0.0961893
-0.0882431
-0.0798313
-0.0711566
-0.062269
-0.0534189
-0.044587
-0.0360475
-0.0276369
-0.0196439
-0.0116855
-0.00408671
-0.107467
-0.11178
-0.115083
-0.117894
-0.120664
-0.123527
-0.126421
-0.129248
-0.131946
-0.134498
-0.136898
-0.139138
-0.141197
-0.143049
-0.144662
-0.146001
-0.147027
-0.147697
-0.147962
-0.14777
-0.147061
-0.145777
-0.143854
-0.141236
-0.137864
-0.133703
-0.128712
-0.1229
-0.116264
-0.10888
-0.100792
-0.0921573
-0.0830538
-0.073713
-0.064205
-0.0548074
-0.0455112
-0.0366093
-0.0279302
-0.0197706
-0.0117158
-0.00409253
-0.114367
-0.118983
-0.122456
-0.125378
-0.128256
-0.131243
-0.134266
-0.137216
-0.14003
-0.142689
-0.145191
-0.147529
-0.149682
-0.151624
-0.153319
-0.154732
-0.155818
-0.156532
-0.156819
-0.15662
-0.155867
-0.154493
-0.152423
-0.149595
-0.145938
-0.141412
-0.135971
-0.129627
-0.12238
-0.114319
-0.105505
-0.0961191
-0.086266
-0.0762078
-0.0660387
-0.0560655
-0.0462911
-0.0370272
-0.0280939
-0.0197936
-0.0116789
-0.00407378
-0.121681
-0.126601
-0.130229
-0.133243
-0.136214
-0.13931
-0.14245
-0.145512
-0.148431
-0.151188
-0.153786
-0.156219
-0.158466
-0.1605
-0.162283
-0.163777
-0.164935
-0.165707
-0.166029
-0.165837
-0.165053
-0.163598
-0.161388
-0.158346
-0.154394
-0.149481
-0.143559
-0.136638
-0.128726
-0.119926
-0.11032
-0.100118
-0.0894528
-0.0786229
-0.0677506
-0.0571732
-0.0469081
-0.0372842
-0.0281141
-0.0197023
-0.011568
-0.00402796
-0.12942
-0.134641
-0.138405
-0.141486
-0.144528
-0.147716
-0.150956
-0.154116
-0.157126
-0.159972
-0.162658
-0.165182
-0.167524
-0.169653
-0.171532
-0.173118
-0.174362
-0.175207
-0.175584
-0.175418
-0.174619
-0.173099
-0.170755
-0.167502
-0.163244
-0.157925
-0.151487
-0.143943
-0.135308
-0.125704
-0.115234
-0.104143
-0.0925993
-0.0809402
-0.0693207
-0.0581106
-0.0473434
-0.0373639
-0.0279774
-0.0194865
-0.011377
-0.00395257
-0.137596
-0.143107
-0.146979
-0.150097
-0.153184
-0.156441
-0.159762
-0.163003
-0.166089
-0.169011
-0.171777
-0.174388
-0.176824
-0.179054
-0.181037
-0.18273
-0.184078
-0.185017
-0.185472
-0.185356
-0.184566
-0.182998
-0.180536
-0.177074
-0.172505
-0.166758
-0.15977
-0.151554
-0.142134
-0.131652
-0.120241
-0.108184
-0.0956899
-0.0831412
-0.0707295
-0.0588581
-0.047579
-0.0372504
-0.0276709
-0.0191362
-0.0110997
-0.00384515
-0.146214
-0.151999
-0.155945
-0.159062
-0.162161
-0.16546
-0.16884
-0.172141
-0.175285
-0.178269
-0.181108
-0.183802
-0.186334
-0.18867
-0.19077
-0.192586
-0.194059
-0.19512
-0.195681
-0.195645
-0.194893
-0.193303
-0.19074
-0.187079
-0.182194
-0.176
-0.168425
-0.159483
-0.14921
-0.137772
-0.125336
-0.112229
-0.0987095
-0.0852074
-0.0719574
-0.0593963
-0.0475977
-0.0369285
-0.0271828
-0.0186422
-0.0107305
-0.00370324
-0.155277
-0.161311
-0.165287
-0.168357
-0.17143
-0.174743
-0.178155
-0.181493
-0.184677
-0.187709
-0.19061
-0.193384
-0.196015
-0.198467
-0.200698
-0.202658
-0.204282
-0.205494
-0.206196
-0.206276
-0.205599
-0.204018
-0.201378
-0.197531
-0.192329
-0.185669
-0.17747
-0.167746
-0.156547
-0.144066
-0.130514
-0.116268
-0.101642
-0.0871202
-0.0729853
-0.0597068
-0.0473832
-0.0363839
-0.0265021
-0.0179957
-0.0102643
-0.00352433
-0.164783
-0.171032
-0.174982
-0.177952
-0.180957
-0.18425
-0.187668
-0.191017
-0.19422
-0.197285
-0.20024
-0.203093
-0.205825
-0.208404
-0.210784
-0.212911
-0.214718
-0.216118
-0.217002
-0.217243
-0.216682
-0.215149
-0.212463
-0.208447
-0.202931
-0.195787
-0.186925
-0.176358
-0.164153
-0.150537
-0.135771
-0.120289
-0.104473
-0.0888612
-0.0737946
-0.0597716
-0.0469204
-0.0356038
-0.0256194
-0.017189
-0.00969666
-0.00330581
-0.174725
-0.181141
-0.184998
-0.187807
-0.190698
-0.193936
-0.19733
-0.200667
-0.203866
-0.206949
-0.209949
-0.21288
-0.215721
-0.218439
-0.220987
-0.22331
-0.225333
-0.226964
-0.228079
-0.228532
-0.228137
-0.226698
-0.224002
-0.219843
-0.214018
-0.206375
-0.196809
-0.185333
-0.172038
-0.157187
-0.141101
-0.12428
-0.107184
-0.0904119
-0.0743674
-0.0595739
-0.046196
-0.0345762
-0.0245269
-0.0162146
-0.00902376
-0.0030449
-0.185089
-0.191608
-0.19529
-0.197869
-0.2006
-0.203751
-0.207092
-0.210387
-0.213562
-0.216647
-0.219687
-0.222694
-0.225651
-0.228521
-0.231259
-0.233808
-0.236086
-0.237993
-0.239392
-0.24012
-0.23995
-0.238657
-0.235996
-0.231725
-0.225601
-0.217445
-0.207134
-0.194681
-0.180205
-0.164012
-0.146495
-0.128228
-0.10976
-0.0917538
-0.0746867
-0.0590982
-0.0451984
-0.0332912
-0.0232186
-0.0150664
-0.00824294
-0.00273845
-0.195849
-0.20238
-0.205789
-0.208068
-0.2106
-0.213635
-0.216892
-0.220117
-0.223243
-0.226316
-0.229389
-0.232474
-0.235551
-0.238588
-0.241539
-0.244343
-0.246917
-0.249147
-0.250889
-0.251956
-0.252075
-0.250989
-0.248417
-0.244072
-0.237669
-0.22899
-0.217895
-0.204398
-0.188647
-0.171001
-0.151938
-0.132113
-0.112181
-0.0928678
-0.0747366
-0.0583304
-0.0439188
-0.0317406
-0.0216912
-0.013739
-0.00735283
-0.00238284
-0.206971
-0.213368
-0.216391
-0.218315
-0.220622
-0.223515
-0.226655
-0.229775
-0.232829
-0.235877
-0.238975
-0.242133
-0.245334
-0.248548
-0.25173
-0.25482
-0.257728
-0.260331
-0.262487
-0.26394
-0.264416
-0.263607
-0.261189
-0.256819
-0.250162
-0.240962
-0.229053
-0.214449
-0.197334
-0.178126
-0.157403
-0.13591
-0.114425
-0.0937342
-0.0745026
-0.0572589
-0.0423514
-0.0299188
-0.0199442
-0.0122283
-0.00635377
-0.00197386
-0.218377
-0.224419
-0.226944
-0.228492
-0.230571
-0.233296
-0.236275
-0.239253
-0.24221
-0.245217
-0.248326
-0.251547
-0.254867
-0.25826
-0.261687
-0.265086
-0.268362
-0.27138
-0.273967
-0.275887
-0.276796
-0.276345
-0.274153
-0.269818
-0.262951
-0.253245
-0.240508
-0.22475
-0.206197
-0.185331
-0.162845
-0.139583
-0.116465
-0.0943321
-0.0739721
-0.0558751
-0.0404949
-0.0278236
-0.0179813
-0.0105321
-0.00524832
-0.00150664
-0.229865
-0.235251
-0.237215
-0.238442
-0.240319
-0.242837
-0.245597
-0.248392
-0.251227
-0.254171
-0.257267
-0.26053
-0.263953
-0.267518
-0.271189
-0.274907
-0.278575
-0.282043
-0.28509
-0.287536
-0.288944
-0.28893
-0.287044
-0.282819
-0.275803
-0.265633
-0.252082
-0.235153
-0.215114
-0.19252
-0.168191
-0.14308
-0.118264
-0.0946399
-0.0731356
-0.0541749
-0.0383534
-0.0254577
-0.0158107
-0.00865057
-0.00404189
-0.00097565
-0.241118
-0.245424
-0.246889
-0.247961
-0.249676
-0.251923
-0.254398
-0.256972
-0.259658
-0.262505
-0.265554
-0.268825
-0.272322
-0.276035
-0.279936
-0.283969
-0.288034
-0.291977
-0.295576
-0.298533
-0.30049
-0.300986
-0.299488
-0.295462
-0.28838
-0.27782
-0.263504
-0.245429
-0.2239
-0.199551
-0.173339
-0.146331
-0.119783
-0.0946362
-0.071988
-0.0521612
-0.0359383
-0.0228303
-0.0134467
-0.00658751
-0.00274331
-0.000374938
-0.251591
-0.254375
-0.255623
-0.2568
-0.258355
-0.260242
-0.262376
-0.264704
-0.267211
-0.269923
-0.272881
-0.276119
-0.279652
-0.28348
-0.287582
-0.291908
-0.29636
-0.300778
-0.304922
-0.308452
-0.31101
-0.312082
-0.311054
-0.30732
-0.300277
-0.289429
-0.27444
-0.255292
-0.232323
-0.206247
-0.17816
-0.149254
-0.120974
-0.0943019
-0.0705304
-0.0498452
-0.0332699
-0.0199586
-0.0109102
-0.00435144
-0.00136535
0.000301539
-0.260261
-0.261523
-0.263168
-0.264688
-0.265991
-0.267426
-0.269199
-0.27127
-0.273569
-0.276107
-0.278939
-0.282111
-0.285648
-0.289558
-0.293832
-0.298425
-0.303242
-0.308121
-0.312809
-0.316944
-0.320141
-0.321839
-0.321348
-0.317999
-0.311102
-0.300086
-0.284542
-0.264439
-0.240126
-0.212408
-0.182511
-0.15176
-0.121789
-0.0936236
-0.0687722
-0.0472486
-0.0303778
-0.0168694
-0.00822911
-0.00195704
7.53093e-05
0.00105913
-0.266395
-0.266631
-0.269478
-0.271361
-0.272234
-0.273179
-0.274612
-0.276423
-0.278493
-0.280843
-0.283538
-0.286631
-0.290155
-0.29413
-0.298554
-0.303392
-0.308552
-0.313874
-0.319097
-0.323846
-0.327698
-0.330048
-0.330143
-0.327253
-0.320596
-0.309523
-0.293548
-0.272622
-0.247092
-0.217861
-0.186261
-0.153767
-0.12219
-0.0925981
-0.0667327
-0.0444054
-0.0273017
-0.0136006
-0.00543795
0.000573605
0.00155896
0.00190194
-0.269833
-0.270042
-0.274392
-0.276369
-0.276793
-0.27739
-0.278563
-0.280129
-0.281982
-0.284161
-0.286734
-0.289756
-0.293268
-0.2973
-0.301862
-0.306927
-0.312408
-0.318147
-0.323883
-0.329238
-0.33374
-0.336736
-0.337432
-0.335047
-0.328698
-0.31766
-0.301359
-0.279736
-0.253119
-0.222517
-0.189345
-0.155242
-0.122168
-0.0912457
-0.0644473
-0.0413641
-0.0240905
-0.0102
-0.0025759
0.0032115
0.00306332
0.00283391
-0.270717
-0.272638
-0.277517
-0.27935
-0.279686
-0.280237
-0.281273
-0.282653
-0.284346
-0.286409
-0.288904
-0.291886
-0.295403
-0.299498
-0.304186
-0.309449
-0.315206
-0.321301
-0.327477
-0.333369
-0.33843
-0.341991
-0.343195
-0.341267
-0.335216
-0.324249
-0.307705
-0.285515
-0.257962
-0.226176
-0.191608
-0.156083
-0.12166
-0.0895417
-0.0619179
-0.038145
-0.0207793
-0.00670519
0.000313745
0.00592695
0.00455374
0.00385714
-0.286053
-0.281588
-0.280767
-0.281229
-0.281271
-0.281693
-0.282632
-0.283936
-0.285586
-0.28763
-0.290124
-0.29312
-0.29667
-0.300816
-0.305577
-0.310933
-0.316803
-0.323029
-0.329346
-0.335358
-0.340614
-0.344505
-0.345841
-0.344035
-0.33805
-0.327064
-0.310357
-0.287859
-0.259795
-0.227372
-0.192026
-0.155697
-0.120508
-0.0876721
-0.059604
-0.0353863
-0.0180744
-0.00385074
0.00260255
0.00815553
0.00570417
0.00475098
-0.286185
-0.284028
-0.282233
-0.282462
-0.282598
-0.283045
-0.283991
-0.285305
-0.286981
-0.289068
-0.291621
-0.294694
-0.298339
-0.302599
-0.307489
-0.312985
-0.319001
-0.325369
-0.33182
-0.337952
-0.343176
-0.346854
-0.348114
-0.346127
-0.339838
-0.32844
-0.311215
-0.288134
-0.259435
-0.226414
-0.190499
-0.153724
-0.118176
-0.0851134
-0.0569648
-0.0327199
-0.0156137
-0.00149461
0.00447786
0.00986692
0.00661395
0.00543884
-0.285356
-0.284449
-0.282766
-0.283072
-0.283429
-0.284014
-0.285039
-0.286426
-0.288179
-0.290353
-0.293003
-0.296186
-0.299953
-0.304344
-0.309372
-0.315006
-0.32115
-0.327626
-0.33415
-0.340303
-0.345587
-0.349084
-0.35018
-0.347884
-0.34117
-0.329235
-0.311374
-0.2876
-0.258185
-0.224524
-0.188048
-0.150899
-0.11509
-0.0819593
-0.0538495
-0.0297483
-0.0129244
0.000959299
0.00643525
0.0115824
0.00755305
0.00612974
-0.285245
-0.284597
-0.283146
-0.283525
-0.284056
-0.28478
-0.285898
-0.287367
-0.289206
-0.29147
-0.294218
-0.297506
-0.301386
-0.305896
-0.311043
-0.316792
-0.323038
-0.329593
-0.33616
-0.342308
-0.347474
-0.350914
-0.351822
-0.349216
-0.342104
-0.32968
-0.31125
-0.28686
-0.256809
-0.222579
-0.1856
-0.148116
-0.112067
-0.0788755
-0.0507994
-0.0268365
-0.0102796
0.00337641
0.00837334
0.0132867
0.00849461
0.00682863
-0.28503
-0.284517
-0.283431
-0.283923
-0.2846
-0.285457
-0.286671
-0.288228
-0.290155
-0.292511
-0.295355
-0.298744
-0.30273
-0.307347
-0.312599
-0.318442
-0.324766
-0.331372
-0.337953
-0.344067
-0.349135
-0.352405
-0.353087
-0.350155
-0.342642
-0.329741
-0.310776
-0.285824
-0.255205
-0.220481
-0.183071
-0.145312
-0.109067
-0.0758412
-0.0478122
-0.0239877
-0.00769199
0.00574856
0.0102788
0.014975
0.00942971
0.00753505
-0.284792
-0.284347
-0.283662
-0.284276
-0.285076
-0.286058
-0.28737
-0.289017
-0.291034
-0.293483
-0.296421
-0.299908
-0.303992
-0.308704
-0.314044
-0.319961
-0.326337
-0.332964
-0.339525
-0.345568
-0.350507
-0.353591
-0.353988
-0.350706
-0.342774
-0.329394
-0.309909
-0.284426
-0.253289
-0.218132
-0.180356
-0.142385
-0.106001
-0.0727856
-0.0448347
-0.0211714
-0.0051435
0.00807756
0.012151
0.016638
0.0103545
0.00824504
-0.284592
-0.2842
-0.28388
-0.284601
-0.2855
-0.286594
-0.287999
-0.289735
-0.291842
-0.29438
-0.297409
-0.300986
-0.305157
-0.30995
-0.315359
-0.321328
-0.327729
-0.334347
-0.340854
-0.346791
-0.351567
-0.35444
-0.354517
-0.350862
-0.342502
-0.328645
-0.308659
-0.282683
-0.251081
-0.215551
-0.177477
-0.139354
-0.102883
-0.0697226
-0.0418795
-0.0184017
-0.00264655
0.0103485
0.0139789
0.0182626
0.0112635
0.00895375
-0.284437
-0.284103
-0.284095
-0.284901
-0.285882
-0.287072
-0.288564
-0.290384
-0.292576
-0.295199
-0.298312
-0.301968
-0.306214
-0.311072
-0.31653
-0.322526
-0.328925
-0.335503
-0.341926
-0.347725
-0.352302
-0.354904
-0.354669
-0.350625
-0.341832
-0.327508
-0.307048
-0.280623
-0.248616
-0.212779
-0.174475
-0.13626
-0.099756
-0.066689
-0.0389796
-0.0157068
-0.000224981
0.012541
0.0157472
0.019835
0.0121501
0.00965594
-0.284328
-0.284037
-0.284298
-0.285169
-0.286219
-0.287494
-0.289064
-0.290961
-0.293231
-0.295931
-0.299118
-0.302843
-0.307149
-0.312054
-0.31754
-0.323539
-0.32991
-0.33642
-0.342728
-0.348359
-0.352711
-0.355024
-0.354452
-0.350006
-0.34078
-0.326005
-0.305104
-0.278279
-0.245929
-0.209853
-0.171389
-0.133141
-0.0966547
-0.0637165
-0.0361646
-0.0131122
0.0020989
0.0146359
0.0174409
0.0213419
0.0130076
0.0103458
-0.284318
-0.283945
-0.284472
-0.285396
-0.286505
-0.287854
-0.289494
-0.29146
-0.293799
-0.296567
-0.299816
-0.303598
-0.307949
-0.312882
-0.318376
-0.324355
-0.330672
-0.337088
-0.343253
-0.348691
-0.352793
-0.354802
-0.353879
-0.349026
-0.339375
-0.324169
-0.302861
-0.27569
-0.24306
-0.206812
-0.168257
-0.130032
-0.0936133
-0.0608341
-0.0334612
-0.0106411
0.00430471
0.0166153
0.0190459
0.0227698
0.0138291
0.0110168
-0.284485
-0.283795
-0.284601
-0.285574
-0.286734
-0.288146
-0.289847
-0.291874
-0.294273
-0.297098
-0.300399
-0.304223
-0.308602
-0.313546
-0.319028
-0.324965
-0.331204
-0.337502
-0.343503
-0.348727
-0.352561
-0.354253
-0.352979
-0.347721
-0.337667
-0.322049
-0.300367
-0.272911
-0.240057
-0.203707
-0.165126
-0.126973
-0.0906685
-0.058072
-0.0308963
-0.00831602
0.00637286
0.0184625
0.0205483
0.0241061
0.0146077
0.0116622
-0.28393
-0.283885
-0.284664
-0.285687
-0.286901
-0.288367
-0.29012
-0.292199
-0.294649
-0.297519
-0.300859
-0.304712
-0.309105
-0.314043
-0.319494
-0.32537
-0.331513
-0.337673
-0.343492
-0.348487
-0.352042
-0.353414
-0.3518
-0.34613
-0.335679
-0.319701
-0.297717
-0.270036
-0.236971
-0.200592
-0.162046
-0.12401
-0.0878594
-0.0554608
-0.0284968
-0.00615857
0.00828474
0.0201618
0.0219355
0.0253389
0.0153365
0.0122743
-0.283574
-0.283871
-0.28468
-0.285743
-0.287004
-0.288516
-0.290313
-0.292435
-0.294925
-0.297831
-0.301199
-0.305067
-0.30946
-0.314378
-0.319783
-0.325583
-0.331615
-0.337624
-0.34325
-0.348007
-0.351281
-0.352334
-0.35023
-0.344326
-0.333516
-0.317199
-0.294943
-0.267038
-0.233964
-0.197544
-0.159071
-0.121188
-0.085226
-0.0530311
-0.0262888
-0.00418896
0.0100234
0.0216996
0.0231957
0.0264573
0.0160087
0.0128454
-0.283312
-0.283784
-0.284644
-0.285744
-0.287046
-0.288597
-0.290431
-0.292588
-0.295109
-0.298041
-0.301425
-0.305298
-0.30968
-0.314567
-0.319915
-0.325628
-0.331539
-0.337391
-0.34282
-0.34734
-0.350338
-0.351092
-0.348701
-0.342401
-0.331259
-0.314643
-0.292161
-0.264098
-0.231
-0.19462
-0.15628
-0.118556
-0.0828088
-0.0508121
-0.0242966
-0.00242532
0.011574
0.0230643
0.0243186
0.0274521
0.0166175
0.0133677
-0.283056
-0.283655
-0.284566
-0.2857
-0.287037
-0.28862
-0.290484
-0.292668
-0.295213
-0.298161
-0.301554
-0.305424
-0.309786
-0.314633
-0.319917
-0.325539
-0.331327
-0.337023
-0.34226
-0.346552
-0.349289
-0.349762
-0.347085
-0.340449
-0.32901
-0.312138
-0.289475
-0.261304
-0.228206
-0.191891
-0.15371
-0.116176
-0.0806484
-0.0488313
-0.0225424
-0.000883503
0.0129241
0.0242467
0.0252956
0.0283157
0.0171562
0.0138333
-0.282801
-0.283502
-0.28446
-0.285624
-0.28699
-0.2886
-0.290488
-0.292692
-0.295253
-0.298212
-0.301606
-0.305466
-0.309804
-0.314608
-0.319828
-0.32536
-0.331031
-0.336579
-0.341637
-0.345719
-0.348221
-0.34844
-0.345493
-0.338576
-0.326884
-0.309799
-0.286994
-0.25875
-0.225683
-0.18945
-0.151429
-0.114083
-0.0787924
-0.047112
-0.0210466
0.000422997
0.0140635
0.0252398
0.0261198
0.0290422
0.0176181
0.0142347
-0.282562
-0.283345
-0.284342
-0.285532
-0.286922
-0.288553
-0.290459
-0.292677
-0.295249
-0.298214
-0.301606
-0.305453
-0.309766
-0.314529
-0.319689
-0.32514
-0.330705
-0.336122
-0.341024
-0.344925
-0.347225
-0.347226
-0.344053
-0.336898
-0.324999
-0.307743
-0.284831
-0.256542
-0.22352
-0.187377
-0.149508
-0.112327
-0.0772801
-0.045673
-0.0198269
0.00148306
0.0149847
0.0260392
0.0267857
0.0296275
0.0179969
0.0145651
-0.282359
-0.283204
-0.284233
-0.285442
-0.286851
-0.288497
-0.290416
-0.292645
-0.295224
-0.29819
-0.301578
-0.305413
-0.309704
-0.314432
-0.319542
-0.324926
-0.330405
-0.335717
-0.340493
-0.344249
-0.346389
-0.346219
-0.342867
-0.335529
-0.32347
-0.306085
-0.283097
-0.254781
-0.221803
-0.185742
-0.148003
-0.110956
-0.0760141
-0.0446587
-0.0188997
0.00228791
0.0156818
0.0266417
0.0272893
0.0300687
0.0182871
0.0148185
-0.28221
-0.283098
-0.284148
-0.285371
-0.286792
-0.288449
-0.290376
-0.292612
-0.295194
-0.298161
-0.301546
-0.305372
-0.309646
-0.314349
-0.319423
-0.32476
-0.33018
-0.335418
-0.340107
-0.343763
-0.345792
-0.345503
-0.342028
-0.334562
-0.322394
-0.304923
-0.281884
-0.253554
-0.220611
-0.184609
-0.146964
-0.110012
-0.0751508
-0.0439641
-0.0182744
0.00283096
0.0161509
0.0270458
0.0276277
0.0303642
0.0184839
0.0149902
-0.28213
-0.28304
-0.284101
-0.28533
-0.286758
-0.28842
-0.290352
-0.292591
-0.295176
-0.298144
-0.301527
-0.305348
-0.309614
-0.314305
-0.319362
-0.324675
-0.330066
-0.335267
-0.339912
-0.343516
-0.34549
-0.345141
-0.341603
-0.334069
-0.321845
-0.304329
-0.281263
-0.252924
-0.219997
-0.184025
-0.146428
-0.109523
-0.0747013
-0.0436111
-0.017958
0.00310779
0.0163896
0.0272508
0.0277992
0.0305133
0.0185837
0.015077
)
;

boundaryField
{
    inlet
    {
        type            zeroGradient;
    }
    outlet
    {
        type            fixedValue;
        value           uniform 0;
    }
    cylinder
    {
        type            zeroGradient;
    }
    top
    {
        type            symmetryPlane;
    }
    bottom
    {
        type            symmetryPlane;
    }
    defaultFaces
    {
        type            empty;
    }
    procBoundary1to0
    {
        type            processor;
        value           nonuniform List<scalar> 
133
(
-0.29244
-0.29244
-0.294766
-0.297289
-0.29932
-0.29932
-0.302037
-0.302707
-0.302707
-0.302166
-0.302166
-0.304875
-0.303266
-0.303266
-0.300977
-0.300977
-0.297214
-0.297214
-0.290921
-0.290921
-0.27882
-0.27882
-0.263703
-0.263703
-0.277443
-0.263725
-0.263725
-0.291329
-0.290962
-0.290962
-0.29726
-0.29726
-0.301025
-0.301025
-0.303314
-0.303314
-0.304922
-0.302212
-0.302212
-0.302754
-0.302754
-0.302083
-0.299365
-0.299365
-0.297332
-0.294808
-0.294808
-0.244868
-0.231786
-0.219472
-0.207448
-0.195461
-0.183971
-0.173226
-0.163077
-0.153467
-0.144453
-0.136013
-0.128093
-0.120671
-0.11372
-0.107206
-0.101102
-0.095379
-0.0900112
-0.0849752
-0.0802498
-0.0758142
-0.0738202
-0.0738202
-0.0697464
-0.065924
-0.0623397
-0.0589821
-0.0558403
-0.0529058
-0.050171
-0.0476293
-0.0452752
-0.0431046
-0.0411143
-0.0393024
-0.0376684
-0.0362129
-0.034938
-0.0338483
-0.0329485
-0.0322493
-0.03176
-0.0314917
-0.0314855
-0.0317538
-0.032243
-0.0329422
-0.0338418
-0.0349314
-0.0362062
-0.0376615
-0.0392954
-0.0411071
-0.0430972
-0.0452677
-0.0476215
-0.0476215
-0.0489444
-0.0515717
-0.0543898
-0.0574059
-0.060628
-0.0640669
-0.0677338
-0.0716416
-0.0758051
-0.0802407
-0.0849661
-0.0900021
-0.09537
-0.101093
-0.107198
-0.113712
-0.120663
-0.128086
-0.136006
-0.144447
-0.153462
-0.163072
-0.173221
-0.183967
-0.195458
-0.207447
-0.219474
-0.231793
-0.244881
)
;
    }
}


// ************************************************************************* //
