/*--------------------------------*- C++ -*----------------------------------*\
  =========                 |
  \\      /  F ield         | OpenFOAM: The Open Source CFD Toolbox
   \\    /   O peration     | Website:  https://openfoam.org
    \\  /    A nd           | Version:  7
     \\/     M anipulation  |
\*---------------------------------------------------------------------------*/
FoamFile
{
    version     2.0;
    format      ascii;
    class       volScalarField;
    location    "20";
    object      p;
}
// * * * * * * * * * * * * * * * * * * * * * * * * * * * * * * * * * * * * * //

dimensions      [0 2 -2 0 0 0 0];

internalField   nonuniform List<scalar> 
6386
(
-0.253221
-0.255217
-0.256154
-0.256913
-0.257571
-0.258152
-0.258681
-0.259164
-0.259598
-0.259996
-0.253425
-0.255398
-0.256321
-0.257068
-0.257712
-0.25828
-0.258795
-0.259262
-0.259678
-0.260043
-0.253827
-0.255752
-0.256649
-0.25737
-0.257989
-0.25853
-0.259016
-0.259452
-0.259829
-0.260125
-0.254419
-0.256276
-0.257134
-0.257816
-0.258395
-0.258895
-0.259335
-0.259723
-0.260042
-0.260226
-0.255193
-0.256961
-0.257767
-0.258397
-0.258922
-0.259366
-0.259744
-0.260063
-0.260306
-0.260326
-0.256136
-0.257798
-0.258539
-0.259103
-0.25956
-0.259931
-0.260228
-0.260458
-0.260609
-0.260396
-0.257236
-0.258777
-0.259441
-0.259925
-0.260296
-0.260579
-0.260774
-0.260891
-0.260938
-0.260396
-0.258479
-0.259886
-0.260461
-0.260849
-0.261119
-0.261295
-0.261369
-0.261343
-0.261285
-0.260274
-0.259852
-0.261116
-0.261588
-0.261866
-0.262018
-0.262069
-0.261999
-0.261797
-0.261652
-0.259949
-0.261345
-0.262457
-0.262815
-0.262965
-0.26298
-0.262889
-0.262655
-0.262237
-0.262065
-0.259327
-0.262949
-0.263902
-0.264132
-0.264137
-0.263997
-0.263745
-0.26333
-0.262649
-0.262535
-0.258569
-0.264659
-0.265447
-0.265533
-0.265376
-0.265061
-0.26463
-0.264019
-0.263034
-0.262736
-0.257821
-0.266473
-0.267091
-0.267018
-0.266677
-0.266167
-0.265538
-0.26472
-0.263505
-0.262887
-0.256764
-0.268397
-0.268836
-0.268585
-0.268038
-0.26731
-0.266467
-0.26542
-0.263974
-0.26309
-0.25542
-0.270441
-0.270691
-0.270241
-0.26946
-0.268491
-0.267414
-0.266127
-0.264447
-0.263304
-0.253907
-0.272669
-0.271993
-0.27095
-0.269712
-0.26838
-0.266837
-0.264956
-0.263451
-0.252407
-0.274788
-0.273856
-0.27252
-0.270981
-0.269367
-0.267544
-0.265533
-0.263397
-0.251102
-0.277072
-0.275853
-0.274187
-0.272312
-0.270386
-0.268248
-0.266211
-0.262936
-0.250101
-0.278013
-0.275976
-0.273729
-0.271459
-0.268966
-0.267018
-0.261972
-0.250179
-0.280365
-0.27792
-0.275264
-0.272619
-0.269737
-0.267896
-0.260893
-0.254605
-0.28006
-0.276961
-0.273908
-0.270605
-0.268643
-0.260363
-0.265606
-0.27887
-0.275373
-0.271624
-0.269145
-0.260598
-0.264578
-0.281044
-0.277063
-0.27283
-0.269519
-0.261041
-0.261705
-0.279021
-0.274228
-0.269922
-0.261327
-0.258896
-0.275811
-0.270385
-0.261356
-0.256043
-0.270885
-0.261054
-0.253248
-0.260406
-0.250436
-0.247538
-0.25934
-0.247464
-0.260344
-0.250363
-0.270835
-0.260993
-0.253175
-0.275769
-0.270336
-0.261296
-0.25597
-0.278984
-0.274188
-0.269874
-0.261268
-0.258823
-0.281009
-0.277027
-0.27279
-0.269472
-0.260981
-0.261631
-0.278834
-0.275337
-0.271584
-0.269099
-0.260537
-0.264503
-0.280024
-0.276925
-0.273872
-0.270565
-0.268596
-0.260302
-0.26553
-0.280327
-0.277883
-0.275228
-0.272582
-0.269696
-0.267849
-0.260831
-0.254525
-0.277974
-0.275938
-0.273691
-0.271421
-0.268924
-0.26697
-0.26191
-0.250096
-0.27703
-0.275813
-0.274148
-0.272273
-0.270346
-0.268204
-0.266161
-0.262873
-0.250016
-0.274745
-0.273815
-0.27248
-0.270941
-0.269326
-0.267499
-0.265481
-0.263334
-0.251016
-0.272575
-0.272625
-0.271951
-0.270909
-0.269671
-0.268338
-0.266791
-0.264903
-0.263386
-0.25232
-0.270393
-0.270647
-0.270198
-0.269419
-0.268449
-0.267371
-0.266079
-0.264392
-0.263239
-0.25382
-0.268349
-0.268792
-0.268542
-0.267995
-0.267268
-0.266422
-0.265372
-0.263918
-0.263024
-0.255333
-0.266425
-0.267047
-0.266975
-0.266635
-0.266124
-0.265493
-0.264671
-0.263447
-0.262821
-0.256677
-0.264611
-0.265404
-0.265491
-0.265335
-0.265019
-0.264585
-0.26397
-0.262975
-0.262674
-0.257734
-0.262903
-0.26386
-0.264091
-0.264097
-0.263956
-0.263701
-0.263281
-0.262593
-0.262475
-0.258483
-0.261301
-0.262417
-0.262775
-0.262926
-0.26294
-0.262846
-0.262608
-0.262183
-0.262003
-0.25925
-0.259811
-0.261078
-0.261551
-0.261829
-0.26198
-0.262029
-0.261954
-0.261745
-0.261591
-0.259876
-0.258441
-0.259851
-0.260426
-0.260815
-0.261084
-0.261258
-0.261327
-0.261295
-0.261229
-0.260206
-0.257201
-0.258745
-0.25941
-0.259894
-0.260264
-0.260545
-0.260736
-0.260848
-0.260887
-0.260334
-0.256106
-0.257771
-0.258512
-0.259076
-0.259532
-0.259902
-0.260195
-0.26042
-0.260564
-0.260341
-0.255167
-0.256938
-0.257744
-0.258374
-0.258898
-0.259341
-0.259716
-0.260031
-0.260268
-0.26028
-0.254399
-0.256257
-0.257115
-0.257798
-0.258376
-0.258875
-0.259313
-0.259697
-0.260012
-0.26019
-0.253812
-0.255739
-0.256636
-0.257357
-0.257975
-0.258516
-0.258999
-0.259433
-0.259807
-0.260098
-0.253416
-0.255389
-0.256313
-0.25706
-0.257704
-0.258271
-0.258785
-0.259251
-0.259664
-0.260027
-0.253218
-0.255215
-0.256151
-0.256911
-0.257568
-0.258149
-0.258678
-0.25916
-0.259593
-0.259991
-0.260484
-0.260838
-0.26121
-0.2616
-0.262009
-0.262442
-0.262901
-0.263388
-0.263906
-0.264458
-0.26505
-0.265688
-0.266381
-0.267138
-0.267968
-0.268879
-0.269872
-0.27094
-0.27206
-0.273185
-0.274231
-0.275071
-0.275515
-0.275306
-0.274101
-0.271474
-0.266892
-0.259898
-0.249902
-0.236618
-0.219541
-0.199193
-0.175181
-0.149409
-0.121579
-0.0940077
-0.0685036
-0.0423162
-0.0267375
-0.00396341
-0.00446357
0.0133362
-0.260574
-0.260911
-0.261276
-0.261663
-0.262069
-0.2625
-0.262957
-0.263443
-0.26396
-0.264511
-0.265102
-0.265738
-0.266429
-0.267184
-0.268012
-0.26892
-0.269912
-0.27098
-0.2721
-0.273227
-0.274278
-0.275126
-0.275581
-0.275387
-0.274202
-0.271597
-0.267035
-0.260078
-0.250111
-0.236858
-0.219802
-0.199476
-0.175468
-0.149705
-0.12186
-0.0942875
-0.0687717
-0.0425505
-0.0269541
-0.00416836
-0.00461957
0.0131742
-0.260741
-0.261045
-0.261396
-0.261776
-0.262175
-0.262602
-0.263055
-0.263537
-0.264051
-0.264598
-0.265185
-0.265817
-0.266504
-0.267254
-0.268079
-0.268985
-0.269977
-0.271046
-0.272173
-0.27331
-0.274378
-0.275248
-0.275735
-0.275579
-0.274441
-0.271888
-0.26739
-0.260492
-0.25058
-0.237381
-0.220358
-0.200062
-0.17605
-0.150291
-0.122408
-0.0948208
-0.0692811
-0.0429813
-0.0273564
-0.0045499
-0.00490403
0.0128668
-0.260977
-0.261232
-0.261561
-0.26193
-0.262321
-0.26274
-0.263187
-0.263664
-0.264172
-0.264713
-0.265293
-0.265919
-0.266599
-0.267343
-0.268163
-0.269066
-0.270058
-0.271132
-0.272269
-0.273424
-0.274517
-0.275425
-0.275959
-0.275864
-0.274796
-0.272321
-0.267917
-0.261109
-0.251276
-0.238155
-0.221177
-0.200923
-0.176902
-0.151141
-0.123204
-0.0955885
-0.0699526
-0.0436592
-0.0279361
-0.00510055
-0.00530476
0.0124239
-0.261267
-0.261458
-0.26176
-0.262116
-0.262495
-0.262904
-0.263344
-0.263813
-0.264313
-0.264847
-0.265418
-0.266035
-0.266706
-0.267442
-0.268254
-0.269154
-0.270145
-0.271225
-0.272374
-0.273552
-0.274679
-0.275635
-0.276231
-0.276213
-0.275237
-0.272863
-0.268578
-0.261886
-0.252156
-0.239136
-0.222216
-0.202016
-0.177985
-0.152223
-0.124223
-0.0965634
-0.0708347
-0.0445072
-0.02868
-0.0058105
-0.00580565
0.0118588
-0.2616
-0.261709
-0.261979
-0.262321
-0.262686
-0.263085
-0.263515
-0.263975
-0.264466
-0.264989
-0.265549
-0.266154
-0.266814
-0.267539
-0.268343
-0.269236
-0.270226
-0.271311
-0.272475
-0.273678
-0.274844
-0.275855
-0.276523
-0.276596
-0.275728
-0.273475
-0.269327
-0.262775
-0.253168
-0.24027
-0.223424
-0.203292
-0.179255
-0.153499
-0.125431
-0.097717
-0.0718987
-0.0455103
-0.0295716
-0.00666813
-0.00638853
0.0111877
-0.261963
-0.261968
-0.262204
-0.262532
-0.262882
-0.263269
-0.263689
-0.264138
-0.264617
-0.265128
-0.265676
-0.266267
-0.266913
-0.267625
-0.268418
-0.269303
-0.270289
-0.271378
-0.272555
-0.273784
-0.274991
-0.276061
-0.276807
-0.27698
-0.276232
-0.274114
-0.270117
-0.263724
-0.254259
-0.241501
-0.224745
-0.204697
-0.180664
-0.154928
-0.126778
-0.0990219
-0.073119
-0.0466546
-0.0305918
-0.00766034
-0.00703498
0.0104275
-0.262357
-0.262219
-0.262421
-0.262736
-0.263071
-0.263445
-0.263853
-0.264291
-0.264757
-0.265254
-0.265787
-0.266363
-0.266993
-0.26769
-0.268468
-0.269342
-0.270323
-0.271413
-0.272601
-0.273854
-0.275101
-0.27623
-0.277057
-0.277333
-0.27671
-0.274731
-0.270899
-0.26468
-0.255372
-0.242774
-0.226125
-0.206178
-0.182163
-0.156441
-0.128261
-0.100439
-0.0744685
-0.0479206
-0.0317207
-0.00877284
-0.00772771
0.009596
-0.262832
-0.262443
-0.262616
-0.262923
-0.26324
-0.2636
-0.263996
-0.264421
-0.264874
-0.265355
-0.265872
-0.266431
-0.267043
-0.267723
-0.268485
-0.269346
-0.270318
-0.271406
-0.272601
-0.273874
-0.275157
-0.276343
-0.277248
-0.277628
-0.277127
-0.275251
-0.271631
-0.265598
-0.256458
-0.244036
-0.227515
-0.207671
-0.183708
-0.15802
-0.129823
-0.101938
-0.0759207
-0.0492882
-0.0329378
-0.00999041
-0.0084514
0.00871005
-0.263449
-0.262626
-0.26278
-0.263081
-0.263382
-0.263725
-0.264108
-0.264519
-0.264957
-0.265422
-0.265923
-0.266464
-0.267057
-0.267718
-0.268462
-0.269306
-0.270265
-0.271348
-0.272546
-0.273833
-0.275147
-0.276383
-0.277361
-0.277839
-0.277462
-0.275869
-0.272284
-0.266442
-0.257463
-0.245234
-0.228847
-0.209154
-0.185259
-0.159617
-0.131432
-0.103492
-0.077449
-0.0507373
-0.0342229
-0.0112971
-0.00919308
0.00778556
-0.263733
-0.262899
-0.262916
-0.263201
-0.263487
-0.263811
-0.264178
-0.264575
-0.264999
-0.265445
-0.265929
-0.266452
-0.267027
-0.267667
-0.268391
-0.269217
-0.270161
-0.271233
-0.272427
-0.273726
-0.275062
-0.27634
-0.277381
-0.27795
-0.277682
-0.276193
-0.272815
-0.267155
-0.258373
-0.246333
-0.230105
-0.210569
-0.186773
-0.161194
-0.133058
-0.105072
-0.0790279
-0.0522485
-0.0355565
-0.0126767
-0.00994204
0.00683691
-0.263973
-0.263196
-0.263014
-0.263277
-0.263549
-0.263849
-0.264198
-0.264579
-0.264986
-0.265419
-0.265885
-0.26639
-0.266945
-0.267566
-0.26827
-0.269075
-0.270001
-0.271058
-0.272245
-0.273543
-0.274894
-0.276205
-0.277299
-0.277947
-0.277776
-0.27642
-0.273207
-0.267731
-0.259136
-0.247299
-0.231246
-0.211882
-0.188217
-0.16272
-0.134672
-0.106655
-0.0806327
-0.0538032
-0.0369204
-0.0141127
-0.0106897
0.00587676
-0.264266
-0.263487
-0.263071
-0.26331
-0.263562
-0.263831
-0.264159
-0.264523
-0.264913
-0.265331
-0.265781
-0.26627
-0.266807
-0.267409
-0.268092
-0.268876
-0.269781
-0.27082
-0.271993
-0.273285
-0.274642
-0.275974
-0.277109
-0.277823
-0.277757
-0.276508
-0.273442
-0.268144
-0.259733
-0.248104
-0.232241
-0.213065
-0.189563
-0.164168
-0.136247
-0.108217
-0.082241
-0.0553836
-0.0382979
-0.0155889
-0.0114291
0.00491594
-0.264587
-0.26379
-0.263097
-0.263299
-0.263519
-0.263747
-0.26405
-0.264394
-0.264768
-0.265172
-0.265609
-0.266083
-0.266605
-0.267189
-0.267853
-0.268616
-0.269498
-0.270516
-0.27167
-0.27295
-0.274302
-0.275644
-0.276806
-0.277572
-0.277579
-0.276437
-0.273507
-0.268378
-0.260149
-0.248729
-0.23307
-0.214095
-0.19079
-0.165514
-0.13776
-0.109739
-0.0838322
-0.0569728
-0.0396737
-0.0170898
-0.0121549
0.00396346
-0.264923
-0.264117
-0.263097
-0.26324
-0.263411
-0.263585
-0.263857
-0.264181
-0.26454
-0.264932
-0.265358
-0.265821
-0.266331
-0.2669
-0.267546
-0.268289
-0.269149
-0.270142
-0.271273
-0.272534
-0.273873
-0.275213
-0.27639
-0.277189
-0.277251
-0.276203
-0.273394
-0.268422
-0.26037
-0.249158
-0.233715
-0.214953
-0.191875
-0.16674
-0.139191
-0.111204
-0.085386
-0.0585537
-0.0410329
-0.0185996
-0.0128619
0.00302679
-0.265265
-0.264439
-0.263058
-0.26312
-0.263218
-0.263325
-0.263562
-0.263867
-0.264212
-0.264596
-0.265016
-0.265473
-0.265975
-0.266534
-0.267165
-0.267889
-0.268726
-0.269694
-0.270799
-0.272034
-0.273352
-0.274678
-0.27586
-0.276676
-0.276777
-0.275804
-0.273097
-0.268269
-0.260386
-0.249379
-0.234163
-0.215623
-0.192801
-0.167826
-0.140515
-0.112591
-0.0868819
-0.0601087
-0.0423617
-0.0201031
-0.0135461
0.00211214
-0.265557
-0.264642
-0.262931
-0.262916
-0.262914
-0.262944
-0.26315
-0.263439
-0.263776
-0.264156
-0.264575
-0.265032
-0.26553
-0.266082
-0.266702
-0.26741
-0.268225
-0.269167
-0.270243
-0.271448
-0.272735
-0.274041
-0.275191
-0.276029
-0.276152
-0.275234
-0.272614
-0.267914
-0.260193
-0.249385
-0.234404
-0.216094
-0.193557
-0.168764
-0.141725
-0.113894
-0.0883139
-0.0616288
-0.0436563
-0.0215888
-0.0142081
0.00122407
-0.265723
-0.264586
-0.262675
-0.262618
-0.262485
-0.262429
-0.262604
-0.262881
-0.263213
-0.263594
-0.264016
-0.264475
-0.264974
-0.265523
-0.266135
-0.266829
-0.267625
-0.268541
-0.269585
-0.270757
-0.272013
-0.273296
-0.27441
-0.275226
-0.275359
-0.274484
-0.271938
-0.267358
-0.259797
-0.249192
-0.234463
-0.216402
-0.194183
-0.169597
-0.142865
-0.115149
-0.0897159
-0.063132
-0.0449351
-0.0230564
-0.014855
0.000363238
-0.266581
-0.264243
-0.262242
-0.262139
-0.261827
-0.261679
-0.261826
-0.262098
-0.262434
-0.262825
-0.263259
-0.263732
-0.264243
-0.264798
-0.265411
-0.266099
-0.26688
-0.267773
-0.268787
-0.269922
-0.271148
-0.272352
-0.273464
-0.274251
-0.274381
-0.27354
-0.271064
-0.266604
-0.259213
-0.248824
-0.234374
-0.216584
-0.194715
-0.170357
-0.143954
-0.116371
-0.0910877
-0.0646196
-0.0461866
-0.0245058
-0.0154766
-0.00047427
-0.266423
-0.26184
-0.26082
-0.260963
-0.260583
-0.260445
-0.260644
-0.260973
-0.261361
-0.2618
-0.26228
-0.262796
-0.263344
-0.263931
-0.264567
-0.265268
-0.266051
-0.266936
-0.267928
-0.269024
-0.270165
-0.271403
-0.272473
-0.273221
-0.273317
-0.272468
-0.270017
-0.265619
-0.258345
-0.248106
-0.233888
-0.216315
-0.194775
-0.170644
-0.144577
-0.117209
-0.0920857
-0.0658815
-0.0472014
-0.0258679
-0.0159863
-0.00128429
-0.251071
-0.252927
-0.257583
-0.259097
-0.259028
-0.259032
-0.259336
-0.259757
-0.260215
-0.260708
-0.261237
-0.261797
-0.262384
-0.263003
-0.263663
-0.264381
-0.265171
-0.266052
-0.26703
-0.268116
-0.269253
-0.270374
-0.271343
-0.271998
-0.271994
-0.27103
-0.26848
-0.263982
-0.256678
-0.246414
-0.232328
-0.21488
-0.193695
-0.169873
-0.14428
-0.117405
-0.0925649
-0.0670271
-0.0480561
-0.0274623
-0.0164624
-0.00228423
-0.249979
-0.250105
-0.254258
-0.255911
-0.255906
-0.255938
-0.256366
-0.256963
-0.257582
-0.258207
-0.258851
-0.259515
-0.260194
-0.260892
-0.261616
-0.262381
-0.263199
-0.264084
-0.265035
-0.266046
-0.26709
-0.268081
-0.268881
-0.269327
-0.269081
-0.267853
-0.265058
-0.26034
-0.252928
-0.242629
-0.228743
-0.211569
-0.190969
-0.167744
-0.142947
-0.116891
-0.0926229
-0.0680011
-0.0488956
-0.0291376
-0.0170409
-0.00332399
-0.246426
-0.246507
-0.249143
-0.250682
-0.251088
-0.251431
-0.252093
-0.25292
-0.253755
-0.254568
-0.25538
-0.256195
-0.257012
-0.25783
-0.258654
-0.259497
-0.260368
-0.261276
-0.262217
-0.263182
-0.264105
-0.264946
-0.265549
-0.265754
-0.26523
-0.263703
-0.260634
-0.255677
-0.248155
-0.237845
-0.224196
-0.207383
-0.187435
-0.164943
-0.141023
-0.115923
-0.0923167
-0.068673
-0.0495599
-0.0305793
-0.0176049
-0.00419428
-0.240246
-0.241278
-0.242669
-0.243825
-0.244636
-0.245442
-0.246428
-0.247516
-0.248597
-0.249642
-0.250666
-0.251676
-0.252669
-0.253644
-0.254602
-0.255552
-0.2565
-0.257452
-0.258396
-0.259315
-0.260141
-0.26083
-0.261234
-0.261193
-0.260393
-0.258572
-0.255242
-0.250071
-0.242471
-0.232205
-0.218844
-0.202479
-0.183244
-0.161598
-0.138612
-0.11457
-0.0916967
-0.0690634
-0.0500566
-0.0317885
-0.0181365
-0.00490911
-0.231573
-0.234071
-0.235017
-0.235808
-0.236859
-0.238109
-0.239456
-0.240819
-0.242149
-0.243436
-0.244691
-0.245916
-0.247106
-0.248257
-0.249369
-0.250445
-0.251486
-0.252494
-0.253451
-0.254336
-0.255083
-0.255624
-0.255833
-0.255556
-0.254496
-0.252403
-0.248844
-0.243501
-0.235874
-0.225721
-0.212711
-0.196889
-0.178432
-0.157733
-0.135744
-0.112836
-0.0907699
-0.0691558
-0.0503751
-0.0327517
-0.0186166
-0.00548121
-0.221134
-0.225118
-0.226245
-0.226914
-0.228121
-0.229737
-0.231442
-0.233086
-0.234655
-0.23617
-0.237644
-0.239077
-0.240458
-0.241781
-0.243042
-0.244242
-0.245375
-0.246439
-0.247409
-0.248267
-0.24894
-0.249345
-0.249374
-0.248878
-0.247583
-0.245254
-0.241508
-0.236051
-0.228457
-0.218496
-0.205906
-0.190713
-0.173095
-0.153422
-0.132484
-0.110752
-0.0895613
-0.0689548
-0.0505121
-0.0334705
-0.0190294
-0.00592657
-0.209954
-0.214997
-0.216601
-0.217416
-0.218794
-0.2207
-0.222721
-0.224636
-0.22643
-0.228149
-0.229816
-0.23143
-0.232979
-0.234452
-0.235842
-0.237148
-0.238357
-0.239464
-0.24044
-0.241262
-0.241863
-0.24215
-0.242015
-0.241318
-0.239819
-0.237296
-0.233414
-0.227906
-0.220407
-0.210712
-0.198601
-0.184105
-0.167371
-0.148768
-0.128916
-0.108372
-0.0881044
-0.0684788
-0.0504683
-0.0339568
-0.0193619
-0.0062621
-0.198581
-0.204268
-0.206428
-0.207568
-0.209163
-0.211305
-0.213588
-0.215748
-0.21775
-0.219649
-0.221481
-0.223249
-0.224938
-0.226534
-0.228029
-0.229415
-0.230681
-0.231813
-0.23278
-0.233549
-0.23406
-0.234261
-0.233982
-0.233108
-0.231435
-0.228763
-0.224796
-0.219296
-0.211947
-0.202575
-0.190987
-0.177229
-0.161402
-0.143879
-0.125124
-0.105751
-0.0864338
-0.0677532
-0.0502475
-0.0342283
-0.019605
-0.00650381
-0.187335
-0.193373
-0.196036
-0.197567
-0.199413
-0.20176
-0.204256
-0.206628
-0.208819
-0.21088
-0.212855
-0.214752
-0.216556
-0.218252
-0.219828
-0.221275
-0.222578
-0.223719
-0.224668
-0.225388
-0.225826
-0.225914
-0.225506
-0.224486
-0.222674
-0.219896
-0.215888
-0.210445
-0.20329
-0.194282
-0.183243
-0.170235
-0.155315
-0.138853
-0.121183
-0.102942
-0.0845823
-0.0668063
-0.0498563
-0.0343052
-0.0197538
-0.00666615
-0.176419
-0.182592
-0.185654
-0.187563
-0.189666
-0.192197
-0.194868
-0.197417
-0.199776
-0.201983
-0.204083
-0.206089
-0.207989
-0.209766
-0.211406
-0.212899
-0.214226
-0.215368
-0.216293
-0.216965
-0.217325
-0.21731
-0.21679
-0.215655
-0.213741
-0.210895
-0.206886
-0.201541
-0.194612
-0.18599
-0.175508
-0.163241
-0.149208
-0.13377
-0.117153
-0.099994
-0.0825787
-0.0656661
-0.0493038
-0.0342077
-0.0198075
-0.00676178
-0.165907
-0.172076
-0.175431
-0.177667
-0.180008
-0.182702
-0.185515
-0.188212
-0.190714
-0.193049
-0.195259
-0.19736
-0.19934
-0.201185
-0.202877
-0.204405
-0.205748
-0.206887
-0.207787
-0.208414
-0.208705
-0.208601
-0.207991
-0.206768
-0.204783
-0.201906
-0.197931
-0.192714
-0.186034
-0.177807
-0.167878
-0.15633
-0.143149
-0.128684
-0.113077
-0.0969419
-0.0804468
-0.0643577
-0.0486007
-0.0339546
-0.0197685
-0.00680148
-0.15583
-0.16191
-0.165464
-0.167963
-0.170504
-0.173335
-0.176263
-0.179076
-0.181696
-0.184141
-0.186446
-0.188627
-0.190676
-0.192577
-0.194312
-0.195867
-0.197223
-0.198357
-0.199236
-0.199822
-0.200058
-0.199885
-0.199204
-0.197921
-0.195897
-0.19302
-0.189109
-0.184044
-0.177627
-0.169798
-0.160409
-0.149549
-0.137181
-0.123632
-0.108985
-0.093814
-0.0782063
-0.0629036
-0.0477589
-0.0335633
-0.0196416
-0.00679425
-0.14621
-0.15214
-0.155814
-0.158511
-0.161209
-0.164145
-0.167159
-0.17006
-0.172772
-0.175305
-0.177688
-0.179936
-0.182041
-0.183987
-0.185758
-0.187336
-0.188702
-0.189832
-0.190693
-0.191249
-0.191443
-0.19122
-0.19049
-0.189171
-0.187137
-0.18429
-0.180468
-0.175573
-0.16943
-0.161995
-0.153129
-0.142923
-0.131325
-0.118637
-0.104895
-0.0906314
-0.075874
-0.0613234
-0.0467907
-0.0330494
-0.0194331
-0.00674749
-0.137056
-0.142792
-0.146522
-0.149357
-0.152166
-0.155174
-0.158244
-0.161204
-0.163982
-0.16658
-0.169023
-0.171322
-0.173471
-0.175454
-0.177252
-0.178849
-0.180222
-0.18135
-0.182198
-0.182732
-0.182897
-0.182643
-0.181886
-0.180555
-0.178535
-0.175741
-0.17203
-0.167321
-0.161457
-0.15441
-0.146049
-0.136464
-0.125593
-0.11371
-0.100821
-0.0874106
-0.0734648
-0.0596346
-0.0457091
-0.0324274
-0.0191501
-0.0066673
-0.128369
-0.133881
-0.137613
-0.140532
-0.143411
-0.146456
-0.149552
-0.152543
-0.155361
-0.158002
-0.160485
-0.162821
-0.165
-0.167008
-0.168825
-0.170435
-0.171815
-0.172941
-0.173782
-0.174302
-0.17445
-0.17418
-0.173416
-0.172093
-0.170109
-0.167389
-0.163806
-0.159295
-0.153715
-0.147047
-0.139172
-0.130176
-0.119989
-0.108861
-0.0967738
-0.0841653
-0.0709925
-0.0578535
-0.0445275
-0.0317107
-0.0188003
-0.00655876
-0.120147
-0.125412
-0.129103
-0.13206
-0.134969
-0.138021
-0.141114
-0.14411
-0.146941
-0.149602
-0.152107
-0.154462
-0.156658
-0.15868
-0.160509
-0.162126
-0.163508
-0.164634
-0.16547
-0.165983
-0.166126
-0.165854
-0.165099
-0.163802
-0.161871
-0.159243
-0.155803
-0.151498
-0.146203
-0.139906
-0.132497
-0.124058
-0.114516
-0.104096
-0.0927617
-0.0809079
-0.0684705
-0.0559954
-0.0432591
-0.0309121
-0.0183917
-0.00642616
-0.112384
-0.117386
-0.121001
-0.123957
-0.126862
-0.129891
-0.132955
-0.13593
-0.138751
-0.141411
-0.143918
-0.146275
-0.148474
-0.150499
-0.15233
-0.153948
-0.15533
-0.156454
-0.157288
-0.157801
-0.157946
-0.157684
-0.156951
-0.155695
-0.153833
-0.15131
-0.148024
-0.143931
-0.138919
-0.132983
-0.126022
-0.11811
-0.109175
-0.0994198
-0.0887931
-0.0776502
-0.0659121
-0.0540749
-0.0419172
-0.0300436
-0.017932
-0.00627325
-0.105066
-0.109798
-0.113307
-0.11623
-0.119103
-0.122083
-0.125095
-0.128026
-0.130816
-0.133454
-0.135944
-0.138288
-0.140477
-0.142493
-0.144316
-0.145929
-0.147307
-0.148428
-0.149262
-0.149777
-0.149932
-0.149689
-0.148989
-0.147786
-0.146004
-0.143597
-0.140473
-0.136596
-0.131864
-0.126279
-0.119745
-0.112333
-0.10397
-0.0948379
-0.0848763
-0.0744035
-0.0633302
-0.0521061
-0.0405151
-0.0291167
-0.0174288
-0.00610333
-0.0981807
-0.102637
-0.106021
-0.108883
-0.111699
-0.11461
-0.117549
-0.120417
-0.123156
-0.125753
-0.12821
-0.130526
-0.132691
-0.134687
-0.136494
-0.138095
-0.139464
-0.14058
-0.141413
-0.141934
-0.142104
-0.141886
-0.141227
-0.140086
-0.138395
-0.136111
-0.133154
-0.129493
-0.125037
-0.119791
-0.113665
-0.106728
-0.0989032
-0.0903558
-0.0810196
-0.0711787
-0.0607373
-0.0501026
-0.0390654
-0.0281423
-0.0168895
-0.00591942
-0.0917104
-0.0958923
-0.0991341
-0.101916
-0.104655
-0.107478
-0.110329
-0.113117
-0.115788
-0.118328
-0.120737
-0.123011
-0.125139
-0.127105
-0.128887
-0.130468
-0.131823
-0.132931
-0.133763
-0.134292
-0.134479
-0.134292
-0.13368
-0.132608
-0.131013
-0.128858
-0.12607
-0.122624
-0.118439
-0.113519
-0.107784
-0.101294
-0.0939769
-0.0859792
-0.077231
-0.0679866
-0.0581459
-0.0480775
-0.0375804
-0.027131
-0.0163211
-0.00572426
-0.0856378
-0.0895493
-0.0926386
-0.0953232
-0.09797
-0.100692
-0.103441
-0.106135
-0.108724
-0.111194
-0.11354
-0.11576
-0.117841
-0.119767
-0.121516
-0.12307
-0.124407
-0.125504
-0.126333
-0.126869
-0.127076
-0.126922
-0.126362
-0.125363
-0.123868
-0.121844
-0.119226
-0.115993
-0.11207
-0.107464
-0.1021
-0.096034
-0.0891948
-0.0817138
-0.0735188
-0.0648375
-0.0555679
-0.0460433
-0.036072
-0.0260924
-0.0157302
-0.00552038
-0.0799448
-0.0835925
-0.0865227
-0.0890983
-0.0916412
-0.094252
-0.0968883
-0.0994774
-0.101974
-0.104361
-0.106635
-0.108791
-0.110815
-0.112691
-0.1144
-0.115921
-0.117234
-0.118316
-0.119141
-0.119684
-0.11991
-0.119791
-0.119285
-0.118362
-0.116968
-0.115077
-0.112627
-0.109601
-0.105932
-0.101627
-0.0966163
-0.0909504
-0.084561
-0.0775656
-0.0698911
-0.0617415
-0.0530145
-0.0440118
-0.0345513
-0.0250361
-0.0151231
-0.00531014
-0.0746134
-0.078006
-0.080774
-0.0832325
-0.0856632
-0.0881556
-0.0906722
-0.0931488
-0.0955432
-0.0978394
-0.100032
-0.102114
-0.104073
-0.105893
-0.107554
-0.109037
-0.110321
-0.111385
-0.112203
-0.11275
-0.112996
-0.112913
-0.112461
-0.111614
-0.110322
-0.108561
-0.106276
-0.103453
-0.100028
-0.09601
-0.0913338
-0.0860457
-0.0800795
-0.0735405
-0.0663558
-0.0587081
-0.0504966
-0.0419942
-0.0330289
-0.0239706
-0.0145056
-0.00509572
-0.0696262
-0.072774
-0.0753795
-0.0777159
-0.0800293
-0.0823985
-0.0847911
-0.0871497
-0.0894361
-0.0916343
-0.0937381
-0.09574
-0.0976274
-0.0993845
-0.100992
-0.102432
-0.103683
-0.104725
-0.105532
-0.106083
-0.106347
-0.106298
-0.1059
-0.105128
-0.103936
-0.102304
-0.100179
-0.0975498
-0.0943593
-0.0906145
-0.0862551
-0.081323
-0.0757547
-0.0696445
-0.0629206
-0.0557468
-0.0480246
-0.0400012
-0.0315145
-0.0229041
-0.0138832
-0.00487911
-0.0649664
-0.0678807
-0.0703258
-0.0725379
-0.0747314
-0.0769754
-0.0792416
-0.0814793
-0.0836537
-0.0857494
-0.0877595
-0.0896762
-0.091487
-0.0931764
-0.0947261
-0.0961182
-0.0973321
-0.0983483
-0.0991429
-0.0996944
-0.0999738
-0.0999578
-0.0996119
-0.0989122
-0.0978181
-0.0963094
-0.0943394
-0.0918966
-0.088929
-0.0854433
-0.0813829
-0.0767859
-0.0715913
-0.0658837
-0.059593
-0.0528662
-0.0456082
-0.0380425
-0.0300174
-0.0218442
-0.0132609
-0.00466218
-0.0606184
-0.0633113
-0.0655998
-0.0676877
-0.0697608
-0.0718794
-0.0740191
-0.0761349
-0.0781954
-0.0801861
-0.0820995
-0.0839275
-0.0856581
-0.0872761
-0.0887642
-0.0901049
-0.0912784
-0.092266
-0.0930449
-0.0935944
-0.0938873
-0.0939015
-0.0936047
-0.0929749
-0.0919743
-0.0905842
-0.0887617
-0.0864965
-0.0837403
-0.0804992
-0.0767205
-0.0724381
-0.067594
-0.0622642
-0.0563803
-0.050075
-0.0432564
-0.0361275
-0.0285463
-0.020798
-0.0126436
-0.00444665
-0.0565674
-0.0590516
-0.0611889
-0.0631544
-0.0651084
-0.0671034
-0.069118
-0.0711127
-0.0730593
-0.0749441
-0.0767594
-0.078497
-0.0801451
-0.0816895
-0.0831133
-0.0843999
-0.0855304
-0.0864868
-0.0872473
-0.0877922
-0.0880958
-0.0881373
-0.0878864
-0.0873224
-0.0864104
-0.0851331
-0.0834505
-0.0813532
-0.0787964
-0.0757856
-0.0722712
-0.0682838
-0.063768
-0.0587919
-0.0532898
-0.0473811
-0.0409781
-0.0342649
-0.0271091
-0.019772
-0.0120354
-0.00423409
-0.0528004
-0.0550886
-0.0570812
-0.0589276
-0.0607655
-0.0626399
-0.0645324
-0.0664083
-0.0682425
-0.0700221
-0.0717393
-0.073386
-0.074951
-0.0764204
-0.0777786
-0.0790093
-0.0800948
-0.0810178
-0.0817576
-0.0822953
-0.0826068
-0.0826723
-0.0824635
-0.081961
-0.0811322
-0.0799609
-0.07841
-0.0764707
-0.0741011
-0.0713061
-0.068039
-0.0643273
-0.0601182
-0.0554729
-0.0503284
-0.0447924
-0.0387814
-0.0324627
-0.0257132
-0.0187721
-0.0114405
-0.00402597
-0.0493051
-0.0514104
-0.0532656
-0.0549975
-0.0567232
-0.0584814
-0.0602559
-0.0620166
-0.0637412
-0.0654176
-0.0670382
-0.068595
-0.0700771
-0.0714716
-0.0727635
-0.0739376
-0.0749768
-0.0758647
-0.0765817
-0.07711
-0.0774265
-0.0775128
-0.0773421
-0.0768962
-0.0761447
-0.0750724
-0.0736446
-0.0718529
-0.0696582
-0.0670646
-0.0640281
-0.0605733
-0.05665
-0.0523133
-0.047503
-0.0423162
-0.0366741
-0.0307287
-0.0243657
-0.0178042
-0.0108626
-0.00382363
-0.046071
-0.0480064
-0.0497322
-0.0513549
-0.0529736
-0.0546207
-0.0562824
-0.0579326
-0.0595515
-0.0611279
-0.0626545
-0.0641234
-0.0655242
-0.0668447
-0.0680707
-0.069188
-0.0701804
-0.0710322
-0.071725
-0.0722416
-0.0725606
-0.0726642
-0.0725275
-0.0721333
-0.071453
-0.0704723
-0.0691587
-0.0675041
-0.0654719
-0.0630653
-0.060243
-0.0570267
-0.053369
-0.0493192
-0.0448202
-0.0399598
-0.0346636
-0.02907
-0.0230729
-0.0168732
-0.0103053
-0.00362833
-0.0430889
-0.0448673
-0.0464721
-0.0479919
-0.0495092
-0.0510513
-0.0526061
-0.0541513
-0.0556693
-0.05715
-0.0585862
-0.0599701
-0.061292
-0.0625403
-0.0637019
-0.0647632
-0.0657088
-0.0665241
-0.0671915
-0.0676949
-0.0680139
-0.0681317
-0.068025
-0.0676773
-0.067062
-0.0661654
-0.064957
-0.0634289
-0.0615467
-0.0593129
-0.0566885
-0.0536928
-0.0502808
-0.0464968
-0.0422868
-0.0377302
-0.032757
-0.0274934
-0.0218411
-0.0159842
-0.00977164
-0.00344124
-0.0403512
-0.0419853
-0.0434778
-0.0449013
-0.0463238
-0.0477674
-0.0492219
-0.0506683
-0.0520911
-0.0534811
-0.0548311
-0.056134
-0.0573803
-0.0585592
-0.0596584
-0.0606651
-0.0615648
-0.0623438
-0.0629852
-0.063474
-0.0637909
-0.06392
-0.0638392
-0.0635331
-0.0629766
-0.0621565
-0.0610443
-0.0596321
-0.0578876
-0.0558126
-0.0533701
-0.0505772
-0.0473915
-0.0438527
-0.0399096
-0.0356344
-0.0309613
-0.0260055
-0.020676
-0.0151419
-0.00926486
-0.00326346
-0.0378516
-0.039354
-0.0407433
-0.0420776
-0.0434119
-0.0447642
-0.0461256
-0.0474799
-0.0488138
-0.0501187
-0.0513879
-0.0526142
-0.0537889
-0.0549019
-0.0559415
-0.0568957
-0.0577511
-0.0584943
-0.0591099
-0.0595832
-0.0598963
-0.0600339
-0.0599753
-0.059706
-0.059202
-0.0584511
-0.0574261
-0.0561193
-0.0545002
-0.05257
-0.0502936
-0.0476862
-0.0447075
-0.0413935
-0.0376956
-0.0336795
-0.0292834
-0.0246127
-0.0195834
-0.0143506
-0.00878788
-0.00309604
-0.0355855
-0.0369687
-0.0382638
-0.0395164
-0.0407699
-0.0420383
-0.043314
-0.0445835
-0.0458353
-0.0470614
-0.0482554
-0.0494106
-0.0505184
-0.0515695
-0.052553
-0.0534576
-0.0542705
-0.0549794
-0.0555695
-0.056027
-0.0563348
-0.0564787
-0.0564388
-0.0562015
-0.0557442
-0.0550551
-0.0541084
-0.0528967
-0.0513909
-0.0495916
-0.0474657
-0.0450266
-0.042236
-0.0391264
-0.0356519
-0.0318725
-0.0277301
-0.0233215
-0.0185687
-0.0136147
-0.00834356
-0.00294001
-0.03355
-0.0348263
-0.0360365
-0.0372151
-0.0383953
-0.0395876
-0.0407856
-0.041978
-0.0431548
-0.044309
-0.0454342
-0.0465238
-0.0475701
-0.048564
-0.0494954
-0.0503537
-0.051127
-0.0518033
-0.0523688
-0.0528105
-0.0531122
-0.0532603
-0.053236
-0.0530263
-0.05261
-0.0519754
-0.0510984
-0.0499714
-0.0485669
-0.046885
-0.0448941
-0.0426061
-0.0399847
-0.0370593
-0.0337865
-0.0302211
-0.0263087
-0.0221384
-0.0176376
-0.0129387
-0.00793473
-0.00279636
-0.0317441
-0.0329259
-0.0340605
-0.035173
-0.0362877
-0.037412
-0.0385405
-0.0396638
-0.0407734
-0.0418628
-0.0429259
-0.0439565
-0.0449469
-0.0458889
-0.0467729
-0.0475888
-0.0483255
-0.0489716
-0.049514
-0.0499405
-0.0502354
-0.050386
-0.0503745
-0.0501884
-0.0498074
-0.0492205
-0.0484045
-0.0473521
-0.046037
-0.0444588
-0.0425875
-0.0404336
-0.0379623
-0.0352008
-0.0321077
-0.0287334
-0.0250268
-0.0210701
-0.0167959
-0.0123268
-0.00756428
-0.00266612
-0.0301688
-0.0312683
-0.0323369
-0.0333914
-0.0344487
-0.0355134
-0.0365809
-0.0376435
-0.038694
-0.0397262
-0.0407345
-0.0417127
-0.0426537
-0.0435495
-0.0443911
-0.0451692
-0.0458729
-0.0464917
-0.047013
-0.0474251
-0.0477132
-0.0478651
-0.0478638
-0.0476973
-0.0473464
-0.0468004
-0.0460371
-0.0450492
-0.0438116
-0.0423235
-0.0405563
-0.0385192
-0.0361791
-0.0335608
-0.030625
-0.0274183
-0.0238924
-0.0201239
-0.0160497
-0.0117838
-0.0072352
-0.00255036
-0.0288277
-0.0298573
-0.0308697
-0.0318747
-0.0328829
-0.0338967
-0.034912
-0.0359226
-0.0369223
-0.0379055
-0.0388666
-0.0397998
-0.040698
-0.0415539
-0.0423588
-0.0431039
-0.0437789
-0.0443736
-0.0448762
-0.0452753
-0.0455568
-0.0457091
-0.0457157
-0.0455654
-0.0452395
-0.0447277
-0.0440087
-0.0430753
-0.0419034
-0.0404917
-0.0388128
-0.036875
-0.0346467
-0.0321505
-0.0293491
-0.0262858
-0.0229148
-0.0193078
-0.0154055
-0.0113147
-0.00695066
-0.00245017
-0.0277265
-0.0286989
-0.0296651
-0.0306295
-0.0315973
-0.0325692
-0.0335416
-0.0345094
-0.0354673
-0.0364099
-0.0373321
-0.0382279
-0.0390907
-0.0399134
-0.0406878
-0.0414053
-0.0420562
-0.0426308
-0.0431174
-0.0435053
-0.043781
-0.043933
-0.0439457
-0.043808
-0.0435022
-0.0430181
-0.0423351
-0.041446
-0.0403277
-0.0389785
-0.037372
-0.0355157
-0.0333791
-0.0309833
-0.0282925
-0.0253473
-0.0221043
-0.0186306
-0.0148706
-0.010925
-0.00671414
-0.00236679
-0.026875
-0.0278033
-0.0287337
-0.0296666
-0.0306032
-0.0315426
-0.0324817
-0.0334164
-0.0343417
-0.035253
-0.0361448
-0.0370116
-0.0378468
-0.0386436
-0.0393941
-0.0400901
-0.0407221
-0.0412807
-0.0417547
-0.0421336
-0.0424044
-0.0425559
-0.042573
-0.0424448
-0.0421543
-0.0416913
-0.0410359
-0.0401809
-0.0391038
-0.0378028
-0.0362522
-0.0344588
-0.0323931
-0.030075
-0.0274699
-0.0246163
-0.0214726
-0.0181026
-0.0144535
-0.0106208
-0.00652955
-0.0023015
-0.0262877
-0.0271854
-0.0280911
-0.0290021
-0.0299171
-0.0308341
-0.0317502
-0.0326619
-0.0335647
-0.0344541
-0.0353249
-0.0361715
-0.0369876
-0.0377664
-0.0385002
-0.0391812
-0.0397999
-0.0403474
-0.0408125
-0.0411851
-0.0414523
-0.0416031
-0.041623
-0.0415012
-0.0412209
-0.0407723
-0.0401359
-0.0393043
-0.0382556
-0.0369877
-0.0354756
-0.0337256
-0.031709
-0.0294445
-0.0268988
-0.0241085
-0.0210339
-0.0177356
-0.0141638
-0.0104093
-0.0064015
-0.00225572
-0.0259767
-0.0268596
-0.027753
-0.0286532
-0.0295573
-0.0304629
-0.0313674
-0.0322673
-0.0331586
-0.0340368
-0.0348968
-0.0357329
-0.0365391
-0.0373085
-0.0380338
-0.0387069
-0.0393188
-0.0398604
-0.0403209
-0.0406901
-0.0409554
-0.0411059
-0.0411272
-0.0410087
-0.0407338
-0.0402927
-0.0396661
-0.0388466
-0.0378127
-0.036562
-0.0350702
-0.0333425
-0.0313517
-0.0291148
-0.0266006
-0.0238428
-0.0208048
-0.0175434
-0.0140129
-0.0102982
-0.00633545
-0.00223095
-0.229575
-0.233063
-0.23634
-0.239525
-0.242808
-0.24639
-0.250895
-0.255733
-0.265658
-0.217436
-0.221931
-0.226451
-0.231111
-0.236177
-0.241482
-0.247963
-0.252809
-0.263027
-0.206003
-0.211323
-0.216709
-0.222073
-0.227627
-0.232692
-0.238684
-0.242394
-0.251881
-0.194327
-0.199766
-0.205152
-0.210309
-0.215604
-0.220383
-0.226417
-0.230866
-0.239871
-0.182386
-0.187718
-0.193041
-0.198232
-0.203731
-0.208931
-0.21516
-0.220112
-0.227833
-0.170988
-0.176335
-0.181744
-0.187085
-0.192643
-0.197877
-0.20365
-0.2086
-0.215283
-0.160325
-0.16561
-0.170915
-0.17612
-0.181405
-0.186468
-0.191877
-0.196975
-0.203075
-0.150156
-0.155245
-0.160328
-0.165351
-0.170442
-0.175464
-0.180691
-0.185818
-0.191429
-0.140508
-0.145398
-0.150299
-0.155188
-0.160121
-0.165027
-0.170003
-0.174979
-0.180222
-0.131475
-0.13617
-0.140872
-0.145569
-0.150278
-0.154981
-0.159718
-0.164526
-0.169508
-0.123014
-0.127481
-0.131951
-0.136424
-0.140908
-0.145412
-0.149943
-0.154559
-0.15929
-0.115077
-0.119308
-0.123547
-0.127799
-0.132065
-0.136356
-0.140664
-0.145053
-0.149534
-0.107652
-0.111651
-0.11566
-0.119682
-0.123718
-0.127778
-0.131855
-0.136011
-0.140244
-0.100714
-0.104479
-0.108254
-0.112044
-0.115847
-0.119677
-0.123523
-0.127444
-0.131426
-0.0942291
-0.0977632
-0.101308
-0.104869
-0.108444
-0.112044
-0.11566
-0.119343
-0.123075
-0.0881695
-0.0914799
-0.0948014
-0.0981378
-0.101488
-0.104861
-0.108248
-0.111698
-0.115184
-0.0825086
-0.0856026
-0.0887072
-0.0918257
-0.0949565
-0.0981095
-0.101274
-0.104496
-0.107743
-0.0772195
-0.080106
-0.0830021
-0.0859108
-0.0888307
-0.0917707
-0.0947202
-0.0977215
-0.100739
-0.0722765
-0.0749651
-0.0776621
-0.0803703
-0.0830881
-0.0858237
-0.0885668
-0.0913564
-0.094155
-0.0676569
-0.0701574
-0.0726651
-0.0751822
-0.0777075
-0.0802482
-0.0827945
-0.0853822
-0.087973
-0.0633397
-0.065662
-0.0679903
-0.0703264
-0.0726691
-0.0750247
-0.0773842
-0.0797803
-0.0821748
-0.0614584
-0.0636174
-0.0657826
-0.0679528
-0.0701337
-0.0723168
-0.0745319
-0.0767418
-0.0575287
-0.0595285
-0.0615329
-0.0635408
-0.0655572
-0.0675743
-0.0696191
-0.071656
-0.0538559
-0.0557064
-0.05756
-0.0594157
-0.0612779
-0.0631393
-0.0650245
-0.0668999
-0.0504251
-0.052136
-0.0538486
-0.055562
-0.05728
-0.058996
-0.060732
-0.062457
-0.0472224
-0.0488032
-0.0503845
-0.0519652
-0.0535489
-0.0551295
-0.0567265
-0.058312
-0.044236
-0.0456958
-0.0471549
-0.0486125
-0.0500713
-0.0515261
-0.0529942
-0.0544505
-0.0414552
-0.0428029
-0.0441489
-0.0454922
-0.0468355
-0.048174
-0.0495228
-0.0508597
-0.0388703
-0.0401145
-0.041356
-0.042594
-0.0438306
-0.0450618
-0.0463007
-0.0475279
-0.036474
-0.0376229
-0.0387682
-0.0399093
-0.0410478
-0.0421805
-0.0433183
-0.0444449
-0.0342596
-0.0353211
-0.0363783
-0.0374306
-0.0384794
-0.0395218
-0.0405673
-0.0416019
-0.0322217
-0.0332034
-0.0341802
-0.0351517
-0.0361187
-0.037079
-0.0380404
-0.0389914
-0.0303563
-0.0312657
-0.0321696
-0.0330677
-0.0339608
-0.0348468
-0.0357322
-0.0366077
-0.0286604
-0.0295047
-0.0303431
-0.0311753
-0.0320019
-0.0328212
-0.0336385
-0.0344462
-0.0271327
-0.0279189
-0.0286989
-0.0294725
-0.0302399
-0.0309999
-0.0317566
-0.0325043
-0.0257732
-0.0265082
-0.0272369
-0.0279588
-0.0286743
-0.0293824
-0.030086
-0.0307809
-0.0245831
-0.0252738
-0.025958
-0.0266355
-0.0273062
-0.0279695
-0.0286275
-0.0292771
-0.0235662
-0.0242195
-0.0248663
-0.0255062
-0.0261393
-0.026765
-0.0273848
-0.0279966
-0.0227265
-0.0233495
-0.0239659
-0.0245755
-0.0251783
-0.0257739
-0.026363
-0.0269445
-0.0220735
-0.0226731
-0.0232663
-0.0238528
-0.0244326
-0.0250055
-0.0255717
-0.0261306
-0.0216162
-0.0222003
-0.0227782
-0.0233497
-0.0239146
-0.0244728
-0.0250243
-0.0255688
-0.0213623
-0.021938
-0.022508
-0.0230723
-0.0236305
-0.0241827
-0.0247288
-0.0252686
-0.021363
-0.0219388
-0.0225091
-0.0230735
-0.023632
-0.0241844
-0.0247308
-0.0252708
-0.0216168
-0.0222011
-0.0227792
-0.0233509
-0.0239161
-0.0244745
-0.0250262
-0.0255709
-0.0220739
-0.0226737
-0.0232671
-0.0238539
-0.0244339
-0.025007
-0.0255734
-0.0261326
-0.0227266
-0.0233498
-0.0239665
-0.0245763
-0.0251794
-0.0257752
-0.0263646
-0.0269463
-0.023566
-0.0242196
-0.0248666
-0.0255067
-0.0261401
-0.026766
-0.027386
-0.027998
-0.0245824
-0.0252734
-0.0259579
-0.0266355
-0.0273065
-0.0279701
-0.0286283
-0.0292782
-0.025772
-0.0265073
-0.0272362
-0.0279584
-0.0286742
-0.0293825
-0.0300864
-0.0307815
-0.0271309
-0.0279174
-0.0286977
-0.0294714
-0.0302391
-0.0309994
-0.0317564
-0.0325043
-0.0286579
-0.0295024
-0.0303411
-0.0311736
-0.0320004
-0.03282
-0.0336375
-0.0344455
-0.0303529
-0.0312625
-0.0321668
-0.0330651
-0.0339584
-0.0348447
-0.0357304
-0.0366062
-0.0322173
-0.0331993
-0.0341764
-0.0351481
-0.0361154
-0.037076
-0.0380376
-0.0389889
-0.0342541
-0.0353159
-0.0363733
-0.0374259
-0.0384749
-0.0395176
-0.0405633
-0.0415982
-0.0364672
-0.0376163
-0.0387619
-0.0399032
-0.0410421
-0.042175
-0.043313
-0.0444398
-0.0376145
-0.038862
-0.0401065
-0.0413482
-0.0425865
-0.0438233
-0.0450548
-0.0462939
-0.0475213
-0.0400951
-0.0414453
-0.0427932
-0.0441394
-0.045483
-0.0468264
-0.0481652
-0.0495142
-0.0508514
-0.0427629
-0.0442243
-0.0456843
-0.0471436
-0.0486013
-0.0500603
-0.0515154
-0.0529837
-0.0544401
-0.0456275
-0.0472087
-0.0487897
-0.0503711
-0.051952
-0.0535358
-0.0551165
-0.0567137
-0.0582993
-0.048699
-0.0504092
-0.0521202
-0.0538329
-0.0555464
-0.0572645
-0.0589806
-0.0607167
-0.0624418
-0.051989
-0.0538376
-0.0556881
-0.0575418
-0.0593975
-0.0612597
-0.0631212
-0.0650064
-0.0668817
-0.0555112
-0.0575077
-0.0595075
-0.0615119
-0.0635197
-0.0655361
-0.0675531
-0.0695979
-0.0716346
-0.0592802
-0.0614346
-0.0635935
-0.0657586
-0.0679286
-0.0701094
-0.0722924
-0.0745073
-0.0767169
-0.063313
-0.0656351
-0.0679632
-0.0702991
-0.0726415
-0.074997
-0.0773562
-0.079752
-0.082146
-0.067627
-0.0701272
-0.0726346
-0.0751514
-0.0776763
-0.0802166
-0.0827625
-0.0853498
-0.08794
-0.0722433
-0.0749314
-0.077628
-0.0803357
-0.0830531
-0.0857881
-0.0885306
-0.0913196
-0.0941175
-0.0771827
-0.0800686
-0.0829641
-0.0858722
-0.0887915
-0.0917308
-0.0946796
-0.09768
-0.100697
-0.082468
-0.0855614
-0.0886653
-0.0917829
-0.094913
-0.0980651
-0.101229
-0.10445
-0.107696
-0.0881252
-0.0914346
-0.0947552
-0.0980906
-0.101439
-0.104812
-0.108198
-0.111646
-0.115131
-0.0941807
-0.0977138
-0.101258
-0.104817
-0.108391
-0.11199
-0.115604
-0.119286
-0.123016
-0.100662
-0.104425
-0.108199
-0.111987
-0.115789
-0.119618
-0.123462
-0.127381
-0.131362
-0.107596
-0.111593
-0.1156
-0.119621
-0.123655
-0.127714
-0.131788
-0.135942
-0.140173
-0.115016
-0.119246
-0.123483
-0.127733
-0.131997
-0.136286
-0.140592
-0.144978
-0.149456
-0.122949
-0.127414
-0.131882
-0.136353
-0.140835
-0.145336
-0.149864
-0.154477
-0.159205
-0.131406
-0.136099
-0.140799
-0.145493
-0.1502
-0.1549
-0.159633
-0.164438
-0.169415
-0.140434
-0.145323
-0.15022
-0.155106
-0.160036
-0.164939
-0.169911
-0.174883
-0.180121
-0.150079
-0.155165
-0.160245
-0.165265
-0.170352
-0.175371
-0.180593
-0.185716
-0.191322
-0.160243
-0.165525
-0.170828
-0.176029
-0.18131
-0.186369
-0.191774
-0.196868
-0.202962
-0.170903
-0.176247
-0.181653
-0.18699
-0.192545
-0.197775
-0.203544
-0.20849
-0.215167
-0.182298
-0.187627
-0.192947
-0.198135
-0.203631
-0.208827
-0.215052
-0.220001
-0.227719
-0.194237
-0.199674
-0.205058
-0.210212
-0.215504
-0.22028
-0.226311
-0.230756
-0.23976
-0.205913
-0.211231
-0.216615
-0.221978
-0.22753
-0.232592
-0.238582
-0.24229
-0.251775
-0.217349
-0.221843
-0.226361
-0.231019
-0.236084
-0.241387
-0.247866
-0.252711
-0.26293
-0.229494
-0.232981
-0.236257
-0.239441
-0.242723
-0.246303
-0.250807
-0.255643
-0.265571
-0.0259792
-0.0268625
-0.0277564
-0.028657
-0.0295615
-0.0304676
-0.0313726
-0.032273
-0.0331649
-0.0340436
-0.0349041
-0.0357409
-0.0365476
-0.0373177
-0.0380436
-0.0387173
-0.0393299
-0.0398721
-0.0403332
-0.040703
-0.0409689
-0.04112
-0.0411417
-0.0410236
-0.0407492
-0.0403083
-0.0396819
-0.0388625
-0.0378287
-0.0365778
-0.0350857
-0.0333576
-0.0313662
-0.0291285
-0.0266133
-0.0238544
-0.0208151
-0.0175521
-0.01402
-0.0103034
-0.00633869
-0.00223204
-0.0262901
-0.0271882
-0.0280943
-0.0290059
-0.0299213
-0.0308388
-0.0317554
-0.0326676
-0.033571
-0.034461
-0.0353323
-0.0361795
-0.0369962
-0.0377756
-0.0385101
-0.0391917
-0.0398111
-0.0403592
-0.040825
-0.0411982
-0.041466
-0.0416174
-0.0416377
-0.0415164
-0.0412365
-0.0407883
-0.040152
-0.0393206
-0.0382718
-0.0370038
-0.0354915
-0.033741
-0.0317238
-0.0294584
-0.0269118
-0.0241203
-0.0210443
-0.0177445
-0.014171
-0.0104146
-0.00640479
-0.00225683
-0.0268773
-0.027806
-0.0287369
-0.0296702
-0.0306073
-0.0315472
-0.0324869
-0.033422
-0.034348
-0.0352598
-0.0361523
-0.0370196
-0.0378555
-0.038653
-0.0394042
-0.0401009
-0.0407336
-0.0412928
-0.0417675
-0.0421471
-0.0424185
-0.0425706
-0.0425882
-0.0424606
-0.0421704
-0.0417078
-0.0410526
-0.0401978
-0.0391207
-0.0378195
-0.0362686
-0.0344747
-0.0324084
-0.0300894
-0.0274833
-0.0246285
-0.0214834
-0.0181118
-0.014461
-0.0106263
-0.00653296
-0.00230264
-0.0277285
-0.0287015
-0.0296681
-0.0306329
-0.0316013
-0.0325737
-0.0335466
-0.034515
-0.0354735
-0.0364168
-0.0373396
-0.0382361
-0.0390996
-0.039923
-0.0406981
-0.0414164
-0.042068
-0.0426433
-0.0431307
-0.0435194
-0.0437957
-0.0439484
-0.0439617
-0.0438246
-0.0435192
-0.0430355
-0.0423527
-0.0414638
-0.0403455
-0.0389962
-0.0373894
-0.0355326
-0.0333953
-0.0309986
-0.0283067
-0.0253602
-0.0221156
-0.0186403
-0.0148785
-0.0109308
-0.00671771
-0.00236798
-0.0288295
-0.0298595
-0.0308724
-0.031878
-0.0328867
-0.033901
-0.0349169
-0.0359282
-0.0369285
-0.0379124
-0.0388742
-0.0398081
-0.0407071
-0.0415638
-0.0423695
-0.0431154
-0.0437912
-0.0443867
-0.0448901
-0.04529
-0.0455723
-0.0457253
-0.0457326
-0.0455829
-0.0452575
-0.0447462
-0.0440275
-0.0430943
-0.0419223
-0.0405105
-0.0388313
-0.036893
-0.0346639
-0.0321667
-0.0293641
-0.0262994
-0.0229269
-0.019318
-0.0154138
-0.0113208
-0.00695443
-0.00245143
-0.0301702
-0.0312702
-0.0323393
-0.0333944
-0.0344522
-0.0355175
-0.0365857
-0.037649
-0.0387001
-0.0397331
-0.0407422
-0.0417212
-0.042663
-0.0435597
-0.0444022
-0.0451811
-0.0458857
-0.0465055
-0.0470277
-0.0474406
-0.0477297
-0.0478824
-0.0478818
-0.0477161
-0.0473658
-0.0468203
-0.0460573
-0.0450696
-0.0438321
-0.0423438
-0.0405762
-0.0385385
-0.0361976
-0.0335782
-0.0306411
-0.0274329
-0.0239053
-0.0201349
-0.0160585
-0.0117903
-0.0072392
-0.00255169
-0.0317451
-0.0329274
-0.0340625
-0.0351756
-0.0362909
-0.0374158
-0.038545
-0.0396691
-0.0407795
-0.0418696
-0.0429336
-0.043965
-0.0449564
-0.0458994
-0.0467843
-0.0476013
-0.048339
-0.0489862
-0.0495296
-0.0499571
-0.0502531
-0.0504046
-0.050394
-0.0502087
-0.0498284
-0.0492421
-0.0484265
-0.0473743
-0.0460593
-0.0444809
-0.0426091
-0.0404545
-0.0379824
-0.0352196
-0.0321251
-0.0287491
-0.0250406
-0.0210818
-0.0168054
-0.0123337
-0.00756854
-0.00266754
-0.0335504
-0.0348272
-0.036038
-0.0372172
-0.038398
-0.039591
-0.0407898
-0.041983
-0.0431607
-0.0443158
-0.0454419
-0.0465326
-0.0475798
-0.0485748
-0.0495074
-0.0503668
-0.0511412
-0.0518188
-0.0523855
-0.0528284
-0.0531312
-0.0532803
-0.0532571
-0.0530484
-0.0526329
-0.051999
-0.0511224
-0.0499957
-0.0485913
-0.0469091
-0.0449177
-0.042629
-0.0400065
-0.0370797
-0.0338053
-0.0302381
-0.0263236
-0.0221509
-0.0176477
-0.012946
-0.00793926
-0.00279786
-0.0355852
-0.0369689
-0.0382646
-0.0395179
-0.0407721
-0.0420413
-0.0433179
-0.0445882
-0.0458409
-0.0470681
-0.0482631
-0.0494194
-0.0505284
-0.0515807
-0.0525654
-0.0534713
-0.0542856
-0.0549959
-0.0555873
-0.0560462
-0.0563554
-0.0565005
-0.0564619
-0.0562257
-0.0557693
-0.0550809
-0.0541348
-0.0529234
-0.0514177
-0.0496181
-0.0474917
-0.0450517
-0.0422598
-0.0391486
-0.0356723
-0.0318908
-0.0277461
-0.0233349
-0.0185794
-0.0136225
-0.00834835
-0.00294158
-0.0378505
-0.0393534
-0.0407433
-0.0420784
-0.0434135
-0.0447666
-0.0461289
-0.0474842
-0.0488191
-0.0501251
-0.0513955
-0.0526231
-0.0537991
-0.0549135
-0.0559545
-0.0569102
-0.0577671
-0.058512
-0.0591291
-0.059604
-0.0599186
-0.0600578
-0.0600006
-0.0597325
-0.0592297
-0.0584797
-0.0574553
-0.0561489
-0.0545299
-0.0525992
-0.0503222
-0.0477137
-0.0447336
-0.0414177
-0.0377177
-0.0336991
-0.0293005
-0.024627
-0.0195947
-0.0143588
-0.00879293
-0.00309769
-0.0403491
-0.0419837
-0.043477
-0.0449013
-0.0463246
-0.0477691
-0.0492246
-0.050672
-0.052096
-0.0534872
-0.0548386
-0.0561428
-0.0573906
-0.0585711
-0.0596719
-0.0606803
-0.0615819
-0.0623626
-0.0630059
-0.0634966
-0.0638153
-0.0639462
-0.063867
-0.0635625
-0.0630072
-0.0621882
-0.0610767
-0.059665
-0.0579205
-0.055845
-0.0534016
-0.0506075
-0.04742
-0.043879
-0.0399335
-0.0356556
-0.0309795
-0.0260206
-0.0206879
-0.0151505
-0.00927012
-0.00326517
-0.0430856
-0.0448645
-0.0464701
-0.0479908
-0.0495091
-0.0510521
-0.052608
-0.0541543
-0.0556737
-0.0571557
-0.0585933
-0.0599788
-0.0613024
-0.0625526
-0.063716
-0.0647792
-0.065727
-0.0665444
-0.0672139
-0.0677195
-0.0680406
-0.0681605
-0.0680557
-0.0677098
-0.0670961
-0.0662007
-0.0649931
-0.0634655
-0.0615833
-0.0593489
-0.0567234
-0.0537261
-0.050312
-0.0465255
-0.0423126
-0.0377528
-0.0327764
-0.0275092
-0.0218535
-0.0159932
-0.00977706
-0.00344298
-0.0460663
-0.0480023
-0.0497289
-0.0513526
-0.0529723
-0.0546204
-0.0562833
-0.0579348
-0.0595551
-0.0611331
-0.0626613
-0.0641319
-0.0655346
-0.0668572
-0.0680854
-0.069205
-0.0701997
-0.071054
-0.0717492
-0.0722684
-0.07259
-0.072696
-0.0725616
-0.0721695
-0.071491
-0.0705117
-0.0691991
-0.067545
-0.0655127
-0.0631054
-0.0602817
-0.0570634
-0.0534032
-0.0493503
-0.044848
-0.0399839
-0.034684
-0.0290865
-0.0230857
-0.0168823
-0.0103107
-0.00363007
-0.0492988
-0.0514047
-0.0532608
-0.0549936
-0.0567205
-0.0584798
-0.0602556
-0.0620177
-0.0637439
-0.065422
-0.0670444
-0.0686032
-0.0700875
-0.0714843
-0.0727787
-0.0739554
-0.0749974
-0.0758881
-0.0766081
-0.0771393
-0.0774588
-0.0775479
-0.0773799
-0.0769366
-0.0761872
-0.0751166
-0.0736899
-0.0718987
-0.0697038
-0.0671092
-0.0640711
-0.0606138
-0.0566874
-0.052347
-0.0475327
-0.0423416
-0.0366953
-0.0307456
-0.0243786
-0.0178132
-0.0108681
-0.00382532
-0.0527923
-0.0550811
-0.0570746
-0.0589221
-0.0607611
-0.0626368
-0.0645306
-0.0664081
-0.068244
-0.0700255
-0.0717447
-0.0733937
-0.0749611
-0.0764332
-0.0777942
-0.079028
-0.0801167
-0.081043
-0.0817862
-0.0823274
-0.0826424
-0.0827113
-0.0825057
-0.0820061
-0.0811798
-0.0800105
-0.0784609
-0.0765221
-0.0741522
-0.071356
-0.0680868
-0.064372
-0.0601591
-0.0555093
-0.0503601
-0.044819
-0.0388033
-0.0324798
-0.0257261
-0.018781
-0.0114458
-0.00402754
-0.0565573
-0.059042
-0.0611802
-0.0631468
-0.0651021
-0.0670985
-0.0691145
-0.0711109
-0.0730594
-0.0749463
-0.0767638
-0.0785039
-0.0801548
-0.0817022
-0.0831293
-0.0844194
-0.0855536
-0.0865139
-0.0872784
-0.0878274
-0.0881352
-0.0881806
-0.0879335
-0.087373
-0.086464
-0.085189
-0.0835079
-0.0814112
-0.0788538
-0.0758414
-0.0723243
-0.068333
-0.0638126
-0.0588311
-0.0533234
-0.0474088
-0.0410003
-0.0342817
-0.0271215
-0.0197802
-0.0120403
-0.00423547
-0.0606058
-0.0632993
-0.0655887
-0.0676778
-0.0697522
-0.0718723
-0.0740135
-0.0761311
-0.0781937
-0.0801867
-0.0821026
-0.0839335
-0.0856671
-0.0872886
-0.0887804
-0.0901251
-0.0913029
-0.0922951
-0.0930787
-0.0936331
-0.0939308
-0.0939498
-0.0936575
-0.0930318
-0.0920346
-0.0906473
-0.0888265
-0.0865619
-0.0838049
-0.0805617
-0.0767795
-0.0724925
-0.0676427
-0.0623063
-0.0564156
-0.0501034
-0.0432785
-0.0361437
-0.0285578
-0.0208054
-0.0126478
-0.00444774
-0.0649512
-0.067866
-0.070312
-0.0725253
-0.0747202
-0.0769657
-0.0792336
-0.0814732
-0.0836498
-0.0857481
-0.087761
-0.0896809
-0.0914951
-0.0931884
-0.0947424
-0.0961391
-0.0973579
-0.0983794
-0.0991796
-0.0997367
-0.100022
-0.100012
-0.099671
-0.0989762
-0.0978863
-0.0963808
-0.0944127
-0.0919705
-0.0890019
-0.0855134
-0.0814488
-0.0768458
-0.0716442
-0.0659287
-0.0596298
-0.0528949
-0.0456296
-0.0380574
-0.0300274
-0.0218502
-0.0132642
-0.00466287
-0.069608
-0.0727561
-0.0753625
-0.0777002
-0.0800151
-0.0823859
-0.0847803
-0.0871409
-0.0894297
-0.0916307
-0.0937375
-0.0957429
-0.0976343
-0.0993957
-0.101008
-0.102454
-0.10371
-0.104758
-0.105572
-0.10613
-0.1064
-0.106358
-0.105967
-0.1052
-0.104013
-0.102384
-0.100262
-0.0976336
-0.0944416
-0.0906934
-0.0863286
-0.0813892
-0.0758122
-0.0696924
-0.0629586
-0.0557753
-0.0480447
-0.0400141
-0.0315223
-0.0229081
-0.0138851
-0.00487925
-0.0745918
-0.0779847
-0.0807536
-0.0832133
-0.0856455
-0.0881395
-0.090658
-0.0931367
-0.0955337
-0.0978328
-0.100029
-0.102115
-0.104078
-0.105903
-0.107569
-0.109059
-0.110349
-0.11142
-0.112246
-0.112801
-0.113055
-0.11298
-0.112536
-0.111695
-0.110409
-0.108653
-0.106371
-0.103548
-0.100121
-0.0960988
-0.0914158
-0.0861187
-0.0801419
-0.0735912
-0.0663948
-0.0587358
-0.0505147
-0.0420043
-0.0330338
-0.023972
-0.0145058
-0.00509515
-0.0799195
-0.0835672
-0.0864983
-0.0890752
-0.0916195
-0.094232
-0.0968702
-0.0994615
-0.101961
-0.104351
-0.106629
-0.108789
-0.110817
-0.112699
-0.114414
-0.115943
-0.117263
-0.118354
-0.119187
-0.119739
-0.119975
-0.119866
-0.119369
-0.118454
-0.117067
-0.115181
-0.112735
-0.109709
-0.106038
-0.101727
-0.096708
-0.0910309
-0.0846286
-0.077619
-0.0699305
-0.0617675
-0.0530295
-0.0440181
-0.0345524
-0.0250341
-0.0151211
-0.00530867
-0.0856084
-0.0895197
-0.0926098
-0.0952956
-0.0979439
-0.100668
-0.103418
-0.106114
-0.108707
-0.111179
-0.11353
-0.115755
-0.117841
-0.119773
-0.121529
-0.123092
-0.124437
-0.125544
-0.126383
-0.12693
-0.127148
-0.127006
-0.126457
-0.125468
-0.123981
-0.121964
-0.119349
-0.116116
-0.11219
-0.107577
-0.102203
-0.0961229
-0.0892679
-0.0817698
-0.073558
-0.064861
-0.0555787
-0.0460445
-0.036068
-0.0260862
-0.0157254
-0.00551779
-0.0916765
-0.095858
-0.0991004
-0.101883
-0.104624
-0.107449
-0.110301
-0.113091
-0.115766
-0.118309
-0.120722
-0.123001
-0.125135
-0.127108
-0.128898
-0.130488
-0.131853
-0.132973
-0.133817
-0.134358
-0.134559
-0.134385
-0.133787
-0.132726
-0.131141
-0.128994
-0.12621
-0.122765
-0.118575
-0.113647
-0.107899
-0.101392
-0.0940558
-0.0860374
-0.0772692
-0.0680064
-0.0581513
-0.0480723
-0.0375702
-0.0271194
-0.0163128
-0.00572029
-0.0981419
-0.102598
-0.105982
-0.108845
-0.111662
-0.114574
-0.117516
-0.120386
-0.123128
-0.125729
-0.12819
-0.130512
-0.132682
-0.134686
-0.136503
-0.138113
-0.139494
-0.140623
-0.14147
-0.142007
-0.142192
-0.14199
-0.141347
-0.14022
-0.138541
-0.136266
-0.133314
-0.129653
-0.125193
-0.119935
-0.113794
-0.106836
-0.0989882
-0.090416
-0.0810559
-0.0711936
-0.0607356
-0.0500893
-0.0390474
-0.0281243
-0.016877
-0.00591379
-0.105022
-0.109753
-0.113262
-0.116186
-0.11906
-0.122041
-0.125054
-0.127988
-0.130781
-0.133422
-0.135917
-0.138267
-0.140462
-0.142487
-0.144321
-0.145945
-0.147336
-0.148472
-0.149322
-0.149856
-0.150029
-0.149805
-0.149123
-0.147938
-0.146171
-0.143775
-0.140656
-0.136779
-0.132041
-0.126443
-0.119889
-0.112453
-0.104062
-0.0948996
-0.0849098
-0.0744119
-0.0633197
-0.052083
-0.0404878
-0.0290908
-0.0174113
-0.00609572
-0.112334
-0.117335
-0.120949
-0.123906
-0.126812
-0.129841
-0.132907
-0.135884
-0.138708
-0.141372
-0.143883
-0.146246
-0.148453
-0.150487
-0.152329
-0.15396
-0.155357
-0.156499
-0.157352
-0.157885
-0.158053
-0.157814
-0.157102
-0.155867
-0.154022
-0.151513
-0.148234
-0.144141
-0.139121
-0.133169
-0.126184
-0.118242
-0.109274
-0.0994825
-0.0888225
-0.0776504
-0.0658908
-0.0540399
-0.0418788
-0.0300085
-0.0179086
-0.0062633
-0.120092
-0.125355
-0.129045
-0.132002
-0.134912
-0.137964
-0.141057
-0.144055
-0.146889
-0.149554
-0.152063
-0.154424
-0.156628
-0.15866
-0.160501
-0.162133
-0.163532
-0.164678
-0.165536
-0.166074
-0.166243
-0.165998
-0.165268
-0.163996
-0.162087
-0.159474
-0.156043
-0.151738
-0.146433
-0.140116
-0.132679
-0.124204
-0.114621
-0.104159
-0.0927855
-0.0808979
-0.0684362
-0.0559463
-0.0432075
-0.0308662
-0.0183614
-0.00641349
-0.128307
-0.133816
-0.137547
-0.140466
-0.143345
-0.14639
-0.149486
-0.152479
-0.155298
-0.157943
-0.160431
-0.162772
-0.16496
-0.166978
-0.168809
-0.170435
-0.171834
-0.172984
-0.17385
-0.174398
-0.174578
-0.174339
-0.173606
-0.172313
-0.170354
-0.167653
-0.16408
-0.159569
-0.153977
-0.147286
-0.139376
-0.130336
-0.120101
-0.108924
-0.0967903
-0.0841428
-0.0709426
-0.0577878
-0.0444606
-0.0316523
-0.018762
-0.00654294
-0.136987
-0.14272
-0.146448
-0.149282
-0.152091
-0.155098
-0.158168
-0.161129
-0.163908
-0.166509
-0.168956
-0.171261
-0.173419
-0.175413
-0.177225
-0.17884
-0.180235
-0.181389
-0.182267
-0.182834
-0.183035
-0.182818
-0.182099
-0.180803
-0.178813
-0.176042
-0.172343
-0.167634
-0.161756
-0.15468
-0.146278
-0.136642
-0.125713
-0.113771
-0.100828
-0.0873731
-0.0733966
-0.0595496
-0.0456245
-0.0323545
-0.0191026
-0.00664788
-0.146134
-0.15206
-0.155732
-0.158428
-0.161124
-0.164059
-0.167071
-0.169972
-0.172685
-0.175219
-0.177606
-0.17986
-0.181973
-0.183932
-0.185718
-0.187316
-0.188706
-0.189867
-0.190762
-0.191356
-0.191592
-0.191414
-0.190728
-0.189451
-0.187453
-0.184632
-0.180825
-0.17593
-0.16977
-0.162301
-0.153386
-0.143119
-0.131453
-0.118695
-0.104891
-0.0905763
-0.0757845
-0.0612162
-0.0466858
-0.0329601
-0.0193752
-0.00672399
-0.155747
-0.161821
-0.165372
-0.16787
-0.170409
-0.173237
-0.176163
-0.178975
-0.181594
-0.184039
-0.186347
-0.188534
-0.190591
-0.192504
-0.194256
-0.195833
-0.197216
-0.198384
-0.199302
-0.199934
-0.200219
-0.200098
-0.199469
-0.198236
-0.196255
-0.193411
-0.189518
-0.184452
-0.178015
-0.170145
-0.160697
-0.149764
-0.137316
-0.123687
-0.108967
-0.0937383
-0.0780923
-0.0627711
-0.0476311
-0.0334555
-0.019572
-0.00676616
-0.165816
-0.17198
-0.17533
-0.177564
-0.179901
-0.182591
-0.185401
-0.188095
-0.190595
-0.19293
-0.195142
-0.197247
-0.199236
-0.201093
-0.202803
-0.204354
-0.205727
-0.206904
-0.20785
-0.208528
-0.208876
-0.208834
-0.208285
-0.207122
-0.205189
-0.20235
-0.198397
-0.193179
-0.186475
-0.178201
-0.168202
-0.156567
-0.143293
-0.128734
-0.113044
-0.0968423
-0.0803048
-0.0641967
-0.0484473
-0.0338263
-0.0196858
-0.00676828
-0.17632
-0.182488
-0.185545
-0.187449
-0.189548
-0.192074
-0.194739
-0.197284
-0.199639
-0.201844
-0.203944
-0.205954
-0.207861
-0.20965
-0.211309
-0.212827
-0.214188
-0.215373
-0.216349
-0.217081
-0.217507
-0.217563
-0.217117
-0.216053
-0.214199
-0.211399
-0.207416
-0.202071
-0.195114
-0.186435
-0.175871
-0.163504
-0.14936
-0.133814
-0.117102
-0.0998675
-0.0824054
-0.0654733
-0.0491219
-0.0340566
-0.0197103
-0.00672294
-0.18723
-0.193261
-0.195918
-0.197443
-0.199283
-0.201623
-0.204112
-0.206477
-0.208663
-0.21072
-0.212693
-0.214591
-0.216401
-0.218109
-0.219704
-0.221178
-0.222518
-0.223708
-0.224715
-0.225504
-0.226017
-0.226188
-0.225867
-0.224929
-0.22319
-0.220466
-0.216489
-0.211047
-0.203859
-0.194785
-0.18365
-0.170525
-0.155477
-0.138891
-0.121111
-0.102786
-0.0843746
-0.0665788
-0.0496432
-0.0341292
-0.0196408
-0.00662116
-0.19847
-0.20415
-0.206303
-0.207435
-0.209022
-0.211155
-0.213429
-0.21558
-0.217574
-0.219466
-0.221294
-0.223061
-0.224754
-0.226361
-0.227875
-0.22929
-0.230596
-0.23178
-0.232813
-0.233661
-0.234262
-0.234557
-0.234378
-0.2336
-0.232011
-0.229404
-0.225474
-0.219976
-0.21259
-0.203142
-0.191443
-0.177549
-0.161576
-0.143909
-0.125031
-0.105562
-0.0861889
-0.0674882
-0.0500009
-0.0340256
-0.0194748
-0.00645218
-0.209839
-0.214876
-0.216471
-0.217276
-0.218643
-0.220538
-0.222547
-0.224451
-0.226233
-0.227942
-0.229601
-0.231212
-0.232762
-0.234245
-0.235654
-0.236989
-0.238242
-0.239406
-0.240454
-0.241362
-0.242061
-0.242465
-0.242444
-0.241858
-0.240457
-0.23801
-0.234173
-0.228669
-0.221129
-0.211347
-0.19911
-0.184459
-0.167558
-0.148792
-0.128801
-0.10815
-0.0878206
-0.0681746
-0.0501863
-0.033726
-0.0192135
-0.00620336
-0.221018
-0.224995
-0.226111
-0.226767
-0.227962
-0.229565
-0.231254
-0.232884
-0.234438
-0.235939
-0.237402
-0.238827
-0.240207
-0.241537
-0.242815
-0.244045
-0.245224
-0.24635
-0.2474
-0.248355
-0.249144
-0.249673
-0.249831
-0.249461
-0.24828
-0.24604
-0.242348
-0.236899
-0.229261
-0.219204
-0.206473
-0.191105
-0.173298
-0.153442
-0.132348
-0.110498
-0.089238
-0.0686105
-0.0501937
-0.0332107
-0.0188619
-0.00586032
-0.231458
-0.233948
-0.234882
-0.235658
-0.236693
-0.237928
-0.239257
-0.240601
-0.241912
-0.243182
-0.244421
-0.245634
-0.246819
-0.247974
-0.249101
-0.250207
-0.251295
-0.252369
-0.253412
-0.254405
-0.255278
-0.255955
-0.25631
-0.256176
-0.255246
-0.253256
-0.249761
-0.244431
-0.236759
-0.226502
-0.213338
-0.197321
-0.178654
-0.157751
-0.135589
-0.112549
-0.0904083
-0.0687719
-0.0500201
-0.0324628
-0.0184294
-0.00540712
-0.240134
-0.241157
-0.242535
-0.243673
-0.244467
-0.245255
-0.246219
-0.247285
-0.248344
-0.249367
-0.25037
-0.251364
-0.252348
-0.253323
-0.254294
-0.255273
-0.256267
-0.257288
-0.258323
-0.259357
-0.260319
-0.261157
-0.261721
-0.261839
-0.261185
-0.259482
-0.256228
-0.251077
-0.243434
-0.233058
-0.21953
-0.202954
-0.18349
-0.161619
-0.138442
-0.114256
-0.0912998
-0.0686421
-0.0496663
-0.0314713
-0.0179296
-0.00482696
-0.24632
-0.246391
-0.249012
-0.250533
-0.25092
-0.251241
-0.251879
-0.252681
-0.253489
-0.254277
-0.255063
-0.255858
-0.256661
-0.257475
-0.258308
-0.259177
-0.260094
-0.261072
-0.262108
-0.263193
-0.264258
-0.265259
-0.266037
-0.266416
-0.266053
-0.264658
-0.261677
-0.256749
-0.249187
-0.238764
-0.224939
-0.207899
-0.187707
-0.16497
-0.140843
-0.115585
-0.0918893
-0.068218
-0.049137
-0.0302356
-0.0173788
-0.00410399
-0.24988
-0.249994
-0.254132
-0.255767
-0.255741
-0.25575
-0.256152
-0.256721
-0.257311
-0.257905
-0.25852
-0.259159
-0.259819
-0.260509
-0.261238
-0.262026
-0.262888
-0.263842
-0.26489
-0.266029
-0.267217
-0.268374
-0.26936
-0.269994
-0.269922
-0.26884
-0.266146
-0.261466
-0.254019
-0.243606
-0.229539
-0.212127
-0.191267
-0.16778
-0.142764
-0.116535
-0.0921711
-0.0675174
-0.0484438
-0.0287703
-0.0167964
-0.00322562
-0.25098
-0.252824
-0.257463
-0.258959
-0.258869
-0.258848
-0.259125
-0.259516
-0.259942
-0.260402
-0.260899
-0.26143
-0.261995
-0.262601
-0.263263
-0.264
-0.264832
-0.26578
-0.266854
-0.268062
-0.269373
-0.270648
-0.271813
-0.272663
-0.272843
-0.272036
-0.269599
-0.265147
-0.257815
-0.247439
-0.233169
-0.215476
-0.194021
-0.169924
-0.1441
-0.117039
-0.0920966
-0.0665211
-0.0475808
-0.0270751
-0.0162013
-0.00217793
-0.266339
-0.261742
-0.260704
-0.260827
-0.260425
-0.260263
-0.260434
-0.260732
-0.261088
-0.261493
-0.261941
-0.262428
-0.262954
-0.263528
-0.264164
-0.264884
-0.265708
-0.266659
-0.267745
-0.268965
-0.270225
-0.271658
-0.272936
-0.273885
-0.274164
-0.273476
-0.271141
-0.266796
-0.259498
-0.249151
-0.234751
-0.216932
-0.19512
-0.170708
-0.144405
-0.116842
-0.0916129
-0.0653654
-0.0467136
-0.0254693
-0.0157142
-0.00117209
-0.266496
-0.264142
-0.262124
-0.262001
-0.261668
-0.261494
-0.261613
-0.261853
-0.262156
-0.262513
-0.262915
-0.263359
-0.263848
-0.264391
-0.265006
-0.265714
-0.266538
-0.2675
-0.26861
-0.269869
-0.271238
-0.272635
-0.273937
-0.274924
-0.275239
-0.274559
-0.2722
-0.267792
-0.260375
-0.249878
-0.235243
-0.217206
-0.195063
-0.170421
-0.143782
-0.116
-0.0906108
-0.0640971
-0.0456915
-0.0241007
-0.0151976
-0.000358066
-0.265633
-0.264481
-0.262553
-0.262476
-0.262321
-0.262239
-0.262385
-0.262631
-0.262929
-0.263276
-0.263667
-0.264098
-0.264577
-0.265115
-0.265731
-0.266448
-0.267288
-0.268275
-0.269418
-0.270716
-0.272124
-0.2736
-0.274896
-0.275913
-0.276231
-0.275516
-0.273084
-0.268554
-0.260964
-0.250247
-0.235331
-0.217022
-0.194527
-0.169657
-0.142689
-0.114774
-0.0892358
-0.062605
-0.0444351
-0.0226469
-0.0145706
0.000483087
-0.265465
-0.264534
-0.262805
-0.262771
-0.262746
-0.26275
-0.262927
-0.263185
-0.263489
-0.263837
-0.264225
-0.264655
-0.265134
-0.265676
-0.266302
-0.267035
-0.267897
-0.268911
-0.270086
-0.271418
-0.272859
-0.274352
-0.275697
-0.276722
-0.277031
-0.27627
-0.273762
-0.269111
-0.261358
-0.250438
-0.235269
-0.216711
-0.193899
-0.168822
-0.141549
-0.113518
-0.087834
-0.0611006
-0.0431542
-0.021177
-0.0139192
0.00134735
-0.265171
-0.264329
-0.26293
-0.262973
-0.263048
-0.263129
-0.263338
-0.263612
-0.263926
-0.264278
-0.264668
-0.2651
-0.265584
-0.266135
-0.266774
-0.267524
-0.268409
-0.269449
-0.270654
-0.272017
-0.273487
-0.274996
-0.276363
-0.277368
-0.277656
-0.276837
-0.274241
-0.26946
-0.261545
-0.250426
-0.235022
-0.216236
-0.193141
-0.167885
-0.140341
-0.112218
-0.0864062
-0.0595826
-0.0418603
-0.0196913
-0.0132541
0.00223852
-0.264828
-0.264004
-0.262968
-0.263091
-0.26324
-0.263389
-0.263633
-0.263928
-0.264255
-0.264616
-0.265014
-0.265454
-0.265948
-0.266512
-0.267167
-0.267936
-0.268844
-0.26991
-0.271141
-0.272528
-0.274019
-0.275536
-0.276897
-0.277888
-0.278125
-0.277227
-0.274527
-0.2696
-0.261515
-0.250193
-0.234565
-0.215561
-0.192214
-0.166801
-0.139022
-0.110838
-0.0849181
-0.0580334
-0.0405356
-0.0181902
-0.0125681
0.00315584
-0.264491
-0.263676
-0.262968
-0.26315
-0.263349
-0.263552
-0.263828
-0.264144
-0.264488
-0.264863
-0.265273
-0.265726
-0.266233
-0.266814
-0.267487
-0.268278
-0.269209
-0.270299
-0.271551
-0.272955
-0.274456
-0.275969
-0.277312
-0.278262
-0.27844
-0.277444
-0.274621
-0.269536
-0.261273
-0.249746
-0.233906
-0.214695
-0.191125
-0.165578
-0.137599
-0.109383
-0.0833758
-0.056462
-0.0391839
-0.0166855
-0.011861
0.00409458
-0.264169
-0.263373
-0.262942
-0.263163
-0.263393
-0.263639
-0.263941
-0.264278
-0.26464
-0.265031
-0.265456
-0.265925
-0.26645
-0.267049
-0.267743
-0.268556
-0.269509
-0.270618
-0.271887
-0.2733
-0.274801
-0.276298
-0.277608
-0.278499
-0.278592
-0.27749
-0.27453
-0.269275
-0.26083
-0.249098
-0.233058
-0.213654
-0.189895
-0.164235
-0.136095
-0.107873
-0.0817999
-0.0548863
-0.0378194
-0.0151929
-0.0111372
0.00504838
-0.263878
-0.263084
-0.262887
-0.263133
-0.263384
-0.263662
-0.263987
-0.264342
-0.264723
-0.265131
-0.265574
-0.266061
-0.266606
-0.267225
-0.267941
-0.268775
-0.269747
-0.270872
-0.272151
-0.273567
-0.275057
-0.276525
-0.277787
-0.278605
-0.278599
-0.277371
-0.274261
-0.268826
-0.260196
-0.248262
-0.232038
-0.212457
-0.188542
-0.162792
-0.134531
-0.106327
-0.0802107
-0.0533236
-0.0364571
-0.013728
-0.010402
0.00600959
-0.263639
-0.26279
-0.262793
-0.263061
-0.263328
-0.263631
-0.263976
-0.264349
-0.264748
-0.265172
-0.265636
-0.266142
-0.266707
-0.267348
-0.268084
-0.268937
-0.269927
-0.271064
-0.272346
-0.273757
-0.275225
-0.276652
-0.277853
-0.278582
-0.278469
-0.277101
-0.273826
-0.268206
-0.259388
-0.247259
-0.230867
-0.211125
-0.18709
-0.16127
-0.13293
-0.104763
-0.0786287
-0.0517907
-0.0351125
-0.0123068
-0.00966104
0.00696895
-0.263353
-0.262524
-0.262662
-0.262948
-0.263231
-0.263555
-0.263916
-0.264306
-0.264722
-0.265166
-0.265648
-0.266175
-0.26676
-0.267422
-0.268178
-0.269049
-0.270051
-0.271195
-0.272476
-0.27387
-0.275307
-0.276683
-0.27781
-0.27844
-0.278205
-0.276676
-0.273242
-0.267444
-0.258422
-0.246113
-0.229572
-0.209688
-0.185566
-0.159695
-0.131319
-0.103205
-0.0770762
-0.0503055
-0.0338024
-0.0109456
-0.00892168
0.00791536
-0.262743
-0.262346
-0.262505
-0.262798
-0.263099
-0.263441
-0.263818
-0.264223
-0.264656
-0.265119
-0.265619
-0.266166
-0.266772
-0.267453
-0.268227
-0.269112
-0.270124
-0.27127
-0.272543
-0.273913
-0.275311
-0.276626
-0.27767
-0.27819
-0.277824
-0.276109
-0.27253
-0.266531
-0.257359
-0.244861
-0.228192
-0.208179
-0.184001
-0.1581
-0.129725
-0.101676
-0.0755776
-0.0488867
-0.0325453
-0.00966092
-0.00819282
0.00883588
-0.262276
-0.262129
-0.262319
-0.262621
-0.262941
-0.263299
-0.263691
-0.264111
-0.264559
-0.26504
-0.265558
-0.266123
-0.266748
-0.267446
-0.268236
-0.269134
-0.270151
-0.271294
-0.272553
-0.273894
-0.275246
-0.276492
-0.277446
-0.277851
-0.277349
-0.275488
-0.271724
-0.265536
-0.256203
-0.243534
-0.226754
-0.206648
-0.182438
-0.156521
-0.128178
-0.100204
-0.0741583
-0.0475536
-0.0313605
-0.00846927
-0.00748552
0.00971583
-0.26189
-0.261886
-0.262112
-0.262428
-0.262766
-0.263139
-0.263544
-0.263978
-0.264442
-0.264938
-0.265473
-0.266055
-0.266697
-0.267411
-0.268214
-0.26912
-0.27014
-0.271276
-0.272516
-0.273823
-0.275123
-0.276298
-0.277158
-0.277446
-0.276807
-0.27479
-0.270858
-0.264494
-0.255008
-0.242188
-0.225316
-0.205124
-0.180918
-0.155007
-0.126708
-0.0988155
-0.0728444
-0.0463262
-0.0302683
-0.00738658
-0.00681307
0.0105391
-0.261535
-0.261637
-0.261899
-0.262231
-0.262585
-0.262972
-0.26339
-0.263836
-0.264314
-0.264825
-0.265375
-0.265972
-0.266628
-0.267355
-0.268168
-0.26908
-0.270099
-0.271225
-0.272443
-0.273714
-0.274962
-0.276063
-0.27683
-0.277003
-0.276231
-0.274065
-0.269974
-0.263448
-0.253825
-0.240873
-0.223927
-0.20367
-0.179481
-0.153572
-0.125376
-0.0975402
-0.071662
-0.0452245
-0.029289
-0.00642808
-0.00619099
0.0112883
-0.261213
-0.261398
-0.261693
-0.26204
-0.26241
-0.26281
-0.263239
-0.263697
-0.264187
-0.26471
-0.265273
-0.265883
-0.266552
-0.26729
-0.26811
-0.269025
-0.27004
-0.271154
-0.27235
-0.273584
-0.274779
-0.275811
-0.27649
-0.276556
-0.27566
-0.273359
-0.269119
-0.262453
-0.25271
-0.239645
-0.222643
-0.202338
-0.178179
-0.152289
-0.124181
-0.0964179
-0.070638
-0.0442677
-0.0284424
-0.00560789
-0.00563664
0.011946
-0.260934
-0.261184
-0.261508
-0.26187
-0.262253
-0.262665
-0.263104
-0.263572
-0.264072
-0.264605
-0.265179
-0.2658
-0.266478
-0.267224
-0.26805
-0.268965
-0.269976
-0.271078
-0.27225
-0.27345
-0.274597
-0.275566
-0.276165
-0.276136
-0.275133
-0.272715
-0.268332
-0.261559
-0.251718
-0.238562
-0.221519
-0.201181
-0.177059
-0.151197
-0.123173
-0.0954746
-0.0697976
-0.0434695
-0.0277471
-0.00493883
-0.00516829
0.012495
-0.26071
-0.26101
-0.261357
-0.261732
-0.262127
-0.262547
-0.262995
-0.263471
-0.263979
-0.264521
-0.265102
-0.265731
-0.266417
-0.267168
-0.267998
-0.268913
-0.269918
-0.271008
-0.27216
-0.27333
-0.274436
-0.275351
-0.275885
-0.275777
-0.274685
-0.272175
-0.267691
-0.260819
-0.250902
-0.237678
-0.220607
-0.200251
-0.176167
-0.150333
-0.122387
-0.0947391
-0.0691687
-0.0428441
-0.027219
-0.00443203
-0.00480366
0.0129196
-0.260555
-0.26089
-0.261253
-0.261637
-0.26204
-0.262467
-0.262921
-0.263403
-0.263916
-0.264464
-0.265052
-0.265686
-0.266377
-0.267132
-0.267963
-0.268877
-0.269877
-0.270956
-0.272093
-0.273239
-0.274314
-0.275188
-0.275672
-0.275507
-0.27435
-0.271773
-0.267234
-0.260277
-0.250307
-0.237039
-0.219954
-0.199591
-0.17554
-0.149731
-0.121848
-0.0942384
-0.0687041
-0.0424673
-0.0268708
-0.00409666
-0.00455812
0.0132067
-0.260478
-0.260831
-0.261202
-0.261592
-0.261999
-0.262431
-0.262889
-0.263374
-0.263891
-0.264442
-0.265033
-0.265671
-0.266364
-0.267121
-0.267952
-0.268864
-0.26986
-0.270932
-0.272058
-0.273189
-0.274243
-0.275092
-0.275546
-0.275346
-0.274152
-0.271535
-0.266959
-0.259964
-0.249968
-0.23668
-0.219594
-0.199233
-0.175207
-0.149419
-0.121575
-0.0939918
-0.0684813
-0.0422884
-0.0267095
-0.00393935
-0.00444288
0.0133471
)
;

boundaryField
{
    inlet
    {
        type            zeroGradient;
    }
    outlet
    {
        type            fixedValue;
        value           uniform 0;
    }
    cylinder
    {
        type            zeroGradient;
    }
    top
    {
        type            symmetryPlane;
    }
    bottom
    {
        type            symmetryPlane;
    }
    defaultFaces
    {
        type            empty;
    }
    procBoundary1to0
    {
        type            processor;
        value           nonuniform List<scalar> 
133
(
-0.272621
-0.272621
-0.274963
-0.277497
-0.279548
-0.279548
-0.282256
-0.28295
-0.28295
-0.282443
-0.282443
-0.285119
-0.283539
-0.283539
-0.28128
-0.28128
-0.277563
-0.277563
-0.271362
-0.271362
-0.259403
-0.259403
-0.244478
-0.244478
-0.257976
-0.244404
-0.244404
-0.271681
-0.27131
-0.27131
-0.27752
-0.27752
-0.281243
-0.281243
-0.283504
-0.283504
-0.285084
-0.282407
-0.282407
-0.282913
-0.282913
-0.282217
-0.279507
-0.279507
-0.277453
-0.274917
-0.274917
-0.2258
-0.212842
-0.200672
-0.188785
-0.176934
-0.16559
-0.155003
-0.145024
-0.135595
-0.126776
-0.118545
-0.110848
-0.103661
-0.0969586
-0.0907046
-0.0848692
-0.0794241
-0.0743418
-0.0695958
-0.0651632
-0.0610228
-0.059304
-0.059304
-0.0555322
-0.0520074
-0.048715
-0.0456413
-0.0427748
-0.0401052
-0.037623
-0.0353213
-0.0331937
-0.031235
-0.0294415
-0.0278104
-0.0263405
-0.0250319
-0.0238859
-0.0229064
-0.0220971
-0.0214677
-0.0210261
-0.0207812
-0.0207816
-0.0210264
-0.0214678
-0.022097
-0.022906
-0.023885
-0.0250305
-0.0263385
-0.0278076
-0.0294378
-0.0312304
-0.033188
-0.0353143
-0.0353143
-0.0363641
-0.0387428
-0.0413003
-0.0440459
-0.0469895
-0.0501424
-0.0535178
-0.0571302
-0.0609963
-0.0651336
-0.0695629
-0.0743055
-0.0793842
-0.0848256
-0.0906572
-0.0969074
-0.103606
-0.110789
-0.118482
-0.126709
-0.135524
-0.144949
-0.154924
-0.165508
-0.176849
-0.188698
-0.200584
-0.212756
-0.22572
)
;
    }
}


// ************************************************************************* //
