/*--------------------------------*- C++ -*----------------------------------*\
  =========                 |
  \\      /  F ield         | OpenFOAM: The Open Source CFD Toolbox
   \\    /   O peration     | Website:  https://openfoam.org
    \\  /    A nd           | Version:  7
     \\/     M anipulation  |
\*---------------------------------------------------------------------------*/
FoamFile
{
    version     2.0;
    format      ascii;
    class       volScalarField;
    location    "10";
    object      p;
}
// * * * * * * * * * * * * * * * * * * * * * * * * * * * * * * * * * * * * * //

dimensions      [0 2 -2 0 0 0 0];

internalField   nonuniform List<scalar> 
6386
(
-0.314919
-0.317069
-0.319424
-0.322048
-0.321157
-0.325009
-0.323823
-0.328374
-0.32681
-0.324256
-0.332186
-0.33018
-0.327195
-0.323449
-0.336513
-0.333972
-0.330511
-0.326276
-0.341408
-0.33823
-0.334246
-0.329492
-0.324503
-0.346916
-0.342995
-0.338442
-0.333137
-0.32761
-0.322115
-0.353075
-0.348308
-0.343141
-0.33725
-0.331134
-0.324946
-0.318304
-0.359917
-0.354204
-0.348384
-0.341867
-0.335087
-0.32808
-0.320381
-0.311899
-0.367464
-0.360712
-0.354206
-0.347015
-0.339472
-0.331486
-0.322499
-0.312283
-0.299517
-0.375728
-0.367855
-0.360633
-0.352707
-0.344271
-0.335105
-0.324563
-0.312414
-0.297942
-0.283871
-0.384705
-0.375643
-0.367677
-0.358933
-0.349442
-0.338847
-0.326458
-0.312208
-0.295965
-0.280242
-0.394373
-0.38407
-0.375328
-0.365659
-0.354911
-0.342585
-0.328065
-0.311592
-0.29357
-0.276311
-0.404679
-0.393106
-0.38355
-0.372818
-0.360561
-0.346167
-0.329265
-0.310501
-0.290733
-0.272031
-0.415548
-0.402692
-0.392268
-0.380305
-0.366233
-0.349425
-0.329946
-0.308876
-0.287424
-0.267358
-0.426868
-0.412738
-0.401372
-0.387971
-0.371729
-0.352189
-0.330002
-0.306658
-0.283604
-0.262245
-0.43849
-0.423111
-0.410711
-0.395619
-0.376829
-0.354291
-0.329335
-0.303788
-0.279226
-0.256645
-0.450227
-0.43364
-0.420091
-0.403009
-0.381299
-0.355571
-0.32785
-0.300206
-0.27424
-0.25051
-0.461853
-0.444113
-0.429273
-0.409867
-0.384906
-0.355877
-0.325456
-0.295846
-0.268589
-0.243793
-0.473104
-0.454279
-0.43798
-0.415898
-0.387424
-0.355068
-0.322062
-0.290644
-0.262217
-0.23645
-0.483685
-0.463852
-0.4459
-0.420803
-0.388639
-0.353012
-0.317585
-0.284532
-0.255065
-0.22844
-0.493274
-0.472518
-0.452698
-0.424286
-0.388354
-0.349588
-0.31194
-0.277444
-0.247078
-0.219724
-0.50153
-0.47994
-0.458029
-0.426069
-0.386392
-0.344685
-0.30505
-0.269317
-0.238204
-0.210269
-0.508103
-0.485773
-0.46155
-0.425896
-0.382594
-0.338204
-0.296843
-0.260091
-0.228398
-0.200046
-0.512644
-0.489665
-0.462938
-0.423543
-0.376826
-0.330058
-0.287252
-0.249711
-0.21762
-0.189041
-0.514813
-0.491276
-0.461896
-0.418816
-0.368976
-0.320172
-0.276218
-0.238124
-0.205834
-0.177232
-0.514295
-0.490285
-0.458168
-0.411558
-0.358955
-0.308492
-0.263696
-0.225288
-0.192991
-0.16453
-0.510801
-0.486405
-0.451541
-0.40165
-0.346702
-0.29498
-0.249662
-0.211182
-0.179041
-0.150742
-0.504083
-0.479385
-0.44185
-0.389013
-0.332181
-0.279617
-0.234105
-0.195803
-0.163984
-0.135692
-0.493936
-0.46903
-0.428978
-0.373603
-0.31538
-0.262393
-0.217006
-0.179155
-0.147894
-0.119576
-0.480208
-0.455199
-0.412853
-0.355412
-0.296307
-0.243304
-0.198345
-0.161283
-0.130761
-0.10303
-0.4628
-0.437807
-0.393456
-0.33447
-0.274996
-0.222361
-0.178172
-0.142351
-0.112503
-0.085926
-0.441669
-0.416824
-0.370812
-0.310849
-0.251511
-0.199653
-0.156799
-0.122119
-0.0932817
-0.0681338
-0.416829
-0.392276
-0.344996
-0.284653
-0.225954
-0.175378
-0.134006
-0.100772
-0.0731906
-0.0496573
-0.388348
-0.36426
-0.316172
-0.255968
-0.198421
-0.149521
-0.109929
-0.0783969
-0.0523058
-0.0305784
-0.356348
-0.332953
-0.284606
-0.224782
-0.169017
-0.122185
-0.0846762
-0.055086
-0.0307036
-0.0110037
-0.321008
-0.298587
-0.250424
-0.191263
-0.137869
-0.0935035
-0.0583692
-0.0309338
-0.00846074
0.00898498
-0.282558
-0.261381
-0.213026
-0.156239
-0.105245
-0.0636303
-0.031136
-0.00604209
0.0143365
0.0292844
-0.241213
-0.221473
-0.173415
-0.119464
-0.071332
-0.0327319
-0.00310166
0.019494
0.0375331
0.0495027
-0.197226
-0.178854
-0.132327
-0.0811894
-0.0363091
-0.000972931
0.0256307
0.045604
0.0608455
0.0687698
-0.151018
-0.134172
-0.0897674
-0.0417054
-0.000380135
0.0314842
0.0549692
0.0722172
0.0840032
0.086621
-0.103002
-0.0877683
-0.0459363
-0.00129579
0.036226
0.0644602
0.0847642
0.099133
0.107048
0.105142
-0.0534948
-0.0400789
-0.00114004
0.0397565
0.0732691
0.0977495
0.114764
0.125953
0.129991
0.129237
-0.00291165
0.00849258
0.0442744
0.0811608
0.110503
0.131129
0.144702
0.152507
0.153479
0.153438
0.0483147
0.0575473
0.0899472
0.122619
0.147675
0.164371
0.174406
0.178865
0.177216
0.176292
0.0997474
0.106682
0.135516
0.16383
0.184527
0.19725
0.203701
0.204894
0.200771
0.198187
0.150947
0.15549
0.180622
0.204491
0.220803
0.229546
0.232419
0.230421
0.223817
0.219135
0.201478
0.203566
0.22491
0.244302
0.256249
0.261044
0.260384
0.255269
0.246175
0.239195
0.250906
0.250513
0.268033
0.282972
0.290616
0.291535
0.287416
0.279265
0.267699
0.258339
0.298813
0.295942
0.309653
0.320214
0.323662
0.320813
0.31334
0.302254
0.288268
0.276513
0.344788
0.339477
0.349448
0.355755
0.355157
0.348682
0.337987
0.324087
0.307766
0.293646
0.388443
0.38076
0.387108
0.389335
0.384877
0.374952
0.361195
0.344628
0.326082
0.309662
0.429408
0.419453
0.422343
0.420707
0.412613
0.399444
0.382812
0.363747
0.343107
0.324484
0.467336
0.45524
0.45488
0.44964
0.438171
0.421993
0.402697
0.381322
0.358742
0.33804
0.501908
0.48783
0.484471
0.475925
0.46137
0.442446
0.42072
0.397242
0.37289
0.350261
0.532834
0.516958
0.510887
0.499368
0.482047
0.460662
0.436761
0.411405
0.385467
0.361086
0.559853
0.542388
0.533927
0.5198
0.500057
0.47652
0.450715
0.423721
0.396394
0.370463
0.582738
0.563914
0.553415
0.537069
0.515273
0.48991
0.462493
0.43411
0.405605
0.378344
0.601298
0.581362
0.569201
0.551052
0.527588
0.500743
0.472017
0.442508
0.413044
0.384692
0.615375
0.59459
0.581163
0.561644
0.536914
0.508945
0.479225
0.448861
0.418665
0.389473
0.62485
0.60349
0.589209
0.568767
0.543186
0.514459
0.484069
0.45313
0.422441
0.39268
0.629641
0.607989
0.593276
0.572367
0.546354
0.517245
0.486517
0.455287
0.424357
0.394327
0.629706
0.608047
0.593329
0.572414
0.546395
0.517279
0.486545
0.455312
0.424379
0.394361
0.625043
0.603663
0.589366
0.568905
0.543304
0.514558
0.484149
0.453192
0.422489
0.39272
0.615687
0.594869
0.581416
0.561865
0.537101
0.509097
0.479343
0.448947
0.418722
0.389501
0.601715
0.581736
0.569537
0.551343
0.52783
0.500936
0.472161
0.442605
0.413099
0.384708
0.583244
0.564368
0.55382
0.537416
0.515556
0.49013
0.462651
0.434211
0.405654
0.37835
0.560428
0.542904
0.534386
0.520187
0.500368
0.476755
0.450879
0.423819
0.396436
0.370459
0.533458
0.517519
0.511383
0.499783
0.482375
0.460905
0.436924
0.411499
0.385503
0.361075
0.502561
0.488418
0.484989
0.476354
0.461704
0.442689
0.420879
0.397331
0.372922
0.350245
0.467998
0.455839
0.455408
0.450073
0.438504
0.422233
0.402853
0.381408
0.358772
0.338022
0.430063
0.420048
0.422867
0.421134
0.41294
0.399677
0.382962
0.36383
0.343137
0.324467
0.389076
0.381338
0.387618
0.38975
0.385193
0.375176
0.36134
0.344711
0.326113
0.309646
0.345387
0.340027
0.349936
0.356153
0.355459
0.348898
0.338128
0.32417
0.307801
0.293632
0.299368
0.296457
0.310112
0.32059
0.32395
0.32102
0.313478
0.302338
0.288306
0.276501
0.251412
0.250986
0.268459
0.283323
0.290887
0.291733
0.287551
0.279351
0.267741
0.258328
0.201928
0.203993
0.225299
0.244627
0.256503
0.261233
0.260517
0.255358
0.246222
0.239184
0.151341
0.155868
0.180973
0.204789
0.22104
0.229726
0.23255
0.230514
0.223872
0.219123
0.100084
0.10701
0.135828
0.1641
0.184747
0.197422
0.20383
0.204991
0.200838
0.198177
0.0485948
0.0578268
0.0902199
0.122862
0.147878
0.164535
0.174533
0.178966
0.177301
0.176299
-0.00268592
0.00872401
0.0445088
0.0813764
0.110689
0.131285
0.144828
0.152611
0.153588
0.153493
-0.0533204
-0.0398934
-0.000942487
0.0399459
0.0734398
0.097899
0.11489
0.126058
0.130122
0.129413
-0.102875
-0.0876263
-0.0457738
-0.00113156
0.036381
0.0646027
0.0848918
0.0992444
0.107196
0.105465
-0.150935
-0.13407
-0.0896378
-0.0415653
-0.000240659
0.031619
0.0550974
0.0723356
0.0841482
0.086905
-0.197183
-0.17879
-0.132228
-0.0810725
-0.0361852
-0.000847551
0.0257552
0.0457221
0.0609722
0.0689676
-0.241205
-0.221443
-0.173345
-0.11937
-0.0712237
-0.0326175
-0.00298518
0.0196054
0.0376429
0.0496465
-0.28258
-0.261378
-0.212984
-0.156166
-0.105152
-0.0635278
-0.0310296
-0.00593943
0.0144345
0.0294021
-0.321057
-0.29861
-0.250407
-0.19121
-0.137792
-0.093413
-0.0582731
-0.0308399
-0.00837176
0.00908593
-0.356419
-0.332999
-0.28461
-0.224747
-0.168954
-0.122106
-0.0845903
-0.0550009
-0.0306229
-0.0109164
-0.388438
-0.364325
-0.316195
-0.255949
-0.198372
-0.149454
-0.109853
-0.0783203
-0.0522329
-0.030502
-0.416935
-0.392357
-0.345036
-0.284649
-0.225918
-0.175322
-0.133939
-0.100703
-0.0731247
-0.0495889
-0.441786
-0.416918
-0.370866
-0.310859
-0.251487
-0.199606
-0.156742
-0.122059
-0.093222
-0.0680715
-0.462926
-0.437911
-0.393522
-0.334493
-0.274984
-0.222325
-0.178122
-0.142298
-0.112449
-0.0858687
-0.48034
-0.455311
-0.412929
-0.355445
-0.296305
-0.243277
-0.198304
-0.161235
-0.130711
-0.102977
-0.494071
-0.469146
-0.429061
-0.373645
-0.315386
-0.262375
-0.216972
-0.179113
-0.147849
-0.119527
-0.504219
-0.479504
-0.441939
-0.389062
-0.332195
-0.279605
-0.234077
-0.195766
-0.163943
-0.135647
-0.510937
-0.486524
-0.451633
-0.401705
-0.346722
-0.294974
-0.24964
-0.21115
-0.179004
-0.150701
-0.514428
-0.490403
-0.458262
-0.411617
-0.358981
-0.308492
-0.263679
-0.225261
-0.192957
-0.164492
-0.514942
-0.49139
-0.461989
-0.418878
-0.369006
-0.320178
-0.276205
-0.2381
-0.205804
-0.177197
-0.512767
-0.489775
-0.463029
-0.423607
-0.37686
-0.330067
-0.287244
-0.249691
-0.217594
-0.189009
-0.50822
-0.485878
-0.461639
-0.425961
-0.382631
-0.338217
-0.296839
-0.260075
-0.228374
-0.200017
-0.50164
-0.480039
-0.458114
-0.426132
-0.38643
-0.344701
-0.305049
-0.269304
-0.238183
-0.210242
-0.493376
-0.47261
-0.452779
-0.424348
-0.388393
-0.349606
-0.311941
-0.277434
-0.24706
-0.2197
-0.48378
-0.463937
-0.445976
-0.420863
-0.388678
-0.353032
-0.317588
-0.284524
-0.255049
-0.228418
-0.473191
-0.454357
-0.43805
-0.415955
-0.387463
-0.355089
-0.322068
-0.290638
-0.262203
-0.236431
-0.461932
-0.444184
-0.429337
-0.40992
-0.384945
-0.355899
-0.325464
-0.295843
-0.268577
-0.243776
-0.450299
-0.433705
-0.420149
-0.403058
-0.381336
-0.355594
-0.32786
-0.300204
-0.27423
-0.250495
-0.438555
-0.423169
-0.410765
-0.395664
-0.376864
-0.354314
-0.329346
-0.303789
-0.279219
-0.256631
-0.426926
-0.41279
-0.40142
-0.388012
-0.371763
-0.352212
-0.330014
-0.30666
-0.283599
-0.262234
-0.4156
-0.40274
-0.392311
-0.380343
-0.366264
-0.349447
-0.329958
-0.30888
-0.287421
-0.267349
-0.404725
-0.393148
-0.383588
-0.372852
-0.36059
-0.346188
-0.329278
-0.310506
-0.290732
-0.272024
-0.394414
-0.384108
-0.375363
-0.36569
-0.354937
-0.342606
-0.328079
-0.311598
-0.29357
-0.276305
-0.384742
-0.375677
-0.367708
-0.358961
-0.349466
-0.338866
-0.326472
-0.312215
-0.295966
-0.280238
-0.375761
-0.367885
-0.360661
-0.352732
-0.344292
-0.335123
-0.324576
-0.312422
-0.297945
-0.28387
-0.367493
-0.360739
-0.354231
-0.347038
-0.339492
-0.331502
-0.322512
-0.312292
-0.359943
-0.354229
-0.348408
-0.341888
-0.335105
-0.328095
-0.320393
-0.311908
-0.353098
-0.348331
-0.343163
-0.337269
-0.33115
-0.32496
-0.318316
-0.346937
-0.343016
-0.338461
-0.333154
-0.327625
-0.322128
-0.341428
-0.338249
-0.334264
-0.329508
-0.324517
-0.336531
-0.333991
-0.330528
-0.326291
-0.332203
-0.330198
-0.327212
-0.323463
-0.328391
-0.326827
-0.324271
-0.325026
-0.32384
-0.322065
-0.321174
-0.319441
-0.317087
-0.199404
-0.208085
-0.216219
-0.223829
-0.230939
-0.237575
-0.243762
-0.249524
-0.254885
-0.259863
-0.264481
-0.184206
-0.192523
-0.200412
-0.207895
-0.214998
-0.221744
-0.228155
-0.234255
-0.240068
-0.245623
-0.25096
-0.17054
-0.178451
-0.186032
-0.193309
-0.200308
-0.207056
-0.213577
-0.219901
-0.22606
-0.232095
-0.238049
-0.158333
-0.165847
-0.173118
-0.180169
-0.187025
-0.193708
-0.200242
-0.206653
-0.212966
-0.219209
-0.225394
-0.147427
-0.154554
-0.161502
-0.16829
-0.174938
-0.181462
-0.187881
-0.19421
-0.200461
-0.206646
-0.212761
-0.13762
-0.144356
-0.150961
-0.157446
-0.163827
-0.170116
-0.176326
-0.182468
-0.188551
-0.194589
-0.200587
-0.128757
-0.135101
-0.141346
-0.147504
-0.153585
-0.1596
-0.165561
-0.17148
-0.177367
-0.183242
-0.18911
-0.120723
-0.126677
-0.132559
-0.138378
-0.144145
-0.149868
-0.155558
-0.161227
-0.166883
-0.172539
-0.178195
-0.113386
-0.118965
-0.124491
-0.129973
-0.135419
-0.140838
-0.146238
-0.151627
-0.157012
-0.1624
-0.167795
-0.106664
-0.111881
-0.11706
-0.122208
-0.127332
-0.13244
-0.137538
-0.142633
-0.147731
-0.152841
-0.157968
-0.100488
-0.105357
-0.110198
-0.115018
-0.119823
-0.12462
-0.129415
-0.134214
-0.139023
-0.143849
-0.148698
-0.0947993
-0.0993333
-0.103847
-0.108348
-0.112842
-0.117333
-0.121827
-0.12633
-0.130847
-0.135382
-0.139942
-0.0895323
-0.0937464
-0.0979476
-0.102142
-0.106334
-0.110527
-0.114727
-0.118937
-0.123163
-0.12741
-0.131681
-0.0846429
-0.0885528
-0.092456
-0.0963564
-0.100257
-0.104163
-0.108076
-0.112002
-0.115944
-0.119907
-0.123896
-0.0800843
-0.0837088
-0.0873301
-0.0909509
-0.0945741
-0.0982031
-0.101841
-0.105492
-0.10916
-0.112847
-0.116558
-0.0758118
-0.0791722
-0.0825286
-0.085885
-0.089245
-0.0926114
-0.0959871
-0.0993752
-0.102779
-0.106201
-0.109645
-0.0718184
-0.0749277
-0.0780331
-0.0811389
-0.0842488
-0.0873652
-0.0904906
-0.0936275
-0.0967784
-0.0999462
-0.103134
-0.0680792
-0.0709492
-0.0738171
-0.0766863
-0.0795596
-0.0824392
-0.0853271
-0.0882254
-0.0911362
-0.094062
-0.0970052
-0.0645598
-0.0672061
-0.0698517
-0.0724991
-0.0751504
-0.0778073
-0.0804714
-0.0831446
-0.0858287
-0.0885256
-0.0912376
-0.0612454
-0.0636836
-0.0661216
-0.0685614
-0.0710044
-0.0734522
-0.0759061
-0.0783675
-0.0808381
-0.0833195
-0.0858135
-0.0581204
-0.0603646
-0.0626089
-0.0648546
-0.0671031
-0.0693553
-0.0716123
-0.0738755
-0.0761461
-0.0784253
-0.0807148
-0.0551742
-0.0572372
-0.0593007
-0.0613656
-0.0634326
-0.0655024
-0.0675757
-0.0696537
-0.0717374
-0.0738279
-0.0759263
-0.0780338
-0.0523912
-0.0542871
-0.056183
-0.0580801
-0.0599786
-0.0618788
-0.0637813
-0.0656872
-0.0675971
-0.0695119
-0.0714325
-0.0733599
-0.0497522
-0.0514979
-0.0532422
-0.0549852
-0.0567279
-0.0584714
-0.0602161
-0.0619627
-0.0637117
-0.0654638
-0.0672198
-0.0689803
-0.0472754
-0.0488783
-0.0504792
-0.0520782
-0.0536764
-0.0552743
-0.0568725
-0.0584713
-0.0600712
-0.0616726
-0.0632762
-0.0648825
-0.0449455
-0.0464155
-0.0478835
-0.0493496
-0.0508143
-0.0522779
-0.0537408
-0.0552032
-0.0566654
-0.0581278
-0.0595908
-0.0610549
-0.0427506
-0.0440993
-0.0454457
-0.0467898
-0.0481319
-0.0494721
-0.0508107
-0.0521478
-0.0534835
-0.0548183
-0.0561523
-0.0574858
-0.04069
-0.0419277
-0.0431626
-0.0443949
-0.0456244
-0.0468514
-0.048076
-0.0492981
-0.050518
-0.0517357
-0.0529515
-0.0541656
-0.0387602
-0.0398963
-0.0410293
-0.0421592
-0.0432859
-0.0444093
-0.0455296
-0.0466467
-0.0477607
-0.0488717
-0.0499796
-0.0510847
-0.0369586
-0.0380022
-0.0390423
-0.0400788
-0.0411117
-0.0421408
-0.0431661
-0.0441876
-0.0452052
-0.046219
-0.0472289
-0.0482349
-0.0352836
-0.036243
-0.0371987
-0.0381505
-0.0390982
-0.0400416
-0.0409807
-0.0419154
-0.0428456
-0.0437713
-0.0446924
-0.0456088
-0.0337339
-0.0346173
-0.0354966
-0.0363716
-0.0372423
-0.0381082
-0.0389695
-0.0398258
-0.0406771
-0.0415233
-0.0423643
-0.0432
-0.032309
-0.0331239
-0.0339345
-0.0347405
-0.0355418
-0.0363381
-0.0371293
-0.0379152
-0.0386956
-0.0394705
-0.0402397
-0.041003
-0.031009
-0.0317626
-0.0325116
-0.0332559
-0.0339953
-0.0347293
-0.035458
-0.036181
-0.0368983
-0.0376096
-0.0383148
-0.0390137
-0.0298347
-0.0305339
-0.0312284
-0.0319179
-0.0326022
-0.0332812
-0.0339544
-0.0346218
-0.0352831
-0.0359382
-0.0365869
-0.0372291
-0.0287878
-0.0294392
-0.0300858
-0.0307272
-0.0313634
-0.0319939
-0.0326186
-0.0332373
-0.0338497
-0.0344557
-0.0350551
-0.0356476
-0.0278705
-0.0284804
-0.0290854
-0.0296853
-0.0302797
-0.0308685
-0.0314514
-0.032028
-0.0325983
-0.0331621
-0.033719
-0.034269
-0.0270853
-0.0276604
-0.0282307
-0.0287957
-0.029355
-0.0299086
-0.0304561
-0.0309975
-0.0315323
-0.0320605
-0.0325818
-0.0330961
-0.0264398
-0.026986
-0.0275272
-0.0280632
-0.0285936
-0.0291182
-0.0296367
-0.0301491
-0.030655
-0.0311542
-0.0316466
-0.032132
-0.0259411
-0.0264648
-0.0269834
-0.0274967
-0.0280045
-0.0285065
-0.0290026
-0.0294924
-0.0299759
-0.0304527
-0.0309227
-0.0313858
-0.0255925
-0.0261002
-0.0266028
-0.0271002
-0.0275922
-0.0280785
-0.028559
-0.0290333
-0.0295014
-0.0299631
-0.030418
-0.0308662
-0.0254174
-0.0259148
-0.0264073
-0.0268946
-0.0273765
-0.0278528
-0.0283234
-0.0287882
-0.0292468
-0.0296993
-0.0301454
-0.0305849
0.097287
0.0786802
0.0614667
0.044525
0.0265798
0.00833725
-0.00950836
-0.0268813
-0.043826
-0.0602866
-0.0761927
-0.091508
-0.106223
-0.120266
-0.134098
-0.146936
-0.158766
-0.169839
-0.18029
-0.190145
0.088103
0.0700759
0.0516085
0.0353049
0.019031
0.00238744
-0.0138711
-0.0294929
-0.0446087
-0.0592716
-0.0734299
-0.0870169
-0.0999576
-0.112168
-0.124118
-0.135558
-0.146337
-0.156524
-0.166214
-0.17544
0.0772332
0.0603746
0.0422068
0.0269023
0.0125784
-0.00206549
-0.016573
-0.0304954
-0.0438869
-0.0568678
-0.06943
-0.0815284
-0.0931354
-0.104247
-0.114728
-0.125123
-0.135129
-0.144617
-0.153645
-0.162277
0.0659242
0.0505885
0.033671
0.019586
0.00693938
-0.00590167
-0.0188186
-0.0312909
-0.0432435
-0.0548036
-0.066012
-0.0768359
-0.0872425
-0.0972195
-0.106763
-0.116241
-0.125402
-0.134139
-0.142503
-0.150557
0.0553567
0.0416275
0.0262712
0.0134468
0.00219197
-0.00911492
-0.0205991
-0.0317807
-0.0424902
-0.0528231
-0.0628486
-0.0725495
-0.0818816
-0.0908304
-0.0994503
-0.108277
-0.116744
-0.12481
-0.132575
-0.140105
0.0458871
0.0336183
0.0198389
0.0082389
-0.00183836
-0.0118548
-0.0220706
-0.0320952
-0.0417194
-0.0509996
-0.0600228
-0.0688088
-0.0773566
-0.0856702
-0.0937406
-0.101305
-0.108909
-0.116403
-0.123675
-0.130734
0.0374877
0.0264942
0.0142098
0.0037814
-0.00526433
-0.014184
-0.0232873
-0.0322757
-0.0409393
-0.0492997
-0.0574364
-0.0653771
-0.0731115
-0.080622
-0.0878957
-0.094937
-0.101975
-0.108923
-0.115698
-0.122299
0.0300634
0.0201938
0.00928388
-4.82258e-05
-0.0081757
-0.016154
-0.0242888
-0.0323559
-0.0401653
-0.0477154
-0.0550712
-0.0622649
-0.0692943
-0.0761508
-0.0828372
-0.0893575
-0.0958586
-0.102268
-0.108541
-0.114684
0.0235269
0.0146602
0.00498857
-0.0033422
-0.0106505
-0.0178138
-0.0251067
-0.0323598
-0.0394105
-0.0462455
-0.0529156
-0.0594522
-0.065857
-0.0721223
-0.0782497
-0.0842561
-0.0902849
-0.0962168
-0.10203
-0.107746
0.0177939
0.00982438
0.0012545
-0.0061776
-0.0127568
-0.0192086
-0.0257675
-0.0323031
-0.0386804
-0.044882
-0.0509478
-0.0569069
-0.0627655
-0.0685219
-0.0741771
-0.0797356
-0.0852176
-0.0906708
-0.0960682
-0.101397
0.0127797
0.00561147
-0.00198549
-0.00861877
-0.0145499
-0.0203762
-0.0262917
-0.0321938
-0.037972
-0.0436092
-0.0491361
-0.0545783
-0.0599429
-0.0652301
-0.0704386
-0.0755652
-0.0805803
-0.0856057
-0.0906158
-0.0955781
0.00840281
0.00194951
-0.00479199
-0.0107185
-0.0160734
-0.0213468
-0.026695
-0.0320356
-0.0372792
-0.0424099
-0.0474517
-0.0524252
-0.0573364
-0.0621848
-0.0669686
-0.0716871
-0.0763367
-0.0809902
-0.0856303
-0.0902345
0.00458929
-0.0012265
-0.00721757
-0.0125202
-0.0173619
-0.022144
-0.0269895
-0.0318308
-0.0365958
-0.0412711
-0.0458752
-0.0504248
-0.0549251
-0.0593762
-0.0637775
-0.0681304
-0.0724359
-0.0767429
-0.0810343
-0.0852974
0.00127314
-0.00397397
-0.00930731
-0.0140595
-0.0184437
-0.0227874
-0.0271854
-0.0315813
-0.035917
-0.0401819
-0.0443902
-0.0485553
-0.0526818
-0.0567703
-0.0608211
-0.0648366
-0.0688202
-0.0728083
-0.0767773
-0.0807203
-0.00160369
-0.00634314
-0.0110999
-0.0153664
-0.0193419
-0.0232932
-0.0272915
-0.0312889
-0.0352391
-0.0391337
-0.0429839
-0.0468002
-0.0505858
-0.0543405
-0.0580633
-0.0617564
-0.0654277
-0.0691281
-0.072804
-0.0764522
-0.00409192
-0.00837775
-0.0126287
-0.0164661
-0.0200758
-0.0236747
-0.0273147
-0.0309548
-0.0345579
-0.0381179
-0.041644
-0.0451449
-0.0486238
-0.0520817
-0.0555199
-0.0589392
-0.0623374
-0.0656985
-0.0690691
-0.0724436
-0.00623579
-0.0101157
-0.0139222
-0.0173799
-0.0206615
-0.0239429
-0.0272605
-0.0305789
-0.0338684
-0.0371246
-0.0403552
-0.0435668
-0.0467616
-0.04994
-0.0531022
-0.0562476
-0.0593745
-0.0624728
-0.0655834
-0.0687024
-0.00807395
-0.0115899
-0.0150052
-0.0181263
-0.0211129
-0.0241074
-0.0271342
-0.030162
-0.0331672
-0.0361468
-0.039107
-0.0420528
-0.0449858
-0.047906
-0.0508135
-0.0537082
-0.05659
-0.0594558
-0.0623281
-0.0652048
-0.00964029
-0.0128293
-0.0158996
-0.0187217
-0.0214425
-0.0241774
-0.026941
-0.0297058
-0.032453
-0.0351806
-0.0378938
-0.0405963
-0.0432893
-0.0459726
-0.0486465
-0.051311
-0.0539663
-0.0566116
-0.0592605
-0.061911
-0.0109648
-0.0138597
-0.0166249
-0.0191809
-0.021662
-0.0241614
-0.0266865
-0.0292131
-0.0317259
-0.0342239
-0.0367113
-0.0391911
-0.0416638
-0.0441294
-0.0465879
-0.0490395
-0.0514845
-0.053923
-0.0563641
-0.0588056
-0.0120741
-0.0147041
-0.017199
-0.0195177
-0.0217823
-0.0240679
-0.0263767
-0.0286871
-0.0309867
-0.0332753
-0.0355563
-0.037832
-0.0401027
-0.0423681
-0.0446282
-0.0468832
-0.0491334
-0.0513791
-0.0536273
-0.0558749
-0.0129922
-0.0153831
-0.0176382
-0.019745
-0.0218139
-0.0239053
-0.0260175
-0.0281314
-0.030237
-0.0323344
-0.0344266
-0.0365151
-0.0386001
-0.0406813
-0.0427587
-0.0448324
-0.046903
-0.0489708
-0.0510415
-0.0531095
-0.0137409
-0.0159157
-0.0179578
-0.0198751
-0.0217669
-0.0236818
-0.0256154
-0.0275507
-0.0294797
-0.0314027
-0.0333221
-0.0352391
-0.0371535
-0.0390647
-0.0409724
-0.0428764
-0.0447772
-0.0466769
-0.0485873
-0.0504925
-0.0143399
-0.0163194
-0.0181718
-0.0199195
-0.021651
-0.0234054
-0.0251767
-0.0269497
-0.028718
-0.0304821
-0.032244
-0.0340046
-0.0357639
-0.0375214
-0.0392772
-0.0410313
-0.0427833
-0.0445314
-0.0462672
-0.0480074
-0.0148073
-0.0166101
-0.0182934
-0.019889
-0.0214754
-0.0230838
-0.0247073
-0.0263327
-0.0279544
-0.0295732
-0.0311907
-0.0328075
-0.0344233
-0.0360375
-0.0376498
-0.03926
-0.0408676
-0.0424719
-0.0440706
-0.0456719
-0.0151598
-0.0168025
-0.0183348
-0.019794
-0.0212489
-0.0227246
-0.0242136
-0.0257045
-0.0271928
-0.0286789
-0.0301643
-0.0316494
-0.0331337
-0.0346167
-0.0360982
-0.0375779
-0.0390555
-0.0405307
-0.0420022
-0.0434739
-0.0154127
-0.0169105
-0.018308
-0.0196447
-0.0209805
-0.0223354
-0.0237023
-0.0250709
-0.0264376
-0.0278029
-0.0291677
-0.0305325
-0.0318967
-0.0332599
-0.0346216
-0.0359816
-0.0373396
-0.0386954
-0.0400482
-0.0414
-0.0155803
-0.016947
-0.018224
-0.0194506
-0.0206787
-0.0219241
-0.0231799
-0.0244375
-0.0256936
-0.0269488
-0.0282039
-0.0294589
-0.0307134
-0.0319669
-0.0332191
-0.0344696
-0.0357181
-0.0369644
-0.038208
-0.03945
-0.0156759
-0.016924
-0.0180932
-0.0192211
-0.0203517
-0.0214978
-0.0226529
-0.0238098
-0.0249656
-0.0261207
-0.0272758
-0.0284308
-0.0295854
-0.030739
-0.0318912
-0.0330417
-0.0341901
-0.0353363
-0.0364798
-0.0376212
-0.0157115
-0.0168528
-0.0179257
-0.0189649
-0.0200075
-0.0210637
-0.0221277
-0.0231933
-0.0242581
-0.0253225
-0.0263868
-0.027451
-0.0285147
-0.0295774
-0.0306386
-0.0316979
-0.0327552
-0.0338101
-0.0348622
-0.0359118
-0.0156986
-0.0167436
-0.0177306
-0.0186902
-0.0196536
-0.0206286
-0.0216103
-0.0225934
-0.0235761
-0.0245583
-0.0255404
-0.0265224
-0.0275036
-0.0284838
-0.0294624
-0.030439
-0.0314135
-0.0323854
-0.0333544
-0.0343205
-0.0156474
-0.0166062
-0.0175165
-0.018405
-0.0192972
-0.0201991
-0.0211067
-0.0220156
-0.0229241
-0.0238323
-0.0247402
-0.0256479
-0.0265547
-0.0274603
-0.0283641
-0.029266
-0.0301655
-0.0310623
-0.031956
-0.0328467
-0.0155675
-0.0164492
-0.0172914
-0.0181165
-0.0189449
-0.0197815
-0.0206227
-0.021465
-0.022307
-0.0231486
-0.02399
-0.0248308
-0.0256707
-0.0265091
-0.0273458
-0.0281803
-0.0290123
-0.0298415
-0.0306674
-0.0314901
-0.0154675
-0.0162808
-0.0170629
-0.0178317
-0.0186034
-0.0193816
-0.0201637
-0.0209467
-0.0217294
-0.0225116
-0.0232935
-0.0240746
-0.0248546
-0.0256331
-0.0264097
-0.0271839
-0.0279555
-0.0287241
-0.0294894
-0.0302511
-0.0153552
-0.0161085
-0.0168378
-0.017557
-0.0182786
-0.0190054
-0.0197352
-0.0204657
-0.0211959
-0.0219256
-0.0226547
-0.023383
-0.0241099
-0.0248352
-0.0255584
-0.0262792
-0.0269971
-0.027712
-0.0284234
-0.0291311
-0.0152379
-0.015939
-0.0166225
-0.0172986
-0.0179765
-0.0186583
-0.0193425
-0.0200271
-0.0207114
-0.021395
-0.0220779
-0.0227598
-0.0234402
-0.0241188
-0.0247951
-0.0254689
-0.0261398
-0.0268075
-0.0274715
-0.0281318
-0.0151221
-0.0157787
-0.0164231
-0.0170622
-0.0177026
-0.0183459
-0.0189908
-0.0196359
-0.0202806
-0.0209245
-0.0215675
-0.0222093
-0.0228494
-0.0234875
-0.0241233
-0.0247563
-0.0253864
-0.026013
-0.0266362
-0.0272556
-0.0150137
-0.0156334
-0.0162453
-0.0168536
-0.0174627
-0.0180736
-0.0186856
-0.0192975
-0.0199089
-0.0205194
-0.0211287
-0.0217366
-0.0223427
-0.0229467
-0.0235482
-0.0241468
-0.0247423
-0.0253343
-0.0259223
-0.0265058
-0.0149182
-0.0155085
-0.0160945
-0.0166781
-0.0172619
-0.0178468
-0.0184321
-0.0190171
-0.0196014
-0.0201846
-0.0207664
-0.0213465
-0.0219247
-0.0225005
-0.0230737
-0.0236439
-0.0242109
-0.0247743
-0.0253338
-0.0258889
-0.0148405
-0.0154092
-0.0159761
-0.0165413
-0.0171063
-0.0176715
-0.0182367
-0.0188013
-0.0193649
-0.0199272
-0.0204879
-0.0210467
-0.0216033
-0.0221574
-0.0227087
-0.0232569
-0.0238018
-0.0243429
-0.02488
-0.0254128
-0.014785
-0.0153402
-0.0158948
-0.0164481
-0.0170006
-0.0175526
-0.018104
-0.0186545
-0.0192037
-0.0197512
-0.0202969
-0.0208405
-0.0213817
-0.0219202
-0.0224558
-0.0229881
-0.023517
-0.0240421
-0.0245632
-0.0250801
-0.0147558
-0.0153063
-0.0158571
-0.0164066
-0.0169548
-0.0175018
-0.0180477
-0.0185921
-0.0191348
-0.0196755
-0.0202138
-0.0207496
-0.0212826
-0.0218125
-0.0223392
-0.0228623
-0.0233817
-0.0238972
-0.0244084
-0.0249151
0.105648
0.107092
0.109742
0.113494
0.118136
0.123628
0.12977
0.136522
0.143626
0.151018
0.15832
0.165423
0.171748
0.177157
0.180743
0.182458
0.180788
0.176096
0.16541
0.150131
0.122476
0.104626
0.106006
0.108531
0.112096
0.116482
0.121638
0.127351
0.133563
0.14
0.146574
0.152892
0.158819
0.163767
0.167576
0.169367
0.169046
0.16526
0.158163
0.145661
0.128618
0.105902
0.103505
0.104813
0.107196
0.110549
0.114649
0.119431
0.124671
0.130298
0.136022
0.14174
0.147045
0.151792
0.155401
0.157712
0.157908
0.155892
0.150565
0.142045
0.129201
0.11276
0.0930525
0.102279
0.103508
0.105739
0.108865
0.112661
0.117047
0.121794
0.126813
0.131808
0.136657
0.140956
0.144547
0.146884
0.147796
0.146587
0.143138
0.136684
0.127283
0.114496
0.098683
0.0803856
0.100944
0.102089
0.104159
0.107046
0.110525
0.114501
0.118742
0.123141
0.127404
0.13139
0.134711
0.137193
0.138349
0.137991
0.135572
0.13095
0.123662
0.113708
0.101002
0.0857303
0.068504
0.0994974
0.100553
0.102456
0.105093
0.108242
0.111795
0.115519
0.119293
0.122827
0.125964
0.128346
0.129782
0.129857
0.128375
0.124934
0.119386
0.11149
0.101226
0.0886797
0.0740444
0.0579221
0.0979355
0.0988983
0.100627
0.103004
0.105813
0.108932
0.112135
0.115281
0.118097
0.120409
0.121898
0.122362
0.121464
0.119007
0.114718
0.108466
0.100154
0.0897845
0.0775347
0.0636301
0.0486081
0.0962564
0.0971224
0.09867
0.10078
0.103241
0.105921
0.108599
0.111123
0.113239
0.114761
0.115411
0.114986
0.113224
0.109942
0.104968
0.0982011
0.0896447
0.079336
0.0674989
0.0543577
0.0403811
0.0944584
0.0952242
0.0965864
0.0984221
0.100531
0.102768
0.104926
0.10684
0.10828
0.109054
0.108928
0.107705
0.10519
0.101223
0.0957147
0.0885991
0.0799457
0.0698213
0.0584702
0.0460924
0.0331022
0.0925405
0.0932035
0.0943767
0.0959347
0.0976888
0.0994859
0.101131
0.102454
0.103249
0.103326
0.10249
0.100562
0.0974031
0.0928858
0.0869792
0.079655
0.071025
0.0611744
0.0503526
0.0387289
0.026672
0.0905028
0.0910612
0.0920432
0.093322
0.0947224
0.0960853
0.0972316
0.0979881
0.0981743
0.0976091
0.0961357
0.0935967
0.0899001
0.0849534
0.0787706
0.0713546
0.0628436
0.0533314
0.0430637
0.0321789
0.0210035
0.0883463
0.0887992
0.0895892
0.0905901
0.0916406
0.0925798
0.0932445
0.0934649
0.0930846
0.0919371
0.0898992
0.0868403
0.0827078
0.0774415
0.071089
0.0636774
0.0553598
0.0462317
0.0365292
0.0263614
0.0160149
0.086073
0.0864204
0.0870193
0.0877459
0.0884539
0.0889838
0.0891892
0.0889081
0.0880075
0.0863395
0.0838114
0.0803206
0.0758465
0.0703583
0.0639273
0.0565982
0.0485307
0.0398173
0.0306801
0.0212013
0.0116307
0.0836861
0.0839291
0.0843392
0.0847981
0.0851738
0.085313
0.0850852
0.0843409
0.0829693
0.0808438
0.0778988
0.0740589
0.06933
0.0637053
0.0572728
0.0500889
0.0423133
0.0340326
0.0254519
0.0166301
0.00778335
0.0811898
0.0813308
0.0815563
0.0817562
0.0818132
0.0815834
0.0809523
0.0797861
0.0779947
0.0754744
0.0721835
0.0680718
0.0631659
0.0574789
0.0511088
0.0441192
0.0366648
0.0288246
0.0207855
0.0125863
0.00441294
0.07859
0.0786321
0.0786789
0.078631
0.0783859
0.0778117
0.0768103
0.0752652
0.0731065
0.0702528
0.0666835
0.0623708
0.0573572
0.051671
0.0454155
0.0386573
0.0315432
0.0241437
0.0166269
0.0090148
0.00146673
0.0758934
0.0758411
0.0757167
0.0754344
0.0749062
0.074015
0.0726783
0.0707988
0.068325
0.0651972
0.0614127
0.0569629
0.0519023
0.04627
0.0401707
0.0336713
0.0269083
0.0199436
0.012927
0.00586657
-0.00110174
0.0731083
0.0729668
0.0726806
0.0721791
0.0713893
0.0702102
0.0685752
0.066406
0.0636683
0.0603226
0.0563813
0.0518515
0.046796
0.0412616
0.035351
0.0291293
0.0227218
0.0161816
0.00964134
0.00309781
-0.00333341
0.0702444
0.0700195
0.0695823
0.0688788
0.0678507
0.0664145
0.0645187
0.0621041
0.0591521
0.055641
0.0515959
0.0470364
0.0420305
0.0366295
0.0309322
0.0250002
0.0189473
0.0128183
0.00672969
0.00066944
-0.00526446
0.0673122
0.0670108
0.0664347
0.0655475
0.0643061
0.0626442
0.0605256
0.0579087
0.0547894
0.0511616
0.0470601
0.0425146
0.0375953
0.032356
0.0268897
0.021254
0.0155507
0.00981733
0.00415552
-0.00145356
-0.00692703
0.0643239
0.0639532
0.0632515
0.0622002
0.0607711
0.0589155
0.0566113
0.0538338
0.0505912
0.0468908
0.042775
0.0382806
0.0334784
0.0284225
0.0231994
0.0178618
0.0125003
0.00714547
0.00188576
-0.00330265
-0.00834987
0.0612926
0.0608601
0.0600471
0.0588519
0.0572613
0.0552436
0.0527902
0.0498913
0.0465661
0.0428327
0.0387391
0.0343272
0.0296665
0.0248101
0.0198375
0.0147962
0.00976615
0.0047721
-0.000109652
-0.00490621
-0.00955883
0.0582322
0.0577459
0.0568362
0.0555179
0.0537921
0.0516432
0.0490752
0.0460916
0.0427205
0.0389892
0.0349493
0.0306456
0.0261455
0.0214998
0.0167809
0.0120312
0.00732075
0.00266915
-0.00185807
-0.00628995
-0.0105773
0.0551578
0.0546258
0.0536344
0.0522135
0.0503782
0.0481279
0.0454779
0.0424431
0.0390593
0.0353606
0.0314006
0.027226
0.0229007
0.0184727
0.0140074
0.00954237
0.00513843
0.000810818
-0.00338444
-0.00747724
-0.0114266
0.0520851
0.0515153
0.0504571
0.048954
0.0470341
0.0447104
0.0420085
0.038953
0.0355856
0.0319454
0.0280871
0.0240577
0.0199172
0.0157106
0.0114961
0.00730684
0.00319543
-0.000826578
-0.00471157
-0.00848939
-0.012126
0.0490303
0.0484307
0.0473202
0.0457545
0.0437736
0.0414027
0.0386763
0.035627
0.0323009
0.0287412
0.0250019
0.0211297
0.0171804
0.0131955
0.00922681
0.00530315
0.00146975
-0.00226482
-0.00586036
-0.0093459
-0.0126934
0.0460104
0.0453884
0.0442394
0.0426299
0.0406099
0.0382157
0.035489
0.0324694
0.0292061
0.0257443
0.0221375
0.0184308
0.0146758
0.0109105
0.00718069
0.00351134
-5.89213e-05
-0.00352392
-0.00684995
-0.0100647
-0.0131452
0.0430422
0.042405
0.0412307
0.0395944
0.0375555
0.0351593
0.0324538
0.0294838
0.0263006
0.0229507
0.019486
0.0159498
0.0123894
0.00883943
0.00534006
0.00191288
-0.00140933
-0.00462229
-0.00769794
-0.0106622
-0.0134965
0.0401431
0.0394973
0.0383096
0.0366624
0.0346225
0.0322428
0.0295767
0.0266727
0.0235834
0.0203558
0.0170395
0.0136758
0.0103079
0.00696706
0.00368844
0.000490618
-0.00259874
-0.00557682
-0.00842049
-0.0111536
-0.0137614
0.0373304
0.0366818
0.0354916
0.0338474
0.0318221
0.0294749
0.0268631
0.0240382
0.0210532
0.0179548
0.0147902
0.0115984
0.00841863
0.00527917
0.00221055
-0.000771221
-0.00364297
-0.00640298
-0.00903237
-0.0115528
-0.0139526
0.0346215
0.0339754
0.032792
0.0311628
0.0291652
0.0268634
0.0243178
0.0215819
0.0187083
0.0157429
0.0127305
0.00970763
0.00670986
0.00376261
0.000892378
-0.00188709
-0.00455649
-0.0071149
-0.00954712
-0.0118725
-0.0140821
0.0320337
0.0313945
0.0302257
0.0286214
0.0266622
0.024416
0.0219454
0.019305
0.0165468
0.0137155
0.0108534
0.00799436
0.00517075
0.00240535
-0.000278878
-0.00287013
-0.00535243
-0.00772543
-0.00997705
-0.0121244
-0.0141607
0.0295843
0.0289556
0.0278077
0.026236
0.0243233
0.0221401
0.0197503
0.0172091
0.0145675
0.0118687
0.00915237
0.00645029
0.0037915
0.00119653
-0.00131475
-0.00373219
-0.00604265
-0.00824616
-0.0103333
-0.0123189
-0.0141983
0.0272907
0.0266751
0.0255527
0.0240191
0.0221585
0.0200429
0.0177369
0.0152958
0.0127692
0.0101988
0.00762196
0.00506808
0.00256344
0.000126519
-0.00222549
-0.00448382
-0.00663774
-0.0086875
-0.0106259
-0.0124658
-0.014204
0.0251703
0.0245695
0.0234755
0.0219836
0.0201781
0.0181321
0.0159101
0.0135672
0.0111516
0.00870338
0.00625755
0.00384154
0.00147912
-0.000813048
-0.00302006
-0.0051343
-0.00714705
-0.00905868
-0.0108639
-0.0125736
-0.0141859
0.0232405
0.0226555
0.0215914
0.0201424
0.0183928
0.0164156
0.0142752
0.0120261
0.00971509
0.00738069
0.0050557
0.00276575
0.000532425
-0.00162916
-0.00370606
-0.00569158
-0.0075787
-0.00936782
-0.0110552
-0.0126499
-0.0141513
0.0215197
0.0209505
0.019916
0.0185093
0.0168138
0.0149023
0.0128387
0.0106766
0.00846154
0.00623049
0.0040144
0.00183724
-0.000281277
-0.00232736
-0.00428966
-0.00616228
-0.00793954
-0.00962184
-0.0112068
-0.0127017
-0.014107
0.0200268
0.0194725
0.0184661
0.017099
0.0154536
0.0136024
0.0116082
0.00952407
0.00739414
0.00525411
0.00313326
0.00105419
-0.000964987
-0.00291157
-0.00477553
-0.00655158
-0.00823515
-0.00982657
-0.0113245
-0.0127349
-0.0140588
0.0187821
0.0182412
0.0172597
0.0159277
0.0143264
0.0125275
0.0105933
0.00857573
0.00651806
0.0044548
0.00241388
0.000416717
-0.00151983
-0.00338396
-0.00516668
-0.00686317
-0.00846972
-0.00998661
-0.0114132
-0.0127545
-0.0140121
0.0178077
0.0172779
0.016317
0.0150138
0.0134484
0.0116918
0.00980565
0.00784126
0.00584091
0.00383826
0.0018602
-7.27778e-05
-0.00194477
-0.00374467
-0.00546425
-0.00709905
-0.00864598
-0.0101053
-0.0114769
-0.0127649
-0.0139715
0.0171285
0.0166066
0.0156606
0.0143782
0.0128386
0.0111123
0.00926031
0.00733343
0.00537338
0.00341321
0.00147909
-0.000409114
-0.00223618
-0.00399146
-0.00566725
-0.00725933
-0.00876502
-0.0101845
-0.0115182
-0.0127695
-0.0139408
0.0167726
0.0162548
0.0153168
0.0140456
0.01252
0.0108098
0.00897591
0.00706883
0.00512999
0.00319214
0.00128107
-0.000583677
-0.00238723
-0.00411918
-0.0057721
-0.00734188
-0.00882605
-0.0102247
-0.0115385
-0.0127706
-0.0139235
0.112115
0.113708
0.116693
0.120982
0.126413
0.133005
0.140555
0.149231
0.158944
0.1698
0.18174
0.194882
0.209173
0.224737
0.241502
0.259598
0.27889
0.299531
0.321227
0.344203
0.367789
0.112084
0.113673
0.116638
0.120878
0.126205
0.132706
0.140267
0.148913
0.158592
0.169411
0.181313
0.194418
0.20867
0.224192
0.240906
0.25894
0.278141
0.29866
0.320179
0.34298
0.366398
0.11202
0.113602
0.116557
0.120793
0.126152
0.132674
0.140176
0.148785
0.158422
0.169193
0.181033
0.194062
0.208216
0.223621
0.240184
0.258041
0.27702
0.297286
0.318496
0.340942
0.363857
0.111924
0.113504
0.116455
0.12069
0.126039
0.132541
0.140032
0.148621
0.158225
0.168952
0.180728
0.193673
0.207711
0.222969
0.239334
0.256943
0.275598
0.29547
0.316168
0.338009
0.360105
0.111798
0.113375
0.116321
0.120549
0.125884
0.132365
0.139828
0.148385
0.157942
0.168606
0.180295
0.193127
0.207012
0.222072
0.238175
0.255455
0.273679
0.293026
0.313041
0.334081
0.3551
0.11164
0.113214
0.116153
0.120371
0.125688
0.132148
0.139577
0.148091
0.157588
0.168172
0.179751
0.192441
0.206132
0.220946
0.23672
0.25359
0.271277
0.289969
0.309135
0.329182
0.348863
0.111452
0.113021
0.115952
0.120161
0.125459
0.131885
0.139277
0.14774
0.157166
0.167655
0.179103
0.191624
0.205083
0.219604
0.234986
0.251366
0.26841
0.286323
0.304474
0.323336
0.34142
0.111233
0.112797
0.115718
0.119919
0.125212
0.131578
0.13893
0.147334
0.156677
0.167057
0.178353
0.190677
0.203869
0.218048
0.232975
0.248788
0.265087
0.282097
0.299069
0.316561
0.332793
0.110984
0.112543
0.115453
0.119642
0.1249
0.131232
0.138536
0.146874
0.156123
0.166378
0.177502
0.189602
0.20249
0.216284
0.230694
0.245864
0.261318
0.277304
0.292938
0.308878
0.323013
0.110705
0.112258
0.115157
0.119328
0.12456
0.130848
0.138098
0.14636
0.155505
0.165621
0.176553
0.188404
0.200953
0.214315
0.228148
0.242603
0.257112
0.271958
0.286098
0.300315
0.312117
0.110397
0.111944
0.114833
0.118971
0.124181
0.130425
0.137615
0.145795
0.154825
0.164787
0.175509
0.187084
0.199261
0.212148
0.225346
0.239012
0.252481
0.266076
0.27857
0.290901
0.300148
0.11006
0.111601
0.114481
0.118614
0.123764
0.129965
0.13709
0.14518
0.154085
0.16388
0.174373
0.185648
0.197419
0.209787
0.222295
0.235103
0.247438
0.259673
0.270376
0.280668
0.287152
0.109695
0.11123
0.114097
0.118212
0.123314
0.129468
0.136523
0.144516
0.153287
0.162902
0.173147
0.184098
0.195431
0.20724
0.219001
0.230884
0.241995
0.252769
0.26154
0.269652
0.273181
0.109303
0.110832
0.113679
0.117764
0.122833
0.128937
0.135917
0.143807
0.152434
0.161855
0.171836
0.182439
0.193304
0.204512
0.215475
0.226366
0.236167
0.245382
0.252087
0.257892
0.258287
0.108883
0.110409
0.113251
0.11729
0.122323
0.128372
0.135273
0.143052
0.151527
0.160742
0.170443
0.180674
0.191042
0.20161
0.211724
0.22156
0.229968
0.237532
0.242043
0.24543
0.242524
0.108438
0.109957
0.112787
0.116789
0.121783
0.127773
0.134591
0.142254
0.150569
0.159566
0.16897
0.178808
0.188649
0.198539
0.207755
0.216475
0.223413
0.22924
0.231436
0.232307
0.225934
0.107967
0.109476
0.112286
0.116261
0.121214
0.127143
0.133872
0.141413
0.149558
0.158324
0.167415
0.176838
0.186125
0.195298
0.203574
0.211117
0.216518
0.220527
0.220299
0.218573
0.208548
0.107472
0.108989
0.111764
0.115713
0.120624
0.12649
0.13313
0.140544
0.148514
0.157041
0.165805
0.174793
0.183499
0.191921
0.199211
0.205521
0.209319
0.211429
0.208679
0.204295
0.190383
0.106951
0.10846
0.111223
0.115148
0.120022
0.125831
0.132386
0.13968
0.147477
0.155765
0.164199
0.172741
0.180845
0.188478
0.194731
0.199732
0.201842
0.201945
0.196547
0.189449
0.17129
0.106408
0.1079
0.110637
0.11452
0.119336
0.125063
0.131505
0.138645
0.146233
0.154239
0.162293
0.170334
0.177777
0.184556
0.189708
0.193323
0.193703
0.191749
0.183752
0.173677
0.150621
0.106417
0.107902
0.110649
0.114549
0.119385
0.125131
0.131591
0.138742
0.146335
0.154333
0.162364
0.170362
0.177742
0.18444
0.189491
0.192999
0.193251
0.191164
0.183053
0.172904
0.150045
0.106966
0.108491
0.111306
0.115303
0.120264
0.126171
0.132828
0.140223
0.148112
0.156474
0.164952
0.173506
0.181569
0.189118
0.195216
0.200027
0.201877
0.201734
0.196097
0.188921
0.170902
0.107488
0.10904
0.111891
0.115941
0.120971
0.126966
0.133737
0.141279
0.14936
0.157977
0.166795
0.175798
0.184461
0.192787
0.199913
0.206012
0.209551
0.211394
0.208425
0.203902
0.190125
0.107982
0.109527
0.112412
0.116487
0.121555
0.12761
0.134468
0.142133
0.15039
0.159249
0.168401
0.17785
0.187111
0.196211
0.204352
0.211711
0.216886
0.220639
0.22021
0.218301
0.208377
0.108452
0.110007
0.11291
0.117011
0.12212
0.128236
0.135183
0.142975
0.151407
0.160505
0.169982
0.17986
0.189696
0.199531
0.208638
0.217191
0.223926
0.2295
0.231496
0.232153
0.225827
0.108897
0.110459
0.113381
0.117516
0.122664
0.128841
0.135876
0.143788
0.152387
0.161712
0.171496
0.18178
0.192158
0.202687
0.21271
0.222394
0.230615
0.237931
0.24224
0.245386
0.242469
0.109316
0.110883
0.113804
0.117992
0.123179
0.129413
0.13653
0.144556
0.153313
0.162851
0.172926
0.183592
0.194481
0.205666
0.216556
0.227309
0.236939
0.245912
0.252409
0.257953
0.258277
0.109708
0.111281
0.114227
0.11844
0.123662
0.12995
0.137144
0.145278
0.154184
0.163921
0.174269
0.185294
0.196666
0.208465
0.22017
0.23193
0.242883
0.253422
0.261978
0.26981
0.27321
0.110073
0.111653
0.114612
0.118861
0.124116
0.130452
0.137718
0.145953
0.154997
0.164922
0.175526
0.186885
0.198707
0.211078
0.223546
0.236245
0.248434
0.260442
0.270922
0.280916
0.287217
0.110409
0.111997
0.114964
0.119199
0.124538
0.130917
0.138251
0.146578
0.155752
0.16585
0.176691
0.188359
0.200598
0.213501
0.226673
0.240244
0.253577
0.266951
0.279215
0.291233
0.300245
0.110717
0.112311
0.115289
0.119565
0.124921
0.131344
0.13874
0.147153
0.156446
0.166702
0.177761
0.189713
0.202336
0.215725
0.229545
0.243917
0.258299
0.272932
0.286834
0.300725
0.312245
0.110996
0.112596
0.115586
0.119881
0.125265
0.131733
0.139185
0.147676
0.157077
0.167477
0.178734
0.190943
0.203914
0.217746
0.232153
0.247254
0.262588
0.278368
0.293758
0.309359
0.32317
0.111244
0.112852
0.115852
0.120162
0.12557
0.132081
0.139584
0.148144
0.157642
0.168172
0.179607
0.192047
0.20533
0.219558
0.234492
0.250245
0.266433
0.283242
0.299965
0.317106
0.332977
0.111463
0.113076
0.116087
0.120407
0.125856
0.132391
0.139936
0.148557
0.158141
0.168785
0.180376
0.193019
0.206578
0.221155
0.236554
0.252884
0.269823
0.287541
0.305438
0.32394
0.341632
0.111652
0.113269
0.116289
0.120615
0.126043
0.132659
0.140241
0.148914
0.158572
0.169314
0.181041
0.19386
0.207656
0.222535
0.238334
0.255162
0.272749
0.291252
0.310161
0.32984
0.349102
0.111809
0.113431
0.116458
0.120793
0.126261
0.132882
0.140496
0.149214
0.158934
0.169758
0.181599
0.194565
0.20856
0.223693
0.239827
0.257074
0.275204
0.294365
0.314121
0.334787
0.355366
0.111935
0.11356
0.116593
0.120936
0.126414
0.133058
0.1407
0.149453
0.159222
0.170111
0.182042
0.195125
0.20928
0.224615
0.241018
0.258601
0.277167
0.296859
0.317297
0.33876
0.360398
0.112031
0.113659
0.116696
0.121042
0.126529
0.133188
0.140849
0.149626
0.159433
0.17037
0.182369
0.19554
0.209814
0.225303
0.241908
0.259744
0.278637
0.298726
0.319673
0.341737
0.364175
0.112095
0.113729
0.116775
0.121129
0.126604
0.133281
0.140977
0.149787
0.159633
0.170618
0.182678
0.195925
0.210295
0.225901
0.242654
0.260667
0.279777
0.300118
0.321372
0.343797
0.366726
0.112125
0.11376
0.116814
0.121192
0.126721
0.133403
0.141109
0.149938
0.159807
0.17082
0.182911
0.196194
0.210609
0.22627
0.243094
0.261199
0.280432
0.300929
0.32237
0.344976
0.368094
0.0167735
0.0162557
0.0153176
0.0140465
0.0125208
0.0108107
0.00897681
0.00706973
0.00513091
0.00319308
0.00128203
-0.000582686
-0.00238621
-0.00411812
-0.00577101
-0.00734076
-0.00882489
-0.0102236
-0.0115373
-0.0127693
-0.0139222
0.0171294
0.0166075
0.0156615
0.0143791
0.0128395
0.0111132
0.00926119
0.00733432
0.00537429
0.00341414
0.00148004
-0.000408135
-0.00223517
-0.00399042
-0.00566618
-0.00725822
-0.00876388
-0.0101833
-0.0115169
-0.0127682
-0.0139395
0.0178086
0.0172788
0.0163179
0.0150147
0.0134492
0.0116927
0.00980652
0.00784214
0.0058418
0.00383917
0.00186113
-7.18238e-05
-0.00194379
-0.00374365
-0.0054632
-0.00709797
-0.00864486
-0.0101041
-0.0114757
-0.0127637
-0.0139702
0.018783
0.0182421
0.0172606
0.0159286
0.0143273
0.0125284
0.0105941
0.00857658
0.00651892
0.00445568
0.00241478
0.000417635
-0.00151888
-0.00338298
-0.00516567
-0.00686212
-0.00846864
-0.00998549
-0.0114121
-0.0127533
-0.0140109
0.0200277
0.0194734
0.018467
0.0170999
0.0154545
0.0136032
0.0116091
0.00952489
0.00739496
0.00525494
0.00313411
0.00105506
-0.00096409
-0.00291064
-0.00477457
-0.00655058
-0.00823411
-0.0098255
-0.0113234
-0.0127337
-0.0140577
0.0215206
0.0209514
0.0199169
0.0185102
0.0168146
0.0149031
0.0128395
0.0106774
0.00846231
0.00623127
0.00401519
0.00183805
-0.000280443
-0.00232649
-0.00428876
-0.00616134
-0.00793857
-0.00962083
-0.0112057
-0.0127006
-0.0141059
0.0232415
0.0226564
0.0215923
0.0201433
0.0183936
0.0164164
0.014276
0.0120268
0.00971581
0.0073814
0.00505642
0.00276649
0.000533184
-0.00162837
-0.00370524
-0.00569072
-0.0075778
-0.00936687
-0.0110543
-0.0126489
-0.0141502
0.0251712
0.0245704
0.0234764
0.0219845
0.0201789
0.0181328
0.0159108
0.0135678
0.0111522
0.00870402
0.00625818
0.00384219
0.00147978
-0.000812352
-0.00301933
-0.00513353
-0.00714624
-0.00905783
-0.010863
-0.0125726
-0.0141849
0.0272918
0.0266761
0.0255536
0.02402
0.0221593
0.0200437
0.0177376
0.0152964
0.0127698
0.0101994
0.0076225
0.00506862
0.002564
0.000127108
-0.00222487
-0.00448316
-0.00663703
-0.00868674
-0.0106251
-0.012465
-0.0142031
0.0295854
0.0289566
0.0278087
0.0262369
0.024324
0.0221408
0.0197509
0.0172097
0.014568
0.0118691
0.00915279
0.00645071
0.00379193
0.001197
-0.00131425
-0.00373165
-0.00604206
-0.00824552
-0.0103326
-0.0123182
-0.0141975
0.0320348
0.0313956
0.0302267
0.0286223
0.026663
0.0244167
0.021946
0.0193055
0.0165472
0.0137159
0.0108536
0.00799465
0.00517104
0.00240567
-0.000278524
-0.00286973
-0.00535198
-0.00772492
-0.00997649
-0.0121237
-0.01416
0.0346227
0.0339765
0.032793
0.0311637
0.0291659
0.026864
0.0243183
0.0215822
0.0187085
0.015743
0.0127306
0.00970776
0.00670999
0.00376276
0.000892566
-0.00188685
-0.0045562
-0.00711455
-0.0095467
-0.011872
-0.0140816
0.0373317
0.0366831
0.0354927
0.0338484
0.0318228
0.0294754
0.0268635
0.0240385
0.0210533
0.0179548
0.0147902
0.0115983
0.00841857
0.00527913
0.00221055
-0.00077117
-0.00364286
-0.0064028
-0.00903211
-0.0115525
-0.0139522
0.0401445
0.0394986
0.0383108
0.0366634
0.0346232
0.0322434
0.029577
0.0266729
0.0235834
0.0203557
0.0170393
0.0136755
0.0103076
0.0069668
0.00368822
0.00049046
-0.00259883
-0.00557682
-0.0084204
-0.0111534
-0.0137611
0.0430438
0.0424065
0.041232
0.0395955
0.0375563
0.0351598
0.032454
0.0294838
0.0263004
0.0229504
0.0194856
0.0159493
0.0123889
0.00883892
0.0053396
0.00191248
-0.00140964
-0.00462251
-0.00769806
-0.0106622
-0.0134964
0.0460121
0.04539
0.0442408
0.042631
0.0406107
0.0382161
0.0354892
0.0324693
0.0292057
0.0257437
0.0221368
0.01843
0.014675
0.0109097
0.00717995
0.00351068
-5.94848e-05
-0.00352437
-0.00685028
-0.0100649
-0.0131453
0.0490323
0.0484325
0.0473217
0.0457557
0.0437744
0.0414032
0.0386763
0.0356267
0.0323004
0.0287403
0.025001
0.0211286
0.0171792
0.0131944
0.00922575
0.00530219
0.0014689
-0.00226553
-0.00586093
-0.00934633
-0.0126937
0.0520872
0.0515173
0.0504588
0.0489553
0.047035
0.0447108
0.0420085
0.0389526
0.0355847
0.0319443
0.0280858
0.0240562
0.0199157
0.0157091
0.0114947
0.00730553
0.00319426
-0.000827585
-0.00471241
-0.00849005
-0.0121265
0.0551602
0.054628
0.0536362
0.0522149
0.0503791
0.0481282
0.0454777
0.0424425
0.0390582
0.0353592
0.0313989
0.0272241
0.0228987
0.0184708
0.0140056
0.00954067
0.00513691
0.000809487
-0.00338556
-0.00747815
-0.0114273
0.0582348
0.0577484
0.0568383
0.0555194
0.0537931
0.0516435
0.0490749
0.0460907
0.0427192
0.0389875
0.0349472
0.0306433
0.0261431
0.0214974
0.0167786
0.012029
0.00731882
0.00266746
-0.00185951
-0.00629113
-0.0105782
0.0612955
0.0608628
0.0600494
0.0588536
0.0572624
0.055244
0.0527899
0.0498903
0.0465644
0.0428305
0.0387366
0.0343244
0.0296636
0.0248072
0.0198346
0.0147935
0.00976376
0.00477001
-0.000111434
-0.00490768
-0.00955998
0.0643272
0.0639562
0.0632541
0.0622022
0.0607723
0.0589158
0.0566109
0.0538325
0.0505892
0.0468882
0.0427719
0.0382772
0.0334749
0.0284189
0.023196
0.0178586
0.0124974
0.00714292
0.0018836
-0.00330442
-0.00835125
0.0673159
0.0670142
0.0664376
0.0655497
0.0643074
0.0626446
0.0605251
0.0579072
0.0547871
0.0511586
0.0470565
0.0425105
0.037591
0.0323517
0.0268856
0.0212501
0.0155472
0.00981427
0.00415294
-0.00145565
-0.00692863
0.0702484
0.0700233
0.0695855
0.0688812
0.0678522
0.066415
0.0645181
0.0621024
0.0591494
0.0556375
0.0515916
0.0470316
0.0420254
0.0366244
0.0309272
0.0249956
0.0189431
0.0128146
0.00672665
0.000667016
-0.00526627
0.0731129
0.072971
0.0726841
0.0721819
0.071391
0.0702108
0.0685746
0.0664041
0.0636652
0.0603185
0.0563763
0.0518459
0.0467901
0.0412556
0.0353451
0.0291238
0.0227168
0.0161773
0.0096378
0.00309504
-0.00333542
0.0758984
0.0758457
0.0757207
0.0754375
0.0749082
0.0740157
0.0726777
0.0707968
0.0683215
0.0651925
0.061407
0.0569564
0.0518953
0.0462629
0.0401638
0.0336648
0.0269025
0.0199386
0.0129229
0.00586342
-0.00110392
0.0785955
0.0786373
0.0786833
0.0786345
0.0783881
0.0778126
0.0768096
0.075263
0.0731026
0.0702475
0.0666769
0.0623632
0.057349
0.0516626
0.0454073
0.0386496
0.0315363
0.0241378
0.0166221
0.00901127
0.00146442
0.0811959
0.0813364
0.0815612
0.08176
0.0818159
0.0815845
0.0809518
0.0797837
0.0779905
0.0754684
0.072176
0.0680631
0.0631564
0.057469
0.0510991
0.0441101
0.0366566
0.0288177
0.02078
0.0125824
0.00441057
0.0836927
0.0839352
0.0843446
0.0848024
0.0851769
0.0853144
0.0850848
0.0843384
0.0829647
0.0808371
0.0778903
0.074049
0.069319
0.0636938
0.0572614
0.0500782
0.0423038
0.0340246
0.0254456
0.0166258
0.00778099
0.0860802
0.0864271
0.0870251
0.0877508
0.0884574
0.0889857
0.089189
0.0889056
0.0880026
0.0863322
0.0838019
0.0803092
0.0758339
0.0703449
0.0639139
0.0565856
0.0485194
0.0398079
0.0306729
0.0211966
0.0116285
0.0883541
0.0888064
0.0895956
0.0905954
0.0916446
0.092582
0.0932446
0.0934624
0.0930795
0.0919292
0.0898887
0.0868275
0.0826932
0.077426
0.0710733
0.0636625
0.0553464
0.0462206
0.0365209
0.0263562
0.0160129
0.0905113
0.091069
0.0920502
0.093328
0.094727
0.096088
0.097232
0.0979858
0.0981689
0.0976007
0.0961241
0.0935823
0.0898834
0.0849354
0.0787523
0.0713371
0.0628278
0.0533184
0.043054
0.0321732
0.021002
0.0925496
0.0932119
0.0943843
0.0959413
0.097694
0.0994892
0.101132
0.102452
0.103243
0.103317
0.102478
0.100546
0.0973842
0.0928651
0.0869577
0.0796343
0.0710062
0.061159
0.0503412
0.0387227
0.026671
0.0944682
0.0952332
0.0965945
0.0984293
0.100537
0.102772
0.104928
0.106838
0.108274
0.109045
0.108914
0.107687
0.105168
0.101199
0.0956895
0.0885745
0.0799231
0.069803
0.0584567
0.0460855
0.0331019
0.0962669
0.0971319
0.0986787
0.100788
0.103248
0.105925
0.108601
0.111122
0.113233
0.114751
0.115397
0.114967
0.1132
0.109914
0.104938
0.0981718
0.0896175
0.0793139
0.0674829
0.0543501
0.0403819
0.0979468
0.0989084
0.100636
0.103013
0.10582
0.108938
0.112138
0.11528
0.118092
0.1204
0.121883
0.122341
0.121437
0.118976
0.114684
0.108431
0.100121
0.0897573
0.0775153
0.0636221
0.0486111
0.0995094
0.100564
0.102466
0.105103
0.10825
0.111801
0.115523
0.119293
0.122823
0.125955
0.128331
0.12976
0.129829
0.12834
0.124895
0.119345
0.11145
0.101192
0.0886539
0.0740335
0.0579272
0.100957
0.102099
0.10417
0.107056
0.110534
0.114508
0.118747
0.123143
0.127401
0.131381
0.134696
0.13717
0.138317
0.137951
0.135526
0.1309
0.123613
0.113662
0.100964
0.0857084
0.0685046
0.102293
0.103519
0.105749
0.108874
0.112669
0.117053
0.121797
0.126811
0.1318
0.136643
0.140934
0.144515
0.146841
0.147742
0.146525
0.143071
0.136619
0.127223
0.114444
0.0986454
0.0803754
0.10352
0.104825
0.107207
0.110559
0.114656
0.119434
0.124669
0.13029
0.136007
0.141716
0.147011
0.151747
0.155344
0.157642
0.157828
0.155809
0.150492
0.141986
0.129165
0.112739
0.0930618
0.104643
0.106022
0.10855
0.112117
0.116504
0.12166
0.127371
0.13358
0.140013
0.146582
0.152894
0.158812
0.16375
0.167546
0.169325
0.168991
0.165209
0.158131
0.145677
0.128677
0.106008
0.105664
0.107113
0.109778
0.113549
0.11821
0.123722
0.129884
0.136652
0.143769
0.151167
0.15847
0.165565
0.171872
0.177248
0.18079
0.182441
0.180707
0.175962
0.165276
0.150056
0.122568
-0.0147545
-0.0153049
-0.0158557
-0.0164052
-0.0169534
-0.0175004
-0.0180462
-0.0185907
-0.0191334
-0.019674
-0.0202123
-0.020748
-0.021281
-0.0218109
-0.0223376
-0.0228607
-0.0233801
-0.0238955
-0.0244067
-0.0249135
-0.0147837
-0.0153388
-0.0158935
-0.0164468
-0.0169992
-0.0175512
-0.0181026
-0.0186531
-0.0192022
-0.0197498
-0.0202954
-0.020839
-0.0213801
-0.0219186
-0.0224542
-0.0229865
-0.0235153
-0.0240405
-0.0245616
-0.0250784
-0.0148392
-0.0154079
-0.0159747
-0.0165399
-0.0171049
-0.0176701
-0.0182353
-0.0187999
-0.0193635
-0.0199257
-0.0204864
-0.0210452
-0.0216018
-0.0221558
-0.0227071
-0.0232553
-0.0238001
-0.0243412
-0.0248784
-0.0254111
-0.0149169
-0.0155073
-0.0160932
-0.0166768
-0.0172606
-0.0178454
-0.0184307
-0.0190157
-0.0196
-0.0201831
-0.0207649
-0.021345
-0.0219231
-0.022499
-0.0230721
-0.0236423
-0.0242093
-0.0247726
-0.0253321
-0.0258872
-0.0150125
-0.0156322
-0.016244
-0.0168523
-0.0174614
-0.0180723
-0.0186842
-0.0192961
-0.0199075
-0.020518
-0.0211273
-0.0217351
-0.0223412
-0.0229452
-0.0235466
-0.0241453
-0.0247408
-0.0253327
-0.0259207
-0.0265041
-0.0151209
-0.0157776
-0.0164219
-0.017061
-0.0177014
-0.0183446
-0.0189895
-0.0196346
-0.0202792
-0.0209232
-0.0215661
-0.0222078
-0.0228479
-0.023486
-0.0241218
-0.0247548
-0.0253848
-0.0260114
-0.0266346
-0.027254
-0.0152368
-0.0159379
-0.0166213
-0.0172974
-0.0179753
-0.0186571
-0.0193412
-0.0200258
-0.0207101
-0.0213937
-0.0220766
-0.0227584
-0.0234388
-0.0241173
-0.0247936
-0.0254674
-0.0261383
-0.0268059
-0.0274699
-0.0281302
-0.0153542
-0.0161075
-0.0168367
-0.0175559
-0.0182775
-0.0190043
-0.019734
-0.0204645
-0.0211947
-0.0219243
-0.0226534
-0.0233816
-0.0241086
-0.0248338
-0.025557
-0.0262777
-0.0269956
-0.0277104
-0.0284218
-0.0291295
-0.0154665
-0.0162799
-0.0170619
-0.0178307
-0.0186023
-0.0193806
-0.0201626
-0.0209455
-0.0217282
-0.0225104
-0.0232922
-0.0240733
-0.0248533
-0.0256318
-0.0264083
-0.0271825
-0.0279541
-0.0287226
-0.0294879
-0.0302496
-0.0155667
-0.0164483
-0.0172905
-0.0181156
-0.018944
-0.0197805
-0.0206216
-0.0214639
-0.0223059
-0.0231475
-0.0239888
-0.0248296
-0.0256694
-0.0265078
-0.0273445
-0.028179
-0.0290109
-0.02984
-0.0306659
-0.0314885
-0.0156467
-0.0166054
-0.0175157
-0.0184042
-0.0192963
-0.0201982
-0.0211058
-0.0220146
-0.0229231
-0.0238312
-0.0247391
-0.0256467
-0.0265535
-0.027459
-0.0283628
-0.0292647
-0.0301641
-0.0310609
-0.0319546
-0.0328452
-0.015698
-0.016743
-0.0177299
-0.0186895
-0.0196528
-0.0206278
-0.0216095
-0.0225925
-0.0235751
-0.0245573
-0.0255394
-0.0265213
-0.0275025
-0.0284826
-0.0294611
-0.0304378
-0.0314121
-0.032384
-0.033353
-0.0343191
-0.0157111
-0.0168523
-0.0179251
-0.0189642
-0.0200068
-0.0210629
-0.0221269
-0.0231924
-0.0242572
-0.0253215
-0.0263858
-0.02745
-0.0285137
-0.0295763
-0.0306374
-0.0316967
-0.0327539
-0.0338088
-0.0348608
-0.0359104
-0.0156755
-0.0169236
-0.0180928
-0.0192206
-0.0203512
-0.0214971
-0.0226523
-0.023809
-0.0249648
-0.0261198
-0.0272749
-0.0284299
-0.0295844
-0.0307379
-0.0318901
-0.0330405
-0.0341889
-0.035335
-0.0364785
-0.0376198
-0.0155802
-0.0169467
-0.0182237
-0.0194502
-0.0206782
-0.0219236
-0.0231793
-0.0244369
-0.025693
-0.0269481
-0.028203
-0.029458
-0.0307125
-0.0319659
-0.033218
-0.0344684
-0.0357169
-0.0369631
-0.0382067
-0.0394486
-0.0154127
-0.0169104
-0.0183078
-0.0196444
-0.0209802
-0.0223351
-0.0237018
-0.0250704
-0.026437
-0.0278022
-0.029167
-0.0305317
-0.0318958
-0.0332589
-0.0346205
-0.0359805
-0.0373385
-0.0386942
-0.0400469
-0.0413987
-0.01516
-0.0168026
-0.0183348
-0.0197939
-0.0212487
-0.0227243
-0.0242133
-0.0257041
-0.0271922
-0.0286783
-0.0301636
-0.0316486
-0.0331328
-0.0346158
-0.0360972
-0.0375768
-0.0390544
-0.0405296
-0.042001
-0.0434726
-0.0148077
-0.0166103
-0.0182935
-0.019889
-0.0214753
-0.0230836
-0.024707
-0.0263323
-0.027954
-0.0295727
-0.0311901
-0.0328068
-0.0344225
-0.0360366
-0.0376489
-0.039259
-0.0408665
-0.0424707
-0.0440693
-0.0456705
-0.0143405
-0.0163199
-0.0181721
-0.0199197
-0.0216511
-0.0234054
-0.0251765
-0.0269495
-0.0287177
-0.0304816
-0.0322434
-0.034004
-0.0357631
-0.0375206
-0.0392763
-0.0410303
-0.0427823
-0.0445303
-0.0462659
-0.048006
-0.0137416
-0.0159163
-0.0179582
-0.0198754
-0.0217671
-0.0236818
-0.0256153
-0.0275505
-0.0294794
-0.0314023
-0.0333216
-0.0352384
-0.0371527
-0.0390638
-0.0409714
-0.0428753
-0.044776
-0.0466757
-0.048586
-0.0504911
-0.0129931
-0.0153838
-0.0176388
-0.0197454
-0.0218142
-0.0239054
-0.0260175
-0.0281313
-0.0302367
-0.032334
-0.034426
-0.0365144
-0.0385993
-0.0406804
-0.0427577
-0.0448313
-0.0469018
-0.0489696
-0.0510401
-0.0531081
-0.0120752
-0.014705
-0.0171997
-0.0195182
-0.0217826
-0.0240681
-0.0263767
-0.0286869
-0.0309864
-0.0332748
-0.0355557
-0.0378313
-0.0401018
-0.0423671
-0.0446272
-0.046882
-0.0491321
-0.0513777
-0.0536258
-0.0558733
-0.010966
-0.0138607
-0.0166257
-0.0191814
-0.0216623
-0.0241615
-0.0266865
-0.0292129
-0.0317255
-0.0342234
-0.0367106
-0.0391902
-0.0416629
-0.0441284
-0.0465867
-0.0490382
-0.0514831
-0.0539215
-0.0563624
-0.0588039
-0.00964167
-0.0128304
-0.0159004
-0.0187222
-0.0214428
-0.0241775
-0.0269409
-0.0297056
-0.0324525
-0.03518
-0.037893
-0.0405954
-0.0432882
-0.0459714
-0.0486451
-0.0513095
-0.0539647
-0.0566099
-0.0592586
-0.0619091
-0.00807541
-0.0115909
-0.015006
-0.0181268
-0.0211131
-0.0241074
-0.027134
-0.0301616
-0.0331666
-0.036146
-0.039106
-0.0420516
-0.0449845
-0.0479045
-0.0508118
-0.0537065
-0.0565881
-0.0594538
-0.062326
-0.0652026
-0.00623727
-0.0101167
-0.0139229
-0.0173803
-0.0206616
-0.0239427
-0.0272601
-0.0305783
-0.0338675
-0.0371235
-0.0403539
-0.0435653
-0.04676
-0.0499382
-0.0531003
-0.0562455
-0.0593722
-0.0624705
-0.0655809
-0.0686999
-0.00409331
-0.00837857
-0.0126292
-0.0164662
-0.0200756
-0.0236742
-0.0273139
-0.0309537
-0.0345566
-0.0381163
-0.0416423
-0.045143
-0.0486217
-0.0520795
-0.0555176
-0.0589368
-0.0623349
-0.0656958
-0.0690663
-0.0724407
-0.00160488
-0.00634362
-0.0111
-0.0153661
-0.0193414
-0.0232923
-0.0272902
-0.0312874
-0.0352373
-0.0391316
-0.0429817
-0.0467978
-0.0505832
-0.0543377
-0.0580604
-0.0617533
-0.0654244
-0.0691249
-0.0728007
-0.0764488
0.00127232
-0.0039739
-0.00930681
-0.0140587
-0.0184426
-0.0227859
-0.0271835
-0.0315791
-0.0359146
-0.0401792
-0.0443873
-0.0485522
-0.0526786
-0.0567669
-0.0608175
-0.0648329
-0.0688164
-0.0728045
-0.0767734
-0.0807163
0.00458907
-0.00122561
-0.00721625
-0.0125187
-0.0173601
-0.0221417
-0.0269868
-0.0318277
-0.0365925
-0.0412676
-0.0458715
-0.0504208
-0.0549209
-0.0593719
-0.0637731
-0.0681259
-0.0724314
-0.0767383
-0.0810297
-0.0852927
0.00840351
0.00195162
-0.00478951
-0.010716
-0.0160705
-0.0213434
-0.0266912
-0.0320314
-0.0372747
-0.0424053
-0.0474469
-0.0524202
-0.0573312
-0.0621795
-0.0669632
-0.0716817
-0.0763313
-0.0809847
-0.0856247
-0.090229
0.0127817
0.00561532
-0.00198136
-0.0086148
-0.0145457
-0.0203715
-0.0262865
-0.0321881
-0.0379662
-0.0436031
-0.0491299
-0.0545719
-0.0599364
-0.0652236
-0.070432
-0.0755585
-0.0805736
-0.0855991
-0.0906093
-0.0955716
0.0177979
0.00983066
0.00126088
-0.00617172
-0.0127509
-0.019202
-0.0257603
-0.0322956
-0.0386727
-0.0448743
-0.05094
-0.056899
-0.0627575
-0.0685139
-0.0741693
-0.0797279
-0.0852098
-0.0906629
-0.0960604
-0.101389
0.0235333
0.0146697
0.00499793
-0.0033338
-0.0106422
-0.0178048
-0.025097
-0.0323499
-0.0394006
-0.0462356
-0.0529057
-0.0594423
-0.0658471
-0.0721124
-0.0782399
-0.0842464
-0.0902755
-0.0962075
-0.102021
-0.107737
0.030073
0.0202075
0.00929701
-3.66441e-05
-0.00816446
-0.016142
-0.024276
-0.0323429
-0.0401525
-0.0477028
-0.0550587
-0.0622524
-0.069282
-0.0761387
-0.0828253
-0.089346
-0.0958474
-0.102257
-0.10853
-0.114674
0.0375022
0.0265135
0.0142281
0.00379701
-0.00524954
-0.0141682
-0.0232704
-0.0322588
-0.0409229
-0.0492838
-0.0574207
-0.0653616
-0.0730962
-0.0806071
-0.0878813
-0.0949232
-0.101961
-0.108909
-0.115685
-0.122286
0.0459084
0.0336467
0.0198651
0.00826008
-0.00181892
-0.0118339
-0.0220484
-0.0320733
-0.0416985
-0.0509795
-0.0600031
-0.0687894
-0.0773375
-0.0856513
-0.0937217
-0.101287
-0.108893
-0.116387
-0.12366
-0.13072
0.0553846
0.041668
0.0263081
0.0134751
0.00221791
-0.00908668
-0.0205695
-0.0317524
-0.0424638
-0.0527977
-0.062824
-0.0725256
-0.0818588
-0.0908089
-0.0994301
-0.108256
-0.116723
-0.124791
-0.132557
-0.140088
0.0659559
0.0506397
0.033716
0.01962
0.00697287
-0.00586349
-0.0187792
-0.0312541
-0.0432095
-0.0547714
-0.065981
-0.0768062
-0.0872141
-0.0971922
-0.106736
-0.116215
-0.125378
-0.134116
-0.14248
-0.150536
0.0772844
0.0604395
0.0422528
0.0269332
0.0126138
-0.00202038
-0.016525
-0.0304495
-0.0438436
-0.0568261
-0.06939
-0.0814902
-0.0930993
-0.104213
-0.114696
-0.125092
-0.1351
-0.14459
-0.153619
-0.162252
0.0882462
0.0702089
0.0516821
0.0353416
0.0190677
0.00243243
-0.0138242
-0.0294475
-0.044564
-0.0592272
-0.0733863
-0.0869747
-0.0999171
-0.112129
-0.124081
-0.135523
-0.146304
-0.156493
-0.166185
-0.175412
0.0975749
0.0789584
0.0616391
0.0446336
0.0266702
0.00841906
-0.0094365
-0.0268176
-0.0437675
-0.0602316
-0.0761408
-0.0914591
-0.106177
-0.120222
-0.134057
-0.146898
-0.15873
-0.169806
-0.180259
-0.190116
-0.0254156
-0.0259131
-0.0264056
-0.0268928
-0.0273747
-0.027851
-0.0283216
-0.0287863
-0.0292449
-0.0296974
-0.0301434
-0.030583
-0.0255908
-0.0260984
-0.026601
-0.0270984
-0.0275904
-0.0280767
-0.0285571
-0.0290315
-0.0294995
-0.0299611
-0.0304161
-0.0308642
-0.0259394
-0.026463
-0.0269816
-0.0274949
-0.0280027
-0.0285047
-0.0290007
-0.0294905
-0.0299739
-0.0304508
-0.0309208
-0.0313838
-0.026438
-0.0269843
-0.0275255
-0.0280614
-0.0285917
-0.0291163
-0.0296349
-0.0301472
-0.0306531
-0.0311523
-0.0316447
-0.03213
-0.0270836
-0.0276587
-0.028229
-0.0287939
-0.0293532
-0.0299068
-0.0304543
-0.0309956
-0.0315304
-0.0320586
-0.0325799
-0.0330941
-0.0278688
-0.0284787
-0.0290837
-0.0296835
-0.0302779
-0.0308667
-0.0314495
-0.0320262
-0.0325964
-0.0331601
-0.0337171
-0.034267
-0.0287862
-0.0294375
-0.030084
-0.0307255
-0.0313616
-0.0319921
-0.0326168
-0.0332354
-0.0338478
-0.0344538
-0.0350531
-0.0356456
-0.0298331
-0.0305322
-0.0312267
-0.0319162
-0.0326005
-0.0332794
-0.0339526
-0.0346199
-0.0352812
-0.0359363
-0.036585
-0.0372271
-0.0310074
-0.0317609
-0.03251
-0.0332542
-0.0339935
-0.0347276
-0.0354562
-0.0361792
-0.0368964
-0.0376076
-0.0383128
-0.0390117
-0.0323074
-0.0331223
-0.0339328
-0.0347388
-0.03554
-0.0363363
-0.0371275
-0.0379134
-0.0386938
-0.0394686
-0.0402377
-0.041001
-0.0337323
-0.0346157
-0.035495
-0.03637
-0.0372405
-0.0381065
-0.0389677
-0.039824
-0.0406752
-0.0415214
-0.0423623
-0.043198
-0.0352821
-0.0362415
-0.0371971
-0.0381489
-0.0390965
-0.0400399
-0.040979
-0.0419136
-0.0428438
-0.0437694
-0.0446904
-0.0456068
-0.0369571
-0.0380007
-0.0390407
-0.0400772
-0.04111
-0.0421391
-0.0431644
-0.0441858
-0.0452034
-0.0462171
-0.0472269
-0.0482329
-0.0387588
-0.0398948
-0.0410278
-0.0421576
-0.0432842
-0.0444076
-0.0455279
-0.046645
-0.0477589
-0.0488698
-0.0499777
-0.0406886
-0.0419262
-0.0431611
-0.0443933
-0.0456228
-0.0468498
-0.0480742
-0.0492963
-0.0505161
-0.0517338
-0.0529496
-0.0427493
-0.0440979
-0.0454442
-0.0467882
-0.0481303
-0.0494705
-0.050809
-0.052146
-0.0534817
-0.0548164
-0.0561503
-0.0449441
-0.0464141
-0.047882
-0.049348
-0.0508127
-0.0522763
-0.0537391
-0.0552014
-0.0566635
-0.0581259
-0.0595889
-0.047274
-0.0488769
-0.0504776
-0.0520766
-0.0536747
-0.0552726
-0.0568708
-0.0584695
-0.0600693
-0.0616707
-0.0632742
-0.0497508
-0.0514964
-0.0532406
-0.0549836
-0.0567263
-0.0584696
-0.0602143
-0.0619608
-0.0637098
-0.0654618
-0.0672177
-0.0523898
-0.0542855
-0.0561814
-0.0580785
-0.0599769
-0.061877
-0.0637795
-0.0656852
-0.0675951
-0.0695099
-0.0714305
-0.0551727
-0.0572357
-0.059299
-0.0613639
-0.0634308
-0.0655005
-0.0675738
-0.0696518
-0.0717354
-0.0738258
-0.0759242
-0.0581188
-0.0603629
-0.0626071
-0.0648528
-0.0671012
-0.0693533
-0.0716103
-0.0738734
-0.0761439
-0.0784232
-0.0807126
-0.0612436
-0.0636817
-0.0661197
-0.0685594
-0.0710024
-0.0734501
-0.0759039
-0.0783653
-0.0808359
-0.0833172
-0.0858111
-0.0645578
-0.067204
-0.0698496
-0.0724969
-0.0751481
-0.077805
-0.0804691
-0.0831422
-0.0858262
-0.0885232
-0.0912351
-0.068077
-0.0709469
-0.0738147
-0.0766838
-0.0795571
-0.0824367
-0.0853246
-0.0882228
-0.0911336
-0.0940594
-0.0970026
-0.0718158
-0.074925
-0.0780303
-0.0811362
-0.084246
-0.0873624
-0.0904878
-0.0936246
-0.0967755
-0.0999434
-0.103131
-0.0758088
-0.0791692
-0.0825255
-0.0858819
-0.0892418
-0.0926082
-0.095984
-0.099372
-0.102776
-0.106198
-0.109642
-0.0800809
-0.0837053
-0.0873265
-0.0909473
-0.0945706
-0.0981995
-0.101838
-0.105489
-0.109156
-0.112844
-0.116555
-0.0846389
-0.0885488
-0.092452
-0.0963524
-0.100253
-0.104159
-0.108072
-0.111998
-0.11594
-0.119904
-0.123892
-0.0895276
-0.0937417
-0.0979429
-0.102137
-0.106329
-0.110522
-0.114722
-0.118933
-0.123159
-0.127405
-0.131677
-0.0947938
-0.0993279
-0.103842
-0.108343
-0.112836
-0.117328
-0.121822
-0.126325
-0.130842
-0.135378
-0.139938
-0.100482
-0.105351
-0.110192
-0.115012
-0.119817
-0.124615
-0.129409
-0.134208
-0.139017
-0.143844
-0.148694
-0.106656
-0.111874
-0.117053
-0.122201
-0.127325
-0.132433
-0.137531
-0.142626
-0.147725
-0.152835
-0.157963
-0.113377
-0.118956
-0.124483
-0.129965
-0.135412
-0.140831
-0.146231
-0.15162
-0.157005
-0.162394
-0.167789
-0.120712
-0.126667
-0.132549
-0.138369
-0.144136
-0.149859
-0.15555
-0.161219
-0.166875
-0.172532
-0.178188
-0.128745
-0.135089
-0.141335
-0.147493
-0.153575
-0.15959
-0.165551
-0.17147
-0.177358
-0.183233
-0.189102
-0.137605
-0.144343
-0.150947
-0.157434
-0.163815
-0.170104
-0.176315
-0.182457
-0.18854
-0.194579
-0.200577
-0.14741
-0.154537
-0.161486
-0.168275
-0.174923
-0.181448
-0.187868
-0.194197
-0.200449
-0.206635
-0.21275
-0.158313
-0.165827
-0.173099
-0.180152
-0.187008
-0.193692
-0.200227
-0.206639
-0.212953
-0.219196
-0.225383
-0.170517
-0.178429
-0.186011
-0.193289
-0.20029
-0.207038
-0.213561
-0.219886
-0.226047
-0.232083
-0.238038
-0.18418
-0.192499
-0.200389
-0.207875
-0.214979
-0.221726
-0.228139
-0.234241
-0.240055
-0.245612
-0.250951
-0.199377
-0.208061
-0.216197
-0.223809
-0.230921
-0.237559
-0.243748
-0.249512
-0.254875
-0.259855
-0.264475
)
;

boundaryField
{
    inlet
    {
        type            zeroGradient;
    }
    outlet
    {
        type            fixedValue;
        value           nonuniform 0();
    }
    cylinder
    {
        type            zeroGradient;
    }
    top
    {
        type            symmetryPlane;
    }
    bottom
    {
        type            symmetryPlane;
    }
    defaultFaces
    {
        type            empty;
    }
    procBoundary0to1
    {
        type            processor;
        value           nonuniform List<scalar> 
133
(
-0.312918
-0.314617
-0.3166
-0.318765
-0.318765
-0.319328
-0.321648
-0.321648
-0.320968
-0.320968
-0.319433
-0.321788
-0.321788
-0.319603
-0.319603
-0.31634
-0.31634
-0.311354
-0.311354
-0.3007
-0.3007
-0.287248
-0.287248
-0.268765
-0.299522
-0.287249
-0.268761
-0.299522
-0.300706
-0.311364
-0.311364
-0.316351
-0.316351
-0.319615
-0.319615
-0.321801
-0.321801
-0.319445
-0.320981
-0.320981
-0.321664
-0.321664
-0.319343
-0.318781
-0.318781
-0.316617
-0.314937
-0.268765
-0.256134
-0.243981
-0.231548
-0.218829
-0.206586
-0.195006
-0.183869
-0.173209
-0.163125
-0.153577
-0.144531
-0.135983
-0.127913
-0.120297
-0.113114
-0.106344
-0.0999682
-0.0939664
-0.0883216
-0.0830158
-0.0830158
-0.0801517
-0.0752952
-0.0707464
-0.0664921
-0.0625205
-0.0588193
-0.0553782
-0.0521871
-0.0492373
-0.0465207
-0.0440304
-0.0417605
-0.0397064
-0.0378645
-0.0362333
-0.0348119
-0.0336032
-0.0326102
-0.0318418
-0.0313073
-0.0310179
-0.0310159
-0.0313053
-0.0318398
-0.0326082
-0.0336012
-0.0348099
-0.0362312
-0.0378625
-0.0397043
-0.0417585
-0.0440284
-0.0465187
-0.0492353
-0.0510827
-0.0510827
-0.0541636
-0.0574838
-0.0610529
-0.0648804
-0.0689782
-0.0733578
-0.0780316
-0.0830136
-0.0883192
-0.0939639
-0.0999655
-0.106341
-0.113111
-0.120294
-0.12791
-0.135979
-0.144527
-0.153573
-0.16312
-0.173203
-0.183862
-0.194998
-0.206577
-0.218819
-0.231538
-0.243971
-0.256127
-0.268761
)
;
    }
}


// ************************************************************************* //
