/*--------------------------------*- C++ -*----------------------------------*\
  =========                 |
  \\      /  F ield         | OpenFOAM: The Open Source CFD Toolbox
   \\    /   O peration     | Website:  https://openfoam.org
    \\  /    A nd           | Version:  7
     \\/     M anipulation  |
\*---------------------------------------------------------------------------*/
FoamFile
{
    version     2.0;
    format      ascii;
    class       volScalarField;
    location    "10";
    object      p;
}
// * * * * * * * * * * * * * * * * * * * * * * * * * * * * * * * * * * * * * //

dimensions      [0 2 -2 0 0 0 0];

internalField   nonuniform List<scalar> 
8330
(
-0.327472
-0.329005
-0.330619
-0.332344
-0.334208
-0.331999
-0.336242
-0.333677
-0.338473
-0.335499
-0.340924
-0.337485
-0.34361
-0.339663
-0.335068
-0.346564
-0.34204
-0.337071
-0.349807
-0.34463
-0.339281
-0.333026
-0.353358
-0.347451
-0.34171
-0.334956
-0.357231
-0.350516
-0.344373
-0.337075
-0.361439
-0.35384
-0.347281
-0.339383
-0.332095
-0.365993
-0.357439
-0.350441
-0.341879
-0.333921
-0.370904
-0.361325
-0.35386
-0.344563
-0.335875
-0.326672
-0.376177
-0.365511
-0.357539
-0.34744
-0.337941
-0.327518
-0.315687
-0.381817
-0.370008
-0.361476
-0.350514
-0.340088
-0.328256
-0.314824
-0.387827
-0.374823
-0.365667
-0.353787
-0.342269
-0.328844
-0.313735
-0.29774
-0.394204
-0.379956
-0.370108
-0.357248
-0.34443
-0.329244
-0.312408
-0.294979
-0.277818
-0.400943
-0.385398
-0.374796
-0.36087
-0.346511
-0.32942
-0.310831
-0.292005
-0.273815
-0.256742
-0.408032
-0.391134
-0.379723
-0.364607
-0.348454
-0.329341
-0.308992
-0.288815
-0.269649
-0.251873
-0.235472
-0.415451
-0.397139
-0.384882
-0.368392
-0.350199
-0.328978
-0.30688
-0.285402
-0.265313
-0.246878
-0.230037
-0.214766
-0.423174
-0.40338
-0.390249
-0.372146
-0.351694
-0.328303
-0.304484
-0.28176
-0.260798
-0.241749
-0.224498
-0.208914
-0.19439
-0.431159
-0.409819
-0.395785
-0.375781
-0.352883
-0.32729
-0.30179
-0.277878
-0.256093
-0.236471
-0.21884
-0.202973
-0.188341
-0.175723
-0.439353
-0.416413
-0.401432
-0.379209
-0.353717
-0.325913
-0.298783
-0.273743
-0.251186
-0.231032
-0.213052
-0.19693
-0.182214
-0.169482
-0.44769
-0.423114
-0.407104
-0.382345
-0.354145
-0.324148
-0.295449
-0.269342
-0.246063
-0.225418
-0.207119
-0.190773
-0.175997
-0.163168
-0.456088
-0.429867
-0.412697
-0.385104
-0.354119
-0.321968
-0.291769
-0.26466
-0.240709
-0.219615
-0.20103
-0.184492
-0.169679
-0.156771
-0.464452
-0.436609
-0.418088
-0.387408
-0.353594
-0.319348
-0.287725
-0.25968
-0.23511
-0.21361
-0.194773
-0.178076
-0.163251
-0.150282
-0.472676
-0.443267
-0.423145
-0.389181
-0.352526
-0.316261
-0.283298
-0.254386
-0.22925
-0.207389
-0.188334
-0.171514
-0.156703
-0.143693
-0.480646
-0.449757
-0.427732
-0.390348
-0.350873
-0.312683
-0.278468
-0.24876
-0.223115
-0.200938
-0.181705
-0.164797
-0.150026
-0.136996
-0.488242
-0.455982
-0.431715
-0.39084
-0.348596
-0.308586
-0.273216
-0.242785
-0.216689
-0.194246
-0.174873
-0.157917
-0.143212
-0.130186
-0.495339
-0.461833
-0.434968
-0.390589
-0.345658
-0.303947
-0.267521
-0.236445
-0.209959
-0.187301
-0.16783
-0.150865
-0.136253
-0.123257
-0.501813
-0.467185
-0.437374
-0.389532
-0.342025
-0.298741
-0.261365
-0.229724
-0.202912
-0.180091
-0.160567
-0.143634
-0.129143
-0.116204
-0.507539
-0.47191
-0.438829
-0.38761
-0.337665
-0.292945
-0.254728
-0.222606
-0.195535
-0.172607
-0.153077
-0.136218
-0.121878
-0.109025
-0.512397
-0.475867
-0.439241
-0.384768
-0.332547
-0.286539
-0.247594
-0.215078
-0.187817
-0.164841
-0.145352
-0.12861
-0.114452
-0.10172
-0.516269
-0.478918
-0.438529
-0.38096
-0.326645
-0.279501
-0.239947
-0.207127
-0.179749
-0.156784
-0.137388
-0.120806
-0.106863
-0.0942931
-0.519041
-0.480924
-0.436625
-0.376145
-0.319935
-0.271817
-0.231772
-0.198742
-0.171322
-0.148432
-0.129179
-0.112801
-0.099107
-0.0867421
-0.520607
-0.481753
-0.433471
-0.370287
-0.312397
-0.263469
-0.223058
-0.189914
-0.162531
-0.139779
-0.120723
-0.104591
-0.0911804
-0.0790501
-0.520867
-0.481281
-0.429018
-0.36336
-0.304012
-0.254446
-0.213795
-0.180637
-0.153371
-0.130823
-0.112016
-0.096179
-0.0830928
-0.0711743
-0.519726
-0.4794
-0.423223
-0.355342
-0.294768
-0.244737
-0.203975
-0.170904
-0.143838
-0.12156
-0.103055
-0.0875646
-0.074869
-0.0630845
-0.5171
-0.476015
-0.416053
-0.346217
-0.284655
-0.234336
-0.193595
-0.160714
-0.13393
-0.111989
-0.0938418
-0.0787494
-0.0665097
-0.0548504
-0.51291
-0.471046
-0.407481
-0.335976
-0.273667
-0.223239
-0.182651
-0.150064
-0.123644
-0.102108
-0.0843851
-0.0697477
-0.0579205
-0.0465709
-0.507089
-0.464429
-0.397491
-0.324615
-0.261803
-0.211446
-0.171142
-0.138952
-0.112984
-0.0919265
-0.0746988
-0.0605642
-0.0491363
-0.0381977
-0.499576
-0.456116
-0.386074
-0.312135
-0.249066
-0.198958
-0.159067
-0.127386
-0.101963
-0.081467
-0.0647672
-0.0511894
-0.0401909
-0.0297107
-0.490323
-0.446071
-0.37323
-0.298545
-0.235461
-0.185775
-0.146433
-0.115382
-0.0905959
-0.070712
-0.0546051
-0.0416258
-0.0311002
-0.0211067
-0.47929
-0.434276
-0.35897
-0.283857
-0.220995
-0.171901
-0.133267
-0.102956
-0.0788743
-0.0596738
-0.0442209
-0.0318812
-0.0218716
-0.0123917
-0.46645
-0.420726
-0.343307
-0.268088
-0.205671
-0.15736
-0.119601
-0.0900971
-0.066811
-0.0483637
-0.0336239
-0.0219655
-0.0125112
-0.00357435
-0.451786
-0.405428
-0.326267
-0.251258
-0.189512
-0.14222
-0.105396
-0.0768236
-0.0544194
-0.0367943
-0.0228244
-0.0118892
-0.00302636
0.00533526
-0.435292
-0.388406
-0.30788
-0.2334
-0.172575
-0.126442
-0.0906909
-0.0631538
-0.041715
-0.0249793
-0.0118346
-0.00166373
0.00657389
0.0143261
-0.416978
-0.369691
-0.288184
-0.214549
-0.15489
-0.110044
-0.0755089
-0.0491076
-0.0287146
-0.0129338
-0.000667965
0.00869895
0.016279
0.0233861
-0.396861
-0.349327
-0.267228
-0.194749
-0.136472
-0.093064
-0.0598741
-0.0347064
-0.0154372
-0.000674557
0.0106605
0.0191859
0.0260772
0.0325024
-0.374975
-0.327372
-0.245052
-0.174043
-0.117354
-0.0755367
-0.0438133
-0.019974
-0.00190335
0.0117801
0.0221347
0.0297831
0.0359552
0.0416604
-0.351368
-0.303929
-0.221672
-0.152467
-0.0975761
-0.0574972
-0.027356
-0.00493597
0.0118645
0.0244104
0.0337372
0.0404757
0.0458984
0.0508434
-0.326103
-0.279144
-0.197077
-0.130054
-0.0771845
-0.0389843
-0.0105344
0.01038
0.0258424
0.0371954
0.0454495
0.0512478
0.0558899
0.060031
-0.299252
-0.253079
-0.171361
-0.106854
-0.056229
-0.0200399
0.00661652
0.0259441
0.0400047
0.0501126
0.0572524
0.0620825
0.0659114
0.069199
-0.270886
-0.225494
-0.144925
-0.0829529
-0.0347607
-0.000708226
0.0240597
0.0417249
0.0543242
0.0631385
0.0691252
0.0729628
0.0759462
0.0783228
-0.241097
-0.196526
-0.117826
-0.0584396
-0.0128334
0.0189643
0.0417558
0.0576891
0.0687727
0.0762481
0.081046
0.0838725
0.0859824
0.0873841
-0.209994
-0.166376
-0.0900297
-0.0333928
0.00949458
0.0389294
0.0596637
0.0738019
0.0833201
0.089415
0.0929927
0.0947979
0.0960101
0.0963594
-0.177657
-0.135223
-0.0615733
-0.00788726
0.0321621
0.0591364
0.0777405
0.0900271
0.0979354
0.102612
0.104945
0.10573
0.106003
0.10514
-0.144135
-0.103292
-0.032537
0.0180033
0.0551057
0.0795328
0.0959415
0.106327
0.112586
0.115812
0.116889
0.116665
0.115888
0.113444
-0.109641
-0.070654
-0.00301464
0.0442026
0.0782599
0.100064
0.114221
0.122662
0.127238
0.128988
0.128812
0.127583
0.125548
0.121046
-0.0743138
-0.0374155
0.0268933
0.0706316
0.101558
0.120674
0.132531
0.138993
0.141858
0.142116
0.140696
0.138427
0.134904
0.1285
-0.0382921
-0.00369973
0.0570827
0.0972083
0.12493
0.141305
0.150824
0.155278
0.15641
0.155169
0.152505
0.149108
0.143965
0.137262
-0.00172291
0.0303644
0.0874467
0.123849
0.148306
0.161898
0.169051
0.171476
0.170861
0.168118
0.164194
0.159592
0.153086
0.146355
0.0352417
0.0646447
0.117877
0.150467
0.171616
0.182394
0.18716
0.187543
0.185175
0.180932
0.17573
0.169904
0.162264
0.155328
0.0724468
0.0990071
0.148264
0.176976
0.194786
0.202733
0.205101
0.203438
0.199317
0.193576
0.187086
0.180051
0.171419
0.164123
0.109735
0.133316
0.178498
0.203288
0.217744
0.222854
0.222824
0.219117
0.21325
0.206018
0.198239
0.190021
0.180474
0.172675
0.146949
0.167437
0.20847
0.229315
0.240417
0.242696
0.240278
0.234537
0.226937
0.218226
0.209164
0.199797
0.189373
0.180975
0.183929
0.201233
0.23807
0.254969
0.262733
0.262199
0.25741
0.249656
0.240342
0.230169
0.219839
0.209353
0.198078
0.189015
0.220519
0.23457
0.26719
0.280162
0.284618
0.281301
0.274172
0.264432
0.253429
0.241816
0.230237
0.218663
0.206556
0.196791
0.256563
0.267313
0.295723
0.304808
0.306002
0.299944
0.290513
0.278821
0.266162
0.253136
0.240335
0.227704
0.214782
0.204293
0.291905
0.299331
0.323564
0.328821
0.326813
0.31807
0.306383
0.292783
0.278506
0.2641
0.250106
0.236451
0.222734
0.211511
0.326395
0.330496
0.350611
0.352119
0.346984
0.335619
0.321736
0.306277
0.290426
0.274678
0.259527
0.244881
0.230393
0.218436
0.359883
0.360685
0.376763
0.37462
0.366446
0.352537
0.336522
0.319264
0.301888
0.284843
0.268572
0.252972
0.237739
0.225054
0.392225
0.389776
0.401925
0.396245
0.385134
0.368769
0.350698
0.331704
0.312861
0.294566
0.277219
0.260704
0.244755
0.231354
0.423281
0.417654
0.426002
0.416918
0.402986
0.384262
0.36422
0.343562
0.323312
0.30382
0.285444
0.268056
0.251423
0.237324
0.452919
0.444208
0.448906
0.436566
0.419941
0.398967
0.377044
0.354801
0.333213
0.312582
0.293226
0.27501
0.257727
0.242953
0.481009
0.469333
0.470551
0.45512
0.435941
0.412835
0.389131
0.365388
0.342533
0.320825
0.300544
0.281548
0.263652
0.24823
0.507431
0.492928
0.490858
0.472515
0.450932
0.425821
0.400443
0.375291
0.351247
0.328527
0.307378
0.287652
0.269182
0.253143
0.532071
0.514901
0.50975
0.488687
0.464863
0.437882
0.410944
0.384479
0.359327
0.335667
0.31371
0.293306
0.274303
0.257682
0.554823
0.535165
0.527157
0.503581
0.477686
0.448979
0.420601
0.392925
0.366752
0.342224
0.319522
0.298496
0.279003
0.261839
0.575589
0.553639
0.543015
0.517142
0.489357
0.459075
0.429383
0.400602
0.373499
0.34818
0.3248
0.303208
0.283268
0.265605
0.59428
0.57025
0.557265
0.529323
0.499836
0.468136
0.437262
0.407488
0.379547
0.353518
0.329528
0.307428
0.287089
0.268971
0.610816
0.584932
0.569853
0.540079
0.509087
0.476132
0.444213
0.41356
0.38488
0.358222
0.333694
0.311147
0.290454
0.271932
0.625125
0.597628
0.580733
0.549373
0.517078
0.483038
0.450214
0.418801
0.389481
0.36228
0.337286
0.314352
0.293354
0.27448
0.637147
0.608287
0.589864
0.557171
0.52378
0.488829
0.455246
0.423195
0.393337
0.365679
0.340295
0.317037
0.295784
0.276612
0.646829
0.616867
0.597211
0.563445
0.529172
0.493486
0.459291
0.426726
0.396436
0.368411
0.342712
0.319194
0.297734
0.278322
0.65413
0.623335
0.602748
0.568172
0.533234
0.496994
0.462338
0.429386
0.39877
0.370467
0.344531
0.320816
0.299201
0.279605
0.659019
0.627664
0.606454
0.571335
0.535952
0.499341
0.464377
0.431165
0.40033
0.371842
0.345747
0.321901
0.300182
0.280462
0.661473
0.629837
0.608314
0.572923
0.537316
0.500519
0.465399
0.432057
0.401112
0.372531
0.346356
0.322445
0.300676
0.280905
0.661484
0.629846
0.608323
0.572929
0.537322
0.500524
0.465403
0.432059
0.401114
0.372533
0.346358
0.322446
0.300678
0.280911
0.659051
0.627691
0.606478
0.571355
0.535969
0.499355
0.464387
0.431172
0.400335
0.371845
0.345749
0.321902
0.300183
0.280463
0.654183
0.62338
0.602788
0.568204
0.533261
0.497016
0.462355
0.429398
0.398777
0.370472
0.344533
0.320817
0.2992
0.279601
0.646902
0.616929
0.597265
0.563489
0.529209
0.493515
0.459313
0.426741
0.396445
0.368416
0.342713
0.319192
0.297731
0.278313
0.637238
0.608365
0.589931
0.557227
0.523825
0.488863
0.455271
0.423211
0.393347
0.365683
0.340294
0.317034
0.295777
0.276599
0.625234
0.597721
0.580812
0.549438
0.51713
0.483077
0.450242
0.418819
0.389491
0.362282
0.337283
0.314347
0.293346
0.274464
0.61094
0.585038
0.569943
0.540153
0.509145
0.476175
0.444243
0.413578
0.384888
0.358223
0.333689
0.311139
0.290443
0.271912
0.594417
0.570367
0.557364
0.529403
0.499899
0.468181
0.437293
0.407505
0.379554
0.353517
0.329522
0.30742
0.287077
0.268948
0.575737
0.553766
0.543122
0.517228
0.489423
0.459122
0.429414
0.400619
0.373505
0.348178
0.324792
0.303198
0.283256
0.265579
0.55498
0.5353
0.52727
0.503671
0.477754
0.449027
0.420631
0.39294
0.366757
0.342221
0.319514
0.298486
0.27899
0.261811
0.532235
0.515043
0.509868
0.48878
0.464932
0.43793
0.410974
0.384494
0.359331
0.335663
0.313701
0.293297
0.274291
0.257652
0.5076
0.493074
0.490979
0.472608
0.451002
0.425868
0.400472
0.375305
0.351249
0.328523
0.307369
0.287643
0.26917
0.253111
0.481181
0.469481
0.470674
0.455215
0.43601
0.412882
0.389159
0.365401
0.342536
0.32082
0.300535
0.281539
0.263641
0.248196
0.453092
0.444357
0.449029
0.43666
0.420009
0.399012
0.377071
0.354814
0.333215
0.312578
0.293218
0.275003
0.257717
0.242919
0.423454
0.417803
0.426124
0.41701
0.403053
0.384307
0.364246
0.343574
0.323315
0.303817
0.285437
0.26805
0.251414
0.237288
0.392394
0.389923
0.402045
0.396335
0.385199
0.368812
0.350724
0.331717
0.312864
0.294563
0.277213
0.260699
0.244747
0.231317
0.360048
0.360829
0.376881
0.374708
0.366509
0.352579
0.336547
0.319276
0.301892
0.284841
0.268568
0.252969
0.237733
0.225016
0.326555
0.330636
0.350725
0.352205
0.347045
0.33566
0.32176
0.30629
0.290431
0.274678
0.259524
0.244879
0.230389
0.218397
0.292058
0.299466
0.323674
0.328904
0.326873
0.318109
0.306408
0.292797
0.278512
0.264102
0.250105
0.236451
0.222732
0.211473
0.256708
0.267442
0.295829
0.304887
0.306059
0.299983
0.290537
0.278835
0.26617
0.253139
0.240335
0.227706
0.214782
0.204254
0.220655
0.234692
0.267291
0.280238
0.284673
0.281339
0.274197
0.264447
0.253439
0.241821
0.230239
0.218668
0.206559
0.196753
0.184056
0.201349
0.238165
0.255041
0.262786
0.262236
0.257435
0.249672
0.240353
0.230176
0.219842
0.209359
0.198084
0.188979
0.147066
0.167545
0.20856
0.229384
0.240468
0.242732
0.240303
0.234554
0.226949
0.218235
0.209169
0.199805
0.189384
0.18094
0.109842
0.133416
0.178583
0.203353
0.217793
0.22289
0.22285
0.219134
0.213263
0.206028
0.198246
0.190032
0.180489
0.172644
0.0725436
0.0990992
0.148343
0.177038
0.194833
0.202768
0.205127
0.203456
0.199331
0.193587
0.187095
0.180063
0.171441
0.164099
0.0353282
0.0647287
0.11795
0.150525
0.171661
0.182429
0.187186
0.187563
0.185191
0.180945
0.17574
0.169917
0.162292
0.15532
-0.00164664
0.0304402
0.0875141
0.123903
0.148349
0.161932
0.169076
0.171496
0.170878
0.168133
0.164206
0.159605
0.153121
0.146376
-0.0382259
-0.00363204
0.0571444
0.0972591
0.124971
0.141337
0.15085
0.155299
0.156428
0.155186
0.152519
0.149121
0.144003
0.137334
-0.0742575
-0.0373558
0.0269494
0.0706789
0.101597
0.120706
0.132557
0.139015
0.141877
0.142134
0.140713
0.138441
0.13494
0.128614
-0.109594
-0.0706021
-0.00296404
0.0442465
0.0782973
0.100095
0.114247
0.122684
0.127258
0.129007
0.128831
0.1276
0.125578
0.121138
-0.144097
-0.103248
-0.0324917
0.0180437
0.0551412
0.0795631
0.0959674
0.106349
0.112606
0.115831
0.116908
0.116683
0.115912
0.113503
-0.177628
-0.135186
-0.0615333
-0.00785011
0.0321957
0.0591659
0.0777661
0.0900494
0.0979555
0.102631
0.104965
0.105749
0.106023
0.105182
-0.209973
-0.166347
-0.0899947
-0.0333589
0.00952627
0.0389579
0.059689
0.0738243
0.0833404
0.0894345
0.0930126
0.0948166
0.0960295
0.0963931
-0.241084
-0.196503
-0.117796
-0.0584088
-0.0128036
0.0189919
0.0417806
0.0577113
0.0687929
0.0762675
0.0810656
0.0838911
0.0860012
0.0874134
-0.27088
-0.225477
-0.144899
-0.0829252
-0.0347327
-0.000681754
0.024084
0.0417468
0.0543444
0.0631577
0.0691443
0.072981
0.0759642
0.0783482
-0.299253
-0.253069
-0.17134
-0.106829
-0.0562029
-0.0200145
0.00664015
0.0259657
0.0400246
0.0501315
0.057271
0.0621002
0.0659284
0.0692212
-0.32611
-0.279139
-0.19706
-0.130032
-0.0771602
-0.0389601
-0.0105115
0.0104011
0.0258619
0.0372138
0.0454676
0.0512649
0.055906
0.0600506
-0.351379
-0.303929
-0.221659
-0.152448
-0.0975537
-0.0574742
-0.0273338
-0.00491539
0.0118836
0.0244284
0.0337546
0.0404922
0.0459138
0.050861
-0.374991
-0.327377
-0.245043
-0.174027
-0.117333
-0.0755148
-0.043792
-0.0199541
-0.00188481
0.0117975
0.0221515
0.029799
0.03597
0.0416765
-0.396882
-0.349336
-0.267222
-0.194736
-0.136453
-0.0930434
-0.0598537
-0.0346872
-0.0154192
-0.000657712
0.0106767
0.0192013
0.0260914
0.0325172
-0.417002
-0.369705
-0.288182
-0.214538
-0.154873
-0.110024
-0.0754894
-0.049089
-0.0286973
-0.0129175
-0.00065237
0.00871384
0.0162928
0.0233999
-0.435321
-0.388423
-0.307881
-0.233391
-0.17256
-0.126424
-0.0906724
-0.0631361
-0.0416983
-0.0249636
-0.0118196
-0.00164936
0.00658719
0.014339
-0.451817
-0.405448
-0.326271
-0.251252
-0.189498
-0.142203
-0.105378
-0.0768067
-0.0544034
-0.0367793
-0.02281
-0.0118754
-0.00301347
0.00534748
-0.466484
-0.420748
-0.343314
-0.268083
-0.205659
-0.157344
-0.119585
-0.0900809
-0.0667957
-0.0483493
-0.0336101
-0.0219521
-0.0124987
-0.00356275
-0.479326
-0.434301
-0.358979
-0.283855
-0.220984
-0.171887
-0.133252
-0.102941
-0.0788597
-0.05966
-0.0442077
-0.0318683
-0.0218594
-0.0123807
-0.49036
-0.446098
-0.373242
-0.298544
-0.235453
-0.185762
-0.146418
-0.115367
-0.090582
-0.0706988
-0.0545924
-0.0416134
-0.0310884
-0.0210961
-0.499614
-0.456144
-0.386087
-0.312136
-0.249058
-0.198946
-0.159054
-0.127372
-0.101949
-0.0814544
-0.0647549
-0.0511775
-0.0401795
-0.0297005
-0.507128
-0.464459
-0.397506
-0.324617
-0.261797
-0.211435
-0.17113
-0.138939
-0.112971
-0.0919145
-0.0746871
-0.0605527
-0.0491252
-0.0381879
-0.51295
-0.471077
-0.407498
-0.33598
-0.273662
-0.223229
-0.18264
-0.150052
-0.123632
-0.102097
-0.0843739
-0.0697366
-0.0579098
-0.0465614
-0.51714
-0.476046
-0.416071
-0.346223
-0.284651
-0.234327
-0.193584
-0.160703
-0.133918
-0.111978
-0.0938311
-0.0787388
-0.0664994
-0.0548413
-0.519766
-0.479431
-0.423242
-0.355349
-0.294766
-0.244729
-0.203965
-0.170893
-0.143827
-0.12155
-0.103045
-0.0875543
-0.0748591
-0.0630758
-0.520906
-0.481313
-0.429038
-0.363368
-0.304011
-0.254439
-0.213786
-0.180626
-0.153361
-0.130813
-0.112006
-0.0961692
-0.0830832
-0.0711659
-0.520646
-0.481784
-0.433492
-0.370296
-0.312396
-0.263463
-0.22305
-0.189905
-0.162522
-0.13977
-0.120713
-0.104582
-0.0911712
-0.0790419
-0.519079
-0.480955
-0.436646
-0.376154
-0.319936
-0.271812
-0.231764
-0.198733
-0.171314
-0.148423
-0.12917
-0.112792
-0.0990981
-0.0867342
-0.516305
-0.478948
-0.43855
-0.380971
-0.326647
-0.279498
-0.23994
-0.207119
-0.179741
-0.156776
-0.137379
-0.120798
-0.106855
-0.0942855
-0.512432
-0.475896
-0.439262
-0.384779
-0.332549
-0.286535
-0.247588
-0.215071
-0.187809
-0.164833
-0.145344
-0.128602
-0.114444
-0.101713
-0.507573
-0.471937
-0.43885
-0.387621
-0.337668
-0.292943
-0.254723
-0.222599
-0.195527
-0.1726
-0.153069
-0.13621
-0.12187
-0.109018
-0.501845
-0.467212
-0.437395
-0.389544
-0.342029
-0.298739
-0.26136
-0.229718
-0.202905
-0.180084
-0.16056
-0.143627
-0.129136
-0.116197
-0.49537
-0.461858
-0.434988
-0.390601
-0.345663
-0.303946
-0.267517
-0.236439
-0.209953
-0.187294
-0.167823
-0.150858
-0.136246
-0.12325
-0.488271
-0.456007
-0.431735
-0.390852
-0.348601
-0.308586
-0.273212
-0.24278
-0.216683
-0.19424
-0.174867
-0.157911
-0.143205
-0.13018
-0.480674
-0.44978
-0.427751
-0.39036
-0.350878
-0.312683
-0.278465
-0.248755
-0.223109
-0.200933
-0.181699
-0.164791
-0.15002
-0.136991
-0.472702
-0.443288
-0.423164
-0.389192
-0.352532
-0.316262
-0.283295
-0.254381
-0.229245
-0.207384
-0.188329
-0.171508
-0.156697
-0.143687
-0.464476
-0.436629
-0.418105
-0.38742
-0.3536
-0.319349
-0.287723
-0.259676
-0.235106
-0.213605
-0.194768
-0.178071
-0.163246
-0.150277
-0.456111
-0.429886
-0.412713
-0.385116
-0.354126
-0.32197
-0.291767
-0.264656
-0.240705
-0.219611
-0.201026
-0.184487
-0.169674
-0.156766
-0.447711
-0.423132
-0.407119
-0.382356
-0.354151
-0.32415
-0.295448
-0.269339
-0.246059
-0.225414
-0.207115
-0.190769
-0.175992
-0.163164
-0.439373
-0.41643
-0.401446
-0.37922
-0.353723
-0.325916
-0.298783
-0.273741
-0.251183
-0.231028
-0.213048
-0.196926
-0.18221
-0.169478
-0.431177
-0.409835
-0.395799
-0.375791
-0.35289
-0.327293
-0.30179
-0.277876
-0.256091
-0.236468
-0.218837
-0.202969
-0.188338
-0.175719
-0.42319
-0.403394
-0.390261
-0.372155
-0.3517
-0.328306
-0.304484
-0.281759
-0.260796
-0.241746
-0.224495
-0.208911
-0.194387
-0.415467
-0.397152
-0.384893
-0.368401
-0.350206
-0.328982
-0.306881
-0.285401
-0.265311
-0.246876
-0.230035
-0.408046
-0.391147
-0.379734
-0.364616
-0.34846
-0.329345
-0.308993
-0.288814
-0.269648
-0.251871
-0.400956
-0.38541
-0.374806
-0.360879
-0.346518
-0.329424
-0.310832
-0.292005
-0.273814
-0.256741
-0.394216
-0.379967
-0.370118
-0.357255
-0.344436
-0.329248
-0.31241
-0.29498
-0.277818
-0.387838
-0.374833
-0.365676
-0.353794
-0.342275
-0.328848
-0.313738
-0.297741
-0.381828
-0.370018
-0.361484
-0.350521
-0.340093
-0.32826
-0.314827
-0.376187
-0.36552
-0.357547
-0.347446
-0.337947
-0.327522
-0.31569
-0.370913
-0.361333
-0.353867
-0.344569
-0.33588
-0.326676
-0.366002
-0.357447
-0.350448
-0.341885
-0.333926
-0.361447
-0.353848
-0.347287
-0.339388
-0.3321
-0.357238
-0.350523
-0.34438
-0.33708
-0.353365
-0.347457
-0.341716
-0.33496
-0.349814
-0.344637
-0.339286
-0.34657
-0.342046
-0.337076
-0.343616
-0.339669
-0.335073
-0.34093
-0.337491
-0.338479
-0.335504
-0.336248
-0.333683
-0.334214
-0.33235
-0.330625
-0.329011
-0.327478
-0.101996
-0.108941
-0.115789
-0.122543
-0.129206
-0.135783
-0.142279
-0.148701
-0.155055
-0.16135
-0.167593
-0.0991073
-0.105872
-0.112548
-0.119138
-0.125646
-0.132075
-0.138432
-0.144721
-0.150949
-0.157123
-0.163251
-0.096275
-0.10283
-0.109303
-0.115696
-0.122013
-0.128257
-0.134434
-0.140547
-0.146603
-0.152607
-0.158567
-0.0934684
-0.0998303
-0.106117
-0.112331
-0.118476
-0.124555
-0.130572
-0.136531
-0.142438
-0.148299
-0.154119
-0.0907044
-0.0968794
-0.102987
-0.109029
-0.115009
-0.12093
-0.126795
-0.13261
-0.138378
-0.144106
-0.149798
-0.0879887
-0.0939775
-0.0999054
-0.105774
-0.111587
-0.117347
-0.123058
-0.128723
-0.134347
-0.139935
-0.145492
-0.0853186
-0.0911218
-0.09687
-0.102565
-0.108209
-0.113805
-0.119357
-0.124868
-0.130341
-0.135783
-0.141196
-0.0826926
-0.0883116
-0.0938809
-0.099402
-0.104877
-0.110309
-0.1157
-0.121054
-0.126374
-0.131665
-0.13693
-0.0801106
-0.0855473
-0.0909391
-0.0962872
-0.101593
-0.10686
-0.11209
-0.117286
-0.122452
-0.12759
-0.132705
-0.0775727
-0.0828292
-0.0880451
-0.0932212
-0.0983591
-0.103461
-0.108529
-0.113567
-0.118575
-0.123559
-0.128521
-0.0750789
-0.0801576
-0.0851992
-0.0902046
-0.095175
-0.100112
-0.105019
-0.109897
-0.114748
-0.119576
-0.124383
-0.072629
-0.0775325
-0.0824021
-0.0872382
-0.0920422
-0.0968158
-0.101561
-0.106279
-0.110972
-0.115643
-0.120295
-0.0702231
-0.0749542
-0.0796541
-0.0843229
-0.088962
-0.0935727
-0.0981565
-0.102715
-0.10725
-0.111764
-0.116259
-0.0678618
-0.0724235
-0.076956
-0.0814597
-0.0859357
-0.0903849
-0.0948087
-0.0992084
-0.103586
-0.107942
-0.112281
-0.0655448
-0.0699402
-0.0743083
-0.0786495
-0.0829644
-0.087254
-0.0915192
-0.0957613
-0.0999815
-0.104182
-0.108363
-0.0632724
-0.0675048
-0.0717117
-0.0758932
-0.0800496
-0.0841817
-0.0882902
-0.0923761
-0.0964406
-0.100485
-0.104511
-0.0610465
-0.0651193
-0.0691679
-0.0731924
-0.077193
-0.0811699
-0.0851237
-0.0890554
-0.0929658
-0.0968561
-0.100727
-0.0588681
-0.0627847
-0.0666782
-0.0705488
-0.0743962
-0.0782205
-0.0820222
-0.0858019
-0.0895604
-0.0932984
-0.097017
-0.0567362
-0.0605009
-0.0642432
-0.0679632
-0.0716606
-0.0753354
-0.0789878
-0.0826182
-0.0862271
-0.0898153
-0.0933834
-0.0546526
-0.0582693
-0.0618642
-0.0654373
-0.0689882
-0.0725167
-0.0760229
-0.079507
-0.0829693
-0.0864103
-0.0898305
-0.0526185
-0.0560913
-0.0595427
-0.0629727
-0.0663808
-0.0697666
-0.07313
-0.0764711
-0.0797899
-0.0830869
-0.0863623
-0.0506348
-0.0539679
-0.0572801
-0.0605711
-0.0638402
-0.0670872
-0.0703115
-0.0735132
-0.0766923
-0.0798487
-0.0829828
-0.0487027
-0.0519007
-0.0550781
-0.0582344
-0.0613688
-0.0644809
-0.0675703
-0.0706365
-0.0736796
-0.0766993
-0.0796958
-0.0468241
-0.0498916
-0.0529387
-0.0559647
-0.0589689
-0.0619505
-0.064909
-0.067844
-0.0707552
-0.0736424
-0.0765055
-0.0450006
-0.0479424
-0.050864
-0.0537644
-0.0566429
-0.0594986
-0.0623308
-0.0651391
-0.0679229
-0.0706819
-0.073416
-0.0432345
-0.0460555
-0.0488564
-0.0516362
-0.0543937
-0.0571282
-0.0598389
-0.062525
-0.0651862
-0.0678218
-0.0704316
-0.041528
-0.0442334
-0.0469187
-0.0495827
-0.0522244
-0.0548426
-0.0574367
-0.0600057
-0.0625491
-0.0650663
-0.0675568
-0.0398843
-0.0424792
-0.0450541
-0.0476076
-0.0501384
-0.0526455
-0.0551281
-0.0575852
-0.060016
-0.0624199
-0.0647963
-0.0383043
-0.0407948
-0.043265
-0.0457135
-0.048139
-0.0505405
-0.0529169
-0.0552675
-0.0575911
-0.0598872
-0.062155
-0.0367922
-0.039185
-0.0415561
-0.043905
-0.0462307
-0.0485321
-0.050808
-0.0530575
-0.0552796
-0.0574735
-0.0596384
-0.0353554
-0.0376547
-0.0399321
-0.042187
-0.0444184
-0.0466253
-0.0488063
-0.0509604
-0.0530867
-0.0551841
-0.057252
-0.0339986
-0.0362093
-0.0383983
-0.0405648
-0.0427076
-0.0448255
-0.0469173
-0.0489819
-0.0510182
-0.0530253
-0.0550022
-0.0327239
-0.0348522
-0.0369589
-0.0390429
-0.0411031
-0.0431381
-0.0451468
-0.047128
-0.0490805
-0.0510034
-0.0528957
-0.0315376
-0.0335897
-0.0356201
-0.0376278
-0.0396114
-0.0415698
-0.0435016
-0.0454056
-0.0472807
-0.0491258
-0.05094
-0.0304457
-0.0324278
-0.0343883
-0.0363259
-0.0382394
-0.0401274
-0.0419887
-0.0438221
-0.0456263
-0.0474004
-0.0491432
-0.0294549
-0.0313736
-0.0332707
-0.0351448
-0.0369947
-0.0388191
-0.0406166
-0.0423861
-0.0441263
-0.0458362
-0.0475146
-0.0285732
-0.0304352
-0.0322756
-0.034093
-0.0358861
-0.0376537
-0.0393944
-0.041107
-0.0427903
-0.0444432
-0.0460645
-0.0278096
-0.029622
-0.0314127
-0.0331804
-0.0349239
-0.0366419
-0.038333
-0.0399961
-0.0416299
-0.0432333
-0.0448052
-0.0271727
-0.0289427
-0.0306911
-0.0324166
-0.0341179
-0.0357938
-0.0374429
-0.0390641
-0.0406562
-0.0422179
-0.0437484
-0.0266791
-0.0284145
-0.0301283
-0.0318193
-0.0334862
-0.0351278
-0.0367429
-0.0383301
-0.0398884
-0.0414167
-0.0429139
-0.0263274
-0.0280363
-0.0297239
-0.0313891
-0.0330306
-0.0346471
-0.0362373
-0.0378002
-0.0393344
-0.040839
-0.0423129
-0.0437551
-0.0261648
-0.027855
-0.0295234
-0.0311689
-0.0327906
-0.0343876
-0.0359587
-0.0375028
-0.0390189
-0.0405059
-0.0419629
-0.0433889
0.123006
0.114873
0.10713
0.0993094
0.0910109
0.0825549
0.0740802
0.0655652
0.0570168
0.0484616
0.0399184
0.0314005
0.02292
0.0144878
0.00611326
-0.00219505
-0.0104295
-0.0185833
-0.0266505
-0.0346267
-0.0425062
-0.0502882
-0.057989
-0.0657175
-0.073228
-0.0805716
-0.0878088
-0.0949516
0.119845
0.111434
0.103242
0.0955419
0.0874498
0.0791964
0.0709751
0.0627423
0.0544859
0.0462317
0.0379961
0.0297884
0.0216182
0.0134945
0.0054254
-0.00258214
-0.0105219
-0.0183887
-0.0261781
-0.0338873
-0.0415137
-0.0490582
-0.0565003
-0.0639022
-0.0711535
-0.078275
-0.0853059
-0.0922517
0.115899
0.107561
0.0990895
0.0915481
0.0837624
0.0757516
0.0677855
0.0598378
0.051872
0.0439114
0.0359744
0.028068
0.0201994
0.0123767
0.00460685
-0.00310411
-0.010751
-0.0183291
-0.0258347
-0.033264
-0.0406107
-0.0478643
-0.0550102
-0.0621887
-0.0692058
-0.0761003
-0.0829085
-0.0896344
0.111593
0.10357
0.0950313
0.0876405
0.080187
0.0724488
0.0647362
0.0570731
0.0494022
0.0417358
0.0340957
0.0264883
0.0189181
0.0113919
0.00391596
-0.00350465
-0.0108656
-0.0181628
-0.0253929
-0.0325524
-0.039636
-0.0466345
-0.0535377
-0.0604375
-0.0672293
-0.0739138
-0.080511
-0.087029
0.107177
0.0995393
0.0910645
0.0838098
0.0766746
0.0692297
0.0617717
0.0543859
0.0470079
0.0396329
0.0322839
0.024969
0.0176908
0.0104542
0.00326497
-0.00387261
-0.010955
-0.0179787
-0.0249412
-0.0318399
-0.0386747
-0.0454485
-0.0521702
-0.058714
-0.0652709
-0.071753
-0.078145
-0.08446
0.10276
0.0955015
0.0871841
0.0800725
0.0732344
0.0660951
0.0588976
0.0517813
0.0446906
0.0376027
0.0305379
0.0235075
0.016513
0.00955786
0.00264683
-0.00421624
-0.0110284
-0.0177868
-0.0244893
-0.0311339
-0.0377202
-0.0442443
-0.0506927
-0.0570236
-0.0633613
-0.0696356
-0.0758233
-0.081938
0.0983851
0.0914806
0.0833887
0.07644
0.0698784
0.0630467
0.0561165
0.0492635
0.0424528
0.035647
0.0288604
0.0221068
0.0153883
0.00870677
0.00206597
-0.00453055
-0.0110802
-0.0175807
-0.0240301
-0.0304263
-0.0367678
-0.0430493
-0.0492632
-0.0553799
-0.0614968
-0.0675588
-0.0735431
-0.0794598
0.0940793
0.0875049
0.079683
0.0729192
0.066617
0.0600872
0.0534289
0.0468349
0.0402956
0.033766
0.0272513
0.0207669
0.0143166
0.00790078
0.0015224
-0.00481542
-0.0111103
-0.0173603
-0.0235634
-0.0297177
-0.0358213
-0.0418693
-0.047857
-0.0537637
-0.0596658
-0.0655182
-0.0713015
-0.0770234
0.089865
0.0835996
0.0760735
0.0695134
0.063458
0.0572201
0.0508349
0.0444968
0.0382204
0.0319596
0.0257105
0.0194879
0.0132975
0.00713962
0.00101581
-0.00507111
-0.0111189
-0.0171257
-0.0230897
-0.029009
-0.0348818
-0.0407038
-0.0464716
-0.0521719
-0.0578659
-0.0635133
-0.0690986
-0.0746285
0.0857582
0.0797832
0.0725668
0.0662247
0.0604067
0.054449
0.0483349
0.0422497
0.0362282
0.0302282
0.0242377
0.0182696
0.0123312
0.00642312
0.000546032
-0.00529775
-0.0111061
-0.0168771
-0.0226093
-0.0283007
-0.0339497
-0.0395526
-0.0451071
-0.0506048
-0.0560965
-0.0615439
-0.0669345
-0.0722751
0.08177
0.0760695
0.0691685
0.0630544
0.0574665
0.0517771
0.0459297
0.0400939
0.0343199
0.028572
0.0228328
0.0171118
0.0114174
0.00575105
0.00011281
-0.00549556
-0.011072
-0.0166147
-0.0221223
-0.0275929
-0.0330249
-0.0384154
-0.0437627
-0.0490618
-0.054357
-0.0596091
-0.0648086
-0.0699631
0.0779086
0.0724685
0.0658837
0.0600036
0.0546396
0.049207
0.0436198
0.0380293
0.0324956
0.0269912
0.0214954
0.016014
0.0105558
0.00512313
-0.000284161
-0.00566482
-0.0110169
-0.0163388
-0.0216289
-0.0268857
-0.0321076
-0.0372921
-0.0424381
-0.0475426
-0.0526468
-0.0577084
-0.0627204
-0.067692
0.0741799
0.0689879
0.0627165
0.0570734
0.0519277
0.0467406
0.041406
0.0360555
0.0307553
0.0254858
0.0202252
0.0149757
0.00974598
0.00453898
-0.000645247
-0.00580588
-0.0109412
-0.0160495
-0.0211293
-0.0261791
-0.0311975
-0.0361824
-0.041133
-0.0460478
-0.0509669
-0.0558419
-0.0606696
-0.0654615
0.0705886
0.0656335
0.0596701
0.0542646
0.0493314
0.0443793
0.0392888
0.0341722
0.0290985
0.0240556
0.0190218
0.0139965
0.0089874
0.00399816
-0.000970864
-0.00591914
-0.0108452
-0.0157473
-0.020624
-0.0254737
-0.0302946
-0.0350848
-0.0398445
-0.0445766
-0.0493174
-0.0540101
-0.0586567
-0.0632724
0.0671382
0.0624096
0.0567468
0.0515774
0.0468512
0.0421237
0.0372682
0.032379
0.0275248
0.0227002
0.0178848
0.0130757
0.00827944
0.00350015
-0.00126146
-0.006005
-0.0107292
-0.0154325
-0.0201135
-0.0247707
-0.0294022
-0.0340041
-0.0385716
-0.0431045
-0.0476805
-0.0522014
-0.0566767
-0.0611232
0.0638312
0.0593191
0.0539484
0.049012
0.0444868
0.039974
0.0353442
0.0306751
0.0260333
0.0214188
0.0168134
0.0122126
0.00762143
0.00304436
-0.00151753
-0.00606387
-0.0105936
-0.0151053
-0.0195976
-0.0240694
-0.0285199
-0.0329495
-0.0373592
-0.0417481
-0.0460771
-0.0504106
-0.0547266
-0.0590136
0.0606691
0.0563643
0.0512757
0.046568
0.0422378
0.0379301
0.0335165
0.0290599
0.024623
0.0202107
0.015807
0.0114063
0.00701262
0.00263013
-0.00173961
-0.00609614
-0.0104385
-0.0147655
-0.0190759
-0.0233686
-0.027643
-0.0318984
-0.0361325
-0.0403389
-0.0444953
-0.0486621
-0.0528189
-0.0569476
0.057653
0.0535463
0.0487293
0.0442447
0.0401035
0.0359914
0.0317844
0.0275322
0.023293
0.0190749
0.0148647
0.0106562
0.00645215
0.00225672
-0.0019283
-0.00610229
-0.0102644
-0.0144134
-0.018548
-0.0226672
-0.0267698
-0.0308544
-0.0349182
-0.0389571
-0.0429574
-0.0469619
-0.0509568
-0.0549264
0.0547829
0.0508657
0.046309
0.042041
0.0380825
0.0341571
0.0301471
0.0260911
0.022042
0.0180103
0.0139855
0.0099611
0.00593912
0.0019233
-0.00208432
-0.00608291
-0.0100716
-0.0140492
-0.0180144
-0.0219659
-0.0259024
-0.0298225
-0.0337235
-0.0376024
-0.0414503
-0.0452975
-0.0491339
-0.0529478
0.0520586
0.0483225
0.0440143
0.0399557
0.0361734
0.0324259
0.0286035
0.0247353
0.0208686
0.0170156
0.0131681
0.00932001
0.00547248
0.0016289
-0.00220851
-0.00603872
-0.00986083
-0.0136736
-0.0174757
-0.0212658
-0.0250423
-0.028804
-0.0325483
-0.0362728
-0.0399715
-0.0436669
-0.0473505
-0.0510133
0.0494791
0.0459159
0.0418442
0.0379872
0.0343744
0.0307964
0.0271521
0.0234632
0.0197713
0.0160893
0.0124113
0.00873167
0.00505105
0.00137244
-0.00230187
-0.00597067
-0.00963295
-0.0132875
-0.0169329
-0.0205677
-0.0241904
-0.0277996
-0.0313931
-0.0349688
-0.0385224
-0.0420712
-0.0456075
-0.049124
0.0470431
0.0436448
0.0397973
0.0361335
0.0326835
0.0292667
0.0257915
0.0222733
0.0187483
0.0152298
0.0117135
0.0081947
0.00467352
0.00115267
-0.00236558
-0.00587984
-0.009389
-0.0128918
-0.0163868
-0.0198726
-0.0233476
-0.0268104
-0.0302589
-0.0336911
-0.0371042
-0.0405114
-0.0439055
-0.0472807
0.044749
0.0415076
0.037872
0.0343925
0.0310986
0.0278349
0.0245199
0.0211637
0.0177979
0.0144352
0.0110731
0.00770754
0.00433843
0.00096817
-0.00240098
-0.0057675
-0.00913021
-0.0124878
-0.0158388
-0.0191817
-0.022515
-0.0258372
-0.0291464
-0.0324407
-0.0357178
-0.0389884
-0.0422456
-0.0454843
0.0425943
0.0395023
0.0360663
0.032762
0.029617
0.0264988
0.0233351
0.0201326
0.0169181
0.0137038
0.0104883
0.00726846
0.00404412
0.000817381
-0.00240956
-0.00563511
-0.00885795
-0.0120767
-0.01529
-0.0184962
-0.0216938
-0.0248813
-0.0280567
-0.0312185
-0.0343646
-0.0375038
-0.0406293
-0.0437365
0.0405768
0.0376265
0.0343778
0.0312395
0.0282363
0.0252558
0.0222349
0.0191777
0.0161067
0.0130333
0.00995705
0.00687558
0.00378879
0.000698548
-0.00239303
-0.00548428
-0.0085738
-0.0116602
-0.014742
-0.0178176
-0.0208855
-0.023944
-0.0269914
-0.030026
-0.0330461
-0.0360591
-0.0390581
-0.042039
0.0386936
0.0358775
0.0328041
0.0298221
0.0269535
0.0241033
0.021217
0.0182967
0.0153615
0.0124214
0.00947716
0.00652681
0.00357043
0.00060973
-0.00235327
-0.00531685
-0.00827955
-0.0112399
-0.0141965
-0.0171476
-0.0200916
-0.023027
-0.0259519
-0.0288648
-0.0317642
-0.0346565
-0.0375342
-0.0403939
0.0369417
0.0342522
0.0313423
0.0285072
0.0257658
0.0230384
0.0202786
0.0174872
0.0146799
0.0118659
0.00904629
0.00621988
0.00338685
0.000548782
-0.00229237
-0.00513487
-0.0079772
-0.0108179
-0.0136553
-0.0164879
-0.019314
-0.0221321
-0.0249404
-0.0277373
-0.0305212
-0.0332982
-0.03606
-0.0388034
0.0353177
0.0327476
0.0299894
0.0272916
0.02467
0.0220583
0.019417
0.0167463
0.0140593
0.011364
0.00866189
0.00595232
0.00323563
0.000513343
-0.00221267
-0.00494067
-0.00766908
-0.0103963
-0.0131208
-0.0158409
-0.0185549
-0.0212612
-0.0239581
-0.0266449
-0.0293207
-0.0319885
-0.0346393
-0.0372709
0.0338183
0.0313602
0.0287424
0.0261723
0.023663
0.0211596
0.0186292
0.0160714
0.013497
0.010913
0.00832126
0.00572147
0.00311418
0.000500848
-0.00211672
-0.00473678
-0.00735774
-0.00997801
-0.012596
-0.0152099
-0.0178179
-0.0204181
-0.0230077
-0.0255848
-0.028151
-0.0307204
-0.0332685
-0.0357953
0.03244
0.0300864
0.0275979
0.0251461
0.0227416
0.0203393
0.0179121
0.0154593
0.0129899
0.01051
0.00802151
0.00552451
0.0030197
0.000508534
-0.00200724
-0.00452592
-0.00704586
-0.0095655
-0.0120832
-0.0145974
-0.0171066
-0.0196093
-0.0221046
-0.0245907
-0.0270627
-0.0295066
-0.031947
-0.0343784
0.0311791
0.0289227
0.0265526
0.0242097
0.0219023
0.0195939
0.0172623
0.0149069
0.012535
0.010152
0.00775959
0.00535839
0.00294919
0.000533427
-0.0018872
-0.004311
-0.00673634
-0.00916161
-0.0115852
-0.0140055
-0.0164208
-0.0188293
-0.0212291
-0.0236175
-0.0259916
-0.0283479
-0.0306968
-0.0330349
0.0300321
0.0278653
0.025603
0.0233597
0.0211419
0.0189202
0.0166767
0.014411
0.0121291
0.00983559
0.00753227
0.0052199
0.00289944
0.00057231
-0.00175982
-0.00409526
-0.00643237
-0.00876952
-0.0111051
-0.0134373
-0.0157645
-0.018085
-0.0203968
-0.022698
-0.0249864
-0.0272576
-0.0295188
-0.0317673
0.0289955
0.0269108
0.0247459
0.0225929
0.0204569
0.0183146
0.0161518
0.0139682
0.0117688
0.00955752
0.00733614
0.0051056
0.00286697
0.000621677
-0.00162863
-0.0038823
-0.00613766
-0.00839309
-0.0106469
-0.0128974
-0.015143
-0.0173817
-0.0196119
-0.0218316
-0.0240386
-0.0262298
-0.0284094
-0.0305754
0.0280661
0.0260556
0.0239779
0.0219061
0.0198441
0.0177738
0.0156842
0.0135751
0.0114507
0.00931425
0.00716762
0.00501185
0.00284807
0.000677737
-0.00149754
-0.00367611
-0.00585633
-0.00803655
-0.0102151
-0.0123903
-0.0145605
-0.0167238
-0.0188786
-0.0210229
-0.0231547
-0.0252714
-0.0273756
-0.0294654
0.0272407
0.0252966
0.023296
0.0212961
0.0193003
0.0172945
0.0152705
0.0132282
0.0111711
0.00910214
0.00702298
0.00493479
0.00283879
0.000736424
-0.00137072
-0.003481
-0.0055928
-0.00770448
-0.00981437
-0.0119208
-0.0140221
-0.0161164
-0.0182022
-0.0202774
-0.0223403
-0.0243884
-0.0264234
-0.0284435
0.026517
0.024631
0.0226974
0.0207603
0.0188225
0.0168736
0.0149073
0.0129241
0.0109266
0.00891748
0.00689834
0.0048704
0.00283494
0.0007934
-0.00125266
-0.00330163
-0.0053519
-0.00740184
-0.00944981
-0.0114941
-0.0135331
-0.0155651
-0.0175884
-0.0196011
-0.0216014
-0.0235872
-0.0255593
-0.0275161
0.025893
0.0240565
0.0221796
0.020296
0.018408
0.016508
0.0145916
0.0126594
0.0107136
0.00875653
0.00678976
0.00481453
0.00283216
0.000844079
-0.00114817
-0.00314302
-0.00513886
-0.0071341
-0.00912711
-0.0111162
-0.0130998
-0.0150762
-0.0170437
-0.0190005
-0.0209449
-0.0228749
-0.0247908
-0.0266911
0.0253674
0.0235715
0.0217411
0.0199014
0.0180545
0.0161951
0.0143204
0.0124309
0.0105287
0.00861564
0.00669331
0.00476299
0.002826
0.000883761
-0.00106221
-0.00301038
-0.00495917
-0.006907
-0.00885228
-0.0107934
-0.0127287
-0.0146566
-0.0165754
-0.0184835
-0.0203789
-0.02226
-0.0241265
-0.0259771
0.0249404
0.0231756
0.021381
0.0195753
0.0177604
0.015933
0.0140912
0.0122357
0.0103684
0.00849086
0.00660464
0.00471101
0.00281132
0.000906958
-0.00100059
-0.0029098
-0.00481916
-0.00672712
-0.0086321
-0.0105325
-0.0124268
-0.0143133
-0.0161904
-0.0180565
-0.01991
-0.0217494
-0.0235741
-0.0253826
0.024613
0.0228694
0.0210997
0.0193179
0.0175258
0.0157212
0.0139033
0.0120727
0.0102311
0.00837994
0.00652078
0.00465486
0.00278353
0.000908187
-0.000969719
-0.00284871
-0.00472728
-0.00660392
-0.00847712
-0.0103453
-0.0122071
-0.0140607
-0.0159048
-0.0177376
-0.0195572
-0.0213616
-0.0231507
-0.0249238
0.0243881
0.0226541
0.0208971
0.0191279
0.0173484
0.0155573
0.0137541
0.0119395
0.0101149
0.00828183
0.00644161
0.00459549
0.00274478
0.000890821
-0.00096498
-0.0028212
-0.00467638
-0.00652905
-0.00837774
-0.0102209
-0.0120572
-0.0138849
-0.0157027
-0.0175093
-0.0193034
-0.0210842
-0.0228499
-0.0245982
0.0242767
0.0225423
0.0207844
0.0190131
0.0172312
0.0154383
0.0136343
0.0118201
0.00999714
0.00816692
0.00633083
0.0044902
0.00264632
0.000800555
-0.00104573
-0.00289115
-0.00473431
-0.00657382
-0.00840827
-0.0102363
-0.0120564
-0.0138671
-0.0156671
-0.0174546
-0.019228
-0.0209854
-0.0227274
-0.0244547
0.134675
0.135331
0.136506
0.138114
0.140044
0.14223
0.144559
0.146967
0.14932
0.151555
0.153505
0.155126
0.15621
0.156764
0.156506
0.155562
0.153482
0.150658
0.146198
0.140983
0.132216
0.134041
0.134661
0.135773
0.137291
0.139105
0.141147
0.143304
0.145509
0.147628
0.149596
0.151248
0.152538
0.153263
0.153423
0.152753
0.151354
0.148835
0.145477
0.140609
0.134633
0.126645
0.133373
0.133956
0.135
0.136421
0.138109
0.139996
0.141968
0.143959
0.145835
0.14753
0.148883
0.149848
0.150231
0.150028
0.148996
0.147217
0.14436
0.140626
0.135553
0.12938
0.122069
0.132671
0.133214
0.134187
0.135506
0.137062
0.138787
0.140568
0.142337
0.143962
0.145377
0.146427
0.147063
0.147104
0.146542
0.145159
0.143017
0.139852
0.135797
0.130577
0.124336
0.117283
0.131933
0.132436
0.133335
0.134548
0.135969
0.137528
0.139114
0.140657
0.142028
0.143162
0.143907
0.144216
0.14392
0.143005
0.141284
0.138797
0.135346
0.131012
0.125661
0.119376
0.112447
0.131159
0.13162
0.132443
0.133548
0.13483
0.13622
0.137606
0.138921
0.140037
0.140888
0.141331
0.141317
0.140692
0.139438
0.137396
0.134589
0.130878
0.126313
0.120847
0.114554
0.10774
0.130347
0.130765
0.13151
0.132504
0.133644
0.13486
0.136044
0.137128
0.137987
0.138556
0.1387
0.13837
0.137427
0.135847
0.133503
0.130405
0.126462
0.121708
0.116152
0.109877
0.103181
0.129496
0.12987
0.130536
0.131415
0.132409
0.133449
0.134428
0.135278
0.13588
0.136168
0.136018
0.135378
0.134127
0.132238
0.129613
0.126251
0.122103
0.117196
0.111575
0.105334
0.0987501
0.128605
0.128935
0.129518
0.130281
0.131126
0.131987
0.132759
0.133374
0.133719
0.133729
0.133289
0.132348
0.130802
0.128621
0.125734
0.122135
0.117808
0.112779
0.107114
0.100916
0.0944419
0.127674
0.127959
0.128458
0.129101
0.129795
0.130474
0.131037
0.131417
0.131507
0.131242
0.130519
0.129286
0.127458
0.125004
0.121874
0.118066
0.113584
0.108459
0.102769
0.0966209
0.0902582
0.126703
0.126941
0.127354
0.127875
0.128416
0.128911
0.129265
0.129409
0.129246
0.12871
0.127712
0.126199
0.124103
0.121394
0.118044
0.11405
0.109437
0.10424
0.0985436
0.0924522
0.0862024
0.125689
0.125881
0.126206
0.126604
0.12699
0.1273
0.127443
0.127353
0.12694
0.12614
0.124875
0.123094
0.120745
0.117802
0.114251
0.110096
0.105375
0.100126
0.0944388
0.0884121
0.0822773
0.124634
0.124778
0.125015
0.125287
0.125517
0.125641
0.125574
0.125253
0.124594
0.123536
0.122013
0.119978
0.117392
0.114234
0.110504
0.10621
0.101402
0.096119
0.090457
0.0845032
0.0784859
0.123537
0.123633
0.12378
0.123926
0.123999
0.123936
0.123661
0.123111
0.122211
0.120904
0.119134
0.116859
0.114053
0.110698
0.106809
0.102399
0.0975235
0.0922246
0.0866007
0.0807279
0.0748307
0.122399
0.122446
0.122502
0.122521
0.122436
0.122188
0.121707
0.120932
0.119797
0.11825
0.116245
0.113744
0.110734
0.107203
0.103176
0.0986687
0.0937452
0.0884459
0.0828721
0.0770885
0.0713142
0.12122
0.121217
0.121182
0.121074
0.120831
0.1204
0.119715
0.118719
0.117357
0.11558
0.113351
0.110641
0.107444
0.103757
0.09961
0.0950257
0.0900715
0.0847867
0.0792738
0.073587
0.0679382
0.12
0.119948
0.119822
0.119586
0.119187
0.118573
0.117688
0.116479
0.114897
0.1129
0.110462
0.107557
0.104191
0.100366
0.0961188
0.0914755
0.0865067
0.08125
0.0758078
0.0702247
0.0647041
0.118741
0.118639
0.118422
0.11806
0.117506
0.116713
0.115632
0.114215
0.112423
0.110218
0.107583
0.104501
0.100983
0.0970378
0.0927087
0.0880235
0.0830549
0.0778387
0.072476
0.0670028
0.0616127
0.117444
0.117293
0.116986
0.116497
0.11579
0.114822
0.113551
0.111934
0.109941
0.10754
0.104723
0.101479
0.0978269
0.0937796
0.0893856
0.0846744
0.0797198
0.0745554
0.06928
0.063922
0.0586643
0.116112
0.115912
0.115515
0.114902
0.114045
0.112905
0.111449
0.109641
0.107458
0.104874
0.101889
0.0984994
0.0947299
0.0905979
0.0861551
0.0814329
0.0765047
0.0714022
0.0662207
0.0609826
0.0558589
0.114747
0.114498
0.114012
0.113277
0.112273
0.110967
0.109334
0.107344
0.10498
0.102227
0.0990894
0.0955699
0.0916993
0.0874988
0.0830226
0.0783029
0.0734124
0.0683807
0.0632991
0.0581845
0.0531958
0.113351
0.113055
0.112481
0.111628
0.11048
0.109014
0.107211
0.105048
0.102516
0.0996066
0.096331
0.0926976
0.0887418
0.0844883
0.0799928
0.0752883
0.0704455
0.0654924
0.0605155
0.0555273
0.0506741
0.111928
0.111585
0.110927
0.109957
0.108671
0.107051
0.105086
0.10276
0.100073
0.0970207
0.0936217
0.0898898
0.0858639
0.081572
0.0770703
0.0723922
0.0676061
0.0627382
0.05787
0.05301
0.0482923
0.110483
0.110095
0.109353
0.108271
0.106852
0.105085
0.102967
0.10049
0.0976584
0.0944769
0.090969
0.0871534
0.0830718
0.0787551
0.0742591
0.0696176
0.0648959
0.0601187
0.0553621
0.0506316
0.0460489
0.10902
0.108587
0.107765
0.106575
0.105029
0.103123
0.100861
0.0982426
0.0952801
0.0919832
0.0883804
0.0844952
0.0803717
0.0760425
0.0715631
0.066967
0.0623162
0.0576341
0.0529912
0.0483905
0.0439417
0.107544
0.107069
0.10617
0.104876
0.103209
0.101171
0.0987758
0.0960277
0.0929463
0.0895472
0.0858633
0.081922
0.077769
0.0734388
0.0689856
0.0644425
0.0598682
0.0552846
0.0507565
0.0462851
0.0419685
0.106062
0.105546
0.104573
0.103182
0.101399
0.099239
0.0967196
0.0938533
0.0906653
0.087177
0.0834249
0.0794401
0.0752694
0.0709483
0.0665298
0.0620462
0.0575526
0.0530697
0.0486568
0.0443134
0.0401269
0.10458
0.104025
0.102983
0.101498
0.0996087
0.0973344
0.094701
0.0917279
0.0884455
0.0848805
0.0810726
0.077056
0.072878
0.0685751
0.0641984
0.0597795
0.0553699
0.0509889
0.0466906
0.0424732
0.038414
0.103107
0.102515
0.101406
0.0998352
0.0978457
0.0954663
0.0927293
0.0896605
0.0862955
0.0826657
0.0788136
0.0747757
0.0705999
0.066323
0.0619941
0.057644
0.0533205
0.0490416
0.0448565
0.0407624
0.036827
0.10165
0.101024
0.0998536
0.0982016
0.0961198
0.0936444
0.0908139
0.0876605
0.0842242
0.0805408
0.076655
0.0726055
0.0684401
0.0641957
0.0599193
0.0556408
0.0514044
0.0472271
0.0431528
0.0391786
0.035363
0.10022
0.0995615
0.0983339
0.0966075
0.0944412
0.0918789
0.088965
0.0857376
0.0822407
0.0785139
0.0746041
0.0705515
0.0664034
0.0621968
0.0579766
0.0537714
0.049622
0.0455444
0.0415779
0.0377193
0.0340191
0.0988264
0.0981384
0.0968581
0.0950635
0.0928207
0.0901805
0.087193
0.0839016
0.0803542
0.0765937
0.0726683
0.0686198
0.0644948
0.0603301
0.0561682
0.0520368
0.0479733
0.0439928
0.0401302
0.0363824
0.0327922
0.097481
0.096766
0.0954377
0.0935815
0.09127
0.0885607
0.085509
0.0821632
0.0785744
0.0747886
0.0708552
0.0668168
0.0627194
0.0585992
0.0544967
0.0504384
0.0464587
0.0425717
0.0388083
0.0351656
0.0316796
0.0961962
0.0954567
0.0940852
0.0921738
0.0898014
0.0870316
0.0839246
0.0805333
0.0769116
0.073108
0.0691727
0.0651492
0.0610825
0.0570083
0.0529649
0.0489779
0.0450787
0.0412806
0.0376109
0.034067
0.0306788
0.0949852
0.094224
0.0928141
0.090854
0.0884282
0.0856061
0.0824523
0.0790235
0.0753763
0.0715612
0.0676291
0.0636239
0.0595898
0.0555617
0.0515761
0.0476574
0.0438344
0.0401197
0.0365373
0.033085
0.0297873
0.0938628
0.0930824
0.0916389
0.0896364
0.0871646
0.084298
0.0811052
0.0776462
0.07398
0.0701586
0.0662334
0.0622487
0.0582476
0.0542645
0.0503339
0.0464794
0.0427272
0.0390895
0.0355872
0.0322185
0.0290034
0.0928445
0.0920475
0.0905751
0.0885364
0.0860257
0.0831221
0.0798973
0.0764148
0.0727348
0.0689112
0.0649955
0.061032
0.0570631
0.0531225
0.049243
0.0454473
0.0417595
0.0381914
0.034761
0.0314672
0.028326
0.091947
0.0911361
0.0896395
0.0875707
0.0850279
0.0820941
0.078844
0.0753433
0.0716541
0.0678311
0.0639261
0.0599834
0.0560446
0.0521427
0.048309
0.0445655
0.0409347
0.0374275
0.0340601
0.0308316
0.0277546
0.0911885
0.0903661
0.0888499
0.086757
0.0841887
0.0812312
0.0779615
0.0744476
0.0707525
0.0669319
0.0630376
0.0591139
0.0552016
0.0513333
0.047539
0.0438401
0.0402574
0.0368016
0.0334871
0.0303133
0.0272902
0.0905879
0.0897568
0.0882256
0.0861143
0.0835269
0.0805517
0.0772679
0.0737448
0.0700463
0.0662287
0.0623439
0.0584362
0.0545456
0.0507044
0.0469417
0.0432783
0.0397339
0.036319
0.0330462
0.0299156
0.0269348
0.0901658
0.0893285
0.0877869
0.0856632
0.0830628
0.0800759
0.0767828
0.0732539
0.0695536
0.0657388
0.0618613
0.0579653
0.0540904
0.0502686
0.0465283
0.04289
0.0393728
0.0359868
0.0327438
0.0296441
0.0266932
0.0899437
0.089103
0.0875559
0.0854258
0.0828188
0.0798259
0.076528
0.0729963
0.0692953
0.0654822
0.0616087
0.057719
0.0538525
0.0500411
0.0463127
0.0426877
0.0391848
0.0358142
0.0325874
0.0295051
0.0265725
0.146324
0.1473
0.149154
0.151768
0.15505
0.158961
0.163452
0.168509
0.174018
0.17998
0.186375
0.193187
0.200377
0.207922
0.215778
0.223929
0.232318
0.240939
0.249713
0.258654
0.267621
0.146292
0.147266
0.14911
0.151703
0.154952
0.158811
0.163216
0.16815
0.173701
0.17967
0.186057
0.192861
0.200042
0.207581
0.215432
0.223576
0.231956
0.24056
0.249307
0.258222
0.267196
0.146226
0.147195
0.149031
0.151615
0.154858
0.15872
0.163158
0.168178
0.173638
0.179553
0.185901
0.192665
0.199803
0.207294
0.215093
0.223182
0.231503
0.240047
0.248736
0.257595
0.266487
0.146128
0.147093
0.148923
0.151501
0.154736
0.158587
0.163001
0.167948
0.173416
0.179317
0.185637
0.192363
0.199455
0.206894
0.21463
0.222648
0.230887
0.239342
0.247927
0.256672
0.265423
0.145997
0.146958
0.148782
0.151349
0.15457
0.158402
0.162798
0.167743
0.173152
0.179008
0.18528
0.191952
0.19898
0.206345
0.213997
0.22192
0.23005
0.238384
0.246831
0.255428
0.263998
0.145835
0.146791
0.148604
0.151158
0.154362
0.158172
0.162544
0.167448
0.172815
0.178622
0.184837
0.19144
0.198389
0.205662
0.213208
0.221011
0.229004
0.237188
0.245464
0.253877
0.26222
0.14564
0.14659
0.148392
0.15093
0.154113
0.157898
0.16224
0.167108
0.172415
0.178162
0.184306
0.190828
0.197681
0.204845
0.212264
0.219924
0.227754
0.235758
0.243827
0.252018
0.260091
0.145414
0.146358
0.148146
0.150665
0.153824
0.157579
0.161887
0.166707
0.17195
0.177627
0.18369
0.190118
0.196859
0.203895
0.211166
0.21866
0.226299
0.234093
0.241922
0.249855
0.257613
0.145157
0.146093
0.147867
0.150365
0.153496
0.157217
0.161484
0.166251
0.17142
0.177019
0.18299
0.189309
0.195923
0.202813
0.209916
0.21722
0.224642
0.232196
0.23975
0.24739
0.254789
0.14487
0.145797
0.147554
0.150029
0.153129
0.156813
0.161036
0.165739
0.170828
0.176338
0.182206
0.188404
0.194876
0.201603
0.208516
0.215607
0.222784
0.23007
0.237316
0.244625
0.251624
0.144553
0.145471
0.147209
0.149659
0.152725
0.156369
0.160526
0.165168
0.170174
0.175588
0.18134
0.187404
0.193719
0.200265
0.206969
0.213824
0.22073
0.227717
0.234621
0.241566
0.248122
0.144207
0.145115
0.146833
0.149254
0.152284
0.15589
0.160002
0.164539
0.169458
0.174768
0.180395
0.186312
0.192454
0.198802
0.205276
0.211872
0.218481
0.225141
0.23167
0.238216
0.244288
0.143832
0.144729
0.146426
0.148817
0.151808
0.15537
0.159421
0.163856
0.168683
0.17388
0.179371
0.185128
0.191083
0.197216
0.20344
0.209754
0.21604
0.222345
0.228466
0.234579
0.240128
0.143429
0.144315
0.145989
0.148348
0.151296
0.154808
0.158779
0.163125
0.167852
0.172927
0.17827
0.183856
0.189608
0.195509
0.201463
0.207475
0.213411
0.219333
0.225013
0.23066
0.235647
0.142999
0.143873
0.145523
0.147847
0.150752
0.154202
0.158097
0.162348
0.166965
0.171909
0.177094
0.182497
0.188032
0.193684
0.199349
0.205035
0.210597
0.216109
0.221316
0.226466
0.230853
0.142542
0.143404
0.145029
0.147317
0.150179
0.153559
0.157365
0.161523
0.166024
0.170829
0.175846
0.181053
0.186357
0.191744
0.1971
0.20244
0.207602
0.212676
0.217379
0.222001
0.225752
0.14206
0.14291
0.144508
0.146758
0.149578
0.152918
0.15659
0.160652
0.165031
0.169687
0.174527
0.179526
0.184585
0.189691
0.19472
0.199691
0.204429
0.209039
0.213208
0.217272
0.220353
0.141553
0.142391
0.143961
0.146172
0.148937
0.152187
0.155777
0.159738
0.163987
0.168487
0.173139
0.17792
0.182719
0.187529
0.192211
0.196793
0.201082
0.205203
0.208807
0.212285
0.214663
0.141023
0.141847
0.143389
0.145563
0.148258
0.151432
0.154931
0.158782
0.162894
0.16723
0.171685
0.176236
0.180762
0.18526
0.189576
0.19375
0.197566
0.201173
0.204183
0.207047
0.208691
0.14047
0.141281
0.142793
0.144929
0.147598
0.150642
0.154049
0.157785
0.161754
0.165918
0.170166
0.174476
0.178717
0.182887
0.18682
0.190565
0.193884
0.196953
0.19934
0.201565
0.202444
0.139895
0.140692
0.142176
0.144254
0.146848
0.149822
0.153134
0.15675
0.160569
0.164553
0.168586
0.172644
0.176586
0.180414
0.183945
0.187243
0.19004
0.192548
0.194283
0.195846
0.195931
0.139299
0.140083
0.141539
0.143596
0.146084
0.148978
0.152188
0.155676
0.159339
0.163138
0.166946
0.170742
0.174372
0.177843
0.180955
0.183786
0.186039
0.187964
0.189017
0.189895
0.189157
0.138683
0.139454
0.140876
0.142876
0.145296
0.148106
0.15121
0.154567
0.158069
0.161673
0.165249
0.168772
0.172078
0.175179
0.177855
0.180201
0.181885
0.183206
0.183545
0.183721
0.182124
0.138048
0.138806
0.140205
0.142134
0.144487
0.147209
0.150203
0.153423
0.156758
0.160162
0.163497
0.166737
0.169708
0.172423
0.174646
0.176489
0.177583
0.178278
0.177871
0.177326
0.17483
0.137396
0.138139
0.139504
0.141374
0.143656
0.146287
0.149166
0.152246
0.155407
0.158604
0.16169
0.164636
0.167261
0.169576
0.171333
0.172653
0.173136
0.173183
0.171998
0.170714
0.167257
0.136727
0.137461
0.138781
0.140598
0.142808
0.145346
0.148108
0.151043
0.154028
0.157011
0.159841
0.162485
0.164752
0.166655
0.16793
0.168708
0.168561
0.167932
0.165934
0.163893
0.159392
0.136042
0.13676
0.138043
0.139808
0.141945
0.14439
0.147035
0.149825
0.152631
0.155399
0.157968
0.160304
0.162204
0.163682
0.164459
0.164675
0.163872
0.16253
0.159663
0.156816
0.151154
0.135341
0.136036
0.137275
0.138974
0.141024
0.14336
0.145869
0.148494
0.151101
0.153631
0.155918
0.157923
0.159434
0.160465
0.160723
0.160361
0.15889
0.156828
0.153064
0.149276
0.142086
0.135352
0.13603
0.137268
0.138968
0.141019
0.143353
0.145856
0.148468
0.151056
0.153558
0.155811
0.157776
0.159242
0.160228
0.160442
0.160044
0.158544
0.156471
0.152719
0.148969
0.141874
0.136055
0.136775
0.138081
0.139877
0.142049
0.144529
0.147206
0.150021
0.152841
0.155611
0.158167
0.160474
0.162328
0.16375
0.164454
0.164601
0.163723
0.162332
0.159432
0.156609
0.151032
0.136741
0.137488
0.138843
0.140705
0.142964
0.145552
0.148358
0.15133
0.154338
0.15733
0.16015
0.162767
0.164987
0.16683
0.16803
0.168731
0.168506
0.167814
0.165783
0.163734
0.159304
0.137409
0.138165
0.139566
0.14148
0.143811
0.146491
0.149415
0.152532
0.155719
0.158927
0.162008
0.164933
0.167518
0.169781
0.171471
0.172719
0.173133
0.173113
0.171896
0.170584
0.167185
0.13806
0.138833
0.140269
0.142241
0.144643
0.147417
0.150458
0.153719
0.157084
0.160505
0.163841
0.167066
0.170004
0.172672
0.174836
0.176608
0.177636
0.17826
0.177816
0.177228
0.17477
0.138694
0.139481
0.140939
0.142986
0.145458
0.148323
0.151477
0.154879
0.158415
0.162042
0.165624
0.169137
0.172417
0.175474
0.178096
0.180373
0.181993
0.183239
0.183533
0.183655
0.182075
0.139309
0.14011
0.141606
0.14372
0.146252
0.149202
0.152465
0.156002
0.159704
0.163529
0.167349
0.17114
0.174749
0.178182
0.181244
0.184009
0.186197
0.188045
0.189045
0.18986
0.189118
0.139904
0.14072
0.142244
0.144365
0.147022
0.150054
0.153422
0.157088
0.16095
0.164966
0.169015
0.173073
0.177
0.180794
0.184279
0.187514
0.190247
0.192675
0.19435
0.195839
0.195902
0.140479
0.14131
0.142862
0.145051
0.147772
0.150879
0.154346
0.158137
0.162152
0.166351
0.170621
0.174936
0.179166
0.183307
0.187198
0.190882
0.194136
0.197124
0.199444
0.201586
0.202425
0.141031
0.141877
0.143459
0.145689
0.148455
0.151676
0.155237
0.159146
0.163308
0.167683
0.172163
0.176724
0.181245
0.185718
0.189996
0.194111
0.197862
0.201386
0.204322
0.207094
0.208682
0.141561
0.142421
0.144033
0.1463
0.149122
0.152439
0.156092
0.160113
0.164416
0.168959
0.173641
0.178436
0.183234
0.188023
0.192669
0.197196
0.20142
0.205456
0.20898
0.212357
0.214663
0.142068
0.142941
0.144581
0.146888
0.149772
0.153168
0.156911
0.161038
0.165475
0.170177
0.175051
0.180069
0.18513
0.19022
0.195216
0.200133
0.204806
0.20933
0.213412
0.217368
0.220362
0.142549
0.143436
0.145104
0.147449
0.150379
0.153845
0.157695
0.161919
0.166482
0.171336
0.176391
0.18162
0.18693
0.192305
0.197631
0.202919
0.208016
0.213002
0.217614
0.22212
0.225771
0.143006
0.143905
0.145599
0.147981
0.150953
0.154464
0.158435
0.162754
0.167436
0.172432
0.177659
0.183087
0.188633
0.194275
0.199913
0.205549
0.211046
0.216469
0.221579
0.226607
0.23088
0.143436
0.144347
0.146066
0.148484
0.1515
0.155086
0.15913
0.163541
0.168335
0.173466
0.178853
0.184468
0.190234
0.196128
0.202058
0.208021
0.213893
0.219725
0.225303
0.230822
0.235683
0.143838
0.144761
0.146504
0.148955
0.152015
0.155653
0.159763
0.164276
0.169177
0.174433
0.179971
0.185761
0.191732
0.197862
0.204064
0.210332
0.216553
0.222766
0.228781
0.23476
0.240173
0.144213
0.145147
0.146912
0.149394
0.152494
0.156181
0.160402
0.16497
0.169962
0.175334
0.181011
0.186964
0.193125
0.199472
0.205926
0.212477
0.219022
0.225589
0.232008
0.238415
0.244341
0.14456
0.145504
0.14729
0.1498
0.152938
0.156657
0.160868
0.165608
0.170689
0.176166
0.181972
0.188074
0.19441
0.200958
0.207644
0.214455
0.221297
0.22819
0.234981
0.241782
0.248183
0.144877
0.145831
0.147635
0.150172
0.153344
0.157105
0.161416
0.166192
0.171353
0.176928
0.182851
0.189089
0.195586
0.202317
0.209214
0.216263
0.223375
0.230566
0.237695
0.244857
0.251692
0.145164
0.146127
0.147949
0.15051
0.153714
0.157513
0.16186
0.166708
0.171953
0.177618
0.183647
0.190009
0.19665
0.203546
0.210634
0.217897
0.225253
0.232712
0.240148
0.247635
0.254864
0.145421
0.146392
0.148229
0.150812
0.154044
0.157877
0.162269
0.167172
0.17249
0.178236
0.184358
0.19083
0.1976
0.204644
0.211902
0.219356
0.22693
0.234628
0.242336
0.250113
0.257694
0.145647
0.146625
0.148476
0.151077
0.154335
0.158199
0.162626
0.167577
0.172962
0.178778
0.184984
0.191553
0.198436
0.205609
0.213016
0.220637
0.228402
0.23631
0.244256
0.252288
0.260178
0.145841
0.146826
0.148689
0.151307
0.154585
0.158476
0.162933
0.167924
0.173368
0.179246
0.185522
0.192174
0.199155
0.206439
0.213974
0.221739
0.229668
0.237755
0.245905
0.254158
0.262314
0.146004
0.146993
0.148866
0.151498
0.154795
0.158708
0.16319
0.168217
0.173709
0.179637
0.185973
0.192694
0.199756
0.207133
0.214775
0.22266
0.230726
0.238963
0.247284
0.255719
0.264098
0.146134
0.147128
0.149009
0.151651
0.154962
0.158895
0.163397
0.168438
0.173979
0.179952
0.186335
0.193112
0.200239
0.20769
0.215418
0.223399
0.231574
0.239932
0.248389
0.256972
0.26553
0.146233
0.14723
0.149117
0.151767
0.155086
0.15903
0.163553
0.168646
0.174192
0.180185
0.186601
0.193418
0.200592
0.208098
0.215889
0.223942
0.232199
0.240647
0.249208
0.257903
0.266599
0.146299
0.147301
0.149195
0.151855
0.155182
0.159129
0.163632
0.168673
0.174301
0.180336
0.186786
0.193639
0.200854
0.208405
0.216245
0.224351
0.232664
0.241168
0.249784
0.258537
0.267314
0.146331
0.147334
0.149235
0.151908
0.155259
0.159244
0.163811
0.168938
0.174518
0.180562
0.187028
0.193898
0.201128
0.208694
0.216549
0.224671
0.233004
0.241534
0.250184
0.258962
0.267743
0.0899425
0.0891017
0.0875545
0.0854243
0.0828171
0.0798241
0.0765261
0.0729943
0.0692933
0.0654801
0.0616066
0.0577169
0.0538504
0.0500389
0.0463106
0.0426857
0.0391828
0.0358123
0.0325855
0.0295032
0.0265707
0.0901646
0.0893272
0.0877855
0.0856617
0.0830612
0.0800742
0.0767809
0.0732519
0.0695515
0.0657367
0.0618592
0.0579631
0.0540882
0.0502664
0.0465262
0.042888
0.0393707
0.0359848
0.0327419
0.0296422
0.0266914
0.0905868
0.0897555
0.0882242
0.0861128
0.0835252
0.0805499
0.077266
0.0737428
0.0700442
0.0662265
0.0623417
0.058434
0.0545434
0.0507023
0.0469396
0.0432762
0.0397319
0.036317
0.0330443
0.0299137
0.026933
0.0911873
0.0903649
0.0888486
0.0867555
0.0841871
0.0812294
0.0779596
0.0744456
0.0707504
0.0669296
0.0630353
0.0591116
0.0551994
0.051331
0.0475368
0.0438379
0.0402553
0.0367996
0.0334851
0.0303114
0.0272884
0.091946
0.091135
0.0896382
0.0875692
0.0850263
0.0820923
0.078842
0.0753412
0.0716519
0.0678288
0.0639238
0.0599811
0.0560423
0.0521404
0.0483068
0.0445633
0.0409325
0.0374254
0.0340581
0.0308297
0.0277528
0.0928435
0.0920464
0.0905739
0.088535
0.0860241
0.0831203
0.0798953
0.0764126
0.0727325
0.0689088
0.0649931
0.0610296
0.0570607
0.0531201
0.0492407
0.045445
0.0417573
0.0381892
0.034759
0.0314653
0.028324
0.0938619
0.0930814
0.0916377
0.089635
0.087163
0.0842962
0.0811031
0.0776441
0.0739776
0.0701561
0.0662309
0.0622462
0.0582451
0.054262
0.0503315
0.046477
0.0427249
0.0390873
0.0355851
0.0322165
0.0290015
0.0949844
0.0942231
0.092813
0.0908526
0.0884266
0.0856043
0.0824502
0.0790212
0.0753739
0.0715586
0.0676265
0.0636213
0.0595871
0.0555591
0.0515735
0.0476549
0.043832
0.0401175
0.0365351
0.0330829
0.0297853
0.0961954
0.0954559
0.0940842
0.0921725
0.0897998
0.0870297
0.0839225
0.0805309
0.076909
0.0731053
0.06917
0.0651464
0.0610797
0.0570056
0.0529622
0.0489753
0.0450762
0.0412783
0.0376087
0.0340648
0.0306767
0.0974804
0.0967653
0.0954368
0.0935802
0.0912684
0.0885588
0.0855068
0.0821607
0.0785718
0.0747858
0.0708523
0.0668139
0.0627165
0.0585963
0.0544939
0.0504357
0.0464561
0.0425692
0.0388059
0.0351634
0.0316776
0.0988259
0.0981378
0.0968573
0.0950623
0.0928192
0.0901786
0.0871908
0.0838991
0.0803514
0.0765907
0.0726653
0.0686167
0.0644917
0.060327
0.0561652
0.0520339
0.0479705
0.0439902
0.0401277
0.0363801
0.0327901
0.10022
0.099561
0.0983332
0.0966063
0.0944397
0.091877
0.0889627
0.0857349
0.0822378
0.0785108
0.0746008
0.0705482
0.0664001
0.0621935
0.0579734
0.0537683
0.0496191
0.0455416
0.0415753
0.037717
0.0340169
0.10165
0.101024
0.0998529
0.0982006
0.0961183
0.0936425
0.0908116
0.0876578
0.0842212
0.0805375
0.0766515
0.072602
0.0684365
0.0641922
0.0599159
0.0556376
0.0514014
0.0472242
0.0431501
0.0391761
0.0353608
0.103107
0.102515
0.101406
0.0998343
0.0978443
0.0954644
0.0927269
0.0896577
0.0862923
0.0826622
0.0788099
0.0747719
0.070596
0.0663192
0.0619904
0.0576405
0.0533172
0.0490386
0.0448537
0.0407599
0.0368247
0.10458
0.104025
0.102982
0.101497
0.0996073
0.0973324
0.0946985
0.0917249
0.0884421
0.0848767
0.0810687
0.0770518
0.0728738
0.068571
0.0641944
0.0597757
0.0553664
0.0509857
0.0466877
0.0424706
0.0384116
0.106062
0.105546
0.104573
0.103181
0.101398
0.0992371
0.096717
0.0938502
0.0906617
0.087173
0.0834207
0.0794357
0.0752649
0.0709439
0.0665255
0.0620421
0.0575489
0.0530662
0.0486537
0.0443106
0.0401244
0.107545
0.107069
0.10617
0.104876
0.103207
0.101169
0.0987732
0.0960245
0.0929425
0.0895429
0.0858587
0.0819172
0.0777642
0.073434
0.068981
0.0644382
0.0598642
0.0552809
0.0507533
0.0462822
0.0419661
0.109021
0.108588
0.107766
0.106575
0.105028
0.103121
0.100859
0.0982392
0.0952761
0.0919786
0.0883755
0.08449
0.0803664
0.0760373
0.0715581
0.0669623
0.0623119
0.0576302
0.0529878
0.0483875
0.0439392
0.110484
0.110095
0.109353
0.108271
0.106851
0.105083
0.102965
0.100486
0.0976542
0.0944721
0.0909637
0.0871478
0.0830661
0.0787494
0.0742537
0.0696125
0.0648912
0.0601145
0.0553584
0.0506285
0.0460463
0.11193
0.111587
0.110927
0.109957
0.10867
0.107049
0.105084
0.102757
0.100069
0.0970156
0.093616
0.0898837
0.0858577
0.0815658
0.0770643
0.0723866
0.067601
0.0627337
0.0578661
0.0530068
0.0482897
0.113353
0.113056
0.112482
0.111627
0.110479
0.109012
0.107208
0.105044
0.102512
0.0996011
0.0963249
0.0926911
0.088735
0.0844816
0.0799863
0.0752822
0.07044
0.0654875
0.0605114
0.0555239
0.0506714
0.114749
0.1145
0.114013
0.113278
0.112272
0.110965
0.109331
0.10734
0.104975
0.102221
0.0990828
0.0955628
0.0916919
0.0874914
0.0830155
0.0782963
0.0734064
0.0683755
0.0632947
0.058181
0.0531931
0.116115
0.115914
0.115516
0.114902
0.114044
0.112903
0.111447
0.109637
0.107452
0.104868
0.101882
0.0984917
0.0947219
0.0905898
0.0861474
0.0814256
0.0764982
0.0713965
0.066216
0.0609789
0.0558562
0.117447
0.117296
0.116987
0.116498
0.11579
0.11482
0.113548
0.11193
0.109935
0.107533
0.104715
0.10147
0.0978182
0.0937709
0.0893771
0.0846664
0.0797127
0.0745493
0.0692749
0.0639181
0.0586616
0.118744
0.118642
0.118424
0.11806
0.117505
0.116711
0.115629
0.114211
0.112417
0.110211
0.107575
0.104492
0.100974
0.0970282
0.0926994
0.0880147
0.0830471
0.0778321
0.0724706
0.0669987
0.06161
0.120003
0.11995
0.119824
0.119587
0.119187
0.118572
0.117685
0.116474
0.114891
0.112893
0.110453
0.107547
0.104181
0.100355
0.0961085
0.0914659
0.0864981
0.0812427
0.075802
0.0702205
0.0647015
0.121224
0.12122
0.121184
0.121075
0.120831
0.120398
0.119712
0.118715
0.117351
0.115572
0.113342
0.110631
0.107433
0.103745
0.0995986
0.0950151
0.090062
0.0847787
0.0792676
0.0735826
0.0679357
0.122403
0.122449
0.122504
0.122523
0.122436
0.122187
0.121704
0.120927
0.119791
0.118242
0.116235
0.113733
0.110722
0.107191
0.103163
0.098657
0.0937347
0.0884372
0.0828654
0.077084
0.0713118
0.123542
0.123636
0.123782
0.123928
0.123999
0.123935
0.123659
0.123107
0.122205
0.120896
0.119124
0.116847
0.11404
0.110684
0.106796
0.102386
0.0975119
0.0922149
0.0865933
0.0807232
0.0748285
0.124639
0.124782
0.125017
0.125289
0.125518
0.12564
0.125572
0.125248
0.124587
0.123528
0.122002
0.119966
0.117378
0.114219
0.110488
0.106196
0.101389
0.0961084
0.0904489
0.0844982
0.0784838
0.125695
0.125885
0.126209
0.126606
0.126991
0.127299
0.127441
0.127349
0.126933
0.126131
0.124863
0.12308
0.12073
0.117785
0.114234
0.11008
0.10536
0.100114
0.0944298
0.0884069
0.0822755
0.126709
0.126945
0.127357
0.127878
0.128418
0.128911
0.129263
0.129405
0.129239
0.128701
0.1277
0.126185
0.124087
0.121377
0.118026
0.114033
0.109421
0.104227
0.0985336
0.0924467
0.0862008
0.127681
0.127964
0.128461
0.129104
0.129797
0.130474
0.131035
0.131413
0.1315
0.131232
0.130506
0.129271
0.12744
0.124984
0.121854
0.118046
0.113566
0.108444
0.102758
0.096615
0.0902569
0.128613
0.12894
0.129522
0.130284
0.131128
0.131987
0.132757
0.13337
0.133712
0.133719
0.133276
0.132332
0.130783
0.1286
0.125712
0.122113
0.117788
0.112762
0.107101
0.100909
0.0944408
0.129504
0.129875
0.13054
0.131418
0.132411
0.13345
0.134427
0.135274
0.135873
0.136158
0.136005
0.135361
0.134107
0.132216
0.129589
0.126226
0.12208
0.117177
0.11156
0.105327
0.0987494
0.130355
0.13077
0.131515
0.132507
0.133646
0.134861
0.136043
0.137124
0.13798
0.138546
0.138687
0.138352
0.137405
0.135822
0.133477
0.130378
0.126437
0.121686
0.116136
0.109869
0.103181
0.131168
0.131625
0.132448
0.133552
0.134833
0.136221
0.137606
0.138918
0.14003
0.140877
0.141317
0.141299
0.14067
0.139412
0.137368
0.134559
0.130849
0.126288
0.120828
0.114544
0.10774
0.131943
0.132441
0.13334
0.134552
0.135972
0.13753
0.139113
0.140654
0.142022
0.143151
0.143892
0.144196
0.143895
0.142976
0.141252
0.138763
0.135311
0.130981
0.125636
0.119363
0.112446
0.132682
0.133219
0.134192
0.13551
0.137065
0.138788
0.140566
0.142332
0.143953
0.145364
0.146409
0.14704
0.147075
0.146507
0.145121
0.142977
0.139812
0.135758
0.130546
0.124316
0.11728
0.133385
0.133961
0.135005
0.136425
0.138112
0.139997
0.141966
0.143954
0.145826
0.147517
0.148865
0.149825
0.150203
0.149995
0.148961
0.147179
0.144324
0.14059
0.135525
0.129363
0.122073
0.134053
0.134668
0.135781
0.1373
0.139114
0.141157
0.143313
0.145518
0.147635
0.149601
0.151251
0.152538
0.15326
0.153417
0.152745
0.151343
0.148826
0.145467
0.140606
0.134637
0.126673
0.134688
0.135338
0.136518
0.138131
0.140069
0.142261
0.144595
0.147007
0.149361
0.151595
0.153541
0.155154
0.156229
0.156769
0.156497
0.155537
0.153447
0.150615
0.146159
0.140954
0.132227
0.0242749
0.0225406
0.0207827
0.0190114
0.0172295
0.0154367
0.0136327
0.0118186
0.00999566
0.00816548
0.00632943
0.00448883
0.002645
0.000799271
-0.00104698
-0.00289236
-0.00473548
-0.00657494
-0.00840935
-0.0102373
-0.0120574
-0.0138681
-0.015668
-0.0174555
-0.0192289
-0.0209862
-0.0227282
-0.0244554
0.0243864
0.0226524
0.0208954
0.0191262
0.0173468
0.0155557
0.0137525
0.0119379
0.0101134
0.00828039
0.0064402
0.00459413
0.00274345
0.000889535
-0.000966227
-0.0028224
-0.00467755
-0.00653018
-0.00837883
-0.010222
-0.0120582
-0.0138859
-0.0157037
-0.0175102
-0.0193043
-0.021085
-0.0228507
-0.024599
0.0246112
0.0228676
0.021098
0.0193162
0.0175241
0.0157196
0.0139017
0.0120712
0.0102296
0.0083785
0.00651937
0.0046535
0.00278221
0.000906902
-0.000970965
-0.00284991
-0.00472844
-0.00660505
-0.0084782
-0.0103464
-0.0122081
-0.0140617
-0.0159057
-0.0177384
-0.019558
-0.0213624
-0.0231514
-0.0249245
0.0249386
0.0231739
0.0213793
0.0195736
0.0177588
0.0159314
0.0140896
0.0122342
0.0103669
0.00848941
0.00660323
0.00470965
0.00280999
0.000905676
-0.00100183
-0.00291101
-0.00482033
-0.00672824
-0.00863318
-0.0105336
-0.0124278
-0.0143142
-0.0161913
-0.0180573
-0.0199108
-0.0217502
-0.0235749
-0.0253833
0.0253656
0.0235697
0.0217394
0.0198997
0.0180528
0.0161935
0.0143189
0.0124294
0.0105272
0.0086142
0.00669191
0.00476164
0.00282468
0.000882485
-0.00106345
-0.00301157
-0.00496032
-0.00690812
-0.00885336
-0.0107944
-0.0127297
-0.0146576
-0.0165763
-0.0184843
-0.0203798
-0.0222608
-0.0241273
-0.0259778
0.0258911
0.0240547
0.0221779
0.0202943
0.0184063
0.0165064
0.0145901
0.0126578
0.0107121
0.0087551
0.00678837
0.00481319
0.00283086
0.000842814
-0.0011494
-0.0031442
-0.00514001
-0.00713521
-0.00912818
-0.0111173
-0.0131008
-0.0150772
-0.0170446
-0.0190014
-0.0209457
-0.0228757
-0.0247916
-0.0266918
0.0265152
0.0246292
0.0226956
0.0207586
0.0188208
0.016872
0.0149058
0.0129226
0.0109251
0.00891606
0.00689697
0.00486907
0.00283365
0.000792153
-0.00125387
-0.0033028
-0.00535303
-0.00740294
-0.00945087
-0.0114952
-0.0135341
-0.0155661
-0.0175893
-0.0196019
-0.0216022
-0.023588
-0.0255601
-0.0275168
0.0272388
0.0252947
0.0232942
0.0212944
0.0192986
0.0172929
0.0152689
0.0132267
0.0111697
0.00910075
0.00702163
0.00493349
0.00283753
0.000735205
-0.0013719
-0.00348215
-0.00559392
-0.00770556
-0.00981543
-0.0119218
-0.0140231
-0.0161174
-0.0182031
-0.0202783
-0.0223411
-0.0243892
-0.0264242
-0.0284442
0.0280641
0.0260537
0.0239761
0.0219043
0.0198425
0.0177722
0.0156827
0.0135737
0.0114493
0.00931289
0.00716631
0.00501059
0.00284685
0.000676562
-0.00149868
-0.00367722
-0.00585741
-0.00803761
-0.0102162
-0.0123914
-0.0145615
-0.0167248
-0.0188796
-0.0210239
-0.0231556
-0.0252723
-0.0273764
-0.0294662
0.0289935
0.0269089
0.0247441
0.0225912
0.0204553
0.018313
0.0161503
0.0139668
0.0117675
0.00955621
0.00733488
0.0051044
0.00286582
0.000620566
-0.00162971
-0.00388334
-0.00613869
-0.0083941
-0.0106479
-0.0128984
-0.015144
-0.0173827
-0.019613
-0.0218327
-0.0240397
-0.0262308
-0.0284103
-0.0305761
0.0300301
0.0278634
0.0256012
0.023358
0.0211402
0.0189186
0.0166752
0.0144096
0.0121278
0.00983434
0.00753108
0.00521878
0.00289837
0.000571289
-0.0017608
-0.0040962
-0.00643329
-0.00877044
-0.011106
-0.0134383
-0.0157655
-0.018086
-0.0203979
-0.0226992
-0.0249876
-0.0272588
-0.0295197
-0.0317681
0.031177
0.0289207
0.0265508
0.0242079
0.0219007
0.0195924
0.0172609
0.0149056
0.0125338
0.0101508
0.00775849
0.00535737
0.00294824
0.000532529
-0.00188805
-0.00431181
-0.00673712
-0.00916238
-0.011586
-0.0140063
-0.0164217
-0.0188304
-0.0212304
-0.0236192
-0.0259935
-0.0283494
-0.0306979
-0.0330357
0.0324379
0.0300845
0.0275961
0.0251444
0.02274
0.0203378
0.0179107
0.015458
0.0129887
0.010509
0.00802052
0.0055236
0.00301888
0.000507784
-0.00200792
-0.00452654
-0.00704643
-0.00956602
-0.0120837
-0.0145979
-0.0171072
-0.0196101
-0.0221059
-0.0245931
-0.0270676
-0.0295088
-0.0319479
-0.0343789
0.0338162
0.0313582
0.0287406
0.0261707
0.0236615
0.0211582
0.0186279
0.0160702
0.0134959
0.0109121
0.00832039
0.00572071
0.00311351
0.000500265
-0.00211721
-0.00473719
-0.00735806
-0.00997823
-0.0125961
-0.0152099
-0.0178178
-0.0204176
-0.0230066
-0.0255826
-0.0281459
-0.0307181
-0.0332673
-0.0357946
0.0353156
0.0327457
0.0299876
0.02729
0.0246685
0.0220569
0.0194158
0.0167452
0.0140583
0.0113632
0.00866116
0.00595169
0.00323511
0.00051293
-0.00221298
-0.00494087
-0.00766916
-0.0103963
-0.0131207
-0.0158406
-0.0185544
-0.0212603
-0.0239569
-0.0266433
-0.0293187
-0.0319868
-0.0346379
-0.0372698
0.0369395
0.0342503
0.0313405
0.0285056
0.0257643
0.0230372
0.0202775
0.0174862
0.014679
0.0118652
0.00904569
0.0062194
0.00338649
0.000548535
-0.0022925
-0.00513489
-0.00797709
-0.0108176
-0.0136549
-0.0164874
-0.0193133
-0.0221312
-0.0249393
-0.027736
-0.0305197
-0.0332969
-0.0360588
-0.0388023
0.0386914
0.0358755
0.0328024
0.0298206
0.0269521
0.0241021
0.021216
0.0182958
0.0153607
0.0124209
0.0094767
0.00652649
0.00357023
0.000609649
-0.00235323
-0.00531669
-0.00827927
-0.0112395
-0.0141959
-0.0171469
-0.0200908
-0.0230261
-0.0259509
-0.0288636
-0.031763
-0.0346552
-0.037533
-0.0403927
0.0405746
0.0376246
0.0343762
0.031238
0.028235
0.0252547
0.022234
0.0191769
0.0161061
0.0130328
0.00995675
0.00687542
0.00378876
0.000698636
-0.00239282
-0.00548395
-0.00857336
-0.0116597
-0.0147413
-0.0178168
-0.0208846
-0.023943
-0.0269903
-0.0300248
-0.0330449
-0.0360579
-0.0390569
-0.0420378
0.0425922
0.0395004
0.0360647
0.0327606
0.0296158
0.0264978
0.0233343
0.020132
0.0169177
0.0137035
0.0104882
0.00726847
0.00404426
0.000817648
-0.00240918
-0.0056346
-0.00885733
-0.012076
-0.0152892
-0.0184953
-0.0216928
-0.0248802
-0.0280556
-0.0312172
-0.0343633
-0.0375025
-0.040628
-0.0437352
0.0447468
0.0415058
0.0378705
0.0343913
0.0310975
0.0278341
0.0245192
0.0211633
0.0177976
0.0144351
0.0110732
0.00770773
0.00433876
0.00096863
-0.0024004
-0.00576681
-0.00912941
-0.0124869
-0.0158378
-0.0191806
-0.0225139
-0.025836
-0.0291451
-0.0324393
-0.0357164
-0.038987
-0.0422442
-0.0454829
0.047041
0.0436431
0.0397959
0.0361323
0.0326826
0.029266
0.0257911
0.022273
0.0187482
0.0152299
0.0117138
0.00819511
0.00467407
0.00115334
-0.00236479
-0.00587894
-0.009388
-0.0128907
-0.0163857
-0.0198714
-0.0233463
-0.026809
-0.0302574
-0.0336897
-0.0371027
-0.0405098
-0.043904
-0.0472791
0.049477
0.0459143
0.041843
0.0379862
0.0343737
0.0307959
0.0271519
0.0234632
0.0197714
0.0160896
0.0124118
0.00873232
0.00505183
0.00137334
-0.00230085
-0.00596955
-0.00963173
-0.0132862
-0.0169315
-0.0205662
-0.0241889
-0.027798
-0.0313915
-0.0349671
-0.0385208
-0.0420696
-0.0456058
-0.0491224
0.0520566
0.0483211
0.0440133
0.039955
0.0361729
0.0324256
0.0286035
0.0247355
0.020869
0.0170162
0.0131689
0.00932092
0.00547352
0.00163006
-0.00220724
-0.00603735
-0.00985937
-0.0136721
-0.0174741
-0.0212641
-0.0250406
-0.0288022
-0.0325465
-0.0362709
-0.0399696
-0.043665
-0.0473487
-0.0510115
0.0547811
0.0508645
0.0463083
0.0420405
0.0380822
0.0341571
0.0301474
0.0260917
0.0220427
0.0180112
0.0139865
0.0099623
0.00594045
0.00192474
-0.00208277
-0.00608127
-0.0100699
-0.0140474
-0.0180126
-0.021964
-0.0259005
-0.0298205
-0.0337215
-0.0376004
-0.0414482
-0.0452955
-0.0491319
-0.0529458
0.0576514
0.0535454
0.0487289
0.0442445
0.0401035
0.0359918
0.031785
0.0275331
0.0232941
0.0190762
0.0148661
0.0106577
0.00645381
0.00225848
-0.00192645
-0.00610036
-0.0102624
-0.0144113
-0.0185459
-0.0226651
-0.0267676
-0.0308522
-0.034916
-0.0389549
-0.0429552
-0.0469597
-0.0509546
-0.0549242
0.0606678
0.0563638
0.0512757
0.0465681
0.0422383
0.0379308
0.0335175
0.0290611
0.0246245
0.0202123
0.0158088
0.0114082
0.00701462
0.00263223
-0.00173743
-0.00609389
-0.0104362
-0.0147632
-0.0190735
-0.0233662
-0.0276405
-0.031896
-0.03613
-0.0403364
-0.0444928
-0.0486596
-0.0528165
-0.0569452
0.0638302
0.0593191
0.0539488
0.0490126
0.0444877
0.0399752
0.0353457
0.0306769
0.0260351
0.0214208
0.0168156
0.0122148
0.00762383
0.00304684
-0.00151499
-0.00606126
-0.0105909
-0.0151026
-0.0195949
-0.0240667
-0.0285172
-0.0329468
-0.0373566
-0.0417456
-0.0460744
-0.0504079
-0.054724
-0.059011
0.0671378
0.0624102
0.0567478
0.0515786
0.0468525
0.0421254
0.0372702
0.0323812
0.0275272
0.0227027
0.0178874
0.0130784
0.00828226
0.00350304
-0.00125853
-0.00600203
-0.0107262
-0.0154295
-0.0201105
-0.0247677
-0.0293991
-0.034001
-0.0385685
-0.0431014
-0.0476776
-0.0521985
-0.0566738
-0.0611204
0.0705888
0.065635
0.0596718
0.0542663
0.0493334
0.0443816
0.0392914
0.034175
0.0291015
0.0240587
0.019025
0.0139997
0.00899068
0.00400149
-0.000967506
-0.00591576
-0.0108418
-0.0157439
-0.0206206
-0.0254703
-0.0302913
-0.0350815
-0.0398412
-0.0445734
-0.0493143
-0.054007
-0.0586536
-0.0632694
0.0741808
0.0689903
0.0627191
0.057076
0.0519304
0.0467437
0.0414094
0.0360589
0.0307588
0.0254894
0.0202289
0.0149795
0.00974977
0.00454278
-0.000641436
-0.00580207
-0.0109374
-0.0160457
-0.0211255
-0.0261753
-0.0311938
-0.0361787
-0.0411294
-0.0460442
-0.0509635
-0.0558386
-0.0606663
-0.0654582
0.0779104
0.0724721
0.0658874
0.060007
0.0546432
0.0492109
0.043624
0.0380334
0.0324998
0.0269955
0.0214997
0.0160183
0.0105601
0.00512744
-0.000279865
-0.00566055
-0.0110127
-0.0163346
-0.0216247
-0.0268816
-0.0321036
-0.0372882
-0.0424342
-0.0475388
-0.0526431
-0.0577048
-0.0627169
-0.0676885
0.081773
0.0760745
0.0691735
0.0630588
0.0574709
0.0517819
0.0459347
0.0400989
0.0343249
0.028577
0.0228378
0.0171167
0.0114223
0.00575592
0.000117624
-0.00549081
-0.0110673
-0.0166101
-0.0221177
-0.0275884
-0.0330205
-0.0384111
-0.0437585
-0.0490577
-0.054353
-0.0596052
-0.0648048
-0.0699594
0.0857625
0.07979
0.0725732
0.0662303
0.0604122
0.0544549
0.048341
0.0422557
0.0362341
0.0302339
0.0242435
0.0182753
0.0123368
0.00642857
0.000551398
-0.00529248
-0.0111009
-0.016872
-0.0226043
-0.0282958
-0.0339449
-0.0395479
-0.0451025
-0.0506003
-0.0560922
-0.0615397
-0.0669304
-0.0722712
0.0898708
0.0836084
0.0760817
0.0695204
0.0634648
0.0572273
0.0508421
0.0445037
0.0382271
0.0319662
0.025717
0.0194943
0.0133038
0.00714571
0.00102177
-0.00506529
-0.0111132
-0.0171201
-0.0230843
-0.0290037
-0.0348767
-0.0406988
-0.0464667
-0.0521672
-0.0578613
-0.0635089
-0.0690943
-0.0746243
0.094087
0.0875163
0.0796932
0.0729276
0.0666252
0.0600958
0.0534374
0.046843
0.0403033
0.0337735
0.0272587
0.0207741
0.0143235
0.00790754
0.00152897
-0.00480902
-0.0111041
-0.0173542
-0.0235576
-0.029712
-0.0358157
-0.0418639
-0.0478517
-0.0537586
-0.0596609
-0.0655135
-0.0712969
-0.0770189
0.0983951
0.091495
0.0834014
0.07645
0.0698881
0.063057
0.0561265
0.0492729
0.0424616
0.0356556
0.0288687
0.0221148
0.0153961
0.00871424
0.0020732
-0.00452355
-0.0110735
-0.0175742
-0.0240238
-0.0304202
-0.0367618
-0.0430435
-0.0492576
-0.0553744
-0.0614915
-0.0675538
-0.0735381
-0.0794551
0.102773
0.0955202
0.0871998
0.0800843
0.0732459
0.0661072
0.0589092
0.051792
0.0447007
0.0376124
0.0305472
0.0235164
0.0165216
0.00956609
0.00265475
-0.0042086
-0.011021
-0.0177796
-0.0244824
-0.0311273
-0.0377138
-0.0442381
-0.0506867
-0.0570178
-0.0633557
-0.0696302
-0.0758181
-0.0819329
0.107194
0.0995638
0.0910837
0.0838236
0.0766883
0.069244
0.061785
0.054398
0.0470194
0.0396438
0.0322942
0.0249789
0.0177002
0.0104632
0.00327361
-0.00386431
-0.010947
-0.0179711
-0.0249338
-0.0318327
-0.0386678
-0.0454418
-0.0521636
-0.0587078
-0.0652649
-0.0717473
-0.0781394
-0.0844547
0.111615
0.103601
0.0950543
0.0876567
0.0802034
0.0724654
0.0647513
0.0570868
0.049415
0.0417479
0.0341071
0.0264991
0.0189284
0.0114017
0.00392534
-0.00349567
-0.0108569
-0.0181545
-0.025385
-0.0325447
-0.0396287
-0.0466275
-0.0535312
-0.0604309
-0.0672229
-0.0739076
-0.0805051
-0.0870233
0.115931
0.107601
0.0991163
0.0915671
0.0837818
0.0757706
0.0678025
0.0598532
0.0518863
0.0439248
0.035987
0.0280798
0.0202106
0.0123873
0.00461698
-0.00309445
-0.0107417
-0.0183203
-0.0258262
-0.0332558
-0.0406028
-0.0478567
-0.0550028
-0.0621817
-0.069199
-0.0760938
-0.0829023
-0.0896285
0.119899
0.111489
0.103275
0.0955648
0.0874723
0.0792177
0.0709941
0.0627595
0.0545017
0.0462464
0.0380098
0.0298013
0.0216303
0.013506
0.0054363
-0.00257176
-0.010512
-0.0183792
-0.026169
-0.0338786
-0.0415053
-0.0490502
-0.0564926
-0.0638948
-0.0711464
-0.0782682
-0.0852994
-0.0922454
0.123094
0.114952
0.107177
0.0993411
0.091039
0.0825799
0.074102
0.0655845
0.0570342
0.0484777
0.0399332
0.0314143
0.0229331
0.0145001
0.00612489
-0.00218401
-0.0104189
-0.0185732
-0.0266409
-0.0346175
-0.0424974
-0.0502797
-0.0579808
-0.0657097
-0.0732205
-0.0805644
-0.0878018
-0.0949449
-0.0261655
-0.0278556
-0.029524
-0.0311694
-0.0327911
-0.0343881
-0.0359591
-0.0375032
-0.0390193
-0.0405063
-0.0419632
-0.0263281
-0.0280369
-0.0297245
-0.0313897
-0.0330311
-0.0346476
-0.0362378
-0.0378006
-0.0393348
-0.0408393
-0.0423132
-0.0266798
-0.0284151
-0.0301289
-0.0318198
-0.0334867
-0.0351283
-0.0367433
-0.0383305
-0.0398888
-0.041417
-0.0429141
-0.0271734
-0.0289433
-0.0306917
-0.0324171
-0.0341184
-0.0357943
-0.0374434
-0.0390645
-0.0406565
-0.0422182
-0.0437486
-0.0278103
-0.0296226
-0.0314132
-0.0331809
-0.0349244
-0.0366424
-0.0383334
-0.0399965
-0.0416302
-0.0432335
-0.0448054
-0.0285739
-0.0304358
-0.0322761
-0.0340935
-0.0358866
-0.0376541
-0.0393948
-0.0411073
-0.0427906
-0.0444434
-0.0460647
-0.0294556
-0.0313742
-0.0332712
-0.0351453
-0.0369951
-0.0388195
-0.040617
-0.0423864
-0.0441266
-0.0458364
-0.0475148
-0.0304463
-0.0324284
-0.0343888
-0.0363263
-0.0382398
-0.0401278
-0.041989
-0.0438223
-0.0456265
-0.0474005
-0.0491433
-0.0315383
-0.0335902
-0.0356206
-0.0376282
-0.0396118
-0.04157
-0.0435018
-0.0454057
-0.0472808
-0.0491259
-0.05094
-0.0327245
-0.0348527
-0.0369593
-0.0390433
-0.0411033
-0.0431383
-0.045147
-0.0471281
-0.0490806
-0.0510034
-0.0528957
-0.0339992
-0.0362098
-0.0383987
-0.040565
-0.0427077
-0.0448256
-0.0469173
-0.0489819
-0.0510181
-0.0530252
-0.0550021
-0.0353559
-0.0376551
-0.0399323
-0.0421871
-0.0444185
-0.0466252
-0.0488062
-0.0509603
-0.0530865
-0.0551839
-0.0572518
-0.0367924
-0.0391851
-0.0415561
-0.0439049
-0.0462305
-0.0485318
-0.0508078
-0.0530572
-0.0552793
-0.0574731
-0.059638
-0.0383038
-0.0407944
-0.0432646
-0.0457131
-0.0481385
-0.05054
-0.0529165
-0.055267
-0.0575907
-0.0598867
-0.0621545
-0.0398834
-0.0424784
-0.0450534
-0.0476069
-0.0501378
-0.0526449
-0.0551275
-0.0575846
-0.0600154
-0.0624193
-0.0647957
-0.041527
-0.0442324
-0.0469178
-0.0495819
-0.0522236
-0.0548418
-0.0574359
-0.060005
-0.0625484
-0.0650656
-0.0675561
-0.0432334
-0.0460545
-0.0488554
-0.0516352
-0.0543928
-0.0571273
-0.059838
-0.0625242
-0.0651853
-0.067821
-0.0704307
-0.0449994
-0.0479413
-0.0508629
-0.0537633
-0.0566418
-0.0594975
-0.0623298
-0.0651381
-0.0679219
-0.070681
-0.073415
-0.0468228
-0.0498903
-0.0529374
-0.0559635
-0.0589677
-0.0619493
-0.0649079
-0.0678429
-0.0707542
-0.0736414
-0.0765044
-0.0487013
-0.0518993
-0.0550768
-0.058233
-0.0613675
-0.0644796
-0.067569
-0.0706353
-0.0736784
-0.0766981
-0.0796946
-0.0506332
-0.0539664
-0.0572786
-0.0605696
-0.0638388
-0.0670857
-0.0703102
-0.0735119
-0.076691
-0.0798474
-0.0829815
-0.0526168
-0.0560896
-0.0595411
-0.0629711
-0.0663792
-0.069765
-0.0731285
-0.0764696
-0.0797885
-0.0830855
-0.086361
-0.0546508
-0.0582675
-0.0618625
-0.0654356
-0.0689865
-0.0725151
-0.0760213
-0.0795054
-0.0829678
-0.0864088
-0.0898291
-0.0567342
-0.0604989
-0.0642413
-0.0679613
-0.0716588
-0.0753336
-0.0789861
-0.0826165
-0.0862255
-0.0898137
-0.0933819
-0.0588659
-0.0627826
-0.0666761
-0.0705468
-0.0743942
-0.0782186
-0.0820204
-0.0858001
-0.0895586
-0.0932967
-0.0970154
-0.0610442
-0.065117
-0.0691656
-0.0731902
-0.0771909
-0.0811678
-0.0851218
-0.0890535
-0.092964
-0.0968544
-0.100726
-0.0632699
-0.0675024
-0.0717093
-0.0758908
-0.0800474
-0.0841795
-0.0882881
-0.0923741
-0.0964387
-0.100483
-0.104509
-0.0655421
-0.0699375
-0.0743057
-0.078647
-0.082962
-0.0872517
-0.091517
-0.0957591
-0.0999795
-0.10418
-0.108361
-0.0678589
-0.0724207
-0.0769533
-0.0814571
-0.0859331
-0.0903825
-0.0948063
-0.0992062
-0.103584
-0.10794
-0.112279
-0.07022
-0.0749512
-0.0796511
-0.0843201
-0.0889593
-0.0935701
-0.098154
-0.102713
-0.107248
-0.111762
-0.116257
-0.0726257
-0.0775293
-0.0823989
-0.0872352
-0.0920394
-0.096813
-0.101558
-0.106276
-0.110969
-0.115641
-0.120293
-0.0750753
-0.0801541
-0.0851959
-0.0902014
-0.095172
-0.10011
-0.105016
-0.109894
-0.114745
-0.119574
-0.124381
-0.0775689
-0.0828256
-0.0880416
-0.0932178
-0.0983559
-0.103458
-0.108526
-0.113564
-0.118573
-0.123557
-0.128519
-0.0801065
-0.0855434
-0.0909354
-0.0962836
-0.10159
-0.106857
-0.112087
-0.117283
-0.122449
-0.127587
-0.132702
-0.0826883
-0.0883075
-0.093877
-0.0993982
-0.104873
-0.110305
-0.115697
-0.121051
-0.126371
-0.131662
-0.136928
-0.0853141
-0.0911174
-0.0968658
-0.102561
-0.108205
-0.113801
-0.119353
-0.124864
-0.130338
-0.13578
-0.141193
-0.0879838
-0.0939729
-0.099901
-0.10577
-0.111583
-0.117343
-0.123054
-0.128719
-0.134344
-0.139932
-0.0906992
-0.0968745
-0.102982
-0.109025
-0.115005
-0.120926
-0.126791
-0.132606
-0.138375
-0.144103
-0.093463
-0.0998251
-0.106112
-0.112326
-0.118471
-0.12455
-0.130568
-0.136527
-0.142435
-0.148296
-0.0962693
-0.102825
-0.109298
-0.115691
-0.122008
-0.128253
-0.134429
-0.140543
-0.146599
-0.152603
-0.0991013
-0.105866
-0.112542
-0.119132
-0.12564
-0.13207
-0.138427
-0.144717
-0.150945
-0.157119
-0.101989
-0.108934
-0.115783
-0.122537
-0.129201
-0.135778
-0.142275
-0.148697
-0.155051
-0.161346
)
;

boundaryField
{
    inlet
    {
        type            zeroGradient;
    }
    outlet
    {
        type            fixedValue;
        value           nonuniform 0();
    }
    cylinder
    {
        type            zeroGradient;
    }
    top
    {
        type            symmetryPlane;
    }
    bottom
    {
        type            symmetryPlane;
    }
    defaultFaces
    {
        type            empty;
    }
    procBoundary0to1
    {
        type            processor;
        value           nonuniform List<scalar> 
163
(
-0.325999
-0.326363
-0.327646
-0.329002
-0.330447
-0.330447
-0.328805
-0.330142
-0.331619
-0.333256
-0.333256
-0.329729
-0.331286
-0.331286
-0.327428
-0.328847
-0.330404
-0.330404
-0.324832
-0.325762
-0.325762
-0.316342
-0.316342
-0.302628
-0.30029
-0.30029
-0.281661
-0.281661
-0.261496
-0.261496
-0.240813
-0.240813
-0.220541
-0.220541
-0.200372
-0.200372
-0.1819
-0.1819
-0.181897
-0.167589
-0.214764
-0.181897
-0.200369
-0.214764
-0.23547
-0.23547
-0.240812
-0.261496
-0.261496
-0.281661
-0.281661
-0.300291
-0.300291
-0.30263
-0.316345
-0.316345
-0.325766
-0.325766
-0.324836
-0.330408
-0.330408
-0.328851
-0.333031
-0.333031
-0.33129
-0.329733
-0.333261
-0.333261
-0.331624
-0.330147
-0.332005
-0.332005
-0.330453
-0.329007
-0.327652
-0.326369
-0.326005
-0.173794
-0.169341
-0.164489
-0.159904
-0.155461
-0.151024
-0.146587
-0.142175
-0.1378
-0.133466
-0.129174
-0.12493
-0.120738
-0.116603
-0.112528
-0.10852
-0.104581
-0.100717
-0.0969324
-0.0932307
-0.0896168
-0.0860948
-0.0826692
-0.0793444
-0.0761249
-0.0730152
-0.0700201
-0.0671447
-0.064394
-0.0617736
-0.0592896
-0.0569483
-0.0547566
-0.0527223
-0.0508539
-0.0491607
-0.0476534
-0.0463446
-0.0452465
-0.0443789
-0.0443789
-0.0451646
-0.0447829
-0.0433891
-0.0437553
-0.0443791
-0.0452467
-0.0463448
-0.0476536
-0.0491608
-0.0508539
-0.0527223
-0.0547565
-0.0569481
-0.0592893
-0.0617733
-0.0643935
-0.0671441
-0.0700194
-0.0730144
-0.0761239
-0.0793434
-0.0826681
-0.0860936
-0.0896155
-0.0932294
-0.096931
-0.100716
-0.10458
-0.108518
-0.112527
-0.116601
-0.120736
-0.124928
-0.129172
-0.133463
-0.137798
-0.142173
-0.146584
-0.145489
-0.145489
-0.149795
-0.154116
-0.158563
-0.163247
-0.167589
)
;
    }
}


// ************************************************************************* //
