/*--------------------------------*- C++ -*----------------------------------*\
  =========                 |
  \\      /  F ield         | OpenFOAM: The Open Source CFD Toolbox
   \\    /   O peration     | Website:  https://openfoam.org
    \\  /    A nd           | Version:  7
     \\/     M anipulation  |
\*---------------------------------------------------------------------------*/
FoamFile
{
    version     2.0;
    format      ascii;
    class       volScalarField;
    location    "15";
    object      p;
}
// * * * * * * * * * * * * * * * * * * * * * * * * * * * * * * * * * * * * * //

dimensions      [0 2 -2 0 0 0 0];

internalField   nonuniform List<scalar> 
8330
(
-0.208598
-0.212255
-0.213057
-0.214537
-0.215782
-0.21719
-0.218619
-0.22006
-0.221476
-0.222797
-0.224099
-0.225119
-0.226514
-0.226894
-0.208749
-0.212374
-0.213171
-0.214641
-0.215881
-0.217286
-0.218712
-0.22015
-0.221566
-0.22288
-0.224189
-0.225177
-0.226613
-0.226827
-0.209049
-0.212611
-0.213396
-0.214848
-0.216078
-0.217474
-0.218894
-0.220326
-0.221741
-0.223042
-0.224368
-0.225284
-0.226814
-0.226691
-0.209494
-0.212963
-0.213729
-0.215154
-0.216367
-0.217749
-0.219159
-0.220582
-0.221994
-0.223274
-0.224628
-0.225425
-0.227118
-0.22648
-0.210076
-0.213423
-0.214164
-0.215551
-0.216742
-0.218103
-0.219498
-0.220905
-0.222314
-0.223559
-0.224961
-0.225574
-0.227529
-0.226184
-0.210787
-0.213986
-0.214694
-0.216032
-0.217192
-0.218525
-0.219899
-0.221283
-0.222687
-0.223879
-0.225356
-0.225699
-0.22805
-0.225789
-0.211616
-0.214643
-0.215309
-0.216588
-0.217706
-0.219002
-0.220347
-0.2217
-0.223096
-0.224211
-0.225802
-0.225766
-0.228683
-0.225275
-0.212552
-0.215386
-0.216002
-0.217207
-0.218273
-0.219521
-0.220827
-0.222137
-0.223524
-0.224532
-0.22629
-0.225736
-0.229436
-0.224604
-0.213583
-0.216206
-0.21676
-0.217878
-0.21888
-0.220067
-0.221323
-0.222577
-0.223953
-0.224817
-0.226808
-0.22557
-0.230333
-0.223727
-0.214694
-0.217093
-0.217575
-0.218591
-0.219513
-0.220625
-0.221818
-0.223
-0.224367
-0.22504
-0.227351
-0.225226
-0.231355
-0.2227
-0.215876
-0.218039
-0.218435
-0.219332
-0.220159
-0.22118
-0.222298
-0.223391
-0.224748
-0.225174
-0.227903
-0.224745
-0.232101
-0.221855
-0.217114
-0.219034
-0.219331
-0.220093
-0.220807
-0.221719
-0.222746
-0.223733
-0.225088
-0.225199
-0.22836
-0.224363
-0.232659
-0.220884
-0.218399
-0.220071
-0.220255
-0.220863
-0.221445
-0.222231
-0.223151
-0.224014
-0.22538
-0.225191
-0.228615
-0.223865
-0.233245
-0.219749
-0.219722
-0.221143
-0.221199
-0.221633
-0.222064
-0.222705
-0.223502
-0.224222
-0.225513
-0.225166
-0.228793
-0.223166
-0.233799
-0.218507
-0.221076
-0.222246
-0.222156
-0.222398
-0.222656
-0.223133
-0.223791
-0.224371
-0.22556
-0.22501
-0.228892
-0.222308
-0.234202
-0.217236
-0.222454
-0.223374
-0.223123
-0.223152
-0.223217
-0.22351
-0.22401
-0.224439
-0.225528
-0.224742
-0.228862
-0.221356
-0.234326
-0.216052
-0.223856
-0.224528
-0.224097
-0.223893
-0.223744
-0.223835
-0.22416
-0.224423
-0.2254
-0.224386
-0.228651
-0.220382
-0.234001
-0.215071
-0.225281
-0.225705
-0.225077
-0.22462
-0.224237
-0.224108
-0.224243
-0.224332
-0.225171
-0.223967
-0.228211
-0.219462
-0.233045
-0.21434
-0.226732
-0.22691
-0.226066
-0.225335
-0.224698
-0.224333
-0.224264
-0.224173
-0.22484
-0.223495
-0.227503
-0.218649
-0.231326
-0.213758
-0.228215
-0.228146
-0.227067
-0.226043
-0.225134
-0.224517
-0.224231
-0.223956
-0.224413
-0.222972
-0.226507
-0.217937
-0.228827
-0.21306
-0.22974
-0.229419
-0.228085
-0.226751
-0.225552
-0.224671
-0.224153
-0.223691
-0.223899
-0.222383
-0.225223
-0.21724
-0.225675
-0.211922
-0.230731
-0.229136
-0.227467
-0.225965
-0.224807
-0.224045
-0.223388
-0.22331
-0.221702
-0.223669
-0.216411
-0.222078
-0.210097
-0.232099
-0.230225
-0.228204
-0.226385
-0.22494
-0.223921
-0.223051
-0.222652
-0.220897
-0.221866
-0.215287
-0.218229
-0.207503
-0.233534
-0.231362
-0.228976
-0.226828
-0.225087
-0.223796
-0.222685
-0.221923
-0.219942
-0.219823
-0.213745
-0.214228
-0.2042
-0.23505
-0.232564
-0.229796
-0.227311
-0.225263
-0.223682
-0.222291
-0.221112
-0.218809
-0.217539
-0.211725
-0.210069
-0.200328
-0.233846
-0.230683
-0.227851
-0.225485
-0.223589
-0.221867
-0.2202
-0.217474
-0.215005
-0.209221
-0.205656
-0.196072
-0.235226
-0.231654
-0.228467
-0.225766
-0.223523
-0.221409
-0.21917
-0.215911
-0.212226
-0.206257
-0.200859
-0.191672
-0.23672
-0.232727
-0.229176
-0.226118
-0.223483
-0.220908
-0.218004
-0.214093
-0.209217
-0.202869
-0.195703
-0.187329
-0.238347
-0.233919
-0.229992
-0.226545
-0.223467
-0.220352
-0.216689
-0.212005
-0.206
-0.199094
-0.190577
-0.182834
-0.235249
-0.230927
-0.227052
-0.223468
-0.219725
-0.215208
-0.209644
-0.202582
-0.194988
-0.185694
-0.177658
-0.236731
-0.23199
-0.227636
-0.22348
-0.219008
-0.213545
-0.20702
-0.198972
-0.190675
-0.180762
-0.172345
-0.233184
-0.228298
-0.223493
-0.218177
-0.211688
-0.204152
-0.195191
-0.1862
-0.175811
-0.16704
-0.234511
-0.229036
-0.223488
-0.217209
-0.20963
-0.201064
-0.191258
-0.181616
-0.170827
-0.161726
-0.235972
-0.229844
-0.223441
-0.216081
-0.207369
-0.197781
-0.187193
-0.176952
-0.165812
-0.156436
-0.230711
-0.22332
-0.214776
-0.204909
-0.194326
-0.183016
-0.172225
-0.160772
-0.151151
-0.231613
-0.223093
-0.213282
-0.202257
-0.190719
-0.17874
-0.167445
-0.155707
-0.14587
-0.222729
-0.211591
-0.199422
-0.186974
-0.174376
-0.162616
-0.150617
-0.14058
-0.209701
-0.196413
-0.183102
-0.169929
-0.157735
-0.145498
-0.135272
-0.20761
-0.193236
-0.17911
-0.165401
-0.152801
-0.140342
-0.129937
-0.189895
-0.175
-0.160788
-0.147805
-0.135143
-0.124565
-0.170771
-0.156086
-0.142741
-0.129891
-0.119147
-0.151287
-0.137599
-0.124577
-0.113672
-0.13237
-0.119192
-0.108133
-0.113726
-0.10252
-0.0968253
-0.0968253
-0.127047
-0.113727
-0.102521
-0.146388
-0.132374
-0.119194
-0.108134
-0.151294
-0.137604
-0.12458
-0.113674
-0.17078
-0.156094
-0.142747
-0.129894
-0.119148
-0.189907
-0.17501
-0.160796
-0.147812
-0.135147
-0.124567
-0.207625
-0.193249
-0.179121
-0.16541
-0.152808
-0.140347
-0.12994
-0.209718
-0.196427
-0.183114
-0.169939
-0.157743
-0.145503
-0.135275
-0.222748
-0.211609
-0.199438
-0.186987
-0.174387
-0.162624
-0.150624
-0.140583
-0.231634
-0.223113
-0.2133
-0.202274
-0.190733
-0.178752
-0.167455
-0.155714
-0.145874
-0.230731
-0.22334
-0.214795
-0.204926
-0.194342
-0.183029
-0.172236
-0.16078
-0.151156
-0.235993
-0.229865
-0.223462
-0.216101
-0.207388
-0.197798
-0.187208
-0.176964
-0.165821
-0.156442
-0.234532
-0.229057
-0.22351
-0.21723
-0.20965
-0.201083
-0.191274
-0.18163
-0.170837
-0.161733
-0.2384
-0.233205
-0.22832
-0.223515
-0.2182
-0.21171
-0.204172
-0.195209
-0.186215
-0.175822
-0.167047
-0.236751
-0.232011
-0.227658
-0.223503
-0.219031
-0.213568
-0.207042
-0.198992
-0.190691
-0.180774
-0.172353
-0.235269
-0.230948
-0.227074
-0.223491
-0.219749
-0.215232
-0.209668
-0.202603
-0.195006
-0.185707
-0.177666
-0.238368
-0.23394
-0.230013
-0.226568
-0.22349
-0.220376
-0.216714
-0.21203
-0.206023
-0.199114
-0.190593
-0.182844
-0.236741
-0.232747
-0.229197
-0.22614
-0.223507
-0.220933
-0.218031
-0.21412
-0.209242
-0.202891
-0.19572
-0.187341
-0.235246
-0.231675
-0.228489
-0.225789
-0.223548
-0.221435
-0.219197
-0.215939
-0.212252
-0.206281
-0.200879
-0.191686
-0.236679
-0.233867
-0.230704
-0.227872
-0.225508
-0.223614
-0.221894
-0.220229
-0.217504
-0.215034
-0.209247
-0.205678
-0.196087
-0.23507
-0.232584
-0.229817
-0.227332
-0.225286
-0.223707
-0.222318
-0.221142
-0.21884
-0.217569
-0.211753
-0.210093
-0.200345
-0.233554
-0.231382
-0.228996
-0.226849
-0.22511
-0.223821
-0.222713
-0.221954
-0.219973
-0.219855
-0.213775
-0.214253
-0.204219
-0.232118
-0.230244
-0.228224
-0.226406
-0.224963
-0.223946
-0.223079
-0.222683
-0.22093
-0.221899
-0.215319
-0.218256
-0.207525
-0.23075
-0.229155
-0.227487
-0.225986
-0.22483
-0.22407
-0.223416
-0.223341
-0.221735
-0.223703
-0.216445
-0.222107
-0.210121
-0.229759
-0.229437
-0.228104
-0.22677
-0.225573
-0.224694
-0.224179
-0.22372
-0.22393
-0.222417
-0.225258
-0.217275
-0.225706
-0.211948
-0.228233
-0.228163
-0.227085
-0.226062
-0.225154
-0.22454
-0.224256
-0.223984
-0.224444
-0.223006
-0.226542
-0.217972
-0.22886
-0.213088
-0.226749
-0.226927
-0.226084
-0.225354
-0.224718
-0.224355
-0.224289
-0.2242
-0.22487
-0.223528
-0.227539
-0.218685
-0.23136
-0.213787
-0.225298
-0.225722
-0.225094
-0.224638
-0.224256
-0.224129
-0.224267
-0.224359
-0.225201
-0.224
-0.228246
-0.219498
-0.23308
-0.21437
-0.223872
-0.224544
-0.224113
-0.22391
-0.223763
-0.223856
-0.224183
-0.22445
-0.22543
-0.224418
-0.228686
-0.220417
-0.234036
-0.2151
-0.22247
-0.22339
-0.223139
-0.223169
-0.223236
-0.22353
-0.224033
-0.224464
-0.225557
-0.224773
-0.228897
-0.22139
-0.234361
-0.216081
-0.22109
-0.22226
-0.222171
-0.222414
-0.222674
-0.223152
-0.223813
-0.224396
-0.225587
-0.225041
-0.228926
-0.222342
-0.234237
-0.217265
-0.219736
-0.221157
-0.221213
-0.221648
-0.22208
-0.222723
-0.223523
-0.224246
-0.225539
-0.225195
-0.228825
-0.223198
-0.233833
-0.218534
-0.218412
-0.220084
-0.220269
-0.220877
-0.22146
-0.222249
-0.223171
-0.224036
-0.225405
-0.225219
-0.228646
-0.223896
-0.233277
-0.219776
-0.217126
-0.219046
-0.219344
-0.220106
-0.220821
-0.221736
-0.222765
-0.223754
-0.225112
-0.225225
-0.228389
-0.224393
-0.23269
-0.220909
-0.215887
-0.21805
-0.218447
-0.219345
-0.220173
-0.221195
-0.222315
-0.223411
-0.22477
-0.225199
-0.22793
-0.224772
-0.23213
-0.221878
-0.214705
-0.217104
-0.217585
-0.218602
-0.219525
-0.220639
-0.221834
-0.223019
-0.224387
-0.225063
-0.227375
-0.225251
-0.23138
-0.222722
-0.213592
-0.216215
-0.21677
-0.217889
-0.218891
-0.220079
-0.221337
-0.222593
-0.223972
-0.224837
-0.226831
-0.225593
-0.230356
-0.223747
-0.21256
-0.215394
-0.21601
-0.217216
-0.218283
-0.219532
-0.22084
-0.222152
-0.22354
-0.224551
-0.22631
-0.225757
-0.229456
-0.224622
-0.211624
-0.21465
-0.215317
-0.216596
-0.217715
-0.219012
-0.220358
-0.221713
-0.22311
-0.224228
-0.22582
-0.225784
-0.228701
-0.22529
-0.210793
-0.213992
-0.2147
-0.216039
-0.217199
-0.218533
-0.219908
-0.221295
-0.222699
-0.223893
-0.225371
-0.225715
-0.228065
-0.225802
-0.210081
-0.213428
-0.214169
-0.215557
-0.216748
-0.21811
-0.219506
-0.220914
-0.222325
-0.22357
-0.224973
-0.225587
-0.227542
-0.226195
-0.209498
-0.212967
-0.213733
-0.215158
-0.216372
-0.217754
-0.219165
-0.220589
-0.222002
-0.223283
-0.224638
-0.225435
-0.227128
-0.226489
-0.209052
-0.212614
-0.213399
-0.214851
-0.216082
-0.217478
-0.218898
-0.220331
-0.221747
-0.223049
-0.224375
-0.225292
-0.226821
-0.226697
-0.20875
-0.212376
-0.213172
-0.214643
-0.215883
-0.217288
-0.218714
-0.220153
-0.221569
-0.222884
-0.224194
-0.225181
-0.226617
-0.226831
-0.208598
-0.212256
-0.213058
-0.214537
-0.215783
-0.217191
-0.21862
-0.220061
-0.221478
-0.222798
-0.2241
-0.225121
-0.226515
-0.226895
-0.228079
-0.228558
-0.229037
-0.229539
-0.230064
-0.230609
-0.231174
-0.231759
-0.23236
-0.232974
-0.233597
-0.234222
-0.234842
-0.235444
-0.236017
-0.236541
-0.236995
-0.237352
-0.237578
-0.237633
-0.237468
-0.237024
-0.236232
-0.235012
-0.233269
-0.230895
-0.227764
-0.223744
-0.218721
-0.212528
-0.205007
-0.195997
-0.185341
-0.172896
-0.158541
-0.142185
-0.123731
-0.103261
-0.0812262
-0.0545519
-0.036926
0.00293379
-0.228158
-0.228638
-0.229111
-0.229613
-0.230139
-0.230686
-0.231254
-0.231842
-0.232446
-0.233064
-0.233692
-0.234324
-0.23495
-0.235561
-0.236142
-0.236677
-0.237142
-0.237512
-0.237752
-0.237822
-0.237673
-0.237246
-0.236473
-0.235272
-0.23355
-0.231196
-0.228084
-0.224089
-0.219085
-0.212912
-0.205409
-0.196416
-0.185776
-0.173346
-0.159004
-0.142662
-0.12423
-0.103768
-0.0817901
-0.0550627
-0.0373774
0.00388155
-0.228305
-0.22879
-0.229251
-0.229752
-0.23028
-0.230831
-0.231403
-0.231995
-0.232606
-0.233233
-0.23387
-0.234512
-0.235152
-0.235777
-0.236376
-0.236929
-0.237416
-0.237809
-0.238076
-0.238174
-0.238056
-0.237663
-0.236926
-0.235762
-0.234078
-0.231763
-0.22869
-0.224741
-0.219776
-0.213641
-0.206174
-0.197215
-0.186606
-0.174206
-0.15989
-0.143577
-0.125185
-0.104735
-0.0828594
-0.0560473
-0.0382552
0.00559694
-0.228504
-0.228997
-0.229439
-0.229937
-0.230468
-0.231022
-0.231599
-0.232199
-0.232819
-0.233456
-0.234106
-0.234764
-0.235421
-0.236067
-0.236689
-0.23727
-0.237787
-0.238214
-0.238517
-0.238656
-0.238582
-0.238236
-0.237548
-0.236437
-0.234809
-0.232549
-0.229531
-0.225646
-0.220738
-0.214658
-0.207243
-0.198333
-0.187769
-0.175411
-0.161134
-0.144859
-0.12652
-0.106082
-0.084328
-0.0574272
-0.0395801
0.00757144
-0.228731
-0.229239
-0.229653
-0.230144
-0.230677
-0.231235
-0.231818
-0.232426
-0.233056
-0.233706
-0.234371
-0.235047
-0.235726
-0.236397
-0.237048
-0.237661
-0.238215
-0.238682
-0.239031
-0.239219
-0.239199
-0.238911
-0.238285
-0.23724
-0.235679
-0.233485
-0.230533
-0.226729
-0.221896
-0.215886
-0.208537
-0.19969
-0.189183
-0.176878
-0.162648
-0.146416
-0.128136
-0.107706
-0.0860692
-0.0590421
-0.0413705
0.00757395
-0.228968
-0.229496
-0.229871
-0.23035
-0.230882
-0.231442
-0.232029
-0.232645
-0.233285
-0.233949
-0.234631
-0.235327
-0.236029
-0.236728
-0.23741
-0.23806
-0.238654
-0.239168
-0.239567
-0.239811
-0.239852
-0.23963
-0.239075
-0.238104
-0.236619
-0.234503
-0.231631
-0.227919
-0.223169
-0.217238
-0.209967
-0.201192
-0.190752
-0.178509
-0.164333
-0.148147
-0.129926
-0.109493
-0.0879577
-0.0607187
-0.0429847
0.00506459
-0.229205
-0.229754
-0.230074
-0.230531
-0.231058
-0.231617
-0.232207
-0.232828
-0.233478
-0.234154
-0.234852
-0.235568
-0.236294
-0.237022
-0.237737
-0.238424
-0.239062
-0.239623
-0.240076
-0.240379
-0.240484
-0.240332
-0.239852
-0.238962
-0.23756
-0.235531
-0.232782
-0.229131
-0.22447
-0.218627
-0.211441
-0.202748
-0.192381
-0.180207
-0.166091
-0.149948
-0.131784
-0.111322
-0.0898281
-0.0629893
-0.0439191
0.0023739
-0.229465
-0.230004
-0.230248
-0.230674
-0.231189
-0.23174
-0.232327
-0.23295
-0.233607
-0.234293
-0.235007
-0.235741
-0.23649
-0.237245
-0.237992
-0.238716
-0.239396
-0.240005
-0.240512
-0.240874
-0.241044
-0.240963
-0.24056
-0.23975
-0.23843
-0.236479
-0.233829
-0.230283
-0.22572
-0.219967
-0.212873
-0.204267
-0.193978
-0.181879
-0.167828
-0.151716
-0.133599
-0.11318
-0.0915334
-0.0650564
-0.0447937
-0.000258432
-0.229858
-0.230257
-0.230389
-0.23077
-0.231261
-0.231796
-0.232373
-0.232994
-0.233653
-0.234347
-0.235072
-0.235822
-0.236592
-0.237371
-0.238147
-0.238905
-0.239625
-0.240279
-0.240836
-0.241255
-0.241487
-0.241474
-0.241146
-0.240416
-0.23918
-0.237338
-0.234765
-0.231316
-0.226853
-0.221176
-0.214181
-0.205666
-0.195459
-0.183434
-0.169438
-0.153394
-0.135298
-0.114893
-0.0931412
-0.0668231
-0.0455497
-0.00281463
-0.230019
-0.230472
-0.230492
-0.230804
-0.231263
-0.231776
-0.232337
-0.232948
-0.233605
-0.234302
-0.235034
-0.235796
-0.236581
-0.23738
-0.238182
-0.238969
-0.239723
-0.240417
-0.241019
-0.241489
-0.241778
-0.241828
-0.24157
-0.240913
-0.239748
-0.23801
-0.235514
-0.232157
-0.227784
-0.22222
-0.21531
-0.206884
-0.196757
-0.18481
-0.170871
-0.154882
-0.13681
-0.116402
-0.0945703
-0.0683092
-0.0461308
-0.00519671
-0.229886
-0.230609
-0.230536
-0.230763
-0.231186
-0.231674
-0.232213
-0.232808
-0.233456
-0.23415
-0.234884
-0.235652
-0.236448
-0.237262
-0.238082
-0.238893
-0.239674
-0.240401
-0.241041
-0.241554
-0.241893
-0.241998
-0.241801
-0.241212
-0.240133
-0.238458
-0.236047
-0.232777
-0.22849
-0.22302
-0.216198
-0.20786
-0.197813
-0.185943
-0.172062
-0.156126
-0.138076
-0.11766
-0.095758
-0.0695194
-0.0465263
-0.00732498
-0.229718
-0.230661
-0.230502
-0.230643
-0.231027
-0.231487
-0.231998
-0.232571
-0.233203
-0.233888
-0.234617
-0.235385
-0.236185
-0.237007
-0.237839
-0.238666
-0.239467
-0.240218
-0.240888
-0.241435
-0.241814
-0.241965
-0.241815
-0.241273
-0.240279
-0.238662
-0.236327
-0.233136
-0.228928
-0.223544
-0.216803
-0.20855
-0.198579
-0.186786
-0.172962
-0.157079
-0.139051
-0.118633
-0.0966656
-0.070457
-0.0467365
-0.00915601
-0.22941
-0.230589
-0.230367
-0.230426
-0.230774
-0.231206
-0.231687
-0.232233
-0.232844
-0.233512
-0.23423
-0.234991
-0.235788
-0.23661
-0.237446
-0.238281
-0.239093
-0.23986
-0.240548
-0.24112
-0.241527
-0.241712
-0.241602
-0.241129
-0.240157
-0.238599
-0.236329
-0.233206
-0.229069
-0.223762
-0.217095
-0.208921
-0.199019
-0.187301
-0.173533
-0.157705
-0.139702
-0.119293
-0.0972676
-0.071127
-0.0467668
-0.0106762
-0.228891
-0.230339
-0.230095
-0.230083
-0.230401
-0.23081
-0.231263
-0.23178
-0.232365
-0.233013
-0.233714
-0.234461
-0.235248
-0.236063
-0.236895
-0.237728
-0.238543
-0.239315
-0.240012
-0.240597
-0.241021
-0.241226
-0.241142
-0.240691
-0.239762
-0.238254
-0.236035
-0.232967
-0.228889
-0.223647
-0.217045
-0.208943
-0.199106
-0.18746
-0.173746
-0.157978
-0.140005
-0.119625
-0.0975502
-0.0715338
-0.0466263
-0.0118948
-0.228088
-0.229831
-0.229624
-0.229569
-0.229869
-0.230267
-0.230698
-0.231188
-0.231748
-0.232371
-0.23305
-0.233778
-0.234548
-0.235349
-0.23617
-0.236993
-0.237801
-0.238569
-0.239265
-0.239851
-0.240281
-0.240492
-0.240432
-0.239992
-0.239088
-0.237609
-0.235425
-0.2324
-0.228368
-0.223182
-0.216634
-0.208596
-0.198817
-0.187242
-0.173582
-0.157881
-0.139944
-0.11962
-0.0975094
-0.0716818
-0.0463269
-0.0128369
-0.226948
-0.228974
-0.228878
-0.228823
-0.229124
-0.229525
-0.229947
-0.230418
-0.230955
-0.231554
-0.232209
-0.232915
-0.233663
-0.234445
-0.235247
-0.236054
-0.236847
-0.237601
-0.238286
-0.238864
-0.23929
-0.239506
-0.239435
-0.239001
-0.238108
-0.236646
-0.234484
-0.231488
-0.22749
-0.222347
-0.215843
-0.207864
-0.198136
-0.186631
-0.173027
-0.157402
-0.139512
-0.119277
-0.0971501
-0.071577
-0.0458817
-0.0135361
-0.225466
-0.2277
-0.22778
-0.227776
-0.228101
-0.228522
-0.228951
-0.229415
-0.229937
-0.230517
-0.231151
-0.231833
-0.232558
-0.233315
-0.234094
-0.234878
-0.235649
-0.236382
-0.237048
-0.237608
-0.238019
-0.23822
-0.238139
-0.2377
-0.236805
-0.235346
-0.233193
-0.230214
-0.226238
-0.221128
-0.214661
-0.206733
-0.197054
-0.18562
-0.172075
-0.15654
-0.138709
-0.118602
-0.0964848
-0.0712285
-0.0453049
-0.014029
-0.223676
-0.22598
-0.22627
-0.226366
-0.226734
-0.227188
-0.227641
-0.228117
-0.228636
-0.229205
-0.229822
-0.230485
-0.231186
-0.231919
-0.232672
-0.23343
-0.234174
-0.23488
-0.23552
-0.236051
-0.236445
-0.236623
-0.236522
-0.236065
-0.235157
-0.233691
-0.231535
-0.228564
-0.2246
-0.219516
-0.213077
-0.205197
-0.195566
-0.184206
-0.170728
-0.155299
-0.137545
-0.117604
-0.0955324
-0.0706498
-0.0446113
-0.0143512
-0.221615
-0.223822
-0.224322
-0.224546
-0.224967
-0.225461
-0.225953
-0.226457
-0.226989
-0.227559
-0.228169
-0.228817
-0.229501
-0.230211
-0.230939
-0.231669
-0.232384
-0.23306
-0.233669
-0.234179
-0.234539
-0.234688
-0.234558
-0.234076
-0.233146
-0.231665
-0.229498
-0.226526
-0.222567
-0.217502
-0.211089
-0.203255
-0.193675
-0.182395
-0.168996
-0.153692
-0.136038
-0.116302
-0.0943175
-0.0698591
-0.0438167
-0.0145352
-0.219262
-0.221241
-0.221933
-0.222294
-0.222759
-0.223292
-0.223835
-0.224382
-0.22494
-0.225523
-0.226138
-0.226783
-0.227455
-0.228149
-0.228854
-0.229559
-0.230243
-0.230885
-0.231459
-0.23194
-0.232275
-0.232392
-0.232228
-0.231716
-0.230759
-0.229256
-0.227074
-0.224096
-0.220138
-0.215091
-0.208702
-0.200918
-0.191393
-0.180204
-0.166897
-0.151741
-0.134211
-0.114721
-0.0928694
-0.0688794
-0.0429376
-0.014609
-0.216531
-0.218233
-0.219112
-0.2196
-0.220091
-0.220657
-0.221258
-0.221856
-0.22245
-0.223058
-0.22369
-0.224342
-0.225013
-0.225697
-0.226387
-0.227069
-0.227726
-0.228339
-0.228882
-0.229329
-0.229639
-0.229723
-0.229524
-0.228979
-0.227992
-0.226466
-0.224265
-0.22128
-0.217322
-0.212293
-0.205932
-0.198202
-0.188743
-0.177657
-0.164459
-0.149475
-0.132098
-0.112892
-0.0912219
-0.0677371
-0.0419913
-0.0145961
-0.213325
-0.214785
-0.215865
-0.216461
-0.216961
-0.21756
-0.218223
-0.218874
-0.219508
-0.220151
-0.220811
-0.221481
-0.22216
-0.222844
-0.223526
-0.224195
-0.224833
-0.225421
-0.225933
-0.226341
-0.226629
-0.226683
-0.226449
-0.225872
-0.224856
-0.223306
-0.221087
-0.218096
-0.214141
-0.209134
-0.202807
-0.195139
-0.185756
-0.174789
-0.161719
-0.146933
-0.12974
-0.11085
-0.0894113
-0.066461
-0.0409951
-0.0145161
-0.209612
-0.210916
-0.212205
-0.212881
-0.213385
-0.214027
-0.214754
-0.215455
-0.216133
-0.216818
-0.217514
-0.218211
-0.218907
-0.219601
-0.220286
-0.220949
-0.221575
-0.222142
-0.222625
-0.222995
-0.223262
-0.223288
-0.223023
-0.222417
-0.221373
-0.219802
-0.217568
-0.214574
-0.210627
-0.205647
-0.199363
-0.191768
-0.182475
-0.171643
-0.158723
-0.144157
-0.127179
-0.108636
-0.0874745
-0.0650802
-0.0399655
-0.0143838
-0.205443
-0.206692
-0.208165
-0.208884
-0.209402
-0.210107
-0.210896
-0.211642
-0.212365
-0.213097
-0.213834
-0.214563
-0.215285
-0.215997
-0.216692
-0.217357
-0.217978
-0.218532
-0.218992
-0.219325
-0.219573
-0.219569
-0.219279
-0.218648
-0.21758
-0.215992
-0.213747
-0.210756
-0.206823
-0.201879
-0.195647
-0.188136
-0.178948
-0.168267
-0.155518
-0.141195
-0.124461
-0.106289
-0.0854476
-0.0636233
-0.0389183
-0.0142104
-0.20099
-0.202234
-0.203799
-0.204515
-0.205076
-0.205864
-0.20671
-0.207497
-0.208268
-0.20905
-0.209828
-0.210594
-0.211347
-0.212083
-0.212793
-0.213467
-0.21409
-0.214637
-0.215082
-0.21536
-0.215601
-0.215572
-0.215265
-0.214616
-0.21353
-0.21193
-0.209681
-0.2067
-0.202789
-0.197889
-0.191719
-0.184305
-0.175236
-0.164723
-0.152164
-0.138102
-0.12164
-0.103857
-0.0833731
-0.0621245
-0.0378745
-0.0140073
-0.196502
-0.197714
-0.199201
-0.199861
-0.200496
-0.201378
-0.202275
-0.203109
-0.203935
-0.204767
-0.205588
-0.206393
-0.207179
-0.207942
-0.208673
-0.209362
-0.209994
-0.210545
-0.210991
-0.211332
-0.211407
-0.211357
-0.211047
-0.210389
-0.209292
-0.207688
-0.205442
-0.202478
-0.198597
-0.193752
-0.187656
-0.180351
-0.171416
-0.161086
-0.148737
-0.134953
-0.118785
-0.101403
-0.0813037
-0.0606247
-0.0368621
-0.0137903
-0.192339
-0.193403
-0.194546
-0.195049
-0.195732
-0.196663
-0.197583
-0.198459
-0.199338
-0.200217
-0.20108
-0.201924
-0.202746
-0.20354
-0.204299
-0.205013
-0.205668
-0.20625
-0.206741
-0.207102
-0.207105
-0.206988
-0.206653
-0.205979
-0.204871
-0.203268
-0.201033
-0.198096
-0.194257
-0.189479
-0.183472
-0.17629
-0.167506
-0.157373
-0.145251
-0.131757
-0.115901
-0.0989254
-0.0792336
-0.0591169
-0.0358721
-0.0135659
-0.18855
-0.189415
-0.189892
-0.190092
-0.190719
-0.191588
-0.192471
-0.193366
-0.194284
-0.195206
-0.196117
-0.197011
-0.197879
-0.198713
-0.199505
-0.200243
-0.200911
-0.20148
-0.201898
-0.202086
-0.202257
-0.202221
-0.201915
-0.201258
-0.200163
-0.198575
-0.196359
-0.193453
-0.189658
-0.184947
-0.179026
-0.171965
-0.163329
-0.153393
-0.1415
-0.128304
-0.112776
-0.0962273
-0.076978
-0.0574589
-0.0347871
-0.0132987
-0.183263
-0.185498
-0.185919
-0.186285
-0.187028
-0.187923
-0.188827
-0.189736
-0.190659
-0.191586
-0.192505
-0.193405
-0.194279
-0.195118
-0.195913
-0.196653
-0.197327
-0.197924
-0.198448
-0.198827
-0.198661
-0.198472
-0.198096
-0.197374
-0.196215
-0.194569
-0.1923
-0.189352
-0.185527
-0.180806
-0.174898
-0.167885
-0.159331
-0.149531
-0.137817
-0.124876
-0.109648
-0.0935055
-0.0746924
-0.0557636
-0.0336621
-0.0129793
-0.177653
-0.180478
-0.18117
-0.181608
-0.182409
-0.183387
-0.184365
-0.18532
-0.186272
-0.187225
-0.188167
-0.189086
-0.189974
-0.190821
-0.191617
-0.19235
-0.193005
-0.19356
-0.193975
-0.194154
-0.194158
-0.194001
-0.193589
-0.192828
-0.191629
-0.189945
-0.187644
-0.184676
-0.180847
-0.176146
-0.170287
-0.16336
-0.154937
-0.145319
-0.133843
-0.121205
-0.106343
-0.0906461
-0.0723317
-0.0540021
-0.0325225
-0.0126045
-0.172219
-0.175389
-0.176188
-0.176636
-0.177474
-0.178524
-0.179568
-0.180565
-0.181547
-0.182524
-0.183487
-0.184424
-0.185324
-0.186177
-0.186973
-0.187698
-0.188334
-0.188857
-0.189228
-0.189423
-0.189435
-0.189228
-0.18875
-0.187935
-0.186689
-0.184963
-0.182629
-0.179642
-0.175816
-0.171142
-0.165346
-0.15852
-0.150249
-0.140834
-0.129627
-0.117318
-0.10286
-0.0876348
-0.0698661
-0.0521548
-0.0313582
-0.0121995
-0.167016
-0.170242
-0.171087
-0.171558
-0.172432
-0.173539
-0.174637
-0.175674
-0.176683
-0.177682
-0.178665
-0.179617
-0.180528
-0.181386
-0.182181
-0.182899
-0.183521
-0.184025
-0.184383
-0.184577
-0.184559
-0.184304
-0.183774
-0.182911
-0.181624
-0.179862
-0.177504
-0.174506
-0.170692
-0.166055
-0.160333
-0.153618
-0.145512
-0.136308
-0.125383
-0.113411
-0.0993701
-0.0846194
-0.0674118
-0.0503124
-0.0302204
-0.0117866
-0.161624
-0.16493
-0.165851
-0.166362
-0.16727
-0.168423
-0.169569
-0.170645
-0.171683
-0.172705
-0.173707
-0.174674
-0.175594
-0.176457
-0.177252
-0.177964
-0.178574
-0.179064
-0.179406
-0.179575
-0.179528
-0.179242
-0.178674
-0.177773
-0.176452
-0.174662
-0.172289
-0.16929
-0.165498
-0.160908
-0.155271
-0.148677
-0.140745
-0.131763
-0.121129
-0.1095
-0.0958863
-0.0816111
-0.0649756
-0.0484796
-0.0291054
-0.0113651
-0.15607
-0.15949
-0.1605
-0.161054
-0.16199
-0.163182
-0.164372
-0.165487
-0.166554
-0.167598
-0.168618
-0.169599
-0.170529
-0.171397
-0.172191
-0.172898
-0.173499
-0.173974
-0.174298
-0.174443
-0.174373
-0.174062
-0.173462
-0.172529
-0.171182
-0.169372
-0.166991
-0.164001
-0.16024
-0.155707
-0.150164
-0.143701
-0.135955
-0.127202
-0.116869
-0.105588
-0.0924109
-0.0786119
-0.0625578
-0.0466572
-0.0280095
-0.0109373
-0.150454
-0.153948
-0.155044
-0.155645
-0.15661
-0.157836
-0.159067
-0.160218
-0.161314
-0.162381
-0.163418
-0.164414
-0.165353
-0.166226
-0.167021
-0.167723
-0.168315
-0.168778
-0.169084
-0.16921
-0.169122
-0.168788
-0.168162
-0.167203
-0.165835
-0.164014
-0.161634
-0.15866
-0.15494
-0.150473
-0.145035
-0.13871
-0.131158
-0.122642
-0.112617
-0.10169
-0.0889553
-0.075632
-0.0601649
-0.0448512
-0.0269333
-0.0105074
-0.144773
-0.14831
-0.149493
-0.150149
-0.151143
-0.1524
-0.153668
-0.154855
-0.155979
-0.157069
-0.158125
-0.159134
-0.160084
-0.160963
-0.161759
-0.162459
-0.163044
-0.163496
-0.163789
-0.163899
-0.163794
-0.163441
-0.162795
-0.161816
-0.160436
-0.15861
-0.156239
-0.15329
-0.14962
-0.145227
-0.139902
-0.133724
-0.126374
-0.1181
-0.10839
-0.0978178
-0.0855307
-0.0726813
-0.0578031
-0.0430672
-0.0258774
-0.0100787
-0.139029
-0.142596
-0.143865
-0.144578
-0.145603
-0.146889
-0.148191
-0.149412
-0.150564
-0.151677
-0.152751
-0.153775
-0.154736
-0.155622
-0.156421
-0.15712
-0.157701
-0.158144
-0.158427
-0.158525
-0.158406
-0.158038
-0.157378
-0.156388
-0.155002
-0.153179
-0.150826
-0.147909
-0.144297
-0.139987
-0.134782
-0.128759
-0.121616
-0.11359
-0.1042
-0.0939841
-0.0821459
-0.0697676
-0.055477
-0.04131
-0.0248418
-0.00965387
-0.133251
-0.136828
-0.138174
-0.138946
-0.140002
-0.141314
-0.142648
-0.1439
-0.145081
-0.146216
-0.147309
-0.148348
-0.149321
-0.150215
-0.151019
-0.151719
-0.152298
-0.152737
-0.153013
-0.153102
-0.152973
-0.152596
-0.151928
-0.150933
-0.149549
-0.147736
-0.145408
-0.142533
-0.138986
-0.134766
-0.12969
-0.123827
-0.116898
-0.109123
-0.100055
-0.0901974
-0.0788081
-0.0668972
-0.0531902
-0.039583
-0.0238266
-0.00923523
-0.12745
-0.13102
-0.132436
-0.133265
-0.134352
-0.135688
-0.137051
-0.138334
-0.139541
-0.140698
-0.141809
-0.142865
-0.14385
-0.144754
-0.145564
-0.146268
-0.146847
-0.147284
-0.147557
-0.147642
-0.147508
-0.147127
-0.146457
-0.145464
-0.144088
-0.142294
-0.139999
-0.137173
-0.1337
-0.129577
-0.124635
-0.118939
-0.112229
-0.104708
-0.0959654
-0.0864651
-0.0755228
-0.0640753
-0.0509455
-0.0378891
-0.0228317
-0.00882449
-0.121636
-0.125186
-0.126664
-0.127549
-0.128666
-0.130025
-0.131413
-0.132724
-0.133957
-0.135135
-0.136265
-0.137337
-0.138336
-0.13925
-0.140069
-0.140777
-0.14136
-0.141799
-0.142072
-0.142156
-0.142022
-0.141642
-0.140976
-0.139991
-0.138632
-0.136864
-0.134609
-0.13184
-0.128448
-0.12443
-0.119629
-0.114104
-0.107617
-0.100354
-0.0919364
-0.0827934
-0.0722949
-0.0613061
-0.0487451
-0.0362305
-0.0218574
-0.00842297
-0.115822
-0.119339
-0.120873
-0.121811
-0.122957
-0.124336
-0.125747
-0.127084
-0.128341
-0.12954
-0.130688
-0.131775
-0.132788
-0.133715
-0.134542
-0.135259
-0.135847
-0.136291
-0.136567
-0.136655
-0.136526
-0.136152
-0.135497
-0.134527
-0.133191
-0.131455
-0.129248
-0.126543
-0.123239
-0.119332
-0.114678
-0.109331
-0.103069
-0.0960666
-0.0879741
-0.0791871
-0.069128
-0.0585928
-0.046591
-0.034609
-0.0209038
-0.00803158
-0.110022
-0.113495
-0.115076
-0.116065
-0.117238
-0.118636
-0.120067
-0.121427
-0.122706
-0.123925
-0.12509
-0.126193
-0.12722
-0.128159
-0.128998
-0.129723
-0.13032
-0.130771
-0.131055
-0.13115
-0.13103
-0.130668
-0.130028
-0.129079
-0.127773
-0.126077
-0.123926
-0.121291
-0.118082
-0.114293
-0.109791
-0.104625
-0.0985922
-0.0918514
-0.0840833
-0.0756506
-0.0660255
-0.0559382
-0.0444845
-0.0330258
-0.0199712
-0.00765092
-0.104251
-0.107667
-0.109288
-0.110326
-0.111526
-0.112938
-0.114387
-0.115767
-0.117066
-0.118303
-0.119485
-0.120603
-0.121644
-0.122596
-0.123447
-0.124183
-0.12479
-0.125251
-0.125545
-0.125652
-0.125545
-0.1252
-0.124581
-0.123659
-0.122389
-0.12074
-0.11865
-0.116093
-0.112984
-0.109319
-0.104973
-0.0999923
-0.0941911
-0.0877133
-0.0802682
-0.0721875
-0.0629901
-0.0533445
-0.0424271
-0.031482
-0.0190598
-0.00728136
-0.0985233
-0.101872
-0.103526
-0.104609
-0.105834
-0.107259
-0.108721
-0.110118
-0.111435
-0.112689
-0.113886
-0.115018
-0.116073
-0.117038
-0.117902
-0.11865
-0.119269
-0.119742
-0.12005
-0.120172
-0.120083
-0.119758
-0.119165
-0.118276
-0.117048
-0.115451
-0.113429
-0.110956
-0.107953
-0.104416
-0.100232
-0.0954395
-0.0898709
-0.0836569
-0.0765324
-0.0688009
-0.0600243
-0.0508136
-0.0404199
-0.0299784
-0.0181702
-0.00692309
-0.0928557
-0.096126
-0.0978052
-0.0989301
-0.100177
-0.101612
-0.103085
-0.104495
-0.105828
-0.107096
-0.108307
-0.109453
-0.110521
-0.111499
-0.112375
-0.113137
-0.11377
-0.114257
-0.114581
-0.114721
-0.114653
-0.114354
-0.113792
-0.11294
-0.111759
-0.110221
-0.108271
-0.105887
-0.102996
-0.0995924
-0.0955724
-0.0909716
-0.0856365
-0.0796863
-0.0728796
-0.0654937
-0.0571302
-0.0483472
-0.0384639
-0.0285156
-0.0173026
-0.00657618
-0.0872627
-0.0904452
-0.0921415
-0.093304
-0.0945705
-0.0960125
-0.0974921
-0.0989131
-0.100258
-0.101539
-0.102762
-0.103919
-0.105
-0.105991
-0.10688
-0.107656
-0.108304
-0.108808
-0.109149
-0.10931
-0.109267
-0.108997
-0.10847
-0.107661
-0.106532
-0.105057
-0.103185
-0.100895
-0.0981203
-0.0948535
-0.0910007
-0.0865937
-0.0814923
-0.0758052
-0.0693129
-0.0622685
-0.0543099
-0.0459466
-0.0365602
-0.0270941
-0.0164576
-0.00624064
-0.0817578
-0.084845
-0.0865506
-0.0877457
-0.0890287
-0.0904745
-0.0919573
-0.0933855
-0.0947401
-0.0960312
-0.097264
-0.0984323
-0.0995241
-0.100527
-0.10143
-0.10222
-0.102884
-0.103405
-0.103767
-0.103951
-0.103936
-0.103698
-0.10321
-0.102447
-0.101375
-0.0999678
-0.098179
-0.0959876
-0.093332
-0.0902058
-0.0865225
-0.0823106
-0.0774426
-0.0720174
-0.0658354
-0.0591276
-0.0515653
-0.0436131
-0.0347096
-0.0257143
-0.0156355
-0.00591642
-0.0763535
-0.0793394
-0.0810467
-0.0822693
-0.0835654
-0.085012
-0.0864946
-0.0879265
-0.0892877
-0.0905865
-0.0918276
-0.0930048
-0.0941068
-0.0951214
-0.0960371
-0.0968418
-0.0975218
-0.0980624
-0.0984466
-0.0986562
-0.0986701
-0.0984675
-0.0980221
-0.0973101
-0.0962983
-0.0949627
-0.0932604
-0.0911712
-0.0886383
-0.0856553
-0.082143
-0.0781272
-0.0734915
-0.0683263
-0.0624498
-0.0560733
-0.048898
-0.041348
-0.0329131
-0.0243767
-0.0148369
-0.00560347
-0.0710615
-0.0739416
-0.0756437
-0.0768885
-0.0781943
-0.0796386
-0.0811178
-0.08255
-0.0839149
-0.0852189
-0.0864661
-0.0876506
-0.0887614
-0.0897866
-0.0907148
-0.091534
-0.0922311
-0.0927916
-0.093199
-0.0934358
-0.093482
-0.0933174
-0.0929172
-0.0922586
-0.0913105
-0.0900501
-0.0884374
-0.0864535
-0.0840458
-0.081208
-0.0778677
-0.0740481
-0.069643
-0.0647351
-0.059159
-0.0531078
-0.0463097
-0.0391522
-0.0311717
-0.0230817
-0.0140621
-0.0053017
-0.065893
-0.0686639
-0.0703546
-0.0716166
-0.0729289
-0.074368
-0.0758405
-0.0772699
-0.0786355
-0.0799422
-0.0811934
-0.0823834
-0.0835015
-0.0845363
-0.0854763
-0.0863098
-0.0870241
-0.087605
-0.0880367
-0.0883023
-0.0883825
-0.088258
-0.0879053
-0.0873028
-0.0864211
-0.0852386
-0.0837183
-0.081842
-0.0795614
-0.0768702
-0.0737021
-0.070078
-0.0659013
-0.0612474
-0.0559658
-0.0502331
-0.0438023
-0.0370271
-0.0294861
-0.0218297
-0.0133116
-0.00501108
-0.0608592
-0.0635183
-0.0651921
-0.0664667
-0.0677823
-0.0692134
-0.0706763
-0.0720999
-0.0734634
-0.0747703
-0.0760234
-0.077217
-0.078341
-0.0793841
-0.0803351
-0.0811825
-0.0819139
-0.0825156
-0.0829722
-0.0832675
-0.0833831
-0.0833005
-0.0829972
-0.0824528
-0.0816397
-0.0805373
-0.0791112
-0.0773443
-0.0751919
-0.0726478
-0.0696515
-0.0662217
-0.0622703
-0.0578664
-0.052873
-0.0474515
-0.0413773
-0.0349738
-0.0278573
-0.0206212
-0.012586
-0.00473154
-0.0559709
-0.0585167
-0.0601686
-0.0614516
-0.0627674
-0.0641881
-0.0656387
-0.0670536
-0.0684123
-0.0697171
-0.0709699
-0.0721654
-0.0732937
-0.0743438
-0.0753048
-0.0761654
-0.0769136
-0.0775361
-0.078018
-0.0783438
-0.0784958
-0.0784561
-0.0782037
-0.077719
-0.076976
-0.0759553
-0.0746247
-0.0729682
-0.0709444
-0.0685474
-0.0657215
-0.0624841
-0.0587544
-0.0545957
-0.0498834
-0.0447653
-0.0390368
-0.0329935
-0.0262865
-0.0194567
-0.0118856
-0.00446306
-0.0512388
-0.0536704
-0.0552962
-0.0565836
-0.057897
-0.0593049
-0.0607408
-0.0621444
-0.0634958
-0.0647962
-0.0660468
-0.0672423
-0.0683733
-0.0694292
-0.0703991
-0.0712722
-0.0720367
-0.0726798
-0.0731871
-0.0735437
-0.0737325
-0.0737366
-0.073536
-0.0731119
-0.07244
-0.0715018
-0.0702674
-0.0687215
-0.0668261
-0.0645753
-0.0619181
-0.0588701
-0.0553577
-0.051439
-0.0470001
-0.0421767
-0.0367824
-0.0310876
-0.0247746
-0.0183369
-0.0112111
-0.00420565
-0.0466731
-0.0489905
-0.0505867
-0.0518748
-0.0531833
-0.0545764
-0.0559955
-0.0573856
-0.0587274
-0.0600213
-0.0612678
-0.0624617
-0.0635939
-0.064654
-0.0656318
-0.0665165
-0.0672966
-0.0679598
-0.0684922
-0.0688796
-0.0691055
-0.0691537
-0.0690052
-0.0686422
-0.0680418
-0.0671864
-0.0660482
-0.0646126
-0.0628445
-0.0607382
-0.058247
-0.0553849
-0.0520848
-0.0483999
-0.0442263
-0.0396884
-0.0346164
-0.0292577
-0.0233229
-0.0172626
-0.0105631
-0.00395935
-0.0422835
-0.0444877
-0.0460513
-0.047337
-0.0486383
-0.050015
-0.0514154
-0.0527899
-0.0541203
-0.0554058
-0.0566464
-0.057837
-0.0589689
-0.0600321
-0.0610165
-0.0619117
-0.0627067
-0.0633894
-0.0639465
-0.0643642
-0.064627
-0.0647193
-0.0646228
-0.0643208
-0.0637917
-0.0630187
-0.0619759
-0.0606496
-0.0590071
-0.0570431
-0.0547144
-0.052034
-0.0489404
-0.0454824
-0.0415652
-0.037303
-0.0325408
-0.0275054
-0.0219326
-0.0162344
-0.00994219
-0.0037242
-0.0380796
-0.0401723
-0.041701
-0.0429814
-0.0442737
-0.0456324
-0.0470128
-0.0483701
-0.0496873
-0.0509628
-0.052196
-0.0533819
-0.0545121
-0.055577
-0.0565669
-0.0574716
-0.0582804
-0.0589818
-0.0595629
-0.0600105
-0.0603096
-0.0604453
-0.0604004
-0.0601589
-0.0597003
-0.0590087
-0.05806
-0.0568411
-0.0553218
-0.0534969
-0.0513267
-0.0488229
-0.0459293
-0.0426907
-0.0390204
-0.0350234
-0.0305581
-0.0258324
-0.0206053
-0.0152533
-0.00934902
-0.00350033
-0.0340705
-0.0360543
-0.0375465
-0.0388192
-0.0401008
-0.0414405
-0.0427997
-0.0441386
-0.0454411
-0.0467051
-0.0479297
-0.0491096
-0.0502368
-0.0513023
-0.0522964
-0.0532096
-0.0540313
-0.0547504
-0.0553546
-0.0558311
-0.0561657
-0.056344
-0.0563497
-0.0561675
-0.0557781
-0.0551665
-0.0543099
-0.053196
-0.0517967
-0.0501071
-0.0480904
-0.0457575
-0.0430566
-0.0400291
-0.0365957
-0.0328527
-0.0286707
-0.0242407
-0.0193424
-0.0143205
-0.00878436
-0.00328786
-0.0302651
-0.0321434
-0.033598
-0.0348611
-0.0361307
-0.0374507
-0.038788
-0.0401074
-0.0413942
-0.0426457
-0.0438604
-0.0450333
-0.0461565
-0.0472214
-0.0482188
-0.0491393
-0.0499728
-0.0507086
-0.0513348
-0.0518392
-0.052208
-0.0524277
-0.0524827
-0.0523582
-0.0520362
-0.0515023
-0.0507352
-0.0497231
-0.04844
-0.0468811
-0.0450124
-0.0428439
-0.0403278
-0.0375024
-0.0342949
-0.0307941
-0.0268815
-0.0227325
-0.0181457
-0.0134369
-0.00824902
-0.00308697
-0.0266723
-0.0284493
-0.029866
-0.0311179
-0.0323744
-0.0336743
-0.0349893
-0.0362887
-0.037559
-0.0387973
-0.0400013
-0.0411662
-0.0422845
-0.0433478
-0.0443475
-0.0452743
-0.0461186
-0.0468698
-0.0475168
-0.0480477
-0.0484494
-0.0487089
-0.0488113
-0.0487427
-0.0484857
-0.0480268
-0.0473459
-0.046432
-0.0452606
-0.043827
-0.0421
-0.0400885
-0.0377486
-0.0351156
-0.0321225
-0.0288513
-0.0251934
-0.0213101
-0.0170171
-0.012604
-0.00774392
-0.00289789
-0.0233013
-0.0249818
-0.0263608
-0.0276003
-0.0288432
-0.0301228
-0.0314155
-0.0326947
-0.0339482
-0.0351726
-0.0363654
-0.0375216
-0.0386343
-0.0396953
-0.0406963
-0.0416284
-0.0424822
-0.0432479
-0.0439143
-0.0444702
-0.0449031
-0.0452004
-0.0453483
-0.045333
-0.0451383
-0.0447511
-0.0441527
-0.0433323
-0.0422674
-0.0409533
-0.0393608
-0.0374983
-0.0353252
-0.032874
-0.0300832
-0.0270285
-0.0236099
-0.0199764
-0.0159587
-0.0118232
-0.00727006
-0.00272087
-0.0201613
-0.0217508
-0.0230928
-0.0243193
-0.0255483
-0.026808
-0.0280787
-0.0293378
-0.0305743
-0.0317846
-0.0329659
-0.0341131
-0.0352196
-0.0362776
-0.0372791
-0.0382156
-0.0390781
-0.0398568
-0.0405413
-0.0411206
-0.0415827
-0.0419157
-0.0421066
-0.0421419
-0.042006
-0.0416868
-0.0411664
-0.0404346
-0.0394703
-0.0382688
-0.0368032
-0.0350809
-0.0330644
-0.0307838
-0.0281823
-0.02533
-0.0221348
-0.0187344
-0.0149731
-0.0110963
-0.00682858
-0.00255625
-0.0172623
-0.0187668
-0.0200733
-0.0212863
-0.0225015
-0.0237418
-0.0249913
-0.0262308
-0.0274507
-0.028647
-0.0298167
-0.0309547
-0.0320547
-0.0331093
-0.0341107
-0.0350508
-0.0359207
-0.0367113
-0.0374124
-0.0380133
-0.0385026
-0.0388683
-0.0391001
-0.0391826
-0.0391019
-0.0388462
-0.0383988
-0.03775
-0.0368796
-0.0357835
-0.0344361
-0.0328445
-0.0309737
-0.0288516
-0.0264257
-0.0237609
-0.0207724
-0.0175876
-0.014063
-0.0104253
-0.00642078
-0.00240442
-0.014615
-0.0160412
-0.017314
-0.0185137
-0.0197154
-0.0209373
-0.0221665
-0.0233874
-0.0245911
-0.0257739
-0.0269322
-0.0280612
-0.0291546
-0.0302054
-0.0312062
-0.0321491
-0.0330256
-0.0338268
-0.0345431
-0.0351642
-0.0356795
-0.0360784
-0.0363443
-0.0364696
-0.0364394
-0.0362425
-0.0358626
-0.0352903
-0.0345068
-0.0335078
-0.0322694
-0.0307981
-0.0290612
-0.0270847
-0.0248198
-0.0223269
-0.0195276
-0.0165399
-0.0132317
-0.00981237
-0.00604813
-0.00226582
-0.0122313
-0.0135864
-0.014828
-0.0160148
-0.0172037
-0.0184084
-0.0196188
-0.0208221
-0.0220107
-0.0231807
-0.0243282
-0.0254483
-0.0265353
-0.0275822
-0.028582
-0.029527
-0.0304091
-0.0312197
-0.0319492
-0.0325881
-0.0331256
-0.0335508
-0.0338514
-0.0340167
-0.0340332
-0.0338898
-0.0335714
-0.0330689
-0.0323643
-0.0314535
-0.0303141
-0.0289518
-0.0273362
-0.0254915
-0.0233722
-0.0210346
-0.0184059
-0.0155961
-0.0124827
-0.0092603
-0.00571233
-0.002141
-0.0101243
-0.0114163
-0.0126294
-0.0138043
-0.0149814
-0.0161705
-0.0173638
-0.0185512
-0.0197259
-0.020884
-0.0220214
-0.0231335
-0.0242142
-0.0252574
-0.0262559
-0.0272026
-0.0280893
-0.0289079
-0.0296491
-0.0303035
-0.0308608
-0.0313104
-0.031641
-0.0318417
-0.0318997
-0.0318042
-0.0315406
-0.0311002
-0.030466
-0.0296338
-0.0285825
-0.0273172
-0.0258094
-0.0240816
-0.0220914
-0.0198915
-0.0174139
-0.0147615
-0.0118204
-0.00877214
-0.00541535
-0.00203062
-0.00830947
-0.00954667
-0.0107348
-0.0118989
-0.0130655
-0.0142409
-0.0154192
-0.0165924
-0.0177549
-0.0189024
-0.0200309
-0.0211356
-0.0222108
-0.0232504
-0.0242477
-0.0251955
-0.0260861
-0.0269114
-0.0276626
-0.0283304
-0.0289048
-0.0293758
-0.0297322
-0.0299636
-0.0300574
-0.0300034
-0.0297874
-0.0294009
-0.0288277
-0.0280636
-0.0270886
-0.0259073
-0.0244927
-0.0228661
-0.0209874
-0.0189063
-0.016559
-0.0140424
-0.0112498
-0.00835152
-0.00515945
-0.00193543
-0.00680538
-0.00799722
-0.00916439
-0.0103193
-0.0114771
-0.012641
-0.0138066
-0.014968
-0.01612
-0.0172585
-0.0183793
-0.0194777
-0.020548
-0.0215845
-0.0225804
-0.023529
-0.0244226
-0.0252534
-0.0260127
-0.0266917
-0.0272804
-0.0277691
-0.0281469
-0.0284036
-0.0285273
-0.0285078
-0.0283314
-0.0279899
-0.0274675
-0.0267602
-0.0258486
-0.0247372
-0.0234002
-0.0218576
-0.0200716
-0.0180891
-0.0158501
-0.0134461
-0.0107767
-0.0080027
-0.0049473
-0.00185635
-0.00562719
-0.00678334
-0.0079342
-0.00908226
-0.0102335
-0.0113888
-0.0125449
-0.0136972
-0.0148414
-0.0159731
-0.0170882
-0.0181818
-0.0192486
-0.0202827
-0.0212778
-0.022227
-0.0231231
-0.0239583
-0.024724
-0.0254116
-0.0260115
-0.0265141
-0.0269088
-0.0271856
-0.0273327
-0.0273402
-0.0271949
-0.0268886
-0.026406
-0.025743
-0.0248812
-0.0238244
-0.0225481
-0.0210711
-0.0193576
-0.017452
-0.0152976
-0.0129812
-0.0104081
-0.00773074
-0.00478205
-0.00179433
-0.00481997
-0.00595117
-0.00708973
-0.00823187
-0.00937753
-0.0105259
-0.0116745
-0.0128198
-0.0139577
-0.0150841
-0.0161945
-0.0172842
-0.018348
-0.01938
-0.0203741
-0.0213235
-0.022221
-0.0230589
-0.023829
-0.0245225
-0.0251301
-0.0256422
-0.0260484
-0.0263388
-0.0265021
-0.0265284
-0.0264047
-0.0261228
-0.0256679
-0.0250358
-0.0242086
-0.0231898
-0.0219557
-0.0205244
-0.0188613
-0.0170092
-0.0149138
-0.0126582
-0.0101524
-0.0075416
-0.0046678
-0.00175029
-0.0043661
-0.00548828
-0.00662483
-0.00776778
-0.0089137
-0.0100611
-0.0112079
-0.0123513
-0.0134875
-0.0146123
-0.0157214
-0.01681
-0.0178729
-0.0189045
-0.0198985
-0.0208484
-0.021747
-0.0225867
-0.0233592
-0.024056
-0.0246677
-0.0251849
-0.0255974
-0.0258952
-0.0260671
-0.0261033
-0.0259909
-0.0257219
-0.0252816
-0.0246657
-0.0238567
-0.0228576
-0.021646
-0.0202382
-0.018602
-0.0167772
-0.0147136
-0.0124885
-0.0100199
-0.00744156
-0.00460996
-0.00172494
-0.0896245
-0.0953812
-0.101071
-0.106702
-0.11228
-0.117813
-0.123306
-0.128768
-0.134204
-0.139619
-0.145017
-0.1504
-0.155779
-0.161126
-0.16656
-0.171841
-0.177945
-0.0856235
-0.0912958
-0.0969053
-0.102458
-0.10796
-0.113417
-0.118835
-0.124221
-0.129579
-0.134914
-0.140235
-0.145537
-0.150862
-0.156139
-0.161642
-0.166818
-0.173012
-0.0812424
-0.0867763
-0.0922487
-0.0976648
-0.10303
-0.108348
-0.113627
-0.118871
-0.124087
-0.129279
-0.134465
-0.139634
-0.14486
-0.150022
-0.155471
-0.160583
-0.166761
-0.0771286
-0.0825552
-0.0879245
-0.0932413
-0.0985105
-0.103737
-0.108927
-0.114086
-0.119223
-0.124342
-0.129465
-0.134572
-0.139755
-0.144864
-0.150265
-0.15542
-0.161404
-0.0731653
-0.0784992
-0.0837821
-0.0890182
-0.0942126
-0.09937
-0.104497
-0.109598
-0.114683
-0.119752
-0.124832
-0.12989
-0.135022
-0.140075
-0.145364
-0.150449
-0.156051
-0.0692216
-0.0744546
-0.0796417
-0.0847869
-0.0898947
-0.0949695
-0.100017
-0.105041
-0.11005
-0.115041
-0.120041
-0.125011
-0.130042
-0.134993
-0.140105
-0.145092
-0.150442
-0.0652896
-0.0704113
-0.0754908
-0.0805315
-0.0855375
-0.0905124
-0.0954613
-0.100386
-0.105296
-0.110185
-0.115079
-0.119943
-0.124852
-0.129705
-0.134672
-0.139621
-0.144825
-0.0613935
-0.0663983
-0.0713639
-0.0762933
-0.0811902
-0.0860573
-0.0908998
-0.0957185
-0.100523
-0.105307
-0.110095
-0.114861
-0.119661
-0.124437
-0.129287
-0.134176
-0.139219
-0.0575443
-0.0624292
-0.0672778
-0.0720925
-0.0768769
-0.0816335
-0.086367
-0.0910785
-0.0957771
-0.100458
-0.105142
-0.109811
-0.114501
-0.119186
-0.123902
-0.128684
-0.133568
-0.0537448
-0.0585073
-0.0632358
-0.0679329
-0.0726015
-0.0772441
-0.0818652
-0.0864658
-0.0910537
-0.0956265
-0.100197
-0.104758
-0.109325
-0.113896
-0.118474
-0.123142
-0.127893
-0.0499974
-0.0546349
-0.0592406
-0.0638167
-0.0683659
-0.0728904
-0.0773941
-0.0818782
-0.0863486
-0.0908046
-0.0952543
-0.0996962
-0.104136
-0.108589
-0.11304
-0.117592
-0.122213
-0.0463054
-0.0508159
-0.0552964
-0.0597487
-0.0641753
-0.0685781
-0.0729602
-0.0773232
-0.0816713
-0.0860058
-0.0903313
-0.0946517
-0.0989667
-0.103298
-0.107621
-0.112046
-0.116529
-0.0426726
-0.0470546
-0.051408
-0.0557345
-0.0600361
-0.0643145
-0.0685724
-0.0728117
-0.0770353
-0.0812461
-0.0854461
-0.0896422
-0.0938291
-0.0980322
-0.10222
-0.10651
-0.110852
-0.0391027
-0.0433552
-0.0475803
-0.0517795
-0.0559544
-0.0601068
-0.0642388
-0.0683524
-0.0724497
-0.0765341
-0.080606
-0.0846732
-0.0887279
-0.0927973
-0.096849
-0.101001
-0.105199
-0.0355991
-0.0397216
-0.0438177
-0.0478886
-0.0519359
-0.0559609
-0.0599655
-0.0639517
-0.0679208
-0.0718763
-0.0758177
-0.0797531
-0.0836743
-0.0876087
-0.0915231
-0.0955339
-0.0995843
-0.0321654
-0.0361578
-0.0401246
-0.0440669
-0.0479857
-0.0518826
-0.0557588
-0.0596162
-0.0634559
-0.0672811
-0.0710911
-0.0748939
-0.078681
-0.0824791
-0.0862547
-0.0901216
-0.0940228
-0.0288047
-0.0326676
-0.0365053
-0.0403189
-0.0441092
-0.0478776
-0.0516249
-0.0553531
-0.0590629
-0.0627574
-0.0664356
-0.0701051
-0.0737574
-0.0774179
-0.0810545
-0.0847762
-0.0885287
-0.0255204
-0.0292545
-0.032964
-0.0366494
-0.0403116
-0.0439517
-0.0475704
-0.0511695
-0.0547494
-0.0583131
-0.0618593
-0.0653952
-0.0689126
-0.0724354
-0.0759335
-0.0795095
-0.0831143
-0.0223155
-0.0259223
-0.0295045
-0.0330629
-0.0365979
-0.0401104
-0.0436013
-0.0470717
-0.0505223
-0.0539555
-0.0573702
-0.0607729
-0.064156
-0.0675416
-0.0709021
-0.0743325
-0.0777902
-0.0191931
-0.0226742
-0.0261309
-0.0295636
-0.0329728
-0.0363591
-0.0397232
-0.0430662
-0.0463884
-0.0496921
-0.0529762
-0.0562467
-0.0594966
-0.0627458
-0.0659697
-0.0692553
-0.0725668
-0.0161561
-0.0195138
-0.0228469
-0.0261559
-0.029441
-0.0327029
-0.0359418
-0.0391589
-0.0423543
-0.0455301
-0.0486852
-0.0518248
-0.0549429
-0.0580572
-0.0611459
-0.0642882
-0.0674544
-0.0132075
-0.0164441
-0.0196561
-0.0228437
-0.026007
-0.0291465
-0.0322625
-0.0353557
-0.0384264
-0.0414763
-0.0445043
-0.0475151
-0.0505034
-0.0534848
-0.0564401
-0.0594414
-0.0624636
-0.0103499
-0.0134684
-0.016562
-0.0196309
-0.0226751
-0.0256949
-0.0286905
-0.0316624
-0.0346109
-0.0375372
-0.0404407
-0.0433252
-0.0461861
-0.0490372
-0.0518616
-0.0547247
-0.057605
-0.00758641
-0.0105898
-0.0135682
-0.0165215
-0.0194496
-0.0223526
-0.0252307
-0.0280844
-0.0309136
-0.0337194
-0.0365013
-0.0392625
-0.041999
-0.044723
-0.0474195
-0.0501477
-0.0528889
-0.00491969
-0.00781156
-0.0106781
-0.0135191
-0.0163345
-0.0191242
-0.0218882
-0.0246269
-0.0273402
-0.030029
-0.0326928
-0.0353342
-0.0379497
-0.0405502
-0.0431224
-0.0457195
-0.0483255
-0.00235268
-0.00513674
-0.00789517
-0.0106277
-0.013334
-0.016014
-0.0186677
-0.0212952
-0.0238964
-0.026472
-0.0290214
-0.031547
-0.0340456
-0.0365268
-0.0389786
-0.0414491
-0.0439241
0.000111668
-0.00256859
-0.00522291
-0.0078509
-0.0104522
-0.0130267
-0.0155741
-0.0180945
-0.0205877
-0.0230543
-0.0254936
-0.0279077
-0.0302938
-0.0326601
-0.0349962
-0.037345
-0.0396939
0.00247027
-0.000110454
-0.00266493
-0.00519269
-0.00769331
-0.0101665
-0.012612
-0.0150297
-0.0174195
-0.0197816
-0.0221155
-0.0244228
-0.0267012
-0.0289576
-0.031183
-0.0334154
-0.0356437
0.00471987
0.00223419
-0.000224966
-0.00265704
-0.00506155
-0.0074381
-0.00978637
-0.0121062
-0.0143973
-0.0166598
-0.0188932
-0.0210989
-0.0232746
-0.0254265
-0.0275466
-0.0296682
-0.0317819
0.00685702
0.00446165
0.00209306
-0.000248129
-0.00256136
-0.00484618
-0.00710218
-0.0093291
-0.0115266
-0.0136947
-0.015833
-0.0179424
-0.020021
-0.022074
-0.0240946
-0.0261116
-0.028117
0.00887795
0.00656795
0.00428494
0.00202961
-0.000197437
-0.00239567
-0.00456462
-0.00670395
-0.00881327
-0.0108925
-0.0129412
-0.01496
-0.0169473
-0.0189075
-0.0208345
-0.0227533
-0.0246571
0.0107786
0.00854877
0.00634613
0.00417139
0.0020252
-9.18519e-05
-0.00217924
-0.00423655
-0.00626335
-0.00825948
-0.0102244
-0.0121587
-0.0140608
-0.0159343
-0.0177743
-0.0196017
-0.0214109
0.0125543
0.0103994
0.00827166
0.006172
0.00410109
0.00205957
4.80145e-05
-0.00193311
-0.00388332
-0.00580237
-0.00768971
-0.00954569
-0.011369
-0.0131626
-0.0149221
-0.0166652
-0.0183872
0.0142002
0.0121144
0.010056
0.00802567
0.00602423
0.00405234
0.00211061
0.000199578
-0.00168024
-0.00352853
-0.00534473
-0.00712901
-0.00888026
-0.0106007
-0.0122868
-0.0139529
-0.0155954
0.0157104
0.013688
0.0116929
0.00972597
0.00778793
0.0058795
0.00400134
0.00215402
0.0003381
-0.00144603
-0.00319781
-0.00491726
-0.0066034
-0.00825787
-0.00987788
-0.0114747
-0.0130457
0.0170784
0.0151133
0.0131754
0.0112655
0.00938453
0.00753311
0.00571196
0.00392169
0.00216289
0.000436
-0.00125841
-0.00292021
-0.00454855
-0.00614459
-0.00770607
-0.00924172
-0.0107495
0.018297
0.0163828
0.0144956
0.0126363
0.0108057
0.00900451
0.0072335
0.00549328
0.00378448
0.00210758
0.000463157
-0.00114855
-0.00272676
-0.00427223
-0.00578318
-0.00726605
-0.00871934
0.0193568
0.0174868
0.0156435
0.0138279
0.0120407
0.0102827
0.00855462
0.00685712
0.00519085
0.00355633
0.00195417
0.000384675
-0.00115144
-0.00265456
-0.00412331
-0.00556216
-0.00697005
0.0202497
0.0184168
0.0166103
0.014831
0.0130798
0.0113573
0.00966445
0.00800178
0.00636999
0.00476965
0.00320135
0.00166552
0.000162792
-0.00130691
-0.00274251
-0.00414688
-0.00551924
0.0209594
0.0191566
0.0173796
0.0156294
0.0139067
0.0122123
0.010547
0.00891138
0.00730614
0.00573188
0.00418919
0.00267856
0.0012006
-0.000244544
-0.001656
-0.00303537
-0.00438201
0.0196958
0.017939
0.0162083
0.0145046
0.0128285
0.0111808
0.00956217
0.00797332
0.00641484
0.00488734
0.00339134
0.00192743
0.00049595
-0.000902378
-0.00226824
-0.00360103
0.0200336
0.0182918
0.0165752
0.0148844
0.0132202
0.0115834
0.00997447
0.00839418
0.00684309
0.00532178
0.00383079
0.00237064
0.000941705
-0.000455449
-0.00182113
-0.00315488
0.021803
0.020037
0.0182954
0.0165789
0.0148882
0.0132242
0.0115875
0.00997868
0.00839851
0.00684754
0.00532636
0.00383548
0.00237546
0.000946635
-0.000450404
-0.00181597
-0.00314961
0.0214812
0.0196993
0.0179426
0.0162121
0.0145084
0.0128325
0.0111849
0.0095664
0.00797767
0.00641932
0.00489193
0.00339605
0.00193227
0.000500906
-0.000897306
-0.00226305
-0.00359573
0.0209627
0.01916
0.0173832
0.0156331
0.0139106
0.0122163
0.0105511
0.00891564
0.00731052
0.00573638
0.00419382
0.00268331
0.00120547
-0.000239547
-0.00165089
-0.00303014
-0.00437666
0.020253
0.0184203
0.0166139
0.0148348
0.0130837
0.0113614
0.00966861
0.00800608
0.00637441
0.0047742
0.00320603
0.00167032
0.000167722
-0.00130186
-0.00273734
-0.00414158
-0.00551382
0.0193601
0.0174903
0.0156472
0.0138317
0.0120446
0.0102868
0.00855882
0.00686146
0.00519532
0.00356094
0.0019589
0.000389543
-0.00114644
-0.00264944
-0.00411805
-0.00555678
-0.00696455
0.0183004
0.0163863
0.0144993
0.0126401
0.0108096
0.00900862
0.00723775
0.00549767
0.003789
0.00211224
0.00046796
-0.00114361
-0.00272169
-0.00426702
-0.00577784
-0.00726057
-0.00871373
0.0170818
0.0151169
0.0131791
0.0112694
0.00938855
0.00753727
0.00571627
0.00392614
0.00216748
0.000440734
-0.00125353
-0.00291519
-0.00454339
-0.00613928
-0.00770063
-0.00923614
-0.0107438
0.0157139
0.0136916
0.0116967
0.00972989
0.00779199
0.00588371
0.0040057
0.00215853
0.000342758
-0.00144122
-0.00319286
-0.00491216
-0.00659815
-0.00825247
-0.00987233
-0.011469
-0.0130399
0.0142037
0.0121181
0.0100598
0.00802962
0.00602834
0.0040566
0.00211503
0.000204149
-0.00167552
-0.00352365
-0.00533969
-0.00712381
-0.00887491
-0.0105952
-0.0122811
-0.0139471
-0.0155894
0.0125579
0.010403
0.0082755
0.00617599
0.00410525
0.00206389
5.24885e-05
-0.00192848
-0.00387852
-0.00579741
-0.00768459
-0.0095404
-0.0113636
-0.013157
-0.0149164
-0.0166592
-0.0183811
0.0107821
0.00855249
0.00635001
0.00417543
0.0020294
-8.74871e-05
-0.00217471
-0.00423185
-0.00625848
-0.00825444
-0.0102192
-0.0121533
-0.0140552
-0.0159286
-0.0177684
-0.0195956
-0.0214046
0.00888154
0.00657169
0.00428885
0.00203368
-0.000193194
-0.00239126
-0.00456004
-0.0066992
-0.00880834
-0.0108874
-0.0129359
-0.0149545
-0.0169417
-0.0189016
-0.0208285
-0.0227471
-0.0246507
0.00686063
0.00446542
0.002097
-0.000244018
-0.00255708
-0.00484172
-0.00709754
-0.00932428
-0.0115216
-0.0136896
-0.0158276
-0.0179368
-0.0200153
-0.0220681
-0.0240884
-0.0261052
-0.0281104
0.0047235
0.00223799
-0.000221
-0.0026529
-0.00505723
-0.00743361
-0.0097817
-0.0121013
-0.0143922
-0.0166545
-0.0188878
-0.0210932
-0.0232688
-0.0254205
-0.0275404
-0.0296618
-0.0317752
0.00247391
-0.000106642
-0.00266095
-0.00518853
-0.00768897
-0.010162
-0.0126073
-0.0150248
-0.0174144
-0.0197763
-0.02211
-0.0244171
-0.0266952
-0.0289515
-0.0311767
-0.0334088
-0.0356369
0.000115318
-0.00256477
-0.00521891
-0.00784672
-0.0104479
-0.0130221
-0.0155693
-0.0180895
-0.0205825
-0.0230489
-0.025488
-0.0279019
-0.0302878
-0.0326539
-0.0349898
-0.0373383
-0.039687
-0.00234903
-0.00513291
-0.00789117
-0.0106235
-0.0133296
-0.0160095
-0.018663
-0.0212903
-0.0238912
-0.0264666
-0.0290158
-0.0315412
-0.0340396
-0.0365205
-0.0389721
-0.0414424
-0.043917
-0.00491604
-0.00780774
-0.0106741
-0.0135149
-0.0163301
-0.0191196
-0.0218834
-0.0246219
-0.027335
-0.0300236
-0.0326871
-0.0353283
-0.0379437
-0.0405439
-0.0431158
-0.0457127
-0.0483183
-0.00758277
-0.010586
-0.0135642
-0.0165173
-0.0194452
-0.0223481
-0.025226
-0.0280794
-0.0309084
-0.033714
-0.0364957
-0.0392567
-0.0419929
-0.0447166
-0.0474129
-0.0501408
-0.0528817
-0.0103463
-0.0134646
-0.0165581
-0.0196268
-0.0226708
-0.0256904
-0.0286857
-0.0316575
-0.0346057
-0.0375319
-0.0404351
-0.0433194
-0.04618
-0.0490308
-0.051855
-0.0547178
-0.0575978
-0.0132039
-0.0164403
-0.0196522
-0.0228396
-0.0260027
-0.029142
-0.0322578
-0.0353508
-0.0384213
-0.0414709
-0.0444987
-0.0475093
-0.0504973
-0.0534784
-0.0564335
-0.0594345
-0.0624564
-0.0161526
-0.0195101
-0.022843
-0.0261519
-0.0294368
-0.0326984
-0.0359372
-0.039154
-0.0423492
-0.0455248
-0.0486797
-0.0518191
-0.0549369
-0.0580509
-0.0611393
-0.0642813
-0.0674472
-0.0191896
-0.0226706
-0.0261271
-0.0295597
-0.0329686
-0.0363548
-0.0397186
-0.0430614
-0.0463834
-0.0496869
-0.0529708
-0.056241
-0.0594906
-0.0627396
-0.0659632
-0.0692484
-0.0725596
-0.0223121
-0.0259187
-0.0295008
-0.033059
-0.0365938
-0.0401062
-0.0435968
-0.0470671
-0.0505174
-0.0539504
-0.0573648
-0.0607672
-0.0641501
-0.0675354
-0.0708956
-0.0743257
-0.0777831
-0.025517
-0.029251
-0.0329603
-0.0366456
-0.0403076
-0.0439475
-0.0475661
-0.0511649
-0.0547446
-0.0583081
-0.061854
-0.0653897
-0.0689068
-0.0724293
-0.0759271
-0.0795028
-0.0831072
-0.0288015
-0.0326642
-0.0365018
-0.0403152
-0.0441054
-0.0478735
-0.0516207
-0.0553487
-0.0590582
-0.0627525
-0.0664305
-0.0700997
-0.0737517
-0.077412
-0.0810481
-0.0847695
-0.0885217
-0.0321622
-0.0361545
-0.0401212
-0.0440633
-0.047982
-0.0518787
-0.0557547
-0.0596119
-0.0634514
-0.0672764
-0.0710861
-0.0748886
-0.0786754
-0.0824732
-0.0862485
-0.090115
-0.0940158
-0.0355961
-0.0397185
-0.0438144
-0.0478852
-0.0519323
-0.0559572
-0.0599616
-0.0639476
-0.0679165
-0.0718718
-0.0758129
-0.079748
-0.0836689
-0.087603
-0.091517
-0.0955274
-0.0995773
-0.0390998
-0.0433522
-0.0475772
-0.0517762
-0.055951
-0.0601033
-0.064235
-0.0683484
-0.0724456
-0.0765298
-0.0806014
-0.0846682
-0.0887227
-0.0927917
-0.096843
-0.100994
-0.105192
-0.0426698
-0.0470517
-0.051405
-0.0557314
-0.0600329
-0.0643112
-0.0685689
-0.0728079
-0.0770314
-0.0812419
-0.0854416
-0.0896375
-0.0938241
-0.0980268
-0.102215
-0.106504
-0.110846
-0.0463027
-0.0508132
-0.0552936
-0.0597458
-0.0641723
-0.0685749
-0.0729568
-0.0773197
-0.0816676
-0.0860019
-0.0903271
-0.0946473
-0.0989619
-0.103293
-0.107616
-0.11204
-0.116523
-0.0499948
-0.0546323
-0.0592379
-0.0638139
-0.0683631
-0.0728874
-0.077391
-0.0818749
-0.0863452
-0.0908009
-0.0952504
-0.099692
-0.104132
-0.108584
-0.113035
-0.117587
-0.122207
-0.0537424
-0.0585048
-0.0632333
-0.0679303
-0.0725988
-0.0772413
-0.0818622
-0.0864627
-0.0910505
-0.0956231
-0.100194
-0.104754
-0.109321
-0.113892
-0.11847
-0.123137
-0.127888
-0.057542
-0.0624269
-0.0672754
-0.0720901
-0.0768745
-0.0816309
-0.0863643
-0.0910757
-0.0957742
-0.100455
-0.105139
-0.109807
-0.114498
-0.119182
-0.123899
-0.12868
-0.133564
-0.0613913
-0.0663961
-0.0713617
-0.0762911
-0.0811879
-0.086055
-0.0908974
-0.0957161
-0.100521
-0.105305
-0.110093
-0.114858
-0.119658
-0.124434
-0.129284
-0.134173
-0.139216
-0.0652876
-0.0704093
-0.0754888
-0.0805295
-0.0855355
-0.0905103
-0.0954592
-0.100384
-0.105294
-0.110183
-0.115077
-0.119941
-0.124849
-0.129703
-0.13467
-0.139618
-0.144823
-0.0639369
-0.0692197
-0.0744528
-0.0796399
-0.0847851
-0.089893
-0.0949677
-0.100015
-0.105039
-0.110049
-0.11504
-0.12004
-0.12501
-0.13004
-0.134992
-0.140103
-0.14509
-0.15044
-0.0677745
-0.0731636
-0.0784976
-0.0837805
-0.0890168
-0.0942112
-0.0993686
-0.104495
-0.109596
-0.114682
-0.119751
-0.124831
-0.129889
-0.135022
-0.140075
-0.145364
-0.150449
-0.156051
-0.071639
-0.0771271
-0.0825538
-0.0879232
-0.0932401
-0.0985094
-0.103736
-0.108926
-0.114085
-0.119223
-0.124341
-0.129465
-0.134572
-0.139755
-0.144864
-0.150266
-0.155421
-0.161405
-0.0756408
-0.0812411
-0.0867751
-0.0922478
-0.097664
-0.103029
-0.108348
-0.113627
-0.118871
-0.124087
-0.12928
-0.134466
-0.139635
-0.144861
-0.150024
-0.155473
-0.160585
-0.166763
-0.0798815
-0.0856225
-0.091295
-0.0969047
-0.102458
-0.10796
-0.113417
-0.118836
-0.124222
-0.12958
-0.134916
-0.140236
-0.145539
-0.150865
-0.156142
-0.161646
-0.166822
-0.173016
-0.0837937
-0.0896237
-0.0953807
-0.101071
-0.106702
-0.112281
-0.117813
-0.123308
-0.12877
-0.134206
-0.139621
-0.14502
-0.150403
-0.155783
-0.161131
-0.166565
-0.171847
-0.177951
-0.00436073
-0.00548281
-0.00661927
-0.00776212
-0.00890794
-0.0100552
-0.011202
-0.0123453
-0.0134813
-0.0146061
-0.0157151
-0.0168036
-0.0178664
-0.0188979
-0.0198919
-0.0208417
-0.0217402
-0.0225798
-0.0233523
-0.024049
-0.0246607
-0.025178
-0.0255905
-0.0258883
-0.0260603
-0.0260966
-0.0259843
-0.0257154
-0.0252753
-0.0246596
-0.0238509
-0.0228521
-0.0216408
-0.0202334
-0.0185976
-0.0167732
-0.0147102
-0.0124856
-0.0100176
-0.00743986
-0.00460891
-0.00172455
-0.00481457
-0.00594567
-0.00708414
-0.00822618
-0.00937174
-0.01052
-0.0116686
-0.0128137
-0.0139515
-0.0150778
-0.0161881
-0.0172778
-0.0183414
-0.0193734
-0.0203673
-0.0213167
-0.0222141
-0.023052
-0.023822
-0.0245155
-0.0251231
-0.0256353
-0.0260414
-0.0263319
-0.0264952
-0.0265216
-0.026398
-0.0261163
-0.0256616
-0.0250297
-0.0242027
-0.0231842
-0.0219505
-0.0205195
-0.0188569
-0.0170052
-0.0149103
-0.0126552
-0.0101501
-0.00753987
-0.00466674
-0.0017499
-0.00562174
-0.00677779
-0.00792855
-0.00907651
-0.0102277
-0.0113829
-0.0125389
-0.0136911
-0.0148351
-0.0159668
-0.0170818
-0.0181753
-0.0192419
-0.0202759
-0.0212709
-0.0222201
-0.0231162
-0.0239513
-0.024717
-0.0254045
-0.0260044
-0.026507
-0.0269017
-0.0271785
-0.0273257
-0.0273333
-0.0271881
-0.0268819
-0.0263995
-0.0257367
-0.0248751
-0.0238187
-0.0225427
-0.0210661
-0.019353
-0.0174479
-0.015294
-0.0129782
-0.0104057
-0.00772897
-0.00478096
-0.00179393
-0.00679985
-0.00799159
-0.00915865
-0.0103135
-0.0114711
-0.0126349
-0.0138005
-0.0149617
-0.0161136
-0.017252
-0.0183727
-0.019471
-0.0205412
-0.0215776
-0.0225735
-0.0235219
-0.0244155
-0.0252462
-0.0260055
-0.0266844
-0.0272731
-0.0277618
-0.0281396
-0.0283964
-0.0285201
-0.0285007
-0.0283244
-0.027983
-0.0274608
-0.0267536
-0.0258423
-0.0247312
-0.0233946
-0.0218524
-0.0200669
-0.0180849
-0.0158464
-0.013443
-0.0107742
-0.00800086
-0.00494618
-0.00185593
-0.00830385
-0.00954093
-0.0107289
-0.0118929
-0.0130594
-0.0142347
-0.0154129
-0.016586
-0.0177484
-0.0188958
-0.0200242
-0.0211287
-0.0222039
-0.0232433
-0.0242405
-0.0251882
-0.0260788
-0.026904
-0.0276551
-0.0283229
-0.0288973
-0.0293682
-0.0297246
-0.029956
-0.0300499
-0.029996
-0.0297801
-0.0293938
-0.0288207
-0.0280569
-0.027082
-0.0259011
-0.0244869
-0.0228607
-0.0209824
-0.0189018
-0.0165551
-0.0140391
-0.0112472
-0.0083496
-0.00515827
-0.001935
-0.0101186
-0.0114104
-0.0126234
-0.0137982
-0.0149752
-0.0161642
-0.0173574
-0.0185446
-0.0197192
-0.0208772
-0.0220145
-0.0231264
-0.0242071
-0.0252501
-0.0262485
-0.0271951
-0.0280817
-0.0289002
-0.0296414
-0.0302958
-0.030853
-0.0313026
-0.0316332
-0.0318339
-0.0318919
-0.0317964
-0.031533
-0.0310927
-0.0304587
-0.0296267
-0.0285756
-0.0273107
-0.0258033
-0.0240759
-0.0220862
-0.0198868
-0.0174098
-0.0147581
-0.0118177
-0.00877013
-0.00541411
-0.00203016
-0.0122255
-0.0135805
-0.0148218
-0.0160086
-0.0171973
-0.0184019
-0.0196122
-0.0208153
-0.0220038
-0.0231736
-0.024321
-0.025441
-0.0265278
-0.0275746
-0.0285743
-0.0295192
-0.0304012
-0.0312117
-0.0319412
-0.0325801
-0.0331175
-0.0335427
-0.0338433
-0.0340085
-0.034025
-0.0338817
-0.0335633
-0.0330609
-0.0323566
-0.031446
-0.0303069
-0.0289449
-0.0273298
-0.0254855
-0.0233667
-0.0210297
-0.0184016
-0.0155925
-0.0124798
-0.00925817
-0.00571103
-0.00214052
-0.014609
-0.0160351
-0.0173077
-0.0185073
-0.0197088
-0.0209306
-0.0221597
-0.0233804
-0.024584
-0.0257666
-0.0269248
-0.0280536
-0.0291469
-0.0301975
-0.0311982
-0.0321409
-0.0330173
-0.0338185
-0.0345346
-0.0351558
-0.0356711
-0.0360705
-0.0363359
-0.0364609
-0.0364307
-0.0362338
-0.035854
-0.0352819
-0.0344986
-0.0334998
-0.0322618
-0.0307908
-0.0290543
-0.0270783
-0.0248139
-0.0223217
-0.019523
-0.0165361
-0.0132286
-0.00981011
-0.00604675
-0.0022653
-0.0172562
-0.0187605
-0.0200669
-0.0212797
-0.0224947
-0.0237349
-0.0249842
-0.0262236
-0.0274433
-0.0286395
-0.029809
-0.0309468
-0.0320467
-0.0331011
-0.0341023
-0.0350422
-0.035912
-0.0367024
-0.0374033
-0.0380041
-0.0384931
-0.0388582
-0.0390905
-0.0391732
-0.0390925
-0.038837
-0.0383897
-0.037741
-0.0368709
-0.035775
-0.034428
-0.0328367
-0.0309663
-0.0288447
-0.0264194
-0.0237553
-0.0207676
-0.0175835
-0.0140598
-0.0104229
-0.00641931
-0.00240387
-0.020155
-0.0217443
-0.0230862
-0.0243125
-0.0255413
-0.0268008
-0.0280714
-0.0293303
-0.0305667
-0.0317768
-0.0329578
-0.0341049
-0.0352112
-0.036269
-0.0372703
-0.0382067
-0.0390689
-0.0398474
-0.0405317
-0.0411108
-0.0415728
-0.0419056
-0.0420966
-0.0421319
-0.0419961
-0.0416769
-0.0411567
-0.0404251
-0.0394609
-0.0382598
-0.0367945
-0.0350726
-0.0330566
-0.0307765
-0.0281757
-0.025324
-0.0221296
-0.01873
-0.0149697
-0.0110937
-0.00682701
-0.00255567
-0.0232948
-0.0249751
-0.0263539
-0.0275933
-0.028836
-0.0301155
-0.031408
-0.0326869
-0.0339402
-0.0351644
-0.036357
-0.037513
-0.0386255
-0.0396863
-0.040687
-0.0416189
-0.0424726
-0.043238
-0.0439043
-0.04446
-0.0448927
-0.0451899
-0.0453377
-0.0453224
-0.0451277
-0.0447406
-0.0441423
-0.0433221
-0.0422574
-0.0409436
-0.0393515
-0.0374894
-0.0353168
-0.0328662
-0.0300761
-0.0270221
-0.0236044
-0.0199717
-0.015955
-0.0118205
-0.00726839
-0.00272025
-0.0266657
-0.0284425
-0.029859
-0.0311107
-0.032367
-0.0336667
-0.0349815
-0.0362807
-0.0375508
-0.0387888
-0.0399926
-0.0411572
-0.0422753
-0.0433384
-0.0443378
-0.0452644
-0.0461084
-0.0468595
-0.0475063
-0.0480369
-0.0484384
-0.0486977
-0.0488001
-0.0487314
-0.0484745
-0.0480156
-0.0473348
-0.046421
-0.0452498
-0.0438166
-0.04209
-0.0400789
-0.0377396
-0.0351072
-0.0321149
-0.0288445
-0.0251875
-0.0213051
-0.0170131
-0.0126011
-0.00774214
-0.00289722
-0.0302583
-0.0321364
-0.0335908
-0.0348537
-0.036123
-0.0374429
-0.0387799
-0.0400991
-0.0413856
-0.0426369
-0.0438514
-0.0450239
-0.0461469
-0.0472115
-0.0482086
-0.0491289
-0.0499622
-0.0506977
-0.0513236
-0.0518277
-0.0521964
-0.0524159
-0.0524708
-0.0523462
-0.0520242
-0.0514903
-0.0507233
-0.0497114
-0.0484286
-0.0468699
-0.0450016
-0.0428336
-0.0403182
-0.0374934
-0.0342867
-0.0307868
-0.0268751
-0.0227271
-0.0181415
-0.0134338
-0.00824712
-0.00308626
-0.0340635
-0.0360472
-0.0375391
-0.0388116
-0.0400929
-0.0414324
-0.0427914
-0.04413
-0.0454322
-0.046696
-0.0479202
-0.0490998
-0.0502268
-0.0512919
-0.0522858
-0.0531987
-0.0540201
-0.0547389
-0.0553428
-0.055819
-0.0561534
-0.0563315
-0.0563371
-0.0561547
-0.0557653
-0.0551537
-0.0542971
-0.0531834
-0.0517844
-0.0500951
-0.0480788
-0.0457465
-0.0430463
-0.0400195
-0.0365869
-0.0328448
-0.0286639
-0.024235
-0.0193379
-0.0143171
-0.00878234
-0.00328711
-0.0380725
-0.040165
-0.0416934
-0.0429736
-0.0442656
-0.0456241
-0.0470042
-0.0483612
-0.0496781
-0.0509533
-0.0521862
-0.0533717
-0.0545016
-0.0555662
-0.0565557
-0.0574601
-0.0582686
-0.0589696
-0.0595504
-0.0599977
-0.0602965
-0.060432
-0.0603869
-0.0601452
-0.0596865
-0.058995
-0.0580464
-0.0568276
-0.0553086
-0.053484
-0.0513142
-0.0488111
-0.0459181
-0.0426804
-0.039011
-0.0350151
-0.0305508
-0.0258263
-0.0206005
-0.0152498
-0.00934688
-0.00349953
-0.0422763
-0.0444802
-0.0460436
-0.047329
-0.0486301
-0.0500064
-0.0514066
-0.0527807
-0.0541108
-0.0553959
-0.0566362
-0.0578265
-0.0589579
-0.0600207
-0.0610047
-0.0618996
-0.0626942
-0.0633765
-0.0639333
-0.0643506
-0.0646131
-0.0647051
-0.0646084
-0.0643063
-0.063777
-0.063004
-0.0619613
-0.0606351
-0.0589929
-0.0570292
-0.054701
-0.0520213
-0.0489284
-0.0454713
-0.0415552
-0.0372941
-0.0325331
-0.0274989
-0.0219275
-0.0162307
-0.00993992
-0.00372336
-0.0466658
-0.0489829
-0.0505788
-0.0518666
-0.0531748
-0.0545677
-0.0559864
-0.0573761
-0.0587176
-0.0600111
-0.0612572
-0.0624506
-0.0635824
-0.0646421
-0.0656194
-0.0665037
-0.0672834
-0.0679461
-0.0684782
-0.0688651
-0.0690907
-0.0691386
-0.0689898
-0.0686266
-0.068026
-0.0671706
-0.0660324
-0.064597
-0.0628291
-0.0607233
-0.0582326
-0.0553713
-0.052072
-0.048388
-0.0442155
-0.0396789
-0.0346081
-0.0292509
-0.0233175
-0.0172586
-0.0105607
-0.00395845
-0.0512314
-0.0536627
-0.0552882
-0.0565752
-0.0578883
-0.0592959
-0.0607315
-0.0621346
-0.0634856
-0.0647856
-0.0660358
-0.0672308
-0.0683614
-0.0694167
-0.0703862
-0.0712588
-0.0720228
-0.0726654
-0.0731722
-0.0735283
-0.0737168
-0.0737205
-0.0735195
-0.0730952
-0.0724231
-0.0714848
-0.0702505
-0.0687048
-0.0668096
-0.0645593
-0.0619026
-0.0588554
-0.0553439
-0.0514262
-0.0469886
-0.0421665
-0.0367736
-0.0310803
-0.0247688
-0.0183328
-0.0112086
-0.00420471
-0.0559634
-0.0585089
-0.0601605
-0.0614431
-0.0627586
-0.0641789
-0.0656291
-0.0670435
-0.0684018
-0.0697061
-0.0709584
-0.0721534
-0.0732812
-0.0743308
-0.0752912
-0.0761513
-0.0768989
-0.0775209
-0.0780023
-0.0783276
-0.078479
-0.0784389
-0.0781862
-0.0777011
-0.0769579
-0.075937
-0.0746065
-0.0729501
-0.0709266
-0.0685301
-0.0657049
-0.0624683
-0.0587396
-0.0545821
-0.0498711
-0.0447544
-0.0390274
-0.0329858
-0.0262804
-0.0194523
-0.011883
-0.00446208
-0.0608516
-0.0635105
-0.0651839
-0.0664581
-0.0677733
-0.069204
-0.0706665
-0.0720896
-0.0734525
-0.074759
-0.0760115
-0.0772046
-0.078328
-0.0793705
-0.0803208
-0.0811676
-0.0818984
-0.0824994
-0.0829554
-0.0832502
-0.0833653
-0.0832821
-0.0829784
-0.0824336
-0.0816203
-0.0805177
-0.0790917
-0.0773249
-0.0751728
-0.0726293
-0.0696336
-0.0662048
-0.0622545
-0.0578518
-0.0528598
-0.0474399
-0.0413674
-0.0349656
-0.027851
-0.0206166
-0.0125832
-0.00473051
-0.0658854
-0.068656
-0.0703463
-0.0716079
-0.0729198
-0.0743584
-0.0758304
-0.0772593
-0.0786244
-0.0799305
-0.0811811
-0.0823705
-0.083488
-0.0845221
-0.0854614
-0.0862942
-0.0870078
-0.087588
-0.0880189
-0.0882839
-0.0883635
-0.0882384
-0.0878852
-0.0872822
-0.0864003
-0.0852176
-0.0836972
-0.0818211
-0.0795408
-0.0768502
-0.0736828
-0.0700598
-0.0658843
-0.0612318
-0.0559518
-0.0502208
-0.0437918
-0.0370185
-0.0294794
-0.0218249
-0.0133088
-0.00501001
-0.0710539
-0.0739336
-0.0756353
-0.0768796
-0.0781851
-0.0796289
-0.0811075
-0.0825392
-0.0839035
-0.0852069
-0.0864534
-0.0876372
-0.0887473
-0.0897718
-0.0906991
-0.0915176
-0.0922138
-0.0927735
-0.0931801
-0.0934163
-0.0934618
-0.0932965
-0.0928956
-0.0922365
-0.0912881
-0.0900274
-0.0884148
-0.086431
-0.0840237
-0.0811865
-0.0778471
-0.0740286
-0.0696248
-0.0647185
-0.0591441
-0.0530947
-0.0462987
-0.0391432
-0.0311647
-0.0230767
-0.0140591
-0.0053006
-0.076346
-0.0793314
-0.0810383
-0.0822604
-0.083556
-0.0850021
-0.0864841
-0.0879154
-0.089276
-0.0905741
-0.0918145
-0.0929909
-0.0940921
-0.0951059
-0.0960207
-0.0968245
-0.0975036
-0.0980434
-0.0984266
-0.0986353
-0.0986486
-0.0984452
-0.0979991
-0.0972865
-0.0962743
-0.0949383
-0.093236
-0.0911469
-0.0886145
-0.0856321
-0.0821208
-0.0781062
-0.073472
-0.0683085
-0.0624339
-0.0560595
-0.0488863
-0.0413385
-0.0329059
-0.0243716
-0.0148338
-0.00560233
-0.0817503
-0.0848369
-0.0865421
-0.0877367
-0.0890192
-0.0904645
-0.0919467
-0.0933742
-0.0947281
-0.0960185
-0.0972505
-0.0984179
-0.0995088
-0.100511
-0.101413
-0.102202
-0.102864
-0.103385
-0.103746
-0.103929
-0.103912
-0.103674
-0.103185
-0.102422
-0.101349
-0.0999416
-0.0981527
-0.0959615
-0.0933064
-0.0901809
-0.0864986
-0.0822881
-0.0774217
-0.0719984
-0.0658185
-0.059113
-0.051553
-0.0436033
-0.0347021
-0.025709
-0.0156324
-0.00591527
-0.0872551
-0.0904372
-0.092133
-0.093295
-0.094561
-0.0960024
-0.0974813
-0.0989016
-0.100246
-0.101526
-0.102748
-0.103905
-0.104984
-0.105974
-0.106862
-0.107637
-0.108283
-0.108786
-0.109127
-0.109286
-0.109242
-0.108971
-0.108443
-0.107633
-0.106504
-0.105029
-0.103157
-0.100867
-0.0980927
-0.0948267
-0.0909751
-0.0865695
-0.0814699
-0.075785
-0.069295
-0.0622531
-0.0542971
-0.0459363
-0.0365524
-0.0270887
-0.0164544
-0.00623947
-0.0928482
-0.0961181
-0.0977967
-0.0989211
-0.100167
-0.101602
-0.103074
-0.104484
-0.105815
-0.107083
-0.108293
-0.109437
-0.110504
-0.111481
-0.112356
-0.113117
-0.113748
-0.114235
-0.114557
-0.114696
-0.114626
-0.114326
-0.113763
-0.112911
-0.11173
-0.110191
-0.108241
-0.105857
-0.102967
-0.0995636
-0.0955449
-0.0909457
-0.0856126
-0.0796647
-0.0728607
-0.0654775
-0.0571168
-0.0483365
-0.0384559
-0.0285101
-0.0172994
-0.00657502
-0.0985159
-0.101864
-0.103518
-0.1046
-0.105824
-0.107249
-0.10871
-0.110106
-0.111423
-0.112675
-0.113871
-0.115003
-0.116056
-0.11702
-0.117882
-0.118629
-0.119247
-0.119719
-0.120025
-0.120145
-0.120055
-0.119729
-0.119135
-0.118245
-0.117016
-0.115419
-0.113396
-0.110923
-0.107921
-0.104385
-0.100202
-0.0954118
-0.0898454
-0.083634
-0.0765124
-0.0687839
-0.0600103
-0.0508026
-0.0404117
-0.0299729
-0.018167
-0.00692194
-0.104244
-0.10766
-0.10928
-0.110317
-0.111516
-0.112928
-0.114376
-0.115755
-0.117053
-0.118289
-0.11947
-0.120587
-0.121627
-0.122577
-0.123426
-0.124161
-0.124767
-0.125226
-0.125518
-0.125624
-0.125516
-0.125169
-0.124549
-0.123626
-0.122355
-0.120705
-0.118615
-0.116058
-0.11295
-0.109285
-0.104942
-0.0999627
-0.0941639
-0.087689
-0.080247
-0.0721696
-0.0629756
-0.0533332
-0.0424188
-0.0314765
-0.0190567
-0.00728024
-0.110015
-0.113488
-0.115068
-0.116056
-0.117229
-0.118625
-0.120056
-0.121415
-0.122693
-0.123911
-0.125075
-0.126176
-0.127202
-0.128139
-0.128977
-0.1297
-0.130295
-0.130744
-0.131027
-0.13112
-0.130998
-0.130635
-0.129993
-0.129043
-0.127736
-0.12604
-0.123888
-0.121254
-0.118045
-0.114257
-0.109757
-0.104593
-0.0985634
-0.0918257
-0.084061
-0.075632
-0.0660105
-0.0559266
-0.0444762
-0.0330203
-0.0199681
-0.00764985
-0.115816
-0.119333
-0.120865
-0.121802
-0.122948
-0.124326
-0.125737
-0.127072
-0.128328
-0.129526
-0.130672
-0.131758
-0.13277
-0.133694
-0.13452
-0.135235
-0.135821
-0.136263
-0.136538
-0.136623
-0.136492
-0.136117
-0.13546
-0.134488
-0.133151
-0.131415
-0.129208
-0.126503
-0.1232
-0.119294
-0.114642
-0.109297
-0.103039
-0.0960395
-0.0879507
-0.0791677
-0.0691125
-0.0585811
-0.0465827
-0.0346036
-0.0209009
-0.00803058
-0.12163
-0.125179
-0.126657
-0.127541
-0.128657
-0.130015
-0.131403
-0.132712
-0.133944
-0.135121
-0.136249
-0.137319
-0.138317
-0.139229
-0.140046
-0.140752
-0.141333
-0.14177
-0.14204
-0.142123
-0.141987
-0.141605
-0.140937
-0.139951
-0.13859
-0.136821
-0.134566
-0.131797
-0.128405
-0.124389
-0.11959
-0.114068
-0.107584
-0.100325
-0.0919119
-0.0827732
-0.0722789
-0.0612943
-0.0487369
-0.0362253
-0.0218547
-0.00842208
-0.127445
-0.131014
-0.13243
-0.133258
-0.134344
-0.135679
-0.137041
-0.138322
-0.139528
-0.140684
-0.141794
-0.142847
-0.143831
-0.144733
-0.145541
-0.146242
-0.146819
-0.147254
-0.147524
-0.147607
-0.147471
-0.147087
-0.146415
-0.14542
-0.144044
-0.142249
-0.139953
-0.137127
-0.133655
-0.129534
-0.124594
-0.118901
-0.112194
-0.104678
-0.0959397
-0.0864442
-0.0755066
-0.0640635
-0.0509374
-0.0378842
-0.0228292
-0.00882373
-0.133246
-0.136823
-0.138169
-0.13894
-0.139995
-0.141306
-0.142638
-0.14389
-0.145069
-0.146202
-0.147293
-0.148331
-0.149301
-0.150194
-0.150995
-0.151692
-0.152269
-0.152705
-0.152979
-0.153065
-0.152934
-0.152554
-0.151884
-0.150887
-0.149501
-0.147688
-0.145359
-0.142484
-0.138938
-0.13472
-0.129646
-0.123786
-0.116862
-0.109091
-0.100029
-0.0901758
-0.0787915
-0.0668855
-0.0531824
-0.0395785
-0.0238244
-0.00923463
-0.139026
-0.142593
-0.14386
-0.144573
-0.145597
-0.146881
-0.148182
-0.149401
-0.150552
-0.151663
-0.152735
-0.153758
-0.154716
-0.1556
-0.156397
-0.157093
-0.157671
-0.158111
-0.158392
-0.158487
-0.158364
-0.157994
-0.157332
-0.156339
-0.154952
-0.153128
-0.150774
-0.147857
-0.144246
-0.139938
-0.134736
-0.128716
-0.121578
-0.113556
-0.104172
-0.0939619
-0.0821292
-0.069756
-0.0554696
-0.041306
-0.02484
-0.00965346
-0.14477
-0.148308
-0.14949
-0.150144
-0.151138
-0.152393
-0.15366
-0.154845
-0.155968
-0.157056
-0.15811
-0.159117
-0.160064
-0.160941
-0.161734
-0.162431
-0.163013
-0.163462
-0.163752
-0.163859
-0.16375
-0.163394
-0.162745
-0.161765
-0.160383
-0.158555
-0.156184
-0.153235
-0.149565
-0.145175
-0.139852
-0.133679
-0.126333
-0.118065
-0.108361
-0.097795
-0.0855138
-0.07267
-0.0577962
-0.0430639
-0.0258761
-0.0100785
-0.150453
-0.153947
-0.155042
-0.155642
-0.156605
-0.15783
-0.159059
-0.160209
-0.161303
-0.162368
-0.163404
-0.164396
-0.165333
-0.166204
-0.166996
-0.167695
-0.168284
-0.168742
-0.169046
-0.169168
-0.169076
-0.168739
-0.16811
-0.167148
-0.165779
-0.163956
-0.161575
-0.158601
-0.154882
-0.150417
-0.144982
-0.138662
-0.131115
-0.122605
-0.112587
-0.101666
-0.0889384
-0.0756211
-0.0601586
-0.0448485
-0.0269326
-0.0105075
-0.156069
-0.15949
-0.160498
-0.161051
-0.161987
-0.163177
-0.164366
-0.165478
-0.166544
-0.167586
-0.168604
-0.169582
-0.170509
-0.171374
-0.172166
-0.172869
-0.173466
-0.173938
-0.174257
-0.174398
-0.174325
-0.17401
-0.173407
-0.172471
-0.171122
-0.16931
-0.166929
-0.163938
-0.160179
-0.155648
-0.150109
-0.143651
-0.13591
-0.127164
-0.116837
-0.105564
-0.092394
-0.0786015
-0.0625523
-0.0466554
-0.0280094
-0.0109377
-0.161625
-0.164931
-0.165851
-0.166361
-0.167267
-0.168419
-0.169564
-0.170638
-0.171674
-0.172694
-0.173693
-0.174657
-0.175574
-0.176435
-0.177226
-0.177934
-0.178541
-0.179026
-0.179364
-0.179529
-0.179478
-0.179188
-0.178616
-0.177712
-0.176389
-0.174597
-0.172222
-0.169224
-0.165433
-0.160846
-0.155212
-0.148624
-0.140698
-0.131723
-0.121096
-0.109476
-0.0958696
-0.0816012
-0.064971
-0.0484787
-0.029106
-0.0113658
-0.167019
-0.170244
-0.171088
-0.171558
-0.17243
-0.173536
-0.174633
-0.175668
-0.176675
-0.177672
-0.178652
-0.179601
-0.180508
-0.181364
-0.182155
-0.182869
-0.183487
-0.183987
-0.18434
-0.184529
-0.184506
-0.184247
-0.183713
-0.182847
-0.181558
-0.179793
-0.177434
-0.174437
-0.170623
-0.165989
-0.160271
-0.153562
-0.145462
-0.136267
-0.125349
-0.113387
-0.0993535
-0.0846102
-0.0674081
-0.0503125
-0.0302218
-0.0117877
-0.172224
-0.175393
-0.176191
-0.176638
-0.177474
-0.178523
-0.179565
-0.18056
-0.181539
-0.182514
-0.183475
-0.184409
-0.185305
-0.186155
-0.186947
-0.187668
-0.188299
-0.188817
-0.189184
-0.189373
-0.18938
-0.189169
-0.188687
-0.187868
-0.186619
-0.18489
-0.182556
-0.179569
-0.175743
-0.171073
-0.165281
-0.158461
-0.150197
-0.14079
-0.129592
-0.117293
-0.102844
-0.0876263
-0.0698634
-0.0521561
-0.0313605
-0.0122011
-0.177659
-0.180484
-0.181174
-0.181611
-0.18241
-0.183387
-0.184363
-0.185316
-0.186266
-0.187216
-0.188155
-0.189072
-0.189956
-0.190799
-0.191591
-0.192319
-0.192969
-0.19352
-0.19393
-0.194102
-0.194101
-0.193939
-0.193523
-0.192757
-0.191556
-0.189869
-0.187566
-0.184598
-0.18077
-0.176072
-0.170218
-0.163298
-0.154882
-0.145273
-0.133807
-0.12118
-0.106327
-0.0906385
-0.0723302
-0.0540047
-0.0325259
-0.0126065
-0.183272
-0.185506
-0.185925
-0.18629
-0.187031
-0.187924
-0.188827
-0.189734
-0.190655
-0.191579
-0.192494
-0.193392
-0.194262
-0.195097
-0.195887
-0.196623
-0.197291
-0.197883
-0.198402
-0.198775
-0.198601
-0.198407
-0.198027
-0.1973
-0.196138
-0.194489
-0.192218
-0.18927
-0.185446
-0.180729
-0.174825
-0.16782
-0.159274
-0.149484
-0.13778
-0.12485
-0.109632
-0.0934987
-0.0746922
-0.0557675
-0.0336665
-0.0129818
-0.188559
-0.189423
-0.189899
-0.190098
-0.190723
-0.19159
-0.192472
-0.193364
-0.19428
-0.195199
-0.196107
-0.196997
-0.197861
-0.198691
-0.199478
-0.200211
-0.200874
-0.201438
-0.201849
-0.20203
-0.202195
-0.202154
-0.201843
-0.201181
-0.200083
-0.198491
-0.196274
-0.193368
-0.189574
-0.184866
-0.17895
-0.171896
-0.163269
-0.153344
-0.141462
-0.128278
-0.11276
-0.0962215
-0.0769792
-0.0574643
-0.0347928
-0.0133017
-0.192349
-0.193412
-0.194554
-0.195055
-0.195737
-0.196666
-0.197584
-0.198458
-0.199334
-0.20021
-0.201069
-0.20191
-0.202728
-0.203517
-0.204271
-0.20498
-0.205629
-0.206205
-0.20669
-0.207044
-0.207041
-0.206917
-0.206577
-0.205898
-0.204787
-0.20318
-0.200943
-0.198006
-0.194169
-0.189395
-0.183393
-0.176219
-0.167444
-0.157323
-0.145212
-0.131731
-0.115886
-0.098921
-0.0792366
-0.0591242
-0.0358792
-0.0135697
-0.196513
-0.197724
-0.19921
-0.199868
-0.200502
-0.201382
-0.202277
-0.203108
-0.203931
-0.20476
-0.205577
-0.206377
-0.207159
-0.207917
-0.208643
-0.209326
-0.209952
-0.210496
-0.210935
-0.211264
-0.211339
-0.211283
-0.210967
-0.210304
-0.209202
-0.207595
-0.205348
-0.202384
-0.198505
-0.193664
-0.187574
-0.180277
-0.171352
-0.161034
-0.148698
-0.134927
-0.118771
-0.1014
-0.0813088
-0.0606341
-0.036871
-0.0137948
-0.201002
-0.202245
-0.20381
-0.204523
-0.205082
-0.205869
-0.206712
-0.207497
-0.208264
-0.209042
-0.209817
-0.210578
-0.211326
-0.212056
-0.212761
-0.213429
-0.214045
-0.214586
-0.215025
-0.215301
-0.21553
-0.215494
-0.21518
-0.214526
-0.213435
-0.211832
-0.209582
-0.206601
-0.202692
-0.197797
-0.191633
-0.184228
-0.17517
-0.164669
-0.152124
-0.138077
-0.121627
-0.103856
-0.0833805
-0.0621361
-0.0378852
-0.0140126
-0.205457
-0.206704
-0.208177
-0.208894
-0.209409
-0.210112
-0.210898
-0.211641
-0.212361
-0.213089
-0.213821
-0.214546
-0.215263
-0.215969
-0.216658
-0.217317
-0.217931
-0.218478
-0.218931
-0.219257
-0.219497
-0.219487
-0.21919
-0.218554
-0.217481
-0.215889
-0.213644
-0.210653
-0.206722
-0.201783
-0.195558
-0.188057
-0.17888
-0.168213
-0.155478
-0.141169
-0.12445
-0.10629
-0.0854573
-0.0636374
-0.0389309
-0.0142167
-0.209628
-0.210929
-0.212218
-0.212892
-0.213393
-0.214033
-0.214757
-0.215455
-0.216129
-0.21681
-0.217501
-0.218193
-0.218884
-0.219572
-0.22025
-0.220907
-0.221526
-0.222086
-0.222561
-0.222924
-0.223183
-0.223202
-0.22293
-0.222318
-0.22127
-0.219695
-0.21746
-0.214466
-0.210521
-0.205547
-0.19927
-0.191685
-0.182405
-0.171587
-0.158682
-0.144132
-0.127169
-0.108639
-0.0874865
-0.0650967
-0.0399802
-0.0143911
-0.213343
-0.214801
-0.215879
-0.216473
-0.21697
-0.217567
-0.218226
-0.218874
-0.219504
-0.220143
-0.220798
-0.221463
-0.222136
-0.222813
-0.223489
-0.224151
-0.224782
-0.225362
-0.225866
-0.226267
-0.226546
-0.226593
-0.226353
-0.22577
-0.224748
-0.223195
-0.220975
-0.217984
-0.214032
-0.20903
-0.202711
-0.195054
-0.185684
-0.174732
-0.161678
-0.146908
-0.129731
-0.110855
-0.0894257
-0.0664799
-0.0410119
-0.0145244
-0.21655
-0.21825
-0.219128
-0.219613
-0.220102
-0.220665
-0.221263
-0.221857
-0.222446
-0.22305
-0.223676
-0.224323
-0.224988
-0.225665
-0.226348
-0.227023
-0.227672
-0.228277
-0.228812
-0.229251
-0.229553
-0.22963
-0.229424
-0.228873
-0.227881
-0.226351
-0.224149
-0.221164
-0.21721
-0.212186
-0.205834
-0.198114
-0.188668
-0.177598
-0.164417
-0.149451
-0.132091
-0.112899
-0.0912386
-0.0677585
-0.0420102
-0.0146056
-0.219283
-0.22126
-0.22195
-0.222309
-0.222771
-0.2233
-0.22384
-0.224383
-0.224937
-0.225515
-0.226124
-0.226764
-0.227429
-0.228116
-0.228814
-0.229511
-0.230187
-0.230821
-0.231386
-0.231859
-0.232186
-0.232296
-0.232125
-0.231606
-0.230644
-0.229138
-0.226954
-0.223977
-0.220022
-0.214981
-0.2086
-0.200827
-0.191317
-0.180144
-0.166854
-0.151717
-0.134204
-0.11473
-0.0928884
-0.0689032
-0.0429587
-0.0146196
-0.221637
-0.223842
-0.22434
-0.224562
-0.22498
-0.22547
-0.225959
-0.226459
-0.226986
-0.227551
-0.228155
-0.228797
-0.229474
-0.230177
-0.230897
-0.23162
-0.232326
-0.232994
-0.233595
-0.234095
-0.234448
-0.234589
-0.234451
-0.233963
-0.233028
-0.231543
-0.229376
-0.226404
-0.222448
-0.217389
-0.210985
-0.203163
-0.193597
-0.182334
-0.168953
-0.153668
-0.136031
-0.116312
-0.0943386
-0.0698853
-0.04384
-0.014547
-0.223699
-0.226001
-0.226289
-0.226382
-0.226748
-0.227198
-0.227647
-0.228118
-0.228633
-0.229197
-0.229808
-0.230464
-0.231159
-0.231885
-0.23263
-0.233379
-0.234115
-0.234813
-0.235444
-0.235967
-0.236352
-0.236522
-0.236413
-0.23595
-0.235037
-0.233568
-0.23141
-0.22844
-0.224479
-0.2194
-0.21297
-0.205102
-0.195487
-0.184143
-0.170685
-0.155275
-0.13754
-0.117615
-0.0955555
-0.0706782
-0.0446367
-0.0143643
-0.22549
-0.227721
-0.2278
-0.227793
-0.228115
-0.228532
-0.228956
-0.229417
-0.229934
-0.230508
-0.231136
-0.231812
-0.23253
-0.23328
-0.234051
-0.234827
-0.235589
-0.236314
-0.236971
-0.237522
-0.237925
-0.238117
-0.238029
-0.237584
-0.236683
-0.235221
-0.233066
-0.230088
-0.226115
-0.221012
-0.214553
-0.206637
-0.196974
-0.185556
-0.172031
-0.156516
-0.138704
-0.118614
-0.0965097
-0.071259
-0.0453323
-0.0140432
-0.226973
-0.228996
-0.228898
-0.22884
-0.229137
-0.229535
-0.229953
-0.230419
-0.230951
-0.231544
-0.232194
-0.232893
-0.233635
-0.234409
-0.235203
-0.236002
-0.236786
-0.237531
-0.238208
-0.238777
-0.239195
-0.239403
-0.239324
-0.238884
-0.237986
-0.23652
-0.234356
-0.231361
-0.227366
-0.222229
-0.215734
-0.207767
-0.198055
-0.186567
-0.172982
-0.157378
-0.139507
-0.11929
-0.0971766
-0.0716094
-0.0459111
-0.0135515
-0.228112
-0.229853
-0.229643
-0.229586
-0.229882
-0.230276
-0.230704
-0.231189
-0.231743
-0.232361
-0.233034
-0.233756
-0.234519
-0.235313
-0.236125
-0.236941
-0.23774
-0.238499
-0.239187
-0.239764
-0.240186
-0.240389
-0.240321
-0.239874
-0.238965
-0.237483
-0.235297
-0.232273
-0.228244
-0.223063
-0.216525
-0.208499
-0.198735
-0.187177
-0.173537
-0.157856
-0.13994
-0.119634
-0.0975372
-0.0717159
-0.0463581
-0.0128535
-0.228915
-0.230361
-0.230113
-0.230099
-0.230413
-0.230819
-0.231268
-0.23178
-0.23236
-0.233002
-0.233697
-0.234438
-0.235218
-0.236026
-0.23685
-0.237676
-0.238482
-0.239245
-0.239934
-0.24051
-0.240926
-0.241123
-0.241032
-0.240574
-0.23964
-0.238129
-0.235908
-0.232841
-0.228766
-0.22353
-0.216936
-0.208846
-0.199024
-0.187396
-0.173701
-0.157954
-0.140001
-0.119639
-0.097579
-0.0715693
-0.0466592
-0.0119124
-0.229433
-0.230609
-0.230385
-0.230441
-0.230785
-0.231213
-0.23169
-0.232232
-0.232838
-0.233501
-0.234213
-0.234968
-0.235758
-0.236574
-0.237402
-0.238228
-0.239033
-0.239791
-0.240471
-0.241035
-0.241433
-0.24161
-0.241493
-0.241014
-0.240037
-0.238475
-0.236204
-0.233081
-0.228947
-0.223645
-0.216987
-0.208825
-0.198938
-0.187237
-0.173488
-0.157681
-0.139699
-0.119308
-0.0972973
-0.0711636
-0.0468011
-0.0106946
-0.22974
-0.23068
-0.230518
-0.230656
-0.231038
-0.231494
-0.232001
-0.23257
-0.233197
-0.233876
-0.2346
-0.235362
-0.236156
-0.236971
-0.237795
-0.238614
-0.239408
-0.240151
-0.240812
-0.241352
-0.241722
-0.241866
-0.241709
-0.24116
-0.240161
-0.238541
-0.236205
-0.233014
-0.228809
-0.22343
-0.216698
-0.208456
-0.198498
-0.186722
-0.172918
-0.157055
-0.139048
-0.118648
-0.0966957
-0.0704943
-0.0467721
-0.00917517
-0.229906
-0.230627
-0.230551
-0.230776
-0.231196
-0.23168
-0.232215
-0.232806
-0.233449
-0.234138
-0.234867
-0.235629
-0.236419
-0.237226
-0.238039
-0.238843
-0.239616
-0.240335
-0.240968
-0.241473
-0.241804
-0.241903
-0.241699
-0.241104
-0.24002
-0.238342
-0.235929
-0.232659
-0.228374
-0.22291
-0.216095
-0.207768
-0.197734
-0.185881
-0.172019
-0.156102
-0.138072
-0.117675
-0.0957881
-0.0695569
-0.046563
-0.00734462
-0.230038
-0.230488
-0.230505
-0.230815
-0.231271
-0.231781
-0.232338
-0.232945
-0.233598
-0.23429
-0.235017
-0.235774
-0.236553
-0.237346
-0.23814
-0.238921
-0.239668
-0.240354
-0.240949
-0.241411
-0.241693
-0.241737
-0.241472
-0.240809
-0.23964
-0.237898
-0.235401
-0.232044
-0.227673
-0.222113
-0.215211
-0.206795
-0.196682
-0.18475
-0.170829
-0.154859
-0.136806
-0.116416
-0.0946
-0.0683464
-0.0461683
-0.00521652
-0.229874
-0.230271
-0.230402
-0.23078
-0.231268
-0.2318
-0.232374
-0.232991
-0.233646
-0.234336
-0.235056
-0.235801
-0.236565
-0.237338
-0.238108
-0.23886
-0.239572
-0.24022
-0.24077
-0.241182
-0.241407
-0.241388
-0.241054
-0.240318
-0.239078
-0.237234
-0.234658
-0.231209
-0.22675
-0.221074
-0.214087
-0.205582
-0.195387
-0.183377
-0.169397
-0.153371
-0.135295
-0.114907
-0.09317
-0.066859
-0.0455878
-0.00283424
-0.229479
-0.230017
-0.230258
-0.230682
-0.231194
-0.231743
-0.232327
-0.232947
-0.2336
-0.234282
-0.234991
-0.235721
-0.236465
-0.237214
-0.237956
-0.238674
-0.239348
-0.239951
-0.24045
-0.240806
-0.24097
-0.240883
-0.240474
-0.23966
-0.238336
-0.236382
-0.23373
-0.230184
-0.225623
-0.219873
-0.212785
-0.204188
-0.193911
-0.181825
-0.16779
-0.151694
-0.133595
-0.113193
-0.0915609
-0.0650899
-0.0448321
-0.000277364
-0.229217
-0.229764
-0.230083
-0.230538
-0.231063
-0.231619
-0.232206
-0.232824
-0.233471
-0.234143
-0.234838
-0.23555
-0.236271
-0.236994
-0.237704
-0.238386
-0.239018
-0.239574
-0.240021
-0.240318
-0.240417
-0.24026
-0.239775
-0.23888
-0.237474
-0.235442
-0.232692
-0.229041
-0.224382
-0.218541
-0.211361
-0.202676
-0.192319
-0.180157
-0.166055
-0.149928
-0.13178
-0.111333
-0.089854
-0.0630185
-0.0439584
0.00235622
-0.228979
-0.229506
-0.229879
-0.230355
-0.230885
-0.231443
-0.232029
-0.232641
-0.233279
-0.233939
-0.234618
-0.23531
-0.236008
-0.236703
-0.237381
-0.238026
-0.238616
-0.239124
-0.239518
-0.239757
-0.239793
-0.239566
-0.239007
-0.238032
-0.236543
-0.234425
-0.231551
-0.227839
-0.223091
-0.217162
-0.209896
-0.201128
-0.190697
-0.178464
-0.164301
-0.148129
-0.129923
-0.109503
-0.0879805
-0.0607409
-0.0430254
0.00504861
-0.22874
-0.229247
-0.229659
-0.230149
-0.23068
-0.231236
-0.231817
-0.232423
-0.23305
-0.233697
-0.23436
-0.235033
-0.235708
-0.236376
-0.237023
-0.237632
-0.238182
-0.238645
-0.238989
-0.239173
-0.239149
-0.238857
-0.238228
-0.237179
-0.235615
-0.233419
-0.230465
-0.226661
-0.221829
-0.215821
-0.208477
-0.199635
-0.189135
-0.17684
-0.162621
-0.1464
-0.128133
-0.107715
-0.086089
-0.0590652
-0.0414023
0.00755945
-0.22851
-0.229003
-0.229444
-0.229941
-0.23047
-0.231023
-0.231599
-0.232196
-0.232814
-0.23345
-0.234098
-0.234753
-0.235407
-0.236051
-0.23667
-0.237247
-0.237761
-0.238184
-0.238484
-0.238619
-0.238542
-0.238193
-0.237502
-0.236388
-0.234757
-0.232496
-0.229477
-0.225591
-0.220684
-0.214606
-0.207195
-0.198289
-0.187731
-0.17538
-0.161112
-0.144846
-0.126517
-0.106089
-0.0843442
-0.0574477
-0.0396053
0.00755949
-0.22831
-0.228794
-0.229255
-0.229755
-0.230282
-0.230831
-0.231402
-0.231993
-0.232603
-0.233228
-0.233863
-0.234504
-0.235141
-0.235765
-0.236361
-0.236912
-0.237397
-0.237788
-0.238052
-0.238148
-0.238027
-0.237632
-0.236892
-0.235726
-0.234041
-0.231724
-0.22865
-0.224701
-0.219737
-0.213603
-0.206139
-0.197182
-0.186578
-0.174183
-0.159874
-0.143567
-0.125183
-0.104741
-0.0828716
-0.0560631
-0.0382737
0.00558775
-0.228161
-0.228641
-0.229113
-0.229615
-0.23014
-0.230687
-0.231254
-0.23184
-0.232444
-0.233062
-0.233688
-0.234319
-0.234944
-0.235553
-0.236133
-0.236666
-0.237131
-0.237499
-0.237737
-0.237806
-0.237655
-0.237227
-0.236453
-0.23525
-0.233527
-0.231172
-0.22806
-0.224065
-0.219061
-0.212889
-0.205387
-0.196396
-0.185758
-0.173332
-0.158993
-0.142656
-0.124229
-0.103771
-0.0817976
-0.0550726
-0.0373887
0.00387572
-0.22808
-0.228559
-0.229037
-0.22954
-0.230064
-0.230609
-0.231174
-0.231758
-0.232359
-0.232973
-0.233595
-0.23422
-0.234839
-0.235442
-0.236014
-0.236538
-0.236991
-0.237348
-0.237573
-0.237628
-0.237462
-0.237018
-0.236225
-0.235005
-0.233262
-0.230887
-0.227755
-0.223735
-0.218713
-0.21252
-0.205
-0.19599
-0.185335
-0.172892
-0.158537
-0.142183
-0.12373
-0.103262
-0.0812286
-0.0545553
-0.0369298
0.00293179
)
;

boundaryField
{
    inlet
    {
        type            zeroGradient;
    }
    outlet
    {
        type            fixedValue;
        value           uniform 0;
    }
    cylinder
    {
        type            zeroGradient;
    }
    top
    {
        type            symmetryPlane;
    }
    bottom
    {
        type            symmetryPlane;
    }
    defaultFaces
    {
        type            empty;
    }
    procBoundary1to0
    {
        type            processor;
        value           nonuniform List<scalar> 
163
(
-0.231319
-0.231319
-0.232966
-0.234698
-0.236536
-0.236659
-0.236659
-0.238377
-0.240221
-0.242215
-0.240125
-0.240125
-0.242072
-0.238379
-0.238379
-0.240205
-0.242216
-0.23757
-0.23757
-0.239307
-0.232519
-0.232519
-0.2222
-0.2222
-0.221484
-0.205315
-0.205315
-0.186391
-0.186391
-0.166418
-0.166418
-0.146382
-0.146382
-0.127043
-0.127043
-0.108169
-0.108169
-0.0910398
-0.0910395
-0.0910395
-0.121612
-0.10817
-0.10817
-0.141366
-0.141366
-0.161942
-0.166426
-0.166426
-0.186402
-0.186402
-0.205329
-0.205329
-0.221502
-0.222218
-0.222218
-0.232539
-0.232539
-0.239328
-0.237591
-0.237591
-0.242237
-0.240226
-0.240226
-0.244228
-0.242093
-0.240146
-0.240146
-0.242236
-0.240241
-0.238398
-0.238398
-0.238522
-0.236557
-0.234718
-0.232985
-0.231338
-0.231338
-0.0837947
-0.0798828
-0.0756422
-0.0716406
-0.0677762
-0.0639388
-0.0601223
-0.0563465
-0.0526202
-0.048946
-0.0453259
-0.041763
-0.0382605
-0.0348215
-0.0314491
-0.0281464
-0.024916
-0.021761
-0.0186838
-0.0156873
-0.0127739
-0.00994627
-0.00720684
-0.00455817
-0.00200282
0.0004566
0.00281738
0.00507667
0.00723145
0.00927848
0.0112142
0.0130347
0.0147358
0.0163124
0.0177592
0.0190698
0.0202373
0.0212526
0.0221079
0.0227872
0.0214778
0.0214778
0.0217996
0.0235924
0.0232874
0.0227904
0.0221112
0.0212558
0.0202405
0.0190731
0.0177625
0.0163158
0.0147391
0.0130381
0.0112176
0.00928192
0.00723491
0.00508014
0.00282086
0.000460082
-0.00199934
-0.0045547
-0.00720339
-0.00994285
-0.0127705
-0.015684
-0.0186806
-0.0217578
-0.0249129
-0.0281433
-0.0314462
-0.0348187
-0.0382578
-0.0417604
-0.0453234
-0.0489436
-0.052618
-0.0563443
-0.0601203
-0.0601203
-0.0586009
-0.0623263
-0.0660854
-0.0699697
-0.0740667
-0.0778844
)
;
    }
}


// ************************************************************************* //
