/*--------------------------------*- C++ -*----------------------------------*\
  =========                 |
  \\      /  F ield         | OpenFOAM: The Open Source CFD Toolbox
   \\    /   O peration     | Website:  https://openfoam.org
    \\  /    A nd           | Version:  7
     \\/     M anipulation  |
\*---------------------------------------------------------------------------*/
FoamFile
{
    version     2.0;
    format      ascii;
    class       volScalarField;
    location    "25";
    object      p;
}
// * * * * * * * * * * * * * * * * * * * * * * * * * * * * * * * * * * * * * //

dimensions      [0 2 -2 0 0 0 0];

internalField   nonuniform List<scalar> 
8330
(
0.0422368
0.0389319
0.0382019
0.0368938
0.0358388
0.0346755
0.0335345
0.0324252
0.0313863
0.0304792
0.0296568
0.029114
0.0283931
0.0284389
0.0421082
0.0388287
0.0381044
0.0368046
0.035755
0.0345964
0.0334591
0.0323531
0.0313159
0.0304144
0.0295893
0.0290709
0.028327
0.0284859
0.041854
0.038625
0.0379122
0.0366295
0.0355909
0.0344422
0.0333124
0.0322136
0.0311801
0.0302904
0.0294587
0.0289919
0.0281952
0.0285845
0.0414778
0.0383235
0.0376284
0.0363714
0.0353499
0.0342164
0.0330985
0.032011
0.0309833
0.0301127
0.0292674
0.0288855
0.0279932
0.0287409
0.0409845
0.0379279
0.0372568
0.0360347
0.0350369
0.0339247
0.0328234
0.031752
0.0307317
0.0298893
0.029019
0.0287651
0.0277137
0.0289644
0.0403804
0.037443
0.0368028
0.0356252
0.0346581
0.0335739
0.0324947
0.0314448
0.0304338
0.029631
0.0287174
0.0286488
0.027347
0.0292678
0.0396731
0.0368747
0.0362726
0.0351495
0.0342213
0.0331724
0.0321214
0.0310997
0.0300991
0.0293513
0.0283667
0.0285597
0.0268808
0.0296678
0.0388711
0.0362292
0.0356732
0.0346153
0.0337349
0.03273
0.0317142
0.0307282
0.0297387
0.029066
0.0279711
0.0285253
0.0263021
0.0301865
0.0379834
0.0355135
0.0350121
0.0340308
0.0332084
0.0322569
0.0312843
0.0303432
0.0293647
0.0287929
0.0275349
0.0285765
0.0255941
0.030861
0.0370196
0.0347346
0.0342971
0.0334046
0.0326514
0.0317642
0.0308438
0.0299582
0.0289895
0.0285512
0.0270629
0.0287497
0.0247272
0.0317407
0.0359891
0.0338996
0.0335362
0.0327456
0.0320741
0.0312632
0.030405
0.0295872
0.0286266
0.0283608
0.0265575
0.0290856
0.0237145
0.0327788
0.034901
0.0330151
0.032737
0.0320623
0.0314863
0.0307649
0.02998
0.0292435
0.0282889
0.0282469
0.0260291
0.0295503
0.0228963
0.0336626
0.0337638
0.0320876
0.0319067
0.0313627
0.0308972
0.0302798
0.0295804
0.0289397
0.0279851
0.028225
0.0255824
0.0298977
0.0222721
0.0346282
0.0325847
0.0311224
0.0310515
0.0306542
0.0303154
0.0298175
0.0292169
0.0286871
0.027728
0.0282079
0.0253237
0.0303498
0.0216055
0.035757
0.0313699
0.0301241
0.0301771
0.0299431
0.0297483
0.0293863
0.0288986
0.0284933
0.0275931
0.0282233
0.0251227
0.0309928
0.0209287
0.0369897
0.0301238
0.029096
0.0292876
0.0292345
0.0292018
0.0289927
0.0286329
0.0283529
0.0275352
0.0283512
0.0249827
0.0317895
0.0203625
0.0382444
0.0288491
0.0280402
0.0283858
0.0285319
0.02868
0.0286409
0.028426
0.0282828
0.0275502
0.028578
0.024952
0.0326793
0.0200098
0.0393977
0.027546
0.0269572
0.027473
0.0278371
0.0281852
0.028333
0.0282783
0.0282847
0.0276515
0.0288802
0.0250811
0.0335879
0.020019
0.0403
0.0262126
0.0258459
0.0265487
0.02715
0.0277172
0.0280687
0.0281889
0.0283538
0.0278454
0.0292376
0.0254142
0.034428
0.0205621
0.0408401
0.0248448
0.0247036
0.0256108
0.0264688
0.0272733
0.0278448
0.0281544
0.0284831
0.0281317
0.0296346
0.0259881
0.0351233
0.0217834
0.0410318
0.0234355
0.0235252
0.0246552
0.025789
0.0268488
0.0276553
0.028168
0.028664
0.0285044
0.0300648
0.0268204
0.0356431
0.0237295
0.0410602
0.0223044
0.0236759
0.0251043
0.0264363
0.0274913
0.0282203
0.0288871
0.0289525
0.0305367
0.0279023
0.0360309
0.0263056
0.041226
0.0210363
0.0226623
0.0244063
0.0260257
0.0273414
0.0282991
0.0291434
0.0294612
0.0310708
0.0292032
0.0364036
0.0293036
0.0418118
0.0197104
0.0216047
0.0236842
0.0256048
0.0271923
0.0283906
0.0294252
0.0300169
0.0316911
0.0306844
0.0369131
0.032498
0.0429728
0.0183127
0.020494
0.0229256
0.0251596
0.0270293
0.0284802
0.0297265
0.0306138
0.0324174
0.0323169
0.0376922
0.0357478
0.044708
0.0193163
0.0221164
0.0246742
0.026836
0.0285542
0.0300422
0.0312561
0.0332639
0.0340876
0.0388227
0.0390463
0.0468613
0.0180567
0.0212409
0.0241321
0.0265972
0.0286013
0.0303689
0.0319548
0.0342454
0.035993
0.0403416
0.0424884
0.0491191
0.0166993
0.0202827
0.0235163
0.0262988
0.0286139
0.0307055
0.032723
0.0353806
0.0380308
0.0422677
0.0461026
0.0511868
0.0152277
0.0192248
0.0228105
0.0259293
0.0285882
0.0310545
0.0335728
0.0366902
0.0402039
0.0446064
0.0496386
0.0534176
0.0180501
0.0219999
0.0254804
0.0285234
0.0314227
0.0345171
0.0381917
0.0425287
0.0473174
0.0529437
0.0571071
0.016742
0.0210721
0.024947
0.0284205
0.0318214
0.0355712
0.0398962
0.045023
0.0502813
0.0564344
0.0610175
0.0200181
0.0243264
0.028283
0.0322675
0.036753
0.041808
0.047685
0.0534725
0.060034
0.0650181
0.0188317
0.0236166
0.0281189
0.0327828
0.0380804
0.0439224
0.0505158
0.0568379
0.0637619
0.0691098
0.0175091
0.0228171
0.0279434
0.0333922
0.0395685
0.0462315
0.0535075
0.0603507
0.0676101
0.0732573
0.0219311
0.0277799
0.034121
0.0412279
0.0487251
0.0566512
0.0639916
0.0715669
0.0774798
0.0209692
0.0276587
0.0349916
0.0430646
0.0513929
0.0599375
0.0677492
0.075627
0.0817774
0.0276136
0.036023
0.0450816
0.0542264
0.0633589
0.0716181
0.0797857
0.0861592
0.0372299
0.0472795
0.0572186
0.0669103
0.0755966
0.0840423
0.0906303
0.0386238
0.0496586
0.0603655
0.07059
0.0796858
0.0883983
0.0951969
0.0522194
0.0636655
0.0743985
0.083889
0.0928572
0.0998645
0.0671197
0.078339
0.088211
0.0974234
0.104638
0.0824167
0.0926577
0.102102
0.109524
0.0972357
0.1069
0.114527
0.111823
0.119652
0.124903
0.124931
0.101991
0.111857
0.11968
0.086683
0.0972752
0.106934
0.114555
0.0824625
0.0926982
0.102137
0.109553
0.0671714
0.0783861
0.0882527
0.0974589
0.104668
0.052276
0.0637188
0.0744471
0.0839319
0.0928935
0.0998941
0.0386836
0.0497169
0.0604205
0.0706402
0.0797302
0.0884357
0.0952271
0.0372912
0.0473395
0.0572755
0.0669624
0.0756425
0.0840807
0.0906611
0.0276757
0.0360859
0.0451435
0.0542853
0.0634129
0.0716658
0.0798253
0.0861907
0.02103
0.027722
0.0350562
0.0431286
0.0514542
0.0599938
0.0677988
0.0756681
0.0818098
0.0219925
0.0278443
0.0341873
0.041294
0.0487887
0.0567099
0.0640433
0.0716096
0.0775131
0.0175676
0.0228791
0.0280089
0.0334602
0.0396369
0.0462978
0.0535689
0.0604049
0.0676546
0.0732916
0.0188905
0.0236792
0.0281856
0.0328525
0.0381512
0.0439915
0.05058
0.0568948
0.0638083
0.0691453
0.0153411
0.0200772
0.0243896
0.0283508
0.032339
0.0368261
0.04188
0.0477523
0.0535323
0.0600828
0.0650548
0.0167983
0.0211315
0.0250108
0.0284893
0.0318946
0.0356467
0.0399712
0.0450936
0.0503442
0.0564857
0.0610555
0.0181065
0.0220596
0.0255448
0.0285931
0.0314974
0.0345949
0.0382698
0.0426028
0.0473838
0.052998
0.0571464
0.0152824
0.0192812
0.0228705
0.0259942
0.0286589
0.0311307
0.0336528
0.0367713
0.0402815
0.0446765
0.0496964
0.053458
0.0167539
0.0203392
0.0235766
0.0263642
0.0286854
0.030783
0.032805
0.0354645
0.038112
0.0423416
0.0461645
0.0512295
0.0181111
0.0212973
0.0241925
0.026663
0.0286734
0.0304475
0.0320386
0.0343321
0.0360776
0.0404197
0.0425548
0.0491654
0.0168842
0.0193704
0.0221727
0.0247347
0.026902
0.0286269
0.0301218
0.0313413
0.0333529
0.0341753
0.0389048
0.0391171
0.0469117
0.018365
0.0205475
0.0229816
0.0252199
0.0270954
0.0285532
0.0298067
0.0307002
0.0325084
0.0324074
0.0377785
0.0358225
0.0447625
0.019762
0.0216577
0.0237397
0.0256648
0.0272583
0.0284636
0.0295057
0.030104
0.0317838
0.0307771
0.0370031
0.032576
0.0430315
0.0210869
0.0227145
0.0244611
0.0260852
0.027407
0.0283719
0.0292238
0.0295486
0.0311645
0.0292974
0.0364969
0.0293844
0.0418748
0.0223542
0.0237272
0.0251584
0.0264951
0.0275562
0.0282924
0.0289671
0.0290399
0.0306308
0.0279976
0.0361265
0.0263889
0.041293
0.0234851
0.0235738
0.0247053
0.0258421
0.0269066
0.0277193
0.0282393
0.0287432
0.0285911
0.0301588
0.026916
0.0357401
0.0238148
0.0411306
0.0248929
0.0247508
0.0256596
0.0265207
0.0273299
0.0279076
0.0282244
0.0285611
0.0282172
0.0297277
0.0260835
0.0352205
0.0218704
0.0411044
0.0262591
0.0258917
0.0265961
0.0272005
0.0277723
0.02813
0.0282574
0.0284302
0.0279294
0.0293291
0.0255087
0.0345243
0.0206503
0.0409135
0.0275907
0.0270014
0.0275188
0.0278859
0.0282387
0.0283924
0.0283448
0.028359
0.0277333
0.0289695
0.0251739
0.0336822
0.0201073
0.0403728
0.0288918
0.0280826
0.0284298
0.028579
0.0287316
0.0286983
0.0284902
0.0283546
0.0276294
0.0286644
0.0250424
0.0327708
0.0200971
0.0394687
0.0301645
0.0291365
0.0293297
0.0292796
0.0292512
0.0290477
0.0286946
0.0284218
0.0276113
0.0284343
0.02507
0.0318774
0.0204476
0.0383127
0.0314084
0.0301626
0.0302172
0.029986
0.0297954
0.0294388
0.0289573
0.028559
0.0276658
0.0283024
0.0252064
0.0310765
0.0210102
0.0370545
0.0326209
0.0311587
0.0310894
0.0306948
0.03036
0.0298672
0.0292726
0.0287493
0.0277969
0.0282825
0.025403
0.0304287
0.0216834
0.035818
0.0337976
0.0321216
0.0319422
0.0314008
0.030939
0.0303264
0.0296327
0.0289981
0.0280497
0.0282954
0.0256566
0.0299712
0.022345
0.0346852
0.0349324
0.0330468
0.0327701
0.0320978
0.0315252
0.0308083
0.0300287
0.0292979
0.0283489
0.0283122
0.0260977
0.0296182
0.0229636
0.0337126
0.0360179
0.0339287
0.0335667
0.0327784
0.0321101
0.0313033
0.0304499
0.0296373
0.0286819
0.0284209
0.0266205
0.0291487
0.0237735
0.0328259
0.0370458
0.0347612
0.034325
0.0334346
0.0326843
0.0318008
0.0308847
0.0300039
0.02904
0.0286058
0.0271201
0.0288068
0.02478
0.0317833
0.038007
0.0355375
0.0350372
0.0340577
0.033238
0.0322899
0.0313212
0.0303844
0.0294101
0.028842
0.0275861
0.0286274
0.025641
0.0308983
0.0388919
0.0362505
0.0356954
0.0346392
0.0337613
0.0327593
0.031747
0.0307648
0.0297789
0.0291094
0.0280162
0.0285701
0.026343
0.0302187
0.0396912
0.0368933
0.036292
0.0351704
0.0342443
0.033198
0.03215
0.0311315
0.030134
0.0293889
0.0284058
0.0285983
0.0269158
0.029695
0.0403957
0.0374588
0.0368193
0.0356429
0.0346777
0.0335956
0.0325189
0.0314718
0.0304634
0.0296629
0.0287504
0.0286813
0.0273762
0.0292903
0.0409971
0.0379408
0.0372704
0.0360493
0.0350529
0.0339425
0.0328433
0.0317741
0.0307561
0.0299154
0.029046
0.0287915
0.0277374
0.0289824
0.0414876
0.0383336
0.0376389
0.0363828
0.0353624
0.0342303
0.0331141
0.0320283
0.0310022
0.030133
0.0292884
0.028906
0.0280114
0.0287546
0.041861
0.0386322
0.0379198
0.0366376
0.0355998
0.0344521
0.0333235
0.0322259
0.0311937
0.0303049
0.0294736
0.0290064
0.0282082
0.0285942
0.0421124
0.038833
0.0381089
0.0368095
0.0357604
0.0346024
0.0334657
0.0323605
0.031324
0.0304231
0.0295983
0.0290796
0.0283348
0.0284916
0.0422382
0.0389334
0.0382034
0.0368954
0.0358406
0.0346775
0.0335368
0.0324277
0.031389
0.0304821
0.0296598
0.0291169
0.0283957
0.0284408
0.0278543
0.0276335
0.0274201
0.0271952
0.0269586
0.0267098
0.026447
0.0261684
0.0258718
0.0255546
0.0252141
0.024847
0.0244497
0.0240182
0.0235478
0.0230336
0.0224701
0.0218515
0.0211714
0.0204232
0.0196001
0.0186952
0.0177018
0.0166137
0.0154254
0.0141329
0.0127344
0.011231
0.00962789
0.00793591
0.00617309
0.00436667
0.00255533
0.000791435
-0.000856943
-0.00230475
-0.00345013
-0.00417961
-0.00437823
-0.00392931
-0.00276001
-0.00105207
0.0278181
0.0275977
0.0273908
0.0271693
0.0269353
0.0266891
0.0264289
0.026153
0.025859
0.0255445
0.0252067
0.0248423
0.0244477
0.0240187
0.0235508
0.0230389
0.0224775
0.0218606
0.021182
0.020435
0.0196126
0.018708
0.0177142
0.016625
0.0154348
0.0141397
0.0127375
0.0112293
0.00962022
0.00792105
0.00614972
0.00433354
0.00251129
0.000735601
-0.000925018
-0.00238481
-0.00354081
-0.00427796
-0.00447921
-0.00402389
-0.00283184
-0.00110346
0.0277494
0.0275289
0.0273346
0.0271196
0.0268901
0.0266485
0.026393
0.0261217
0.0258323
0.0255225
0.0251894
0.0248296
0.0244394
0.0240147
0.0235508
0.0230426
0.0224846
0.0218705
0.0211942
0.0204487
0.019627
0.0187221
0.017727
0.0166352
0.0154411
0.0141404
0.0127309
0.0112136
0.00959325
0.00788063
0.00609363
0.00425958
0.00241751
0.000620495
-0.00106219
-0.00254353
-0.00371864
-0.00446949
-0.00467513
-0.00420754
-0.00297109
-0.00120485
0.0276529
0.0274307
0.0272554
0.0270499
0.026827
0.0265918
0.0263428
0.0260779
0.025795
0.0254917
0.0251649
0.0248115
0.0244274
0.0240086
0.0235502
0.023047
0.0224934
0.0218831
0.0212096
0.020466
0.0196451
0.0187395
0.0177423
0.0166466
0.0154467
0.0141379
0.0127179
0.0111873
0.00955096
0.00781923
0.00601002
0.00415074
0.00228072
0.000453627
-0.00126017
-0.00277197
-0.00397422
-0.00474477
-0.00495702
-0.00447307
-0.00317187
-0.00135499
0.0275343
0.0273074
0.0271579
0.0269653
0.0267507
0.0265239
0.0262831
0.0260262
0.0257514
0.025456
0.0251372
0.0247916
0.0244151
0.0240034
0.0235518
0.0230548
0.0225065
0.0219008
0.0212308
0.0204894
0.0196693
0.0187629
0.0177629
0.0166623
0.0154548
0.0141359
0.0127026
0.0111554
0.00949888
0.00774318
0.00590615
0.00401528
0.00211025
0.000245483
-0.00150737
-0.00305757
-0.0042943
-0.0050904
-0.00531201
-0.00481071
-0.00343464
-0.00155241
0.0273981
0.0271626
0.0270468
0.0268713
0.0266671
0.0264504
0.0262195
0.0259722
0.0257067
0.0254207
0.025111
0.0247743
0.0244064
0.024003
0.0235591
0.0230691
0.0225271
0.0219266
0.0212606
0.0205218
0.0197026
0.0187952
0.0177919
0.0166855
0.0154694
0.0141386
0.01269
0.0111235
0.0094435
0.00765998
0.00579063
0.00386307
0.00191733
8.68169e-06
-0.00178979
-0.00338505
-0.00466263
-0.00548982
-0.00572404
-0.00520737
-0.00373872
-0.00179485
0.0272453
0.0269975
0.0269258
0.0267727
0.0265815
0.0263771
0.026158
0.0259217
0.0256668
0.025391
0.0250914
0.0247643
0.0244058
0.0240113
0.0235757
0.0230934
0.0225581
0.0219633
0.0213017
0.0205658
0.0197476
0.0188391
0.0178324
0.0167197
0.0154942
0.0141505
0.012685
0.0110974
0.00939166
0.00757756
0.00567268
0.00370471
0.00171411
-0.000243009
-0.00209203
-0.00373749
-0.00506106
-0.00592432
-0.00617446
-0.00564789
-0.00407934
-0.00208065
0.0270697
0.026811
0.0267976
0.0266734
0.0264989
0.0263097
0.0261046
0.0258808
0.0256375
0.0253726
0.0250834
0.0247664
0.0244175
0.0240322
0.0236051
0.0231307
0.0226024
0.0220135
0.0213565
0.0206237
0.0198067
0.0188972
0.017887
0.0167679
0.0155326
0.0141754
0.0126923
0.0110826
0.0093499
0.00750365
0.00556135
0.00355077
0.00151277
-0.000495694
-0.00239842
-0.00409755
-0.00547074
-0.00637418
-0.0066432
-0.00611456
-0.00444188
-0.00240678
0.0268399
0.0265979
0.0266635
0.0265758
0.0264226
0.0262527
0.0260645
0.025855
0.0256242
0.0253706
0.025092
0.0247849
0.0244455
0.0240691
0.0236504
0.0231836
0.0226623
0.0220792
0.0214269
0.0206972
0.0198815
0.0189712
0.0179576
0.0168322
0.0155873
0.0142166
0.0127159
0.0110839
0.00932392
0.0074451
0.00546482
0.00341091
0.0013246
-0.000736304
-0.00269407
-0.00444854
-0.00587328
-0.00681992
-0.00710994
-0.00658857
-0.00481051
-0.00276914
0.0264509
0.0263448
0.0265198
0.0264786
0.0263547
0.0262097
0.026042
0.025849
0.0256316
0.0253897
0.0251214
0.0248238
0.0244932
0.024125
0.0237141
0.0232544
0.0227395
0.0221619
0.021514
0.0207873
0.0199729
0.0190619
0.0180452
0.0169138
0.0156597
0.0142762
0.0127584
0.0111047
0.00931814
0.00740743
0.00538987
0.00329332
0.00115938
-0.00095339
-0.00296575
-0.00477544
-0.00625186
-0.00724344
-0.00755534
-0.00705087
-0.00517052
-0.00317715
0.0261283
0.026073
0.0263675
0.0263905
0.0263023
0.0261855
0.0260414
0.0258668
0.0256639
0.0254337
0.0251754
0.0248866
0.0245632
0.0242024
0.0237982
0.0233446
0.0228352
0.0222624
0.0216183
0.0208942
0.0200811
0.0191695
0.0181499
0.0170131
0.0157505
0.0143549
0.0128212
0.0111471
0.00933554
0.00739455
0.00534153
0.00320431
0.00102483
-0.00113768
-0.00320251
-0.00506564
-0.00659211
-0.00762895
-0.00796209
-0.00748357
-0.00550476
-0.00359433
0.0261698
0.0258177
0.0262185
0.0263285
0.0262759
0.0261857
0.0260664
0.0259119
0.025724
0.0255054
0.0252563
0.0249751
0.0246587
0.0243035
0.0239044
0.0234555
0.0229503
0.0223812
0.02174
0.021018
0.0202057
0.0192933
0.0182711
0.0171294
0.0158592
0.0144528
0.0129046
0.0112117
0.00937766
0.00740872
0.00532299
0.00314815
0.000926424
-0.00128238
-0.00339611
-0.00530943
-0.0068827
-0.00796377
-0.00831543
-0.00787178
-0.00579281
-0.00403778
0.0261643
0.0255907
0.0260982
0.0262958
0.0262775
0.0262132
0.0261198
0.0259865
0.0258144
0.0256073
0.0253669
0.0250922
0.024781
0.0244298
0.0240341
0.0235882
0.0230856
0.0225187
0.0218793
0.0211583
0.0203461
0.0194328
0.018408
0.0172619
0.0159849
0.014569
0.013008
0.011299
0.00944411
0.00745065
0.00533573
0.00312714
0.00086742
-0.00138319
-0.00354108
-0.0055001
-0.00711562
-0.00823867
-0.00860429
-0.00820257
-0.00601885
-0.00448501
0.0262391
0.0254259
0.0260202
0.0263026
0.0263159
0.0262741
0.0262057
0.0260939
0.0259375
0.0257418
0.0255093
0.0252401
0.0249324
0.0245835
0.0241893
0.0237443
0.0232423
0.0226758
0.0220365
0.0213152
0.0205022
0.0195873
0.0185598
0.0174095
0.0161265
0.0147023
0.0131303
0.0114074
0.00953479
0.00752009
0.00537993
0.00314203
0.000849264
-0.00143788
-0.00363434
-0.00563366
-0.00728594
-0.0084452
-0.00882901
-0.00844248
-0.00623347
-0.00464136
0.0264672
0.0253667
0.0260119
0.0263702
0.0264075
0.0263801
0.0263319
0.0262397
0.0260981
0.0259127
0.0256871
0.0254219
0.0251161
0.0247676
0.0243726
0.0239264
0.0234228
0.0228545
0.0222133
0.0214901
0.0206749
0.0197573
0.0187266
0.017572
0.0162834
0.014852
0.0132707
0.0115359
0.00964868
0.00761623
0.00545496
0.00319249
0.000871983
-0.00144601
-0.00367491
-0.00570867
-0.0073916
-0.00858316
-0.00897978
-0.00860897
-0.00639099
-0.0045809
0.0269157
0.0254823
0.0261199
0.0265307
0.026577
0.0265505
0.0265131
0.0264349
0.0263046
0.0261269
0.0259061
0.0256431
0.0253372
0.0249868
0.0245888
0.0241387
0.0236309
0.0230584
0.0224129
0.0216856
0.0208664
0.0199447
0.0189097
0.0177504
0.0164564
0.0150183
0.0134291
0.0116845
0.00978528
0.00773844
0.00556016
0.00327785
0.000934976
-0.0014081
-0.00366315
-0.00572529
-0.00743266
-0.00865201
-0.00905752
-0.00870422
-0.00647799
-0.00450605
0.0276314
0.0258496
0.0264034
0.0268259
0.0268586
0.0268137
0.0267722
0.0266976
0.0265715
0.0263966
0.0261768
0.0259128
0.025604
0.0252489
0.0248449
0.0243881
0.0238732
0.0232934
0.0226409
0.0219068
0.0210813
0.0201536
0.0191128
0.0179477
0.0166478
0.0152034
0.0136069
0.0118541
0.00994524
0.00788703
0.00569552
0.00339781
0.00103773
-0.00132485
-0.00359994
-0.0056846
-0.00741049
-0.00865311
-0.00906519
-0.0087296
-0.0065032
-0.00442963
0.0286142
0.0265273
0.0269224
0.0273027
0.0272931
0.0272071
0.0271413
0.0270547
0.0269212
0.0267405
0.0265153
0.0262453
0.0259293
0.0255656
0.025152
0.0246849
0.0241592
0.0235687
0.0229058
0.0221618
0.0213269
0.0203906
0.0193419
0.0181695
0.0168625
0.0154113
0.0138079
0.0120478
0.010131
0.00806386
0.00586235
0.00355318
0.00118055
-0.00119648
-0.00348601
-0.00558782
-0.00732692
-0.00858886
-0.00900608
-0.00868955
-0.00647179
-0.00433314
0.0298114
0.0275335
0.0277211
0.0280042
0.0279231
0.0277731
0.02766
0.027541
0.0273841
0.0271853
0.0269449
0.026661
0.0263314
0.0259537
0.0255255
0.0250434
0.0245025
0.0238969
0.0232195
0.0224616
0.0216138
0.0206657
0.0196062
0.018424
0.0171083
0.015649
0.0140382
0.012271
0.0103472
0.00827288
0.00606389
0.00374642
0.00136514
-0.00102203
-0.00332116
-0.00543558
-0.00718348
-0.00846182
-0.00888359
-0.00858934
-0.00638817
-0.00421476
0.0311515
0.0288427
0.0288134
0.0289588
0.0287855
0.0285541
0.0283709
0.0281967
0.027997
0.0277641
0.0274953
0.0271867
0.0268343
0.026435
0.0259855
0.0254823
0.0249206
0.0242946
0.0235975
0.0228211
0.0219559
0.0209918
0.0199178
0.0187227
0.0173956
0.0159263
0.0143068
0.0125318
0.0106011
0.00852042
0.00630556
0.00398204
0.00159511
-0.000798894
-0.00310381
-0.00522739
-0.00698078
-0.00827396
-0.00870063
-0.00843391
-0.00625763
-0.00407806
0.032606
0.0304158
0.0301854
0.0301758
0.0299058
0.0295844
0.0293126
0.0290617
0.0287995
0.0285143
0.0282009
0.0278537
0.0274669
0.0270358
0.0265563
0.0260242
0.0254345
0.0247817
0.0240588
0.023258
0.02237
0.021385
0.020292
0.0190799
0.0177378
0.0162556
0.0146251
0.0128408
0.0109025
0.00881522
0.0065951
0.00426672
0.00187604
-0.000522642
-0.0028307
-0.00496129
-0.00671814
-0.00802626
-0.00845928
-0.0082273
-0.00608554
-0.00392658
0.0342246
0.0322328
0.0318163
0.0316558
0.0312986
0.0308862
0.0305135
0.0301699
0.0298276
0.029472
0.0290966
0.0286949
0.0282598
0.0277848
0.0272645
0.026694
0.0260679
0.0253803
0.0246243
0.0237923
0.0228753
0.0218633
0.0207459
0.019512
0.0181506
0.0166517
0.015007
0.0132109
0.011263
0.0091681
0.00694228
0.00460912
0.00221541
-0.000187049
-0.00249689
-0.00463384
-0.00639345
-0.00771846
-0.00816052
-0.00797226
-0.00587656
-0.00376349
0.0361005
0.0343011
0.0337
0.0334045
0.0329725
0.0324686
0.0319893
0.0315443
0.0311088
0.0306667
0.0302127
0.0297408
0.0292424
0.0287098
0.0281366
0.0275169
0.0268445
0.0261132
0.0253161
0.0244452
0.0234918
0.0224464
0.0212983
0.0200367
0.0186509
0.0171306
0.0154678
0.0136564
0.0116962
0.00959138
0.00735834
0.0050193
0.00262213
0.000215448
-0.00209614
-0.00424035
-0.00600346
-0.00734911
-0.00780444
-0.00767026
-0.00563431
-0.00359144
0.0382996
0.0366313
0.035848
0.035436
0.03493
0.0343297
0.0337435
0.033195
0.0326576
0.0321171
0.0315714
0.0310152
0.0304393
0.0298355
0.0291967
0.0285162
0.027787
0.0270024
0.0261549
0.0252369
0.0242394
0.023153
0.0219674
0.0206717
0.0192555
0.0177084
0.0160225
0.0141915
0.0122154
0.0100974
0.00785464
0.00550753
0.00310528
0.000692675
-0.00162189
-0.00377576
-0.00554449
-0.00691618
-0.00739064
-0.00732183
-0.00536135
-0.00341233
0.0408088
0.0392144
0.0382829
0.0377682
0.0371688
0.0364613
0.0357702
0.0351169
0.0344717
0.0338253
0.0331789
0.0325274
0.0318618
0.0311746
0.0304585
0.0297058
0.0289093
0.0280615
0.0271548
0.026181
0.0251315
0.0239967
0.0227665
0.0214302
0.0199773
0.0183977
0.0166834
0.014828
0.0128317
0.0106968
0.00844103
0.00608284
0.00367305
0.00125181
-0.00106801
-0.00323514
-0.00501287
-0.00641725
-0.00691847
-0.00692697
-0.00505958
-0.00322736
0.0434768
0.0419873
0.0410085
0.0404026
0.0396811
0.0388556
0.0380564
0.0372903
0.0365296
0.0357718
0.0350186
0.034264
0.0335005
0.0327212
0.0319187
0.0310853
0.030213
0.0292942
0.0283209
0.0272845
0.0261764
0.0249869
0.0237061
0.0223233
0.0208284
0.019211
0.0174635
0.0155792
0.0135584
0.0114026
0.00913022
0.00675738
0.00433686
0.00190325
-0.000425263
-0.00261069
-0.00440256
-0.0058477
-0.00638571
-0.00648418
-0.00472996
-0.00303694
0.0459261
0.0447074
0.0438702
0.0432425
0.0424346
0.0415247
0.0406312
0.0397527
0.038876
0.0380057
0.0371419
0.0362789
0.035411
0.034532
0.0336346
0.0327112
0.0317539
0.0307546
0.0297053
0.0285971
0.0274214
0.0261685
0.0248285
0.0233909
0.0218459
0.0201829
0.0183949
0.0164744
0.0144225
0.0122394
0.00994437
0.00755078
0.00511385
0.00266155
0.00031831
-0.00189291
-0.00370659
-0.00520215
-0.0057892
-0.00599005
-0.00437068
-0.00284072
0.0482495
0.0473356
0.0467736
0.0462472
0.045475
0.044576
0.0436389
0.0426747
0.0416937
0.0407078
0.0397207
0.0387319
0.0377393
0.0367382
0.0357227
0.0346858
0.03362
0.0325174
0.0313697
0.0301682
0.028904
0.0275675
0.0261491
0.0246382
0.0230254
0.0213002
0.0194561
0.0174852
0.0153894
0.0131674
0.0108403
0.0084177
0.00595824
0.00348222
0.00112122
-0.00111845
-0.00295565
-0.00450389
-0.00514446
-0.00545354
-0.00398033
-0.00264131
0.0528051
0.0509239
0.0497765
0.0488235
0.0478356
0.0468162
0.0457848
0.0447428
0.0436922
0.0426361
0.0415763
0.0405133
0.0394454
0.0383687
0.0372778
0.0361665
0.0350277
0.0338539
0.032637
0.0313686
0.03004
0.0286418
0.0271647
0.0255986
0.0239346
0.0221623
0.0202762
0.0182682
0.0161415
0.0138941
0.0115484
0.00911176
0.00664546
0.00416342
0.00180257
-0.000445431
-0.00228798
-0.003869
-0.00454797
-0.00495106
-0.00360621
-0.00246507
0.0560272
0.053987
0.0526744
0.0516211
0.0505388
0.0494095
0.0482716
0.0471356
0.0459964
0.0448511
0.0437005
0.0425453
0.0413842
0.0402137
0.0390292
0.0378251
0.036595
0.0353318
0.0340281
0.0326757
0.0312665
0.0297913
0.0282414
0.026607
0.02488
0.0230504
0.0211136
0.0190616
0.0168988
0.0146224
0.0122567
0.00980609
0.00733458
0.00484928
0.00249157
0.00023927
-0.00160783
-0.00321699
-0.0039411
-0.00442984
-0.00323409
-0.00228284
0.0590037
0.0568018
0.0555524
0.0545135
0.0533647
0.0521347
0.0508976
0.0496703
0.0484419
0.0472053
0.0459611
0.0447104
0.0434523
0.0421839
0.0409011
0.039599
0.0382719
0.0369134
0.0355166
0.0340739
0.0325776
0.0310191
0.0293905
0.0276822
0.0258872
0.0239959
0.0220047
0.0199059
0.0177053
0.0153992
0.0130139
0.0105508
0.00807634
0.00559086
0.00323915
0.00098595
-0.000865382
-0.002501
-0.0032783
-0.00385527
-0.0028345
-0.00207686
0.0620336
0.0597442
0.0585486
0.05751
0.0562891
0.0549613
0.0536292
0.0523132
0.0509974
0.0496715
0.0483353
0.0469908
0.0456374
0.0442725
0.0428927
0.0414935
0.04007
0.0386163
0.0371262
0.0355927
0.0340086
0.0323659
0.0306572
0.0288737
0.0270091
0.0250543
0.023007
0.0208594
0.0186189
0.0162808
0.0138733
0.0113947
0.00891386
0.00642416
0.00407329
0.00181347
-5.03409e-05
-0.0017203
-0.00256424
-0.00323935
-0.00241413
-0.00185309
0.0652833
0.0628624
0.0616459
0.0605844
0.0592985
0.0578827
0.0564609
0.0550588
0.0536577
0.0522445
0.0508186
0.0493824
0.0479357
0.0464765
0.0450015
0.0435069
0.0419883
0.0404405
0.0388579
0.0372339
0.0355621
0.0338349
0.0320458
0.0301863
0.0282511
0.0262317
0.0241267
0.0219285
0.0196459
0.0172732
0.0148403
0.0123424
0.00985059
0.00735134
0.00499455
0.00272091
0.000834582
-0.000878695
-0.00180385
-0.00258649
-0.00197529
-0.00161407
0.0686975
0.0661145
0.0648288
0.0637274
0.0623824
0.060887
0.0593794
0.0578928
0.0564079
0.0549095
0.0533961
0.0518703
0.0503326
0.0487811
0.047213
0.0456248
0.0440127
0.0423721
0.0406979
0.0389841
0.037225
0.0354135
0.0335438
0.031608
0.0296016
0.0275165
0.0253528
0.0231023
0.0207758
0.018366
0.0159049
0.0133843
0.0108771
0.00836353
0.00599428
0.00370039
0.00178177
1.73863e-05
-0.00100291
-0.00190064
-0.00152008
-0.00136225
0.0721918
0.0694746
0.0680978
0.0669386
0.0655333
0.0639621
0.062371
0.0608008
0.0592331
0.057651
0.056052
0.0544387
0.0528121
0.0511706
0.0495114
0.0478318
0.0461281
0.0443964
0.0426321
0.0408298
0.0389842
0.0370891
0.0351391
0.033127
0.0310494
0.0288982
0.0266747
0.0243709
0.0219987
0.0195498
0.0170576
0.0145111
0.0119843
0.00945178
0.00706347
0.00474327
0.00278269
0.000960131
-0.000168428
-0.00118775
-0.00105189
-0.00110133
0.0757471
0.0729257
0.0714458
0.0702129
0.0687425
0.0670975
0.0654247
0.0637715
0.0621217
0.0604572
0.0587742
0.0570752
0.0553616
0.0536319
0.0518839
0.0501149
0.0483217
0.0465007
0.044648
0.0427586
0.040828
0.0388502
0.0368208
0.0347329
0.0325841
0.0303666
0.0280829
0.0257248
0.0233053
0.0208155
0.0182894
0.0157138
0.0131628
0.0106067
0.00819247
0.00584003
0.00382784
0.00194043
0.000691524
-0.000455293
-0.00057496
-0.000835799
0.0793479
0.0764431
0.0748569
0.0735405
0.0720011
0.0702834
0.0685309
0.0667957
0.0650646
0.0633186
0.061553
0.0597699
0.0579709
0.056155
0.05432
0.0524634
0.0505825
0.0486742
0.0467348
0.0447599
0.0427455
0.0406861
0.0385781
0.0364152
0.0341954
0.0319117
0.0295672
0.0271539
0.0246857
0.0221528
0.0195899
0.016982
0.014402
0.0118177
0.00937061
0.00698008
0.0049069
0.00294829
0.00156834
0.000288599
-9.38528e-05
-0.000570421
0.0829716
0.0800039
0.0783151
0.076911
0.0753002
0.0735108
0.0716807
0.0698651
0.0680535
0.0662272
0.0643803
0.0625146
0.0606318
0.0587312
0.0568108
0.0548684
0.0529016
0.0509075
0.0488829
0.0468239
0.044727
0.0425872
0.0404014
0.0381639
0.0358734
0.0335234
0.0311175
0.0286481
0.0261294
0.0235515
0.0209487
0.0183051
0.0156911
0.013074
0.0105869
0.0081525
0.00600944
0.00397354
0.00245355
0.00103575
0.000386895
-0.000309816
0.0866054
0.0835917
0.0818065
0.0803141
0.078631
0.0767714
0.0748659
0.0729716
0.071081
0.0691756
0.0672489
0.0653021
0.063337
0.0613533
0.0593492
0.0573225
0.0552713
0.0531928
0.0510845
0.0489426
0.0467642
0.0445449
0.0422821
0.0399704
0.0376093
0.0351926
0.0327246
0.0301979
0.0276269
0.0250017
0.0223556
0.0196728
0.0170198
0.0143649
0.011831
0.00934686
0.00712568
0.00500655
0.00333932
0.00177853
0.000863029
-5.80929e-05
0.0902412
0.0871936
0.0853187
0.0837395
0.0819847
0.0800566
0.0780783
0.0761075
0.0741395
0.0721567
0.0701518
0.0681256
0.06608
0.0640147
0.0619285
0.0598192
0.057685
0.0555237
0.0533328
0.0511092
0.0488504
0.0465523
0.0442128
0.0418272
0.0393954
0.0369116
0.0343805
0.0317952
0.0291697
0.0264948
0.0238018
0.021076
0.0183787
0.0156812
0.0130935
0.0105538
0.00824706
0.00603876
0.00421889
0.00251026
0.00133083
0.000181481
0.0938696
0.0907982
0.0888404
0.0871771
0.0853521
0.0833578
0.0813094
0.0792648
0.0772218
0.0751635
0.0730823
0.0709786
0.0688543
0.0667094
0.0645427
0.0623524
0.0601368
0.057894
0.0556219
0.0533177
0.0509793
0.0486031
0.0461874
0.043728
0.0412251
0.0386737
0.0360783
0.0334328
0.0307505
0.0280231
0.0252796
0.0225069
0.0197601
0.0170146
0.0143667
0.0117654
0.00936645
0.00706307
0.0050868
0.00322564
0.00178731
0.000406686
0.0974814
0.0943954
0.0923613
0.090617
0.0887239
0.086666
0.0845507
0.0824354
0.0803199
0.0781885
0.0760333
0.0738544
0.0716535
0.0694309
0.0671857
0.0649161
0.0626209
0.0602981
0.0579461
0.0555625
0.0531454
0.0506918
0.0482003
0.0456671
0.0430928
0.040473
0.037812
0.0351047
0.0323631
0.0295805
0.0267826
0.0239588
0.0211572
0.0183585
0.0156442
0.0129753
0.0104783
0.00807395
0.00593893
0.00392082
0.00223028
0.000616418
0.101067
0.0979755
0.0958712
0.094049
0.0920902
0.0899718
0.0877932
0.0856107
0.0834258
0.081224
0.0789974
0.0767457
0.0744707
0.0721728
0.0698512
0.0675045
0.0651313
0.0627303
0.0602999
0.0578382
0.0553435
0.0528131
0.0502462
0.0476394
0.0449933
0.0423043
0.0395765
0.0368055
0.0340023
0.0311614
0.0283054
0.0254263
0.022565
0.0197076
0.0169211
0.0141785
0.0115784
0.00906739
0.00677245
0.00459338
0.00265835
0.000810593
0.104615
0.101528
0.0993593
0.0974626
0.095441
0.0932655
0.0910276
0.0887816
0.0865307
0.0842617
0.0819667
0.0796452
0.0772989
0.0749282
0.0725326
0.0701109
0.067662
0.0651847
0.0626776
0.0601391
0.0575679
0.0549618
0.0523199
0.0496396
0.0469215
0.0441627
0.0413668
0.0385305
0.0356632
0.0327611
0.0298433
0.0269047
0.0239788
0.0210575
0.0181935
0.0153712
0.0126639
0.0100407
0.00758556
0.00524218
0.00307081
0.00098995
0.108114
0.10504
0.102814
0.100847
0.0987658
0.0965371
0.0942441
0.0919388
0.0896257
0.087293
0.084933
0.0825449
0.0801302
0.0776897
0.0752229
0.0727288
0.0702065
0.0676549
0.065073
0.0624594
0.0598131
0.0571322
0.0544161
0.0516626
0.0488724
0.0460432
0.0431781
0.0402747
0.0373412
0.0343751
0.0313921
0.0283899
0.0253951
0.0224046
0.0194584
0.0165508
0.0137326
0.0109923
0.00837729
0.00586705
0.00346753
0.00115578
0.111553
0.1085
0.106224
0.104191
0.102054
0.0997766
0.097433
0.0950728
0.0927018
0.0903092
0.0878878
0.0854366
0.082957
0.0804498
0.0779147
0.075351
0.0727579
0.0701344
0.0674798
0.064793
0.0620731
0.0593187
0.0565292
0.0537031
0.0508408
0.0479407
0.0450055
0.0420337
0.0390319
0.0359991
0.0329478
0.0298781
0.0268104
0.0237459
0.0207132
0.0177151
0.014783
0.0119213
0.00914722
0.00646849
0.00384875
0.00130965
0.114921
0.111896
0.109578
0.107485
0.105297
0.102974
0.100585
0.0981743
0.0957498
0.0933015
0.0908227
0.0883121
0.0857712
0.0832007
0.0806006
0.0779703
0.0753091
0.0726163
0.0698914
0.0671334
0.0643417
0.0615152
0.0586535
0.0557553
0.0528213
0.0498501
0.0468441
0.0438026
0.0407308
0.0376289
0.0345065
0.0313658
0.0282215
0.0250786
0.0219557
0.0188624
0.015814
0.0128273
0.00989532
0.00704743
0.00421501
0.00145315
0.118209
0.115219
0.112865
0.110718
0.108483
0.10612
0.10369
0.101234
0.0987607
0.0962611
0.0937289
0.0911631
0.0885646
0.0859345
0.0832729
0.0805792
0.0778529
0.0750937
0.0723009
0.069474
0.0666125
0.0637155
0.0607829
0.0578136
0.0548083
0.0517661
0.0486889
0.0455766
0.0424333
0.0392603
0.0360644
0.0328495
0.0296254
0.0264002
0.0231839
0.0199915
0.0168248
0.0137103
0.0106218
0.00760498
0.00456697
0.00158774
0.12141
0.118458
0.116076
0.113881
0.111605
0.109206
0.10674
0.104244
0.101726
0.0991793
0.0965982
0.0939811
0.0913291
0.0886433
0.0859237
0.08317
0.080382
0.0775592
0.0747014
0.0718081
0.0688789
0.0659133
0.0629112
0.059872
0.056796
0.053683
0.0505345
0.0473508
0.0441349
0.0408889
0.0376174
0.0343257
0.0310192
0.0277082
0.0243958
0.0211009
0.0178146
0.0145702
0.0113269
0.00814226
0.00490536
0.00171468
0.124516
0.121606
0.119203
0.116966
0.114652
0.112224
0.109725
0.107193
0.104636
0.102048
0.0994219
0.0967579
0.0940565
0.0913188
0.0885451
0.0857351
0.0828887
0.0800055
0.0770856
0.0741284
0.071134
0.0681019
0.065032
0.0619241
0.0587786
0.0555953
0.0523755
0.0491199
0.0458306
0.0425103
0.0391617
0.0357907
0.0323996
0.0290001
0.0255895
0.0221895
0.0187826
0.0154073
0.0120109
0.00866031
0.00523088
0.00183498
0.127521
0.124655
0.122236
0.119964
0.117619
0.115163
0.112638
0.110076
0.107484
0.104857
0.102192
0.099485
0.0967385
0.093953
0.0911291
0.0882665
0.0853651
0.082425
0.0794459
0.0764278
0.0733707
0.0702743
0.0671386
0.0639637
0.0607497
0.057497
0.0542063
0.0508788
0.0475157
0.04412
0.040693
0.0372412
0.0337637
0.0302735
0.026763
0.0232562
0.0197282
0.0162215
0.0126743
0.00916003
0.00554418
0.00194942
0.130418
0.127599
0.12517
0.122867
0.120495
0.118018
0.11547
0.112882
0.11026
0.1076
0.104899
0.102154
0.0993665
0.0965375
0.0936673
0.0907559
0.0878033
0.0848096
0.0817747
0.0786987
0.0755816
0.0724234
0.0692241
0.0659839
0.062703
0.0593819
0.056021
0.0526218
0.0491848
0.0457134
0.0422071
0.0386732
0.0351081
0.0315258
0.0279144
0.0242995
0.0206505
0.0170126
0.013317
0.00964213
0.00584581
0.00205861
0.133202
0.130431
0.127996
0.125669
0.123274
0.120779
0.118214
0.115604
0.112956
0.110268
0.107535
0.104756
0.101932
0.0990638
0.0961514
0.0931951
0.0901951
0.0871513
0.084064
0.0809332
0.077759
0.0745416
0.0712811
0.0679777
0.0646316
0.0612435
0.0578135
0.0543433
0.0508327
0.0472853
0.0436996
0.0400828
0.0364296
0.0327541
0.0290414
0.0253179
0.0215485
0.0177805
0.0139392
0.0101071
0.0061362
0.002163
0.135868
0.133145
0.130709
0.128362
0.12595
0.123441
0.120861
0.118233
0.115565
0.112853
0.110093
0.107284
0.104427
0.101524
0.0985729
0.0955757
0.0925319
0.0894418
0.0863056
0.0831233
0.0798951
0.0766214
0.0733022
0.0699378
0.0665285
0.0630751
0.0595773
0.0560371
0.0524537
0.0488307
0.0451657
0.041466
0.0377245
0.0339556
0.0301417
0.0263099
0.0224212
0.0185246
0.0145408
0.0105552
0.00641563
0.00226288
0.138409
0.135736
0.133303
0.13094
0.128514
0.125995
0.123405
0.120764
0.118078
0.115346
0.112563
0.109729
0.106843
0.103908
0.100923
0.0978892
0.0948056
0.0916728
0.0884911
0.0852606
0.0819817
0.0786546
0.0752795
0.0718568
0.0683865
0.0648697
0.0613059
0.057697
0.0540419
0.0503442
0.0466005
0.0428184
0.038989
0.0351271
0.0312127
0.0272734
0.0232672
0.0192441
0.0151213
0.0109866
0.00668424
0.00235847
0.140823
0.138199
0.135772
0.133398
0.130961
0.128436
0.125839
0.123188
0.120489
0.11774
0.114938
0.112082
0.109172
0.10621
0.103195
0.100127
0.0970074
0.0938356
0.0906121
0.087337
0.0840106
0.0806332
0.0772051
0.0737267
0.0701981
0.0666201
0.0629922
0.0593165
0.0555912
0.0518201
0.0479989
0.0441353
0.0402191
0.0362652
0.0322517
0.0282065
0.024085
0.0199381
0.0156804
0.011401
0.00694202
0.00244987
0.143105
0.140529
0.138111
0.13573
0.133286
0.130757
0.128156
0.125499
0.12279
0.120028
0.117211
0.114337
0.111406
0.10842
0.105378
0.102281
0.0991291
0.095922
0.0926601
0.0893438
0.0859733
0.0825489
0.0790709
0.0755398
0.0719554
0.0683188
0.0646293
0.0608888
0.0570952
0.0532525
0.0493555
0.045412
0.0414106
0.0373663
0.0332556
0.0291066
0.0248728
0.0206055
0.0162171
0.0117981
0.00718881
0.00253709
0.145251
0.142723
0.140315
0.137931
0.135483
0.132953
0.130351
0.127691
0.124975
0.122204
0.119374
0.116485
0.113538
0.110531
0.107466
0.104343
0.101162
0.0979233
0.0946267
0.0912726
0.0878614
0.0843934
0.0808686
0.0772878
0.0736507
0.0699582
0.0662097
0.0624069
0.0585474
0.0546353
0.0506646
0.0466433
0.0425589
0.0384265
0.0342211
0.0299712
0.0256284
0.0212447
0.0167305
0.0121774
0.00742432
0.00262009
0.14726
0.144777
0.142382
0.139996
0.137548
0.135019
0.132418
0.129757
0.127038
0.124259
0.121421
0.11852
0.115558
0.112535
0.10945
0.106305
0.103098
0.0998312
0.0965032
0.0931149
0.0896664
0.086158
0.0825898
0.0789625
0.0752757
0.0715305
0.0677258
0.0638636
0.059941
0.0559621
0.0519204
0.0478239
0.0436592
0.0394416
0.0351448
0.0307974
0.0263497
0.0218539
0.0172194
0.012538
0.00764813
0.00269877
0.149127
0.146687
0.144307
0.141923
0.139475
0.13695
0.134352
0.131692
0.128971
0.126189
0.123344
0.120435
0.117461
0.114424
0.111323
0.108158
0.104929
0.101637
0.0982812
0.094862
0.0913795
0.0878342
0.084226
0.0805555
0.0768224
0.0730277
0.06917
0.0652515
0.0612689
0.0572263
0.0531168
0.0489482
0.0447067
0.0404072
0.0360228
0.031582
0.0270341
0.0224314
0.0176823
0.0128791
0.0078597
0.00277295
0.150851
0.148452
0.146087
0.143706
0.141261
0.13874
0.136148
0.133491
0.13077
0.127986
0.125137
0.122221
0.119239
0.116191
0.113076
0.109895
0.106647
0.103333
0.0999519
0.0965051
0.092992
0.0894132
0.0857684
0.0820582
0.0782822
0.0744413
0.0705343
0.0665629
0.0625239
0.058421
0.0542473
0.0500104
0.0456958
0.0413186
0.036851
0.0323215
0.0276786
0.0229747
0.0181176
0.0131994
0.00805836
0.00284243
0.152429
0.150068
0.147718
0.145342
0.142901
0.140387
0.1378
0.135147
0.132429
0.129644
0.126793
0.123873
0.120884
0.117827
0.114701
0.111506
0.108242
0.104909
0.101507
0.0980353
0.094495
0.090886
0.087208
0.0834616
0.0796464
0.075763
0.0718102
0.0677897
0.0636981
0.0595391
0.0553052
0.0510041
0.046621
0.0421707
0.0376249
0.0330121
0.0282802
0.0234813
0.0185233
0.0134977
0.0082433
0.00290695
0.153858
0.151532
0.149197
0.146826
0.144391
0.141883
0.139304
0.136656
0.13394
0.131157
0.128305
0.125382
0.122389
0.119325
0.116191
0.112984
0.109707
0.106357
0.102936
0.0994436
0.0958792
0.0922432
0.0885356
0.0847566
0.0809058
0.0769838
0.0729892
0.0689237
0.0647837
0.0605728
0.0562834
0.0519229
0.0474762
0.042958
0.0383398
0.0336496
0.0288353
0.0239485
0.0188973
0.0137724
0.00841362
0.0029662
0.155134
0.15284
0.150519
0.148155
0.145726
0.143225
0.140652
0.13801
0.135299
0.132518
0.129666
0.126742
0.123746
0.120678
0.117536
0.11432
0.111031
0.107668
0.104231
0.10072
0.0971348
0.0934753
0.0897414
0.0859336
0.0820509
0.0780944
0.0740622
0.069956
0.0657721
0.0615141
0.0571741
0.0527595
0.0482548
0.0436748
0.0389903
0.0342295
0.02934
0.0243731
0.019237
0.0140217
0.00856823
0.00301983
0.156254
0.153988
0.151681
0.149323
0.1469
0.144406
0.141841
0.139204
0.136497
0.133719
0.130869
0.127945
0.124947
0.121874
0.118727
0.115505
0.112206
0.108832
0.105382
0.101855
0.0982516
0.0945718
0.0908152
0.0869821
0.0830717
0.0790847
0.0750193
0.0708772
0.0666544
0.0623544
0.0579694
0.0535064
0.0489499
0.0443144
0.0395708
0.0347469
0.0297902
0.0247516
0.0195398
0.0142438
0.00870595
0.00306743
0.157214
0.154972
0.152677
0.150325
0.147908
0.14542
0.142861
0.140231
0.137528
0.134753
0.131904
0.12898
0.125982
0.122907
0.119756
0.116527
0.113222
0.109838
0.106377
0.102837
0.0992187
0.0955219
0.091746
0.0878915
0.0839573
0.0799442
0.0758502
0.0716771
0.0674207
0.0630844
0.0586603
0.0541553
0.0495538
0.0448701
0.0400751
0.0351961
0.030181
0.02508
0.0198025
0.0144362
0.00882539
0.00310853
0.158004
0.155782
0.153497
0.15115
0.148738
0.146257
0.143703
0.141078
0.138379
0.135607
0.13276
0.129837
0.126838
0.123762
0.120608
0.117376
0.114064
0.110674
0.107204
0.103654
0.100023
0.0963127
0.0925212
0.0886491
0.0846955
0.0806609
0.0765434
0.0723446
0.0680602
0.0636938
0.0592371
0.054697
0.050058
0.045334
0.040496
0.035571
0.0305071
0.0253539
0.0200217
0.0145966
0.00892498
0.00314257
0.158627
0.156421
0.154143
0.151801
0.149392
0.146914
0.144365
0.141743
0.139047
0.136277
0.133431
0.130509
0.12751
0.124432
0.121276
0.11804
0.114724
0.111328
0.107851
0.104293
0.100654
0.0969322
0.0931285
0.0892428
0.085274
0.0812226
0.0770867
0.0728678
0.0685617
0.0641716
0.0596893
0.0551218
0.0504533
0.0456977
0.040826
0.0358648
0.0307628
0.0255685
0.0201934
0.0147221
0.009003
0.00316893
0.15904
0.156844
0.154574
0.152236
0.149831
0.147358
0.144813
0.142195
0.139502
0.136734
0.13389
0.13097
0.127971
0.124893
0.121736
0.118499
0.11518
0.111781
0.1083
0.104737
0.101091
0.0973624
0.0935506
0.0896557
0.0856765
0.0816137
0.0774652
0.0732324
0.0689112
0.0645047
0.0600047
0.0554181
0.0507291
0.0459513
0.0410562
0.0360697
0.0309412
0.025718
0.0203133
0.0148092
0.00905754
0.00318655
0.159307
0.157111
0.154836
0.152494
0.150087
0.147612
0.145066
0.142447
0.139753
0.136984
0.13414
0.131218
0.128218
0.12514
0.121981
0.118742
0.115422
0.112021
0.108537
0.104971
0.101321
0.097589
0.0937728
0.0898728
0.0858882
0.0818192
0.077664
0.0734239
0.0690947
0.0646795
0.0601704
0.0555735
0.0508739
0.0460843
0.0411772
0.0361769
0.0310351
0.025796
0.0203769
0.0148539
0.00908703
0.00319406
0.129735
0.124349
0.119078
0.113918
0.108869
0.103927
0.0990914
0.0943617
0.0897381
0.0852215
0.0808138
0.0765192
0.072328
0.0682738
0.064205
0.0604465
0.0557924
0.132674
0.127325
0.122085
0.116952
0.111923
0.107
0.102179
0.0974628
0.0928497
0.0883416
0.0839347
0.0796382
0.0754044
0.0713268
0.0670425
0.06332
0.0582415
0.136037
0.130783
0.125632
0.120584
0.115637
0.11079
0.106042
0.101391
0.0968346
0.0923724
0.0879893
0.0837023
0.0794235
0.0753168
0.0709103
0.0671529
0.0620338
0.139135
0.133949
0.12886
0.123867
0.118969
0.114163
0.109448
0.104822
0.100278
0.0958184
0.0914188
0.0871133
0.0827886
0.0786671
0.0742371
0.0704078
0.0655018
0.14206
0.136927
0.131883
0.126928
0.122058
0.117274
0.112572
0.107952
0.103405
0.09894
0.0945271
0.0902196
0.0858899
0.0817814
0.0774091
0.0735547
0.0689731
0.144949
0.139876
0.134885
0.129975
0.125145
0.120395
0.115721
0.111124
0.106598
0.102155
0.0977635
0.0934848
0.0891891
0.0851043
0.0808264
0.0769427
0.0725904
0.147816
0.142814
0.137887
0.133036
0.12826
0.123559
0.11893
0.114378
0.109892
0.10549
0.101136
0.0968911
0.0926375
0.0885617
0.0843613
0.0804211
0.0762108
0.150638
0.145711
0.140855
0.13607
0.131355
0.126711
0.122136
0.117633
0.113192
0.108831
0.104514
0.100296
0.0960818
0.092007
0.0878718
0.083901
0.0798128
0.153403
0.148555
0.143773
0.139056
0.134406
0.129822
0.125302
0.12085
0.116456
0.112135
0.107859
0.10367
0.0995023
0.0954429
0.0913781
0.0874146
0.0834244
0.156108
0.151341
0.146636
0.141992
0.137409
0.132889
0.128428
0.12403
0.119689
0.115415
0.11119
0.107041
0.102928
0.0989001
0.0949012
0.0909586
0.0870367
0.158752
0.15407
0.149444
0.144875
0.140364
0.135912
0.131515
0.127179
0.122897
0.118678
0.114509
0.110408
0.106352
0.102362
0.0984187
0.0945053
0.0906407
0.161333
0.156736
0.152193
0.147703
0.143267
0.138886
0.134559
0.130288
0.12607
0.12191
0.117801
0.113751
0.109752
0.105805
0.101917
0.0980446
0.0942366
0.163847
0.159339
0.15488
0.150471
0.146113
0.141807
0.137551
0.133349
0.129197
0.1251
0.121052
0.117059
0.113118
0.109224
0.105392
0.10157
0.0978193
0.166292
0.161873
0.1575
0.153174
0.148896
0.144667
0.140485
0.136354
0.132271
0.128239
0.124257
0.120325
0.116446
0.11261
0.108838
0.10507
0.101378
0.168666
0.164337
0.160051
0.15581
0.151613
0.147462
0.143357
0.139299
0.135288
0.131325
0.12741
0.123543
0.119728
0.115952
0.112241
0.108531
0.104903
0.170966
0.166728
0.16253
0.158374
0.15426
0.150189
0.146161
0.142179
0.138241
0.134349
0.130504
0.126703
0.122954
0.119242
0.115594
0.111946
0.108382
0.17319
0.169043
0.164934
0.160863
0.156833
0.152843
0.148894
0.144988
0.141125
0.137305
0.133531
0.129799
0.126117
0.12247
0.118887
0.115303
0.111805
0.175337
0.17128
0.16726
0.163275
0.159328
0.15542
0.151551
0.147723
0.143935
0.140189
0.136486
0.132824
0.12921
0.125631
0.122113
0.118595
0.115162
0.177405
0.173439
0.169506
0.165607
0.161744
0.157918
0.154129
0.150378
0.146666
0.142994
0.139364
0.135772
0.132228
0.128716
0.125264
0.121813
0.118445
0.179394
0.175516
0.17167
0.167857
0.164077
0.160332
0.156622
0.152949
0.149314
0.145716
0.142159
0.138638
0.135163
0.13172
0.128333
0.12495
0.121646
0.181301
0.177511
0.173751
0.170022
0.166325
0.16266
0.15903
0.155434
0.151875
0.148351
0.144866
0.141417
0.138011
0.134636
0.131316
0.128001
0.124761
0.183127
0.179423
0.175748
0.172102
0.168486
0.164901
0.161348
0.157829
0.154345
0.150895
0.147482
0.144103
0.140766
0.13746
0.134205
0.130958
0.127783
0.184871
0.181252
0.177659
0.174094
0.170558
0.167051
0.163576
0.160132
0.156721
0.153344
0.150002
0.146693
0.143424
0.140186
0.136996
0.133816
0.130705
0.186532
0.182995
0.179483
0.175998
0.17254
0.16911
0.165709
0.162339
0.159001
0.155695
0.152423
0.149183
0.145981
0.142809
0.139683
0.136569
0.133522
0.188111
0.184654
0.181221
0.177813
0.17443
0.171075
0.167748
0.16445
0.161183
0.157946
0.154742
0.151569
0.148433
0.145326
0.142263
0.139213
0.136227
0.189608
0.186229
0.182872
0.179538
0.176229
0.172947
0.169691
0.166463
0.163264
0.160094
0.156956
0.153849
0.150776
0.147732
0.14473
0.141742
0.138816
0.191023
0.187719
0.184435
0.181174
0.177936
0.174723
0.171536
0.168375
0.165242
0.162138
0.159064
0.156019
0.153008
0.150025
0.147081
0.144153
0.141284
0.192357
0.189124
0.185911
0.182719
0.17955
0.176404
0.173282
0.170187
0.167117
0.164076
0.161063
0.158078
0.155126
0.152201
0.149314
0.146443
0.143628
0.19361
0.190446
0.1873
0.184175
0.181071
0.177989
0.17493
0.171896
0.168888
0.165906
0.162951
0.160024
0.157128
0.154258
0.151424
0.148607
0.145843
0.194783
0.191684
0.188603
0.185541
0.182499
0.179478
0.176479
0.173504
0.170553
0.167627
0.164728
0.161855
0.159011
0.156193
0.15341
0.150644
0.147927
0.195877
0.19284
0.189819
0.186817
0.183834
0.180871
0.177929
0.175009
0.172112
0.169239
0.166392
0.16357
0.160775
0.158006
0.155269
0.15255
0.149878
0.196892
0.193913
0.19095
0.188004
0.185076
0.182167
0.179278
0.17641
0.173564
0.170741
0.167942
0.165167
0.162418
0.159694
0.157
0.154324
0.151692
0.197829
0.194905
0.191996
0.189102
0.186226
0.183367
0.180528
0.177708
0.174909
0.172132
0.169377
0.166645
0.163939
0.161255
0.1586
0.155964
0.153367
0.198689
0.195816
0.192956
0.190112
0.187283
0.184471
0.181677
0.178901
0.176145
0.17341
0.170696
0.168003
0.165335
0.162688
0.160068
0.157466
0.1549
0.199471
0.196645
0.193832
0.191032
0.188247
0.185478
0.182725
0.179989
0.177272
0.174575
0.171897
0.16924
0.166605
0.16399
0.161401
0.15883
0.15629
0.200177
0.197394
0.194622
0.191863
0.189118
0.186387
0.183671
0.180971
0.178289
0.175625
0.172979
0.170352
0.167746
0.16516
0.162596
0.16005
0.157533
0.200806
0.198061
0.195327
0.192604
0.189894
0.187197
0.184514
0.181846
0.179193
0.176558
0.173939
0.171338
0.168757
0.166193
0.163651
0.161125
0.158625
0.201356
0.198646
0.195944
0.193253
0.190573
0.187906
0.185251
0.182609
0.179982
0.177371
0.174775
0.172195
0.169632
0.167087
0.16456
0.16205
0.159561
0.201829
0.199147
0.196474
0.19381
0.191156
0.188512
0.18588
0.183261
0.180654
0.178061
0.175482
0.172917
0.170368
0.167835
0.165319
0.162817
0.160334
0.202216
0.199559
0.196909
0.194267
0.191634
0.189011
0.186398
0.183795
0.181204
0.178624
0.176058
0.173504
0.170964
0.168438
0.165926
0.163428
0.160946
0.19988
0.197246
0.19462
0.192001
0.18939
0.186787
0.184194
0.181611
0.179038
0.176476
0.173926
0.171387
0.16886
0.166346
0.163844
0.161355
0.200132
0.197515
0.194903
0.192297
0.189697
0.187104
0.184519
0.181941
0.179371
0.17681
0.174257
0.171714
0.16918
0.166655
0.164139
0.161631
0.202738
0.200116
0.197498
0.194885
0.192279
0.189678
0.187085
0.184499
0.18192
0.17935
0.176788
0.174235
0.171691
0.169156
0.166631
0.164114
0.161606
0.202504
0.199863
0.197229
0.194602
0.191983
0.189371
0.186768
0.184175
0.181591
0.179017
0.176455
0.173904
0.171364
0.168837
0.166322
0.163819
0.16133
0.2022
0.199542
0.196892
0.19425
0.191616
0.188992
0.186378
0.183775
0.181183
0.178603
0.176036
0.173482
0.170941
0.168414
0.165902
0.163404
0.160921
0.201814
0.199131
0.196457
0.193793
0.191138
0.188494
0.185861
0.183241
0.180634
0.17804
0.17546
0.172895
0.170346
0.167812
0.165295
0.162793
0.160309
0.201341
0.19863
0.195928
0.193236
0.190556
0.187887
0.185232
0.18259
0.179962
0.17735
0.174753
0.172173
0.169609
0.167063
0.164536
0.162025
0.159536
0.200791
0.198046
0.195311
0.192587
0.189876
0.187179
0.184495
0.181826
0.179173
0.176537
0.173918
0.171316
0.168734
0.16617
0.163627
0.161101
0.158599
0.200162
0.197379
0.194606
0.191847
0.1891
0.186369
0.183652
0.180952
0.178269
0.175604
0.172957
0.17033
0.167723
0.165136
0.162572
0.160026
0.157507
0.199457
0.19663
0.193816
0.191016
0.18823
0.18546
0.182706
0.17997
0.177253
0.174554
0.171876
0.169218
0.166582
0.163967
0.161377
0.158805
0.156265
0.198674
0.195801
0.192941
0.190096
0.187266
0.184454
0.181659
0.178882
0.176126
0.17339
0.170675
0.167982
0.165312
0.162665
0.160044
0.157442
0.154875
0.197815
0.194891
0.191981
0.189087
0.18621
0.18335
0.18051
0.177689
0.17489
0.172112
0.169356
0.166624
0.163916
0.161232
0.158577
0.155939
0.153341
0.196879
0.193899
0.190936
0.187989
0.18506
0.18215
0.179261
0.176392
0.173545
0.170721
0.167921
0.165146
0.162396
0.159671
0.156976
0.1543
0.151666
0.195864
0.192826
0.189805
0.186802
0.183818
0.180854
0.177912
0.174991
0.172093
0.16922
0.166372
0.163549
0.160754
0.157983
0.155246
0.152526
0.149852
0.194771
0.191671
0.188589
0.185527
0.182484
0.179462
0.176463
0.173487
0.170535
0.167608
0.164708
0.161834
0.15899
0.156171
0.153386
0.150619
0.147902
0.193599
0.190434
0.187287
0.184161
0.181056
0.177974
0.174914
0.17188
0.16887
0.165887
0.162932
0.160004
0.157106
0.154235
0.151401
0.148583
0.145818
0.192346
0.189113
0.185899
0.182706
0.179536
0.176389
0.173267
0.17017
0.1671
0.164058
0.161044
0.158058
0.155105
0.152179
0.149291
0.146419
0.143603
0.191013
0.187708
0.184423
0.181161
0.177923
0.174709
0.171521
0.168359
0.165226
0.16212
0.159045
0.156
0.152987
0.150003
0.147059
0.14413
0.141259
0.189599
0.186219
0.182861
0.179527
0.176217
0.172933
0.169676
0.166447
0.163248
0.160077
0.156938
0.15383
0.150756
0.147711
0.144708
0.141719
0.138791
0.188103
0.184645
0.181211
0.177802
0.174419
0.171063
0.167735
0.164436
0.161167
0.15793
0.154725
0.151551
0.148413
0.145305
0.142241
0.13919
0.136203
0.186524
0.182987
0.179474
0.175988
0.172529
0.169098
0.165697
0.162326
0.158987
0.155679
0.152406
0.149165
0.145962
0.142789
0.139662
0.136547
0.133498
0.184864
0.181244
0.177651
0.174085
0.170548
0.16704
0.163564
0.160119
0.156707
0.153329
0.149986
0.146676
0.143406
0.140166
0.136975
0.133794
0.130682
0.183121
0.179417
0.175741
0.172094
0.168477
0.164891
0.161338
0.157818
0.154332
0.150881
0.147467
0.144087
0.140749
0.137441
0.134185
0.130936
0.12776
0.181296
0.177506
0.173745
0.170015
0.166317
0.162652
0.15902
0.155423
0.151863
0.148338
0.144852
0.141402
0.137994
0.134619
0.131296
0.12798
0.124739
0.17939
0.175512
0.171665
0.167851
0.16407
0.160324
0.156614
0.15294
0.149303
0.145704
0.142146
0.138624
0.135148
0.131703
0.128315
0.124931
0.121625
0.177403
0.173436
0.169502
0.165602
0.161739
0.157911
0.154121
0.150369
0.146656
0.142983
0.139352
0.135759
0.132213
0.1287
0.125247
0.121794
0.118424
0.175336
0.171279
0.167257
0.163272
0.159324
0.155415
0.151545
0.147715
0.143927
0.140179
0.136475
0.132812
0.129197
0.125616
0.122097
0.118577
0.115143
0.17319
0.169042
0.164932
0.160861
0.156829
0.152839
0.148889
0.144982
0.141118
0.137297
0.133522
0.129788
0.126105
0.122457
0.118873
0.115287
0.111788
0.170967
0.166728
0.16253
0.158373
0.154258
0.150186
0.146158
0.142174
0.138235
0.134342
0.130496
0.126694
0.122943
0.11923
0.115581
0.111931
0.108367
0.168668
0.164339
0.160052
0.15581
0.151613
0.147461
0.143355
0.139296
0.135284
0.131319
0.127404
0.123535
0.119719
0.115942
0.11223
0.108519
0.104889
0.166296
0.161876
0.157503
0.153176
0.148897
0.144667
0.140485
0.136352
0.132269
0.128236
0.124253
0.120319
0.116439
0.112601
0.108828
0.105059
0.101366
0.163853
0.159343
0.154884
0.150474
0.146116
0.141808
0.137552
0.133349
0.129196
0.125098
0.12105
0.117055
0.113113
0.109217
0.105385
0.101561
0.0978093
0.16134
0.156743
0.152198
0.147708
0.143271
0.13889
0.134562
0.13029
0.126071
0.12191
0.1178
0.113749
0.109749
0.105801
0.101911
0.0980377
0.0942288
0.158761
0.154077
0.149451
0.144882
0.14037
0.135917
0.13152
0.127182
0.1229
0.11868
0.11451
0.110408
0.106351
0.10236
0.0984153
0.0945006
0.0906351
0.156118
0.151351
0.146644
0.142
0.137417
0.132895
0.128434
0.124036
0.119694
0.115419
0.111193
0.107043
0.102929
0.0989001
0.0949001
0.0909563
0.0870336
0.153414
0.148566
0.143783
0.139066
0.134415
0.129831
0.12531
0.120857
0.116463
0.112141
0.107864
0.103675
0.0995056
0.0954452
0.0913794
0.0874148
0.0834238
0.150651
0.145724
0.140867
0.136082
0.131366
0.126722
0.122146
0.117642
0.113201
0.108839
0.104522
0.100303
0.0960875
0.0920118
0.0878756
0.0839039
0.0798151
0.147831
0.142828
0.137901
0.133049
0.128273
0.123571
0.118942
0.114389
0.109903
0.1055
0.101145
0.0968999
0.0926456
0.0885691
0.0843679
0.0804269
0.0762161
0.150121
0.144965
0.139892
0.134901
0.12999
0.12516
0.120409
0.115734
0.111138
0.106611
0.102168
0.0977754
0.0934961
0.0891998
0.0851144
0.0808358
0.0769515
0.0725989
0.1473
0.142077
0.136944
0.1319
0.126944
0.122075
0.11729
0.112588
0.107967
0.103421
0.0989548
0.0945415
0.0902336
0.0859035
0.0817944
0.0774216
0.0735669
0.068985
0.144438
0.139154
0.133968
0.128879
0.123886
0.118987
0.114181
0.109466
0.104839
0.100296
0.0958356
0.0914357
0.0871299
0.082805
0.0786832
0.0742529
0.0704235
0.0655175
0.141417
0.136058
0.130804
0.125653
0.120605
0.115657
0.11081
0.106062
0.101411
0.0968541
0.0923917
0.0880086
0.0837215
0.0794425
0.0753358
0.0709295
0.0671724
0.0620536
0.138155
0.132696
0.127348
0.122107
0.116974
0.111945
0.107022
0.102201
0.0974846
0.0928715
0.0883634
0.0839565
0.0796601
0.0754264
0.0713491
0.0670652
0.0633435
0.058266
0.135261
0.129759
0.124373
0.119102
0.113942
0.108893
0.103951
0.0991158
0.0943863
0.0897629
0.0852466
0.0808391
0.076545
0.0723542
0.0683006
0.0642324
0.0604748
0.0558221
0.159281
0.157084
0.15481
0.152467
0.150059
0.147583
0.145037
0.142417
0.139723
0.136953
0.134108
0.131186
0.128185
0.125106
0.121947
0.118708
0.115387
0.111985
0.108501
0.104934
0.101284
0.0975517
0.0937352
0.0898351
0.0858504
0.0817816
0.0776267
0.0733869
0.0690584
0.064644
0.0601359
0.0555404
0.0508424
0.0460547
0.0411498
0.036152
0.0310131
0.0257772
0.0203617
0.0148426
0.00907994
0.00319146
0.159014
0.156818
0.154547
0.152208
0.149803
0.14733
0.144784
0.142165
0.139472
0.136703
0.133859
0.130937
0.127938
0.12486
0.121702
0.118464
0.115145
0.111745
0.108264
0.1047
0.101054
0.0973248
0.0935128
0.0896176
0.0856384
0.0815757
0.0774275
0.0731951
0.0688745
0.0644688
0.0599699
0.0553846
0.0506972
0.0459214
0.0410285
0.0360445
0.0309189
0.025699
0.0202979
0.0147977
0.00905036
0.00318391
0.158601
0.156394
0.154116
0.151773
0.149364
0.146886
0.144336
0.141713
0.139017
0.136246
0.133399
0.130476
0.127476
0.124398
0.121241
0.118005
0.114689
0.111292
0.107814
0.104256
0.100616
0.096894
0.09309
0.0892041
0.0852352
0.081184
0.0770483
0.0728298
0.0685243
0.064135
0.0596539
0.0550877
0.0504208
0.0456671
0.0407977
0.0358391
0.03074
0.025549
0.0201777
0.0147103
0.00899566
0.00316623
0.157978
0.155755
0.15347
0.151123
0.14871
0.146228
0.143674
0.141048
0.138348
0.135575
0.132728
0.129804
0.126805
0.123728
0.120573
0.11734
0.114028
0.110637
0.107166
0.103616
0.0999848
0.0962737
0.0924819
0.0886096
0.0846558
0.0806213
0.076504
0.0723056
0.0680218
0.0636562
0.0592006
0.0546619
0.0500245
0.0453025
0.0404668
0.0355444
0.0304837
0.0253338
0.0200054
0.0145845
0.00891741
0.00313978
0.157188
0.154945
0.152649
0.150297
0.147879
0.145391
0.142831
0.1402
0.137497
0.134721
0.131871
0.128947
0.125947
0.122872
0.11972
0.116491
0.113184
0.1098
0.106338
0.102798
0.0991791
0.0954818
0.0917056
0.0878508
0.0839164
0.0799033
0.0758096
0.0716368
0.067381
0.0630456
0.0586225
0.0541189
0.0495191
0.0448374
0.0400448
0.0351685
0.0301566
0.0250591
0.0197856
0.0144236
0.00881752
0.00310562
0.156228
0.153962
0.151654
0.149295
0.146871
0.144377
0.14181
0.139173
0.136466
0.133687
0.130835
0.127911
0.124912
0.121839
0.118691
0.115467
0.112168
0.108793
0.105342
0.101815
0.0982108
0.0945305
0.0907735
0.08694
0.0830294
0.0790423
0.0749771
0.0708353
0.0666131
0.062314
0.05793
0.0534684
0.0489137
0.0442803
0.0395392
0.0347181
0.0297647
0.0247298
0.0195221
0.0142305
0.00869771
0.00306438
0.155108
0.152813
0.150492
0.148127
0.145697
0.143195
0.140622
0.137979
0.135267
0.132485
0.129632
0.126708
0.123711
0.120641
0.117498
0.114282
0.110992
0.107628
0.10419
0.100679
0.0970925
0.0934325
0.0896981
0.0858898
0.0820069
0.0780503
0.0740181
0.0699123
0.065729
0.0614718
0.0571329
0.0527197
0.0482168
0.043639
0.0389571
0.0341993
0.0293133
0.0243502
0.0192184
0.0140078
0.00855957
0.00301662
0.153831
0.151505
0.149169
0.146798
0.144362
0.141853
0.139273
0.136624
0.133908
0.131124
0.12827
0.125347
0.122353
0.119288
0.116152
0.112945
0.109666
0.106316
0.102894
0.0994005
0.0958353
0.0921987
0.0884904
0.084711
0.0808598
0.0769377
0.0729431
0.0688779
0.0647384
0.0605283
0.05624
0.051881
0.0474362
0.0429203
0.0383048
0.0336177
0.028807
0.0239244
0.0188777
0.0137577
0.00840447
0.0029628
0.152403
0.150041
0.14769
0.145313
0.142872
0.140356
0.137769
0.135115
0.132395
0.12961
0.126757
0.123836
0.120847
0.117788
0.114661
0.111465
0.1082
0.104866
0.101463
0.0979905
0.0944493
0.0908394
0.0871608
0.0834139
0.0795982
0.0757146
0.0717618
0.0677415
0.0636504
0.0594922
0.0552595
0.0509599
0.0465787
0.0421308
0.0375879
0.0329784
0.0282503
0.0234558
0.0185026
0.0134822
0.00823363
0.00290334
0.150825
0.148425
0.146059
0.143677
0.141231
0.13871
0.136116
0.133458
0.130736
0.127951
0.1251
0.122184
0.1192
0.116151
0.113035
0.109852
0.106603
0.103288
0.0999063
0.0964584
0.0929443
0.0893645
0.0857189
0.082008
0.0782315
0.0743903
0.0704832
0.0665119
0.0624734
0.0583714
0.0541989
0.0499636
0.045651
0.0412763
0.0368117
0.0322857
0.0276469
0.0229475
0.0180957
0.0131829
0.0080481
0.00283859
0.149101
0.14666
0.144279
0.141893
0.139445
0.136918
0.13432
0.131659
0.128937
0.126153
0.123307
0.120396
0.117422
0.114383
0.111281
0.108114
0.104884
0.101591
0.0982336
0.0948132
0.0913295
0.0877832
0.084174
0.0805028
0.076769
0.0729738
0.069116
0.0651976
0.0612155
0.0571737
0.0530654
0.0488985
0.0446591
0.0403623
0.0359811
0.031544
0.0270005
0.0224026
0.017659
0.0128616
0.00784882
0.00276887
0.147233
0.144749
0.142354
0.139967
0.137517
0.134987
0.132385
0.129723
0.127002
0.124223
0.121383
0.118481
0.115517
0.112493
0.109407
0.10626
0.103052
0.0997829
0.0964535
0.0930638
0.089614
0.0861044
0.0825351
0.0789069
0.0752193
0.0714736
0.0676686
0.0638065
0.0598843
0.0559062
0.0518658
0.047771
0.0436087
0.0393938
0.0351005
0.030757
0.026314
0.0218234
0.0171947
0.0125195
0.00763659
0.00269443
0.145225
0.142695
0.140287
0.137901
0.135452
0.132921
0.130318
0.127656
0.124939
0.122166
0.119335
0.116445
0.113495
0.110487
0.107421
0.104296
0.101114
0.097873
0.0945747
0.0912191
0.0878064
0.0843369
0.080811
0.077229
0.073591
0.0698979
0.066149
0.0623462
0.0584872
0.0545758
0.0506065
0.046587
0.042505
0.0383756
0.0341739
0.0299283
0.0255905
0.0212122
0.0167043
0.0121577
0.00741209
0.00261548
0.143078
0.140502
0.138082
0.1357
0.133255
0.130724
0.128122
0.125464
0.122753
0.11999
0.117171
0.114295
0.111363
0.108375
0.105331
0.102232
0.0990784
0.0958694
0.0926057
0.0892876
0.0859154
0.0824895
0.07901
0.0754776
0.0718922
0.0682548
0.0645649
0.0608243
0.0570311
0.0531892
0.0492935
0.045352
0.0413532
0.0373122
0.0332053
0.0290609
0.0248324
0.020571
0.0161892
0.0117773
0.00717586
0.0025322
0.140797
0.138171
0.135743
0.133368
0.13093
0.128403
0.125804
0.123152
0.120452
0.117701
0.114897
0.112039
0.109128
0.106163
0.103146
0.100076
0.0969545
0.0937807
0.090555
0.087278
0.0839497
0.0805705
0.0771408
0.0736609
0.0701311
0.0665521
0.0629238
0.0592479
0.0555228
0.0517526
0.0479329
0.0440714
0.0401579
0.0362075
0.0321982
0.0281579
0.0240421
0.0199015
0.0156509
0.0113789
0.00692833
0.00244468
0.138383
0.135709
0.133274
0.13091
0.128482
0.125962
0.12337
0.120727
0.11804
0.115305
0.112521
0.109684
0.106797
0.10386
0.100873
0.0978362
0.0947503
0.0916152
0.0884313
0.0851986
0.0819176
0.0785884
0.0752114
0.0717871
0.0683154
0.0647975
0.061233
0.0576239
0.053969
0.0502723
0.0465301
0.0427502
0.0389238
0.0350656
0.0311558
0.0272218
0.0232217
0.0192053
0.0150901
0.0109633
0.00666981
0.00235299
0.135842
0.133118
0.130681
0.128332
0.125918
0.123407
0.120826
0.118196
0.115526
0.112811
0.110049
0.107238
0.10438
0.101473
0.0985203
0.0955205
0.0924743
0.0893816
0.0862428
0.083058
0.0798275
0.0765515
0.0732301
0.0698639
0.066453
0.0629983
0.0594997
0.0559592
0.052376
0.048754
0.0450905
0.0413933
0.0376549
0.0338901
0.0300811
0.026255
0.022373
0.0184835
0.0145078
0.0105307
0.00640046
0.00225711
0.133177
0.130404
0.127968
0.125639
0.123243
0.120746
0.118178
0.115566
0.112917
0.110226
0.107491
0.10471
0.101883
0.0990119
0.0960967
0.0931377
0.0901349
0.0870883
0.0839982
0.0808646
0.0776877
0.0744678
0.0712048
0.0678993
0.0645514
0.0611618
0.0577309
0.0542603
0.0507499
0.0472034
0.0436194
0.0400053
0.0363555
0.0326844
0.028977
0.0252597
0.0214974
0.0177372
0.0139045
0.0100813
0.00612031
0.00215694
0.130393
0.127573
0.125142
0.122837
0.120463
0.117984
0.115434
0.112844
0.11022
0.107558
0.104853
0.102106
0.0993157
0.0964838
0.0936106
0.0906962
0.0877405
0.0847436
0.0817056
0.0786265
0.0755064
0.0723453
0.0691433
0.0659007
0.0626177
0.059295
0.055933
0.0525333
0.0490965
0.045626
0.0421216
0.0385904
0.0350292
0.0314516
0.027846
0.0242378
0.0205965
0.016967
0.0132806
0.00961512
0.00582923
0.00205229
0.127496
0.124629
0.122208
0.119934
0.117587
0.115129
0.112602
0.110037
0.107443
0.104814
0.102145
0.0994356
0.0966861
0.0938975
0.0910703
0.0882043
0.0852996
0.0823559
0.0793734
0.0763519
0.0732914
0.0701918
0.0670531
0.0638755
0.0606591
0.0574046
0.0541125
0.0507844
0.0474214
0.0440269
0.0406018
0.037153
0.0336796
0.0301947
0.0266905
0.023191
0.0196713
0.0161735
0.0126361
0.00913187
0.00552695
0.00194285
0.124492
0.121581
0.119175
0.116937
0.114621
0.11219
0.109689
0.107155
0.104595
0.102003
0.0993744
0.0967073
0.0940026
0.0912615
0.0884842
0.0856705
0.0828203
0.0799333
0.0770095
0.0740486
0.0710504
0.0680147
0.0649415
0.0618306
0.0586823
0.055497
0.0522756
0.0490193
0.0457301
0.0424109
0.0390644
0.0356968
0.0323102
0.0289164
0.0255127
0.0221207
0.0187227
0.0153571
0.0119712
0.00863107
0.00521308
0.00182818
0.121387
0.118433
0.11605
0.113852
0.111573
0.109173
0.106703
0.104204
0.101684
0.0991342
0.0965498
0.0939293
0.0912737
0.0885841
0.0858606
0.0831029
0.0803107
0.0774837
0.0746216
0.0717241
0.0687908
0.0658212
0.0628153
0.0597727
0.0566938
0.0535784
0.0504281
0.0472436
0.0440277
0.0407829
0.0375138
0.0342256
0.0309241
0.0276194
0.0243145
0.0210283
0.0177517
0.0145177
0.0112855
0.00811205
0.00488708
0.00170771
0.118187
0.115195
0.112839
0.11069
0.108452
0.106087
0.103654
0.101195
0.0987184
0.0962154
0.0936797
0.0911101
0.0885077
0.0858735
0.0832076
0.0805095
0.0777787
0.0750148
0.0722173
0.0693858
0.0665197
0.0636183
0.0606814
0.0577084
0.0546997
0.0516548
0.0485756
0.0454624
0.0423191
0.0391473
0.035954
0.0327431
0.0295244
0.0263061
0.023098
0.019915
0.0167589
0.0136556
0.010579
0.00757394
0.00454832
0.00158065
0.1149
0.111874
0.109553
0.107458
0.105266
0.102941
0.100549
0.0981352
0.0957072
0.0932553
0.0907726
0.0882581
0.0857129
0.0831379
0.0805331
0.077898
0.0752318
0.0725339
0.0698038
0.0670407
0.0642439
0.0614125
0.0585461
0.0556437
0.0527059
0.0497318
0.0467236
0.0436809
0.0406091
0.0375085
0.034389
0.0312526
0.0281143
0.024979
0.0218651
0.0187822
0.0157452
0.0127706
0.00985126
0.00701573
0.00419613
0.00144601
0.111533
0.108478
0.1062
0.104165
0.102025
0.0997442
0.0973973
0.0950338
0.0926591
0.0902626
0.0878371
0.0853816
0.0828973
0.0803852
0.0778451
0.0752761
0.0726774
0.0700484
0.0673881
0.0646956
0.0619701
0.0592103
0.0564157
0.0535848
0.0507184
0.0478149
0.0448772
0.0419041
0.0389022
0.0358709
0.0328227
0.0297578
0.0266966
0.0236405
0.0206177
0.0176309
0.0147112
0.0118626
0.00910205
0.00643633
0.00382981
0.00130255
0.108096
0.10502
0.102792
0.100821
0.0987372
0.0965054
0.094209
0.0919
0.0895831
0.0872462
0.0848817
0.0824889
0.0800692
0.0776234
0.0751511
0.0726512
0.0701229
0.0675652
0.0649771
0.0623572
0.0597047
0.0570178
0.054296
0.0515373
0.0487425
0.0459095
0.0430416
0.0401368
0.0372031
0.0342386
0.031259
0.0282621
0.0252745
0.0222932
0.0193579
0.0164627
0.013658
0.0109318
0.00833123
0.00583467
0.00344871
0.00114883
0.104598
0.101509
0.099338
0.0974383
0.0954135
0.0932347
0.0909931
0.0887433
0.0864882
0.0842147
0.0819149
0.0795884
0.0772366
0.0748602
0.0724586
0.0700307
0.0675753
0.0650912
0.0625773
0.060032
0.057454
0.0548412
0.052193
0.0495069
0.0467838
0.0440207
0.0412217
0.0383837
0.0355163
0.0326159
0.0297018
0.026769
0.0238511
0.0209399
0.0180878
0.0152792
0.0125865
0.00997866
0.00753886
0.00520988
0.00305236
0.000983277
0.101052
0.0979585
0.0958515
0.0940261
0.0920639
0.089942
0.0877596
0.0855729
0.0833836
0.081177
0.0789453
0.0766882
0.0744073
0.0721032
0.0697751
0.0674216
0.0650414
0.062633
0.0601952
0.0577259
0.0552237
0.0526861
0.0501122
0.047499
0.0448473
0.0421536
0.0394223
0.0366495
0.0338461
0.031007
0.028155
0.0252823
0.0224297
0.0195835
0.0168101
0.0140824
0.0114984
0.00900395
0.00672538
0.00456146
0.00264051
0.000804352
0.0974681
0.0943802
0.0923433
0.0905957
0.088699
0.0866373
0.084518
0.0823984
0.0802782
0.0781416
0.075981
0.0737962
0.071589
0.0693598
0.0671075
0.0648306
0.0625276
0.0601969
0.0578368
0.0554449
0.0530197
0.050558
0.0480588
0.0455187
0.0429381
0.0403131
0.0376483
0.0349388
0.032197
0.0294164
0.0266229
0.0238062
0.0210142
0.0182277
0.0155278
0.0128753
0.0103958
0.00800934
0.00589179
0.00388962
0.00221333
0.000610786
0.0938584
0.0907849
0.0888242
0.0871575
0.0853288
0.0833305
0.0812779
0.0792287
0.0771807
0.0751169
0.0730299
0.0709199
0.0687889
0.0666368
0.0644625
0.0622642
0.0600403
0.0577888
0.0555078
0.0531947
0.0508473
0.0484623
0.0460383
0.0435711
0.0410613
0.0385041
0.0359045
0.0332566
0.030574
0.0278488
0.0251102
0.0223452
0.0196089
0.0168769
0.0142448
0.0116614
0.00928151
0.00699753
0.0050399
0.00319552
0.00177155
0.000401858
0.0902321
0.0871826
0.0853046
0.0837218
0.0819632
0.080031
0.0780482
0.0760725
0.0740992
0.0721107
0.0700995
0.0680666
0.0660137
0.0639408
0.0618464
0.0597285
0.0575852
0.0554145
0.053214
0.0509806
0.048712
0.0464043
0.0440557
0.0416615
0.0392221
0.036732
0.0341962
0.0316082
0.0289824
0.0263098
0.0236221
0.0209048
0.0182191
0.0155362
0.012966
0.0104458
0.00815983
0.00597251
0.00417257
0.00248159
0.00131657
0.000177661
0.0865987
0.0835831
0.0817947
0.0802986
0.0786115
0.0767476
0.0748374
0.072938
0.0710417
0.0691302
0.0671969
0.0652429
0.0632701
0.0612781
0.0592652
0.0572293
0.0551683
0.0530797
0.0509608
0.0488084
0.0466193
0.0443895
0.0421166
0.0397956
0.0374262
0.0350025
0.0325294
0.0299997
0.0274282
0.0248056
0.0221653
0.0194917
0.0168514
0.0142126
0.0116977
0.00923482
0.00703629
0.0049398
0.00329388
0.00175164
0.000850558
-6.06954e-05
0.0829675
0.0799978
0.0783058
0.0768979
0.0752829
0.0734891
0.0716541
0.069833
0.0680155
0.0661827
0.0643288
0.0624554
0.0605644
0.0586549
0.0567252
0.0547728
0.0527954
0.0507903
0.0487544
0.0466839
0.0445754
0.0424242
0.0402275
0.0379797
0.0356802
0.0333225
0.0309109
0.0284382
0.025919
0.0233438
0.0207473
0.0181136
0.0155136
0.012914
0.0104477
0.00803641
0.00591797
0.00390649
0.00240929
0.00101098
0.000376506
-0.000311003
0.0793466
0.07644
0.0748505
0.0735301
0.0719863
0.0702639
0.0685063
0.0667654
0.065028
0.0632753
0.0615022
0.059711
0.0579032
0.0560778
0.0542327
0.0523654
0.0504733
0.0485531
0.0466014
0.0446141
0.0425871
0.0405154
0.0383955
0.0362214
0.0339917
0.0316996
0.0293489
0.0269319
0.0244631
0.0219331
0.019377
0.01678
0.0142151
0.0116498
0.00922538
0.00685989
0.00481344
0.00288108
0.00152551
0.000266212
-0.000101908
-0.000570012
0.0757489
0.0729258
0.0714425
0.0702053
0.0687305
0.0670806
0.0654025
0.0637433
0.062087
0.0604152
0.0587243
0.0570167
0.0552938
0.0535541
0.0517953
0.0500148
0.0482095
0.0463758
0.0445099
0.0426071
0.0406629
0.0386716
0.0366293
0.0345293
0.0323696
0.0301431
0.0278525
0.0254904
0.0230702
0.0205834
0.0180647
0.0155008
0.0129663
0.0104307
0.0080411
0.0057157
0.00373243
0.00187317
0.00065031
-0.000475084
-0.000580471
-0.000833644
0.072197
0.0694782
0.0680978
0.0669342
0.0655242
0.0639481
0.0623514
0.0607749
0.0592004
0.0576107
0.0560033
0.054381
0.0527445
0.0510923
0.0494217
0.0477297
0.0460131
0.0442678
0.0424893
0.0406725
0.0388124
0.0369027
0.0349388
0.0329136
0.0308242
0.0286631
0.0264322
0.0241239
0.0217509
0.0193052
0.016821
0.014287
0.011778
0.00926756
0.00690585
0.00461474
0.00268535
0.000892876
-0.000207889
-0.00120481
-0.0010547
-0.00109732
0.0687063
0.0661219
0.0648325
0.0637265
0.0623767
0.0608761
0.0593627
0.0578696
0.0563775
0.0548711
0.0533489
0.0518136
0.0502655
0.0487027
0.0471223
0.0455211
0.0438952
0.04224
0.0405506
0.0388213
0.0370465
0.0352194
0.0333346
0.0313847
0.0293657
0.0272699
0.025098
0.0228427
0.0205152
0.0181088
0.0156561
0.013149
0.0106609
0.00817099
0.00583035
0.00356761
0.00168249
-4.98508e-05
-0.00104055
-0.00191489
-0.00152009
-0.00135631
0.065296
0.0628739
0.0616536
0.0605873
0.0592964
0.0578753
0.0564475
0.0550386
0.0536299
0.0522083
0.0507733
0.049327
0.0478694
0.0463982
0.0449102
0.0434018
0.0418685
0.0403052
0.0387064
0.0370658
0.0353772
0.0336333
0.031828
0.0299534
0.0280046
0.0259735
0.0238599
0.0216563
0.0193726
0.0170034
0.0145794
0.0120959
0.00962444
0.00715047
0.00482429
0.00258386
0.00073335
-0.000945934
-0.00183966
-0.00259794
-0.00197247
-0.00160616
0.0620506
0.0597601
0.0585605
0.0575169
0.0562909
0.0549576
0.0536192
0.0522962
0.0509726
0.049638
0.0482922
0.0469371
0.0455721
0.0441947
0.0428012
0.0413874
0.0399483
0.0384781
0.0369709
0.0354197
0.0338177
0.0321572
0.0304312
0.0286315
0.0267522
0.024785
0.0227283
0.0205749
0.0183331
0.0159987
0.0136005
0.0111371
0.00867788
0.00621502
0.00389671
0.00167212
-0.00015357
-0.0017876
-0.00259827
-0.00324804
-0.00240848
-0.00184322
0.0590255
0.0568227
0.055569
0.0545249
0.0533708
0.0521351
0.0508916
0.049657
0.0484205
0.0471749
0.0459207
0.0446589
0.0433887
0.0421071
0.04081
0.0394924
0.0381489
0.036773
0.035358
0.0338965
0.0323812
0.0308038
0.0291568
0.0274312
0.0256205
0.0237159
0.0217146
0.0196094
0.0174073
0.0151049
0.0127294
0.0102823
0.00783064
0.0053735
0.00305623
0.000840267
-0.000970706
-0.00256848
-0.00331066
-0.00386132
-0.00282609
-0.00206508
0.0560546
0.0540134
0.052696
0.0516374
0.0505496
0.0494145
0.04827
0.0471265
0.0459789
0.0448243
0.0436633
0.0424966
0.0413229
0.0401385
0.038939
0.0377187
0.0364712
0.0351897
0.0338668
0.0324947
0.0310653
0.02957
0.0280007
0.0263479
0.0246042
0.0227604
0.0208127
0.0187538
0.0165892
0.0143165
0.011961
0.00952711
0.0070795
0.00462395
0.00230248
8.93318e-05
-0.00171526
-0.00328471
-0.00397192
-0.00443339
-0.00322299
-0.0022692
0.052838
0.0509552
0.0498027
0.0488441
0.0478506
0.0468252
0.0457869
0.0447371
0.0436779
0.042612
0.0415415
0.0404665
0.0393854
0.0382943
0.0371878
0.0360595
0.0349026
0.0337095
0.0324726
0.0311834
0.0298338
0.0284145
0.0269171
0.0253317
0.0236502
0.0218631
0.0199656
0.0179504
0.0158218
0.0135781
0.0112431
0.00882384
0.00638247
0.00393149
0.00160846
-0.000598683
-0.00239686
-0.00393656
-0.00457713
-0.00495218
-0.00359256
-0.00244971
0.0482849
0.0473679
0.0468014
0.0462695
0.0454915
0.0445864
0.0436422
0.04267
0.0416801
0.0406841
0.0396859
0.0386848
0.0376785
0.0366625
0.0356308
0.0345764
0.0334919
0.0323694
0.031201
0.0299781
0.0286921
0.027334
0.0258945
0.0243638
0.0227331
0.0209928
0.0191371
0.0171589
0.0150612
0.0128434
0.0105273
0.00812289
0.00568928
0.0032455
0.000923643
-0.0012737
-0.00306504
-0.00457057
-0.00517151
-0.005452
-0.00396397
-0.00262425
0.0459636
0.0447408
0.0438993
0.0432661
0.0424522
0.0415357
0.0406347
0.0397478
0.0388615
0.0379805
0.0371048
0.0362287
0.0353464
0.0344517
0.0335373
0.0325955
0.0316186
0.0305987
0.0295278
0.0283976
0.0271995
0.0259243
0.0245629
0.0231052
0.0215422
0.0198641
0.0180646
0.0161374
0.0140842
0.0119062
0.00962333
0.0072491
0.0048394
0.00242087
0.00011831
-0.002049
-0.00381534
-0.00526694
-0.00581334
-0.00598527
-0.00435126
-0.0028217
0.0435162
0.042022
0.041039
0.0404275
0.0396996
0.0388671
0.0380599
0.0372849
0.036514
0.0357449
0.0349792
0.0342108
0.0334321
0.0326363
0.0318159
0.0309632
0.0300706
0.0291303
0.0281347
0.0270756
0.0259445
0.0247324
0.0234298
0.0220267
0.0205138
0.0188815
0.017123
0.0152324
0.0132112
0.0110614
0.00880233
0.00645013
0.00405819
0.0016598
-0.000626602
-0.0027667
-0.00450995
-0.00591011
-0.00640667
-0.00647608
-0.00470755
-0.00301595
0.0408508
0.0392512
0.0383152
0.0377949
0.0371887
0.0364736
0.0357741
0.0351112
0.0344553
0.0337969
0.0331374
0.0324712
0.0317897
0.0310852
0.0303504
0.0295778
0.0287601
0.0278902
0.0269606
0.0259636
0.0248907
0.0237329
0.0224807
0.0211241
0.0196533
0.018059
0.0163342
0.0144733
0.0124772
0.0103493
0.00810774
0.00577134
0.00339131
0.00100658
-0.00126991
-0.00339047
-0.00511856
-0.00647708
-0.00693628
-0.00691567
-0.00503434
-0.00320446
0.0383446
0.0366706
0.0358826
0.0354647
0.0349515
0.0343431
0.033748
0.0331893
0.0326406
0.0320874
0.0315278
0.0309564
0.0303638
0.029742
0.0290839
0.0283827
0.0276318
0.0268244
0.0259536
0.0250118
0.0239906
0.0228811
0.0216734
0.0203575
0.0189236
0.0173622
0.0156662
0.0138303
0.0118552
0.00974504
0.00751747
0.00519319
0.00282174
0.000446759
-0.00182348
-0.00392974
-0.00564805
-0.00697319
-0.00740529
-0.00730741
-0.00533344
-0.0033876
0.0361488
0.0343432
0.033737
0.0334353
0.0329957
0.0324832
0.0319943
0.0315387
0.0310912
0.0306359
0.0301673
0.0296795
0.0291639
0.0286126
0.0280194
0.0273785
0.0266839
0.0259294
0.0251085
0.0242135
0.0232363
0.0221676
0.0209976
0.0197159
0.0183127
0.0167785
0.0151062
0.0132905
0.0113321
0.00923588
0.00701895
0.00470367
0.00233819
-2.99368e-05
-0.0022964
-0.00439221
-0.00610437
-0.007403
-0.00781589
-0.0076528
-0.00560392
-0.00356499
0.0342762
0.0322778
0.0318557
0.0316886
0.0313234
0.0309019
0.0305192
0.0301643
0.0298095
0.0294402
0.0290496
0.0286315
0.0281785
0.0276843
0.0271435
0.0265513
0.0259025
0.0251914
0.0244115
0.0235553
0.0226143
0.0215792
0.02044
0.0191863
0.017808
0.0162956
0.014642
0.0128423
0.010897
0.0088114
0.00660246
0.00429385
0.00193257
-0.000430604
-0.00269476
-0.00478275
-0.00649116
-0.0077689
-0.00816871
-0.00795184
-0.0058439
-0.00373549
0.0326605
0.0304633
0.030227
0.0302103
0.0299318
0.0296009
0.0293187
0.029056
0.0287808
0.0284814
0.0281524
0.0277882
0.0273831
0.0269324
0.0264321
0.0258779
0.0252654
0.0245889
0.0238419
0.0230169
0.0221051
0.0210971
0.0199826
0.0187512
0.0173926
0.0158976
0.0142588
0.0124716
0.0105364
0.0084593
0.00625674
0.00395356
0.00159585
-0.000763026
-0.00302508
-0.00510641
-0.00681208
-0.00807296
-0.00846416
-0.00820401
-0.00605086
-0.00389723
0.0312083
0.0288924
0.0288566
0.0289944
0.0288124
0.0285711
0.028377
0.0281906
0.0279776
0.02773
0.0274452
0.0271193
0.0267483
0.0263291
0.0258586
0.0253332
0.0247484
0.0240989
0.0233778
0.0225773
0.0216886
0.0207019
0.0196069
0.018393
0.0170499
0.0155685
0.0139413
0.0121641
0.0102373
0.00816732
0.00597057
0.00367275
0.00131915
-0.00103477
-0.00329361
-0.00536791
-0.00707041
-0.00831663
-0.00870219
-0.0084079
-0.00622124
-0.00404758
0.0298695
0.0275845
0.0277652
0.0280404
0.0279502
0.02779
0.0276656
0.0275341
0.0273636
0.0271498
0.0268932
0.0265918
0.0262433
0.0258457
0.0253964
0.0248921
0.0243283
0.0236993
0.0229981
0.0222166
0.0213457
0.0203755
0.0192955
0.0180952
0.0167642
0.0152935
0.0136758
0.011907
0.00998771
0.00792464
0.00573418
0.00344273
0.00109494
-0.0012521
-0.00350534
-0.00557074
-0.00726832
-0.00850025
-0.00888185
-0.0085608
-0.00635043
-0.00418342
0.0286728
0.0265788
0.0269665
0.0273385
0.0273196
0.0272231
0.0271458
0.0270466
0.0268992
0.0267035
0.0264619
0.0261743
0.0258395
0.0254559
0.0250213
0.0245323
0.0239839
0.0233703
0.0226841
0.021917
0.0210596
0.020102
0.0190335
0.0178437
0.0165223
0.0150603
0.0134508
0.0116897
0.00977793
0.00772248
0.00553979
0.00325677
0.000917559
-0.00141954
-0.00366361
-0.00571694
-0.00740655
-0.00862292
-0.00900114
-0.00865877
-0.00643312
-0.00430119
0.0276895
0.0259006
0.0264466
0.0268605
0.0268837
0.0268282
0.026775
0.0266878
0.0265477
0.0263577
0.0261216
0.0258402
0.0255128
0.025138
0.0247133
0.024235
0.0236979
0.0230955
0.0224204
0.0216639
0.0208166
0.0198683
0.0188087
0.017627
0.0163135
0.0148591
0.0132572
0.011504
0.00960067
0.00755445
0.00538187
0.00311026
0.000783327
-0.00153977
-0.00377011
-0.0058071
-0.0074846
-0.00868275
-0.0090572
-0.00869692
-0.00646406
-0.00439732
0.0269722
0.0255316
0.0261612
0.0265632
0.0265999
0.0265628
0.0265137
0.0264229
0.0262788
0.0260862
0.0258493
0.0255691
0.0252449
0.0248752
0.024457
0.023986
0.0234567
0.0228623
0.0221951
0.0214462
0.0206061
0.0196648
0.0186119
0.0174369
0.0161302
0.014683
0.0130889
0.0113445
0.00945116
0.00741648
0.00525709
0.00300061
0.000690397
-0.00161389
-0.00382513
-0.00584069
-0.00750103
-0.00867728
-0.00904674
-0.00867005
-0.00643888
-0.00447355
0.0265212
0.0254133
0.0260502
0.0263999
0.0264276
0.0263897
0.02633
0.0262253
0.0260702
0.0258702
0.0256288
0.0253469
0.0250234
0.0246561
0.0242416
0.0237752
0.0232509
0.0226617
0.0219996
0.0212558
0.0204208
0.0194847
0.018437
0.0172678
0.0159674
0.0145276
0.0129421
0.0112079
0.00932686
0.00730659
0.005164
0.00292691
0.000638353
-0.0016418
-0.00382808
-0.00581661
-0.00745409
-0.00860418
-0.00896652
-0.00857378
-0.00635249
-0.0045481
0.0262895
0.0254689
0.026055
0.0263289
0.0263328
0.0262808
0.0262011
0.0260771
0.0259076
0.0256977
0.02545
0.0251646
0.0248398
0.024473
0.02406
0.0235958
0.0230741
0.0224877
0.0218286
0.0210879
0.0202563
0.0193238
0.0182805
0.0171165
0.0158226
0.0143908
0.0128152
0.0110933
0.00922699
0.00722435
0.00510249
0.00288933
0.00062759
-0.00162288
-0.00377815
-0.00573387
-0.00734254
-0.00846217
-0.00881367
-0.00840688
-0.00619603
-0.00460845
0.0262105
0.0256294
0.026129
0.0263184
0.026291
0.0262167
0.0261126
0.0259675
0.0257827
0.0255621
0.0253071
0.0250169
0.0246894
0.0243212
0.0239078
0.0234437
0.0229224
0.0223368
0.0216788
0.0209396
0.02011
0.0191803
0.0181409
0.0169821
0.0156951
0.0142723
0.0127082
0.0110005
0.00915198
0.00717028
0.00507312
0.00288843
0.000658607
-0.00155673
-0.00367511
-0.00559239
-0.00716637
-0.00825181
-0.00858726
-0.00816744
-0.005982
-0.00445481
0.0262112
0.0258517
0.026245
0.0263472
0.0262859
0.0261862
0.0260566
0.0258909
0.025691
0.0254595
0.0251967
0.0249008
0.0245691
0.0241979
0.0237822
0.0233162
0.0227936
0.0222071
0.0215486
0.0208096
0.0199811
0.0190537
0.018018
0.0168646
0.0155853
0.0141727
0.0126217
0.0109302
0.00910275
0.00714512
0.00507644
0.00292447
0.0007313
-0.00144387
-0.00352
-0.0053937
-0.00692775
-0.00797358
-0.00829724
-0.00783726
-0.00575799
-0.00401191
0.0261663
0.0261022
0.0263897
0.0264055
0.026309
0.0261833
0.0260295
0.0258444
0.0256302
0.0253879
0.0251167
0.0248144
0.0244767
0.024101
0.0236813
0.023212
0.0226864
0.0220976
0.0214375
0.0206979
0.0198699
0.0189444
0.0179124
0.016765
0.0154941
0.014093
0.012557
0.0108845
0.00907904
0.00714892
0.00511211
0.00299658
0.000844124
-0.0012866
-0.00331598
-0.00514186
-0.00663166
-0.00763578
-0.00794328
-0.00745039
-0.00547226
-0.00357254
0.0264805
0.0263694
0.0265381
0.02649
0.0263584
0.0262052
0.0260285
0.0258257
0.0255979
0.0253448
0.0250646
0.0247546
0.0244107
0.0240289
0.0236039
0.0231297
0.0226001
0.0220078
0.0213453
0.0206044
0.0197766
0.018853
0.017825
0.0166841
0.0154225
0.014034
0.0125142
0.0108622
0.00908143
0.00718099
0.00517866
0.00310243
0.00099378
-0.00108928
-0.00306859
-0.00484365
-0.00628617
-0.00724771
-0.00753644
-0.00701958
-0.00514064
-0.0031591
0.0268657
0.0266185
0.0266782
0.0265841
0.0264239
0.0262464
0.0260499
0.0258316
0.0255912
0.0253275
0.025038
0.0247196
0.0243683
0.0239795
0.023548
0.0230682
0.0225336
0.0219373
0.0212718
0.0205293
0.0197015
0.01878
0.0177562
0.0166222
0.0153707
0.0139956
0.0124932
0.0108628
0.00910825
0.00723898
0.0052728
0.00323768
0.00117473
-0.000858773
-0.00278613
-0.00450883
-0.00590264
-0.0068221
-0.00709148
-0.0065596
-0.00478353
-0.00275396
0.0270914
0.0268278
0.0268091
0.0266792
0.0264983
0.0263022
0.0260897
0.025858
0.0256061
0.0253321
0.0250332
0.0247061
0.0243466
0.0239502
0.0235118
0.0230257
0.0224856
0.021885
0.0212164
0.0204722
0.0196445
0.0187251
0.0177058
0.0165791
0.015338
0.0139769
0.0124924
0.0108842
0.00915645
0.00731892
0.00538945
0.00339596
0.00137919
-0.000604402
-0.00247959
-0.00415006
-0.0054955
-0.00637473
-0.0066257
-0.00608828
-0.00441806
-0.00239459
0.0272632
0.0270109
0.0269346
0.0267763
0.0265796
0.0263691
0.0261435
0.0259002
0.0256378
0.025354
0.0250459
0.0247099
0.0243421
0.023938
0.0234924
0.023
0.0224545
0.0218494
0.0211777
0.0204319
0.0196044
0.0186872
0.0176727
0.0165534
0.0153227
0.0139756
0.012509
0.0109228
0.00922151
0.0074152
0.00552177
0.00356904
0.00159734
-0.000337677
-0.00216227
-0.00378239
-0.00508157
-0.00592372
-0.00615837
-0.00562461
-0.00405882
-0.00207086
0.0274124
0.0271731
0.0270533
0.0268734
0.0266644
0.0264424
0.0262059
0.0259526
0.0256807
0.0253879
0.025071
0.0247267
0.0243509
0.0239393
0.0234869
0.0229883
0.0224376
0.0218283
0.0211538
0.0204066
0.0195794
0.0186646
0.0176547
0.0165427
0.0153222
0.0139886
0.012539
0.0109738
0.00929766
0.00752091
0.0056615
0.00374714
0.00181779
-7.17222e-05
-0.0018491
-0.00342255
-0.00467925
-0.00548851
-0.00570975
-0.00518735
-0.00372181
-0.00178712
0.0275454
0.0273154
0.0271625
0.0269663
0.0267477
0.0265166
0.0262711
0.0260093
0.0257291
0.0254282
0.0251034
0.0247515
0.0243685
0.0239501
0.0234915
0.0229874
0.022432
0.0218192
0.0211421
0.0203939
0.0195672
0.0186548
0.0176493
0.016544
0.015333
0.0140117
0.0125777
0.0110316
0.00937823
0.00762821
0.00579949
0.00391967
0.00202832
0.000179513
-0.00155579
-0.00308789
-0.00430736
-0.00508876
-0.00529988
-0.00479418
-0.00342251
-0.00154644
0.0276612
0.0274365
0.0272585
0.0270502
0.0268241
0.0265856
0.026333
0.0260641
0.0257771
0.0254693
0.025138
0.0247796
0.0243905
0.0239664
0.0235026
0.0229939
0.0224346
0.0218188
0.0211398
0.0203908
0.0195648
0.0186545
0.017653
0.0165538
0.015351
0.0140404
0.0126198
0.0110901
0.00945628
0.00772904
0.00592642
0.00407589
0.00221669
0.000402214
-0.00129774
-0.0027953
-0.00398404
-0.00474312
-0.00494732
-0.00445995
-0.00315823
-0.00135039
0.0277551
0.0275328
0.0273366
0.0271196
0.0268878
0.0266438
0.0263857
0.0261115
0.0258192
0.0255062
0.0251698
0.0248065
0.0244127
0.0239842
0.0235164
0.0230043
0.0224422
0.0218242
0.0211439
0.0203945
0.0195692
0.0186609
0.0176628
0.0165684
0.0153723
0.0140702
0.0126604
0.0111436
0.00952516
0.0078158
0.00603357
0.00420586
0.00237162
0.000583722
-0.00108897
-0.00256005
-0.00372546
-0.00446811
-0.00466804
-0.00419814
-0.00296248
-0.00120167
0.0278214
0.0275999
0.0273919
0.0271692
0.0269338
0.0266861
0.0264244
0.0261467
0.025851
0.0255346
0.0251948
0.0248283
0.0244315
0.0240002
0.0235299
0.0230157
0.0224519
0.0218326
0.0211517
0.0204023
0.0195778
0.0186711
0.0176755
0.0165847
0.0153933
0.0140974
0.0126949
0.0111871
0.00957918
0.00788198
0.00611355
0.0043012
0.00248369
0.000713515
-0.000941066
-0.00239467
-0.00354483
-0.00427706
-0.00447489
-0.00401819
-0.0028268
-0.00110161
0.0278554
0.0276342
0.0274205
0.0271952
0.0269581
0.0267088
0.0264455
0.0261663
0.0258691
0.0255513
0.0252101
0.0248423
0.0244443
0.024012
0.0235408
0.0230258
0.0224616
0.0218421
0.0211612
0.0204123
0.0195885
0.0186829
0.0176889
0.0166002
0.0154115
0.0141188
0.0127202
0.0112169
0.00961417
0.00792286
0.006161
0.00435585
0.0025461
0.000784053
-0.000862303
-0.00230804
-0.00345146
-0.0041793
-0.00437678
-0.00392739
-0.00275836
-0.00105147
)
;

boundaryField
{
    inlet
    {
        type            zeroGradient;
    }
    outlet
    {
        type            fixedValue;
        value           uniform 0;
    }
    cylinder
    {
        type            zeroGradient;
    }
    top
    {
        type            symmetryPlane;
    }
    bottom
    {
        type            symmetryPlane;
    }
    defaultFaces
    {
        type            empty;
    }
    procBoundary1to0
    {
        type            processor;
        value           nonuniform List<scalar> 
163
(
0.0219752
0.0219752
0.0204522
0.0188523
0.0171588
0.0168314
0.0168314
0.0152534
0.0135655
0.0117525
0.0136247
0.0136247
0.0118731
0.015285
0.015285
0.0136653
0.0118718
0.0160467
0.0160467
0.0144406
0.019953
0.019953
0.0276779
0.0276779
0.0278827
0.0402142
0.0402142
0.0549636
0.0549636
0.0707314
0.0707314
0.0866384
0.0866384
0.101952
0.101952
0.116877
0.116877
0.130287
0.130314
0.130314
0.106852
0.11691
0.11691
0.0910554
0.0910554
0.074555
0.0707816
0.0707816
0.0550186
0.0550186
0.0402726
0.0402726
0.0279426
0.0277388
0.0277388
0.0200131
0.0200131
0.0144985
0.0161049
0.0161049
0.0119276
0.0137213
0.0137213
0.0100103
0.011928
0.0136795
0.0136795
0.0118061
0.0136191
0.0153067
0.0153067
0.0154075
0.0172128
0.0189055
0.0205044
0.0220262
0.0220262
0.135237
0.138133
0.141396
0.144418
0.147282
0.150104
0.152895
0.155636
0.158317
0.160936
0.163492
0.165982
0.168405
0.170757
0.173037
0.175243
0.177374
0.179428
0.181404
0.183301
0.185119
0.186857
0.188515
0.190092
0.19159
0.193009
0.194348
0.195609
0.196792
0.197899
0.198929
0.199885
0.200766
0.201574
0.202309
0.202971
0.203561
0.204076
0.204518
0.204879
0.202519
0.202519
0.202754
0.205365
0.205149
0.204864
0.204503
0.204061
0.203546
0.202957
0.202295
0.20156
0.200753
0.199872
0.198917
0.197887
0.196781
0.195599
0.194339
0.193
0.191583
0.190086
0.188509
0.186852
0.185115
0.183299
0.181403
0.179428
0.177375
0.175245
0.17304
0.170762
0.168411
0.16599
0.163501
0.160947
0.158329
0.15565
0.15291
0.15291
0.155359
0.152614
0.14982
0.146881
0.143725
0.140883
)
;
    }
}


// ************************************************************************* //
