/*--------------------------------*- C++ -*----------------------------------*\
  =========                 |
  \\      /  F ield         | OpenFOAM: The Open Source CFD Toolbox
   \\    /   O peration     | Website:  https://openfoam.org
    \\  /    A nd           | Version:  7
     \\/     M anipulation  |
\*---------------------------------------------------------------------------*/
FoamFile
{
    version     2.0;
    format      ascii;
    class       labelList;
    note        "nPoints: 17124 nCells: 8330 nFaces: 33551 nInternalFaces: 16429";
    location    "constant/polyMesh";
    object      neighbour;
}
// * * * * * * * * * * * * * * * * * * * * * * * * * * * * * * * * * * * * * //


16429
(
1
14
1004
2
15
1005
3
16
1006
4
17
1007
5
18
1008
6
19
1009
7
20
1010
8
21
1011
9
22
1012
10
23
1013
11
24
1014
12
25
1015
13
26
1016
27
1017
1018
15
28
16
29
17
30
18
31
19
32
20
33
21
34
22
35
23
36
24
37
25
38
26
39
27
40
41
1060
29
42
30
43
31
44
32
45
33
46
34
47
35
48
36
49
37
50
38
51
39
52
40
53
41
54
55
1102
43
56
44
57
45
58
46
59
47
60
48
61
49
62
50
63
51
64
52
65
53
66
54
67
55
68
69
1144
57
70
58
71
59
72
60
73
61
74
62
75
63
76
64
77
65
78
66
79
67
80
68
81
69
82
83
1186
71
84
72
85
73
86
74
87
75
88
76
89
77
90
78
91
79
92
80
93
81
94
82
95
83
96
97
1228
85
98
86
99
87
100
88
101
89
102
90
103
91
104
92
105
93
106
94
107
95
108
96
109
97
110
111
1270
99
112
100
113
101
114
102
115
103
116
104
117
105
118
106
119
107
120
108
121
109
122
110
123
111
124
125
1312
113
126
114
127
115
128
116
129
117
130
118
131
119
132
120
133
121
134
122
135
123
136
124
137
125
138
139
1354
127
140
128
141
129
142
130
143
131
144
132
145
133
146
134
147
135
148
136
149
137
150
138
151
139
152
153
1396
141
154
142
155
143
156
144
157
145
158
146
159
147
160
148
161
149
162
150
163
151
164
152
165
153
166
167
1438
155
168
156
169
157
170
158
171
159
172
160
173
161
174
162
175
163
176
164
177
165
178
166
179
167
180
181
1480
169
182
170
183
171
184
172
185
173
186
174
187
175
188
176
189
177
190
178
191
179
192
180
193
181
194
195
1522
183
196
184
197
185
198
186
199
187
200
188
201
189
202
190
203
191
204
192
205
193
206
194
207
195
208
209
1564
197
210
198
211
199
212
200
213
201
214
202
215
203
216
204
217
205
218
206
219
207
220
208
221
209
222
223
1606
211
224
212
225
213
226
214
227
215
228
216
229
217
230
218
231
219
232
220
233
221
234
222
235
223
236
237
1648
225
238
226
239
227
240
228
241
229
242
230
243
231
244
232
245
233
246
234
247
235
248
236
249
237
250
251
1690
239
252
240
253
241
254
242
255
243
256
244
257
245
258
246
259
247
260
248
261
249
262
250
263
251
264
265
1732
253
266
254
267
255
268
256
269
257
270
258
271
259
272
260
273
261
274
262
275
263
276
264
277
265
278
279
1774
267
280
268
281
269
282
270
283
271
284
272
285
273
286
274
287
275
288
276
289
277
290
278
291
279
292
293
1816
281
282
294
283
295
284
296
285
297
286
298
287
299
288
300
289
301
290
302
291
303
292
304
293
305
306
1858
295
307
296
308
297
309
298
310
299
311
300
312
301
313
302
314
303
315
304
316
305
317
306
318
319
1900
308
320
309
321
310
322
311
323
312
324
313
325
314
326
315
327
316
328
317
329
318
330
319
331
332
1942
321
333
322
334
323
335
324
336
325
337
326
338
327
339
328
340
329
341
330
342
331
343
332
344
345
1984
334
335
346
336
347
337
348
338
349
339
350
340
351
341
352
342
353
343
354
344
355
345
356
357
2026
347
358
348
359
349
360
350
361
351
362
352
363
353
364
354
365
355
366
356
367
357
368
369
2068
359
370
360
371
361
372
362
373
363
374
364
375
365
376
366
377
367
378
368
379
369
380
381
2110
371
382
372
383
373
384
374
385
375
386
376
387
377
388
378
389
379
390
380
391
381
392
393
2152
383
384
394
385
395
386
396
387
397
388
398
389
399
390
400
391
401
392
402
393
403
404
3974
395
405
396
406
397
407
398
408
399
409
400
410
401
411
402
412
403
413
404
414
415
3973
406
407
416
408
417
409
418
410
419
411
420
412
421
413
422
414
423
415
424
425
3972
417
426
418
427
419
428
420
429
421
430
422
431
423
432
424
433
425
434
435
3971
427
436
428
437
429
438
430
439
431
440
432
441
433
442
434
443
435
444
445
3970
437
438
446
439
447
440
448
441
449
442
450
443
451
444
452
445
453
454
3969
447
455
448
456
449
457
450
458
451
459
452
460
453
461
454
462
463
3968
456
457
464
458
465
459
466
460
467
461
468
462
469
463
470
471
3967
465
466
472
467
473
468
474
469
475
470
476
471
477
478
3966
473
479
474
480
475
481
476
482
477
483
478
484
485
3965
480
481
486
482
487
483
488
484
489
485
490
491
3964
487
488
492
489
493
490
494
491
495
496
3963
493
494
497
495
498
496
499
500
3962
498
499
501
500
502
503
3961
502
503
504
505
3960
505
506
3959
3958
510
5373
509
512
510
513
514
5374
512
515
513
516
514
517
518
5375
516
520
517
521
518
522
523
5376
520
525
521
526
522
527
523
528
529
5377
525
531
526
532
527
533
528
534
529
535
536
5378
531
537
532
538
533
539
534
540
535
541
536
542
543
5379
538
545
539
546
540
547
541
548
542
549
543
550
551
5380
545
553
546
554
547
555
548
556
549
557
550
558
551
559
560
5381
553
561
554
562
555
563
556
564
557
565
558
566
559
567
560
568
569
5382
562
571
563
572
564
573
565
574
566
575
567
576
568
577
569
578
579
5383
571
580
572
581
573
582
574
583
575
584
576
585
577
586
578
587
579
588
589
5384
581
591
582
592
583
593
584
594
585
595
586
596
587
597
588
598
589
599
600
5385
591
601
592
602
593
603
594
604
595
605
596
606
597
607
598
608
599
609
600
610
611
5386
602
612
603
613
604
614
605
615
606
616
607
617
608
618
609
619
610
620
611
621
622
5387
613
624
614
625
615
626
616
627
617
628
618
629
619
630
620
631
621
632
622
633
634
5388
624
635
625
636
626
637
627
638
628
639
629
640
630
641
631
642
632
643
633
644
634
645
646
5389
636
647
637
648
638
649
639
650
640
651
641
652
642
653
643
654
644
655
645
656
646
657
658
7154
648
660
649
661
650
662
651
663
652
664
653
665
654
666
655
667
656
668
657
669
658
670
671
7196
660
672
661
673
662
674
663
675
664
676
665
677
666
678
667
679
668
680
669
681
670
682
671
683
684
7238
673
685
674
686
675
687
676
688
677
689
678
690
679
691
680
692
681
693
682
694
683
695
684
696
697
7280
686
698
687
699
688
700
689
701
690
702
691
703
692
704
693
705
694
706
695
707
696
708
697
709
710
7322
699
711
700
712
701
713
702
714
703
715
704
716
705
717
706
718
707
719
708
720
709
721
710
722
723
7364
712
725
713
726
714
727
715
728
716
729
717
730
718
731
719
732
720
733
721
734
722
735
723
736
737
7406
725
738
726
739
727
740
728
741
729
742
730
743
731
744
732
745
733
746
734
747
735
748
736
749
737
750
751
7448
739
752
740
753
741
754
742
755
743
756
744
757
745
758
746
759
747
760
748
761
749
762
750
763
751
764
765
7490
753
766
754
767
755
768
756
769
757
770
758
771
759
772
760
773
761
774
762
775
763
776
764
777
765
778
779
7532
767
780
768
781
769
782
770
783
771
784
772
785
773
786
774
787
775
788
776
789
777
790
778
791
779
792
793
7574
781
794
782
795
783
796
784
797
785
798
786
799
787
800
788
801
789
802
790
803
791
804
792
805
793
806
807
7616
795
808
796
809
797
810
798
811
799
812
800
813
801
814
802
815
803
816
804
817
805
818
806
819
807
820
821
7658
809
822
810
823
811
824
812
825
813
826
814
827
815
828
816
829
817
830
818
831
819
832
820
833
821
834
835
7700
823
836
824
837
825
838
826
839
827
840
828
841
829
842
830
843
831
844
832
845
833
846
834
847
835
848
849
7742
837
850
838
851
839
852
840
853
841
854
842
855
843
856
844
857
845
858
846
859
847
860
848
861
849
862
863
7784
851
864
852
865
853
866
854
867
855
868
856
869
857
870
858
871
859
872
860
873
861
874
862
875
863
876
877
7826
865
878
866
879
867
880
868
881
869
882
870
883
871
884
872
885
873
886
874
887
875
888
876
889
877
890
891
7868
879
892
880
893
881
894
882
895
883
896
884
897
885
898
886
899
887
900
888
901
889
902
890
903
891
904
905
7910
893
906
894
907
895
908
896
909
897
910
898
911
899
912
900
913
901
914
902
915
903
916
904
917
905
918
919
7952
907
920
908
921
909
922
910
923
911
924
912
925
913
926
914
927
915
928
916
929
917
930
918
931
919
932
933
7994
921
934
922
935
923
936
924
937
925
938
926
939
927
940
928
941
929
942
930
943
931
944
932
945
933
946
947
8036
935
948
936
949
937
950
938
951
939
952
940
953
941
954
942
955
943
956
944
957
945
958
946
959
947
960
961
8078
949
962
950
963
951
964
952
965
953
966
954
967
955
968
956
969
957
970
958
971
959
972
960
973
961
974
975
8120
963
976
964
977
965
978
966
979
967
980
968
981
969
982
970
983
971
984
972
985
973
986
974
987
975
988
989
8162
977
990
978
991
979
992
980
993
981
994
982
995
983
996
984
997
985
998
986
999
987
1000
988
1001
989
1002
1003
8204
991
1004
992
1005
993
1006
994
1007
995
1008
996
1009
997
1010
998
1011
999
1012
1000
1013
1001
1014
1002
1015
1003
1016
1017
8246
1005
1006
1007
1008
1009
1010
1011
1012
1013
1014
1015
1016
1017
8288
1019
1060
8288
1020
1061
8289
1021
1062
8290
1022
1063
8291
1023
1064
8292
1024
1065
8293
1025
1066
8294
1026
1067
8295
1027
1068
8296
1028
1069
8297
1029
1070
8298
1030
1071
8299
1031
1072
8300
1032
1073
8301
1033
1074
8302
1034
1075
8303
1035
1076
8304
1036
1077
8305
1037
1078
8306
1038
1079
8307
1039
1080
8308
1040
1081
8309
1041
1082
8310
1042
1083
8311
1043
1084
8312
1044
1085
8313
1045
1086
8314
1046
1087
8315
1047
1088
8316
1048
1089
8317
1049
1090
8318
1050
1091
8319
1051
1092
8320
1052
1093
8321
1053
1094
8322
1054
1095
8323
1055
1096
8324
1056
1097
8325
1057
1098
8326
1058
1099
8327
1059
1100
8328
1101
8329
1061
1102
1062
1103
1063
1104
1064
1105
1065
1106
1066
1107
1067
1108
1068
1109
1069
1110
1070
1111
1071
1112
1072
1113
1073
1114
1074
1115
1075
1116
1076
1117
1077
1118
1078
1119
1079
1120
1080
1121
1081
1122
1082
1123
1083
1124
1084
1125
1085
1126
1086
1127
1087
1128
1088
1129
1089
1130
1090
1131
1091
1132
1092
1133
1093
1134
1094
1135
1095
1136
1096
1137
1097
1138
1098
1139
1099
1140
1100
1141
1101
1142
1143
1103
1144
1104
1145
1105
1146
1106
1147
1107
1148
1108
1149
1109
1150
1110
1151
1111
1152
1112
1153
1113
1154
1114
1155
1115
1156
1116
1157
1117
1158
1118
1159
1119
1160
1120
1161
1121
1162
1122
1163
1123
1164
1124
1165
1125
1166
1126
1167
1127
1168
1128
1169
1129
1170
1130
1171
1131
1172
1132
1173
1133
1174
1134
1175
1135
1176
1136
1177
1137
1178
1138
1179
1139
1180
1140
1181
1141
1182
1142
1183
1143
1184
1185
1145
1186
1146
1187
1147
1188
1148
1189
1149
1190
1150
1191
1151
1192
1152
1193
1153
1194
1154
1195
1155
1196
1156
1197
1157
1198
1158
1199
1159
1200
1160
1201
1161
1202
1162
1203
1163
1204
1164
1205
1165
1206
1166
1207
1167
1208
1168
1209
1169
1210
1170
1211
1171
1212
1172
1213
1173
1214
1174
1215
1175
1216
1176
1217
1177
1218
1178
1219
1179
1220
1180
1221
1181
1222
1182
1223
1183
1224
1184
1225
1185
1226
1227
1187
1228
1188
1229
1189
1230
1190
1231
1191
1232
1192
1233
1193
1234
1194
1235
1195
1236
1196
1237
1197
1238
1198
1239
1199
1240
1200
1241
1201
1242
1202
1243
1203
1244
1204
1245
1205
1246
1206
1247
1207
1248
1208
1249
1209
1250
1210
1251
1211
1252
1212
1253
1213
1254
1214
1255
1215
1256
1216
1257
1217
1258
1218
1259
1219
1260
1220
1261
1221
1262
1222
1263
1223
1264
1224
1265
1225
1266
1226
1267
1227
1268
1269
1229
1270
1230
1271
1231
1272
1232
1273
1233
1274
1234
1275
1235
1276
1236
1277
1237
1278
1238
1279
1239
1280
1240
1281
1241
1282
1242
1283
1243
1284
1244
1285
1245
1286
1246
1287
1247
1288
1248
1289
1249
1290
1250
1291
1251
1292
1252
1293
1253
1294
1254
1295
1255
1296
1256
1297
1257
1298
1258
1299
1259
1300
1260
1301
1261
1302
1262
1303
1263
1304
1264
1305
1265
1306
1266
1307
1267
1308
1268
1309
1269
1310
1311
1271
1312
1272
1313
1273
1314
1274
1315
1275
1316
1276
1317
1277
1318
1278
1319
1279
1320
1280
1321
1281
1322
1282
1323
1283
1324
1284
1325
1285
1326
1286
1327
1287
1328
1288
1329
1289
1330
1290
1331
1291
1332
1292
1333
1293
1334
1294
1335
1295
1336
1296
1337
1297
1338
1298
1339
1299
1340
1300
1341
1301
1342
1302
1343
1303
1344
1304
1345
1305
1346
1306
1347
1307
1348
1308
1349
1309
1350
1310
1351
1311
1352
1353
1313
1354
1314
1355
1315
1356
1316
1357
1317
1358
1318
1359
1319
1360
1320
1361
1321
1362
1322
1363
1323
1364
1324
1365
1325
1366
1326
1367
1327
1368
1328
1369
1329
1370
1330
1371
1331
1372
1332
1373
1333
1374
1334
1375
1335
1376
1336
1377
1337
1378
1338
1379
1339
1380
1340
1381
1341
1382
1342
1383
1343
1384
1344
1385
1345
1386
1346
1387
1347
1388
1348
1389
1349
1390
1350
1391
1351
1392
1352
1393
1353
1394
1395
1355
1396
1356
1397
1357
1398
1358
1399
1359
1400
1360
1401
1361
1402
1362
1403
1363
1404
1364
1405
1365
1406
1366
1407
1367
1408
1368
1409
1369
1410
1370
1411
1371
1412
1372
1413
1373
1414
1374
1415
1375
1416
1376
1417
1377
1418
1378
1419
1379
1420
1380
1421
1381
1422
1382
1423
1383
1424
1384
1425
1385
1426
1386
1427
1387
1428
1388
1429
1389
1430
1390
1431
1391
1432
1392
1433
1393
1434
1394
1435
1395
1436
1437
1397
1438
1398
1439
1399
1440
1400
1441
1401
1442
1402
1443
1403
1444
1404
1445
1405
1446
1406
1447
1407
1448
1408
1449
1409
1450
1410
1451
1411
1452
1412
1453
1413
1454
1414
1455
1415
1456
1416
1457
1417
1458
1418
1459
1419
1460
1420
1461
1421
1462
1422
1463
1423
1464
1424
1465
1425
1466
1426
1467
1427
1468
1428
1469
1429
1470
1430
1471
1431
1472
1432
1473
1433
1474
1434
1475
1435
1476
1436
1477
1437
1478
1479
1439
1480
1440
1481
1441
1482
1442
1483
1443
1484
1444
1485
1445
1486
1446
1487
1447
1488
1448
1489
1449
1490
1450
1491
1451
1492
1452
1493
1453
1494
1454
1495
1455
1496
1456
1497
1457
1498
1458
1499
1459
1500
1460
1501
1461
1502
1462
1503
1463
1504
1464
1505
1465
1506
1466
1507
1467
1508
1468
1509
1469
1510
1470
1511
1471
1512
1472
1513
1473
1514
1474
1515
1475
1516
1476
1517
1477
1518
1478
1519
1479
1520
1521
1481
1522
1482
1523
1483
1524
1484
1525
1485
1526
1486
1527
1487
1528
1488
1529
1489
1530
1490
1531
1491
1532
1492
1533
1493
1534
1494
1535
1495
1536
1496
1537
1497
1538
1498
1539
1499
1540
1500
1541
1501
1542
1502
1543
1503
1544
1504
1545
1505
1546
1506
1547
1507
1548
1508
1549
1509
1550
1510
1551
1511
1552
1512
1553
1513
1554
1514
1555
1515
1556
1516
1557
1517
1558
1518
1559
1519
1560
1520
1561
1521
1562
1563
1523
1564
1524
1565
1525
1566
1526
1567
1527
1568
1528
1569
1529
1570
1530
1571
1531
1572
1532
1573
1533
1574
1534
1575
1535
1576
1536
1577
1537
1578
1538
1579
1539
1580
1540
1581
1541
1582
1542
1583
1543
1584
1544
1585
1545
1586
1546
1587
1547
1588
1548
1589
1549
1590
1550
1591
1551
1592
1552
1593
1553
1594
1554
1595
1555
1596
1556
1597
1557
1598
1558
1599
1559
1600
1560
1601
1561
1602
1562
1603
1563
1604
1605
1565
1606
1566
1607
1567
1608
1568
1609
1569
1610
1570
1611
1571
1612
1572
1613
1573
1614
1574
1615
1575
1616
1576
1617
1577
1618
1578
1619
1579
1620
1580
1621
1581
1622
1582
1623
1583
1624
1584
1625
1585
1626
1586
1627
1587
1628
1588
1629
1589
1630
1590
1631
1591
1632
1592
1633
1593
1634
1594
1635
1595
1636
1596
1637
1597
1638
1598
1639
1599
1640
1600
1641
1601
1642
1602
1643
1603
1644
1604
1645
1605
1646
1647
1607
1648
1608
1649
1609
1650
1610
1651
1611
1652
1612
1653
1613
1654
1614
1655
1615
1656
1616
1657
1617
1658
1618
1659
1619
1660
1620
1661
1621
1662
1622
1663
1623
1664
1624
1665
1625
1666
1626
1667
1627
1668
1628
1669
1629
1670
1630
1671
1631
1672
1632
1673
1633
1674
1634
1675
1635
1676
1636
1677
1637
1678
1638
1679
1639
1680
1640
1681
1641
1682
1642
1683
1643
1684
1644
1685
1645
1686
1646
1687
1647
1688
1689
1649
1690
1650
1691
1651
1692
1652
1693
1653
1694
1654
1695
1655
1696
1656
1697
1657
1698
1658
1699
1659
1700
1660
1701
1661
1702
1662
1703
1663
1704
1664
1705
1665
1706
1666
1707
1667
1708
1668
1709
1669
1710
1670
1711
1671
1712
1672
1713
1673
1714
1674
1715
1675
1716
1676
1717
1677
1718
1678
1719
1679
1720
1680
1721
1681
1722
1682
1723
1683
1724
1684
1725
1685
1726
1686
1727
1687
1728
1688
1729
1689
1730
1731
1691
1732
1692
1733
1693
1734
1694
1735
1695
1736
1696
1737
1697
1738
1698
1739
1699
1740
1700
1741
1701
1742
1702
1743
1703
1744
1704
1745
1705
1746
1706
1747
1707
1748
1708
1749
1709
1750
1710
1751
1711
1752
1712
1753
1713
1754
1714
1755
1715
1756
1716
1757
1717
1758
1718
1759
1719
1760
1720
1761
1721
1762
1722
1763
1723
1764
1724
1765
1725
1766
1726
1767
1727
1768
1728
1769
1729
1770
1730
1771
1731
1772
1773
1733
1774
1734
1775
1735
1776
1736
1777
1737
1778
1738
1779
1739
1780
1740
1781
1741
1782
1742
1783
1743
1784
1744
1785
1745
1786
1746
1787
1747
1788
1748
1789
1749
1790
1750
1791
1751
1792
1752
1793
1753
1794
1754
1795
1755
1796
1756
1797
1757
1798
1758
1799
1759
1800
1760
1801
1761
1802
1762
1803
1763
1804
1764
1805
1765
1806
1766
1807
1767
1808
1768
1809
1769
1810
1770
1811
1771
1812
1772
1813
1773
1814
1815
1775
1816
1776
1817
1777
1818
1778
1819
1779
1820
1780
1821
1781
1822
1782
1823
1783
1824
1784
1825
1785
1826
1786
1827
1787
1828
1788
1829
1789
1830
1790
1831
1791
1832
1792
1833
1793
1834
1794
1835
1795
1836
1796
1837
1797
1838
1798
1839
1799
1840
1800
1841
1801
1842
1802
1843
1803
1844
1804
1845
1805
1846
1806
1847
1807
1848
1808
1849
1809
1850
1810
1851
1811
1852
1812
1853
1813
1854
1814
1855
1815
1856
1857
1817
1858
1818
1859
1819
1860
1820
1861
1821
1862
1822
1863
1823
1864
1824
1865
1825
1866
1826
1867
1827
1868
1828
1869
1829
1870
1830
1871
1831
1872
1832
1873
1833
1874
1834
1875
1835
1876
1836
1877
1837
1878
1838
1879
1839
1880
1840
1881
1841
1882
1842
1883
1843
1884
1844
1885
1845
1886
1846
1887
1847
1888
1848
1889
1849
1890
1850
1891
1851
1892
1852
1893
1853
1894
1854
1895
1855
1896
1856
1897
1857
1898
1899
1859
1900
1860
1901
1861
1902
1862
1903
1863
1904
1864
1905
1865
1906
1866
1907
1867
1908
1868
1909
1869
1910
1870
1911
1871
1912
1872
1913
1873
1914
1874
1915
1875
1916
1876
1917
1877
1918
1878
1919
1879
1920
1880
1921
1881
1922
1882
1923
1883
1924
1884
1925
1885
1926
1886
1927
1887
1928
1888
1929
1889
1930
1890
1931
1891
1932
1892
1933
1893
1934
1894
1935
1895
1936
1896
1937
1897
1938
1898
1939
1899
1940
1941
1901
1942
1902
1943
1903
1944
1904
1945
1905
1946
1906
1947
1907
1948
1908
1949
1909
1950
1910
1951
1911
1952
1912
1953
1913
1954
1914
1955
1915
1956
1916
1957
1917
1958
1918
1959
1919
1960
1920
1961
1921
1962
1922
1963
1923
1964
1924
1965
1925
1966
1926
1967
1927
1968
1928
1969
1929
1970
1930
1971
1931
1972
1932
1973
1933
1974
1934
1975
1935
1976
1936
1977
1937
1978
1938
1979
1939
1980
1940
1981
1941
1982
1983
1943
1984
1944
1985
1945
1986
1946
1987
1947
1988
1948
1989
1949
1990
1950
1991
1951
1992
1952
1993
1953
1994
1954
1995
1955
1996
1956
1997
1957
1998
1958
1999
1959
2000
1960
2001
1961
2002
1962
2003
1963
2004
1964
2005
1965
2006
1966
2007
1967
2008
1968
2009
1969
2010
1970
2011
1971
2012
1972
2013
1973
2014
1974
2015
1975
2016
1976
2017
1977
2018
1978
2019
1979
2020
1980
2021
1981
2022
1982
2023
1983
2024
2025
1985
2026
1986
2027
1987
2028
1988
2029
1989
2030
1990
2031
1991
2032
1992
2033
1993
2034
1994
2035
1995
2036
1996
2037
1997
2038
1998
2039
1999
2040
2000
2041
2001
2042
2002
2043
2003
2044
2004
2045
2005
2046
2006
2047
2007
2048
2008
2049
2009
2050
2010
2051
2011
2052
2012
2053
2013
2054
2014
2055
2015
2056
2016
2057
2017
2058
2018
2059
2019
2060
2020
2061
2021
2062
2022
2063
2023
2064
2024
2065
2025
2066
2067
2027
2068
2028
2069
2029
2070
2030
2071
2031
2072
2032
2073
2033
2074
2034
2075
2035
2076
2036
2077
2037
2078
2038
2079
2039
2080
2040
2081
2041
2082
2042
2083
2043
2084
2044
2085
2045
2086
2046
2087
2047
2088
2048
2089
2049
2090
2050
2091
2051
2092
2052
2093
2053
2094
2054
2095
2055
2096
2056
2097
2057
2098
2058
2099
2059
2100
2060
2101
2061
2102
2062
2103
2063
2104
2064
2105
2065
2106
2066
2107
2067
2108
2109
2069
2110
2070
2111
2071
2112
2072
2113
2073
2114
2074
2115
2075
2116
2076
2117
2077
2118
2078
2119
2079
2120
2080
2121
2081
2122
2082
2123
2083
2124
2084
2125
2085
2126
2086
2127
2087
2128
2088
2129
2089
2130
2090
2131
2091
2132
2092
2133
2093
2134
2094
2135
2095
2136
2096
2137
2097
2138
2098
2139
2099
2140
2100
2141
2101
2142
2102
2143
2103
2144
2104
2145
2105
2146
2106
2147
2107
2148
2108
2149
2109
2150
2151
2111
2152
2112
2153
2113
2154
2114
2155
2115
2156
2116
2157
2117
2158
2118
2159
2119
2160
2120
2161
2121
2162
2122
2163
2123
2164
2124
2165
2125
2166
2126
2167
2127
2168
2128
2169
2129
2170
2130
2171
2131
2172
2132
2173
2133
2174
2134
2175
2135
2176
2136
2177
2137
2178
2138
2179
2139
2180
2140
2181
2141
2182
2142
2183
2143
2184
2144
2185
2145
2186
2146
2187
2147
2188
2148
2189
2149
2190
2150
2191
2151
2192
2193
2153
2194
2154
2195
2155
2196
2156
2197
2157
2198
2158
2199
2159
2200
2160
2201
2161
2202
2162
2203
2163
2204
2164
2205
2165
2206
2166
2207
2167
2208
2168
2209
2169
2210
2170
2211
2171
2212
2172
2213
2173
2214
2174
2215
2175
2216
2176
2217
2177
2218
2178
2219
2179
2220
2180
2221
2181
2222
2182
2223
2183
2224
2184
2225
2185
2226
2186
2227
2187
2228
2188
2229
2189
2230
2190
2231
2191
2232
2192
2233
2193
2234
2235
2195
2236
3974
2196
2237
2197
2238
2198
2239
2199
2240
2200
2241
2201
2242
2202
2243
2203
2244
2204
2245
2205
2246
2206
2247
2207
2248
2208
2249
2209
2250
2210
2251
2211
2252
2212
2253
2213
2254
2214
2255
2215
2256
2216
2257
2217
2258
2218
2259
2219
2260
2220
2261
2221
2262
2222
2263
2223
2264
2224
2265
2225
2266
2226
2267
2227
2268
2228
2269
2229
2270
2230
2271
2231
2272
2232
2273
2233
2274
2234
2275
2235
2276
2277
2237
2278
3991
2238
2279
2239
2280
2240
2281
2241
2282
2242
2283
2243
2284
2244
2285
2245
2286
2246
2287
2247
2288
2248
2289
2249
2290
2250
2291
2251
2292
2252
2293
2253
2294
2254
2295
2255
2296
2256
2297
2257
2298
2258
2299
2259
2300
2260
2301
2261
2302
2262
2303
2263
2304
2264
2305
2265
2306
2266
2307
2267
2308
2268
2309
2269
2310
2270
2311
2271
2312
2272
2313
2273
2314
2274
2315
2275
2316
2276
2317
2277
2318
2319
2279
2320
4008
2280
2321
2281
2322
2282
2323
2283
2324
2284
2325
2285
2326
2286
2327
2287
2328
2288
2329
2289
2330
2290
2331
2291
2332
2292
2333
2293
2334
2294
2335
2295
2336
2296
2337
2297
2338
2298
2339
2299
2340
2300
2341
2301
2342
2302
2343
2303
2344
2304
2345
2305
2346
2306
2347
2307
2348
2308
2349
2309
2350
2310
2351
2311
2352
2312
2353
2313
2354
2314
2355
2315
2356
2316
2357
2317
2358
2318
2359
2319
2360
2361
2321
2362
4025
2322
2363
2323
2364
2324
2365
2325
2366
2326
2367
2327
2368
2328
2369
2329
2370
2330
2371
2331
2372
2332
2373
2333
2374
2334
2375
2335
2376
2336
2377
2337
2378
2338
2379
2339
2380
2340
2381
2341
2382
2342
2383
2343
2384
2344
2385
2345
2386
2346
2387
2347
2388
2348
2389
2349
2390
2350
2391
2351
2392
2352
2393
2353
2394
2354
2395
2355
2396
2356
2397
2357
2398
2358
2399
2359
2400
2360
2401
2361
2402
2403
2363
2404
4042
2364
2405
2365
2406
2366
2407
2367
2408
2368
2409
2369
2410
2370
2411
2371
2412
2372
2413
2373
2414
2374
2415
2375
2416
2376
2417
2377
2418
2378
2419
2379
2420
2380
2421
2381
2422
2382
2423
2383
2424
2384
2425
2385
2426
2386
2427
2387
2428
2388
2429
2389
2430
2390
2431
2391
2432
2392
2433
2393
2434
2394
2435
2395
2436
2396
2437
2397
2438
2398
2439
2399
2440
2400
2441
2401
2442
2402
2443
2403
2444
2445
2405
2446
4059
2406
2447
2407
2448
2408
2449
2409
2450
2410
2451
2411
2452
2412
2453
2413
2454
2414
2455
2415
2456
2416
2457
2417
2458
2418
2459
2419
2460
2420
2461
2421
2462
2422
2463
2423
2464
2424
2465
2425
2466
2426
2467
2427
2468
2428
2469
2429
2470
2430
2471
2431
2472
2432
2473
2433
2474
2434
2475
2435
2476
2436
2477
2437
2478
2438
2479
2439
2480
2440
2481
2441
2482
2442
2483
2443
2484
2444
2485
2445
2486
2487
2447
2488
4076
2448
2489
2449
2490
2450
2491
2451
2492
2452
2493
2453
2494
2454
2495
2455
2496
2456
2497
2457
2498
2458
2499
2459
2500
2460
2501
2461
2502
2462
2503
2463
2504
2464
2505
2465
2506
2466
2507
2467
2508
2468
2509
2469
2510
2470
2511
2471
2512
2472
2513
2473
2514
2474
2515
2475
2516
2476
2517
2477
2518
2478
2519
2479
2520
2480
2521
2481
2522
2482
2523
2483
2524
2484
2525
2485
2526
2486
2527
2487
2528
2529
2489
2530
4093
2490
2531
2491
2532
2492
2533
2493
2534
2494
2535
2495
2536
2496
2537
2497
2538
2498
2539
2499
2540
2500
2541
2501
2542
2502
2543
2503
2544
2504
2545
2505
2546
2506
2547
2507
2548
2508
2549
2509
2550
2510
2551
2511
2552
2512
2553
2513
2554
2514
2555
2515
2556
2516
2557
2517
2558
2518
2559
2519
2560
2520
2561
2521
2562
2522
2563
2523
2564
2524
2565
2525
2566
2526
2567
2527
2568
2528
2569
2529
2570
2571
2531
2572
4110
2532
2573
2533
2574
2534
2575
2535
2576
2536
2577
2537
2578
2538
2579
2539
2580
2540
2581
2541
2582
2542
2583
2543
2584
2544
2585
2545
2586
2546
2587
2547
2588
2548
2589
2549
2590
2550
2591
2551
2592
2552
2593
2553
2594
2554
2595
2555
2596
2556
2597
2557
2598
2558
2599
2559
2600
2560
2601
2561
2602
2562
2603
2563
2604
2564
2605
2565
2606
2566
2607
2567
2608
2568
2609
2569
2610
2570
2611
2571
2612
2613
2573
2614
4127
2574
2615
2575
2616
2576
2617
2577
2618
2578
2619
2579
2620
2580
2621
2581
2622
2582
2623
2583
2624
2584
2625
2585
2626
2586
2627
2587
2628
2588
2629
2589
2630
2590
2631
2591
2632
2592
2633
2593
2634
2594
2635
2595
2636
2596
2637
2597
2638
2598
2639
2599
2640
2600
2641
2601
2642
2602
2643
2603
2644
2604
2645
2605
2646
2606
2647
2607
2648
2608
2649
2609
2650
2610
2651
2611
2652
2612
2653
2613
2654
2655
2615
2656
4144
2616
2657
2617
2658
2618
2659
2619
2660
2620
2661
2621
2662
2622
2663
2623
2664
2624
2665
2625
2666
2626
2667
2627
2668
2628
2669
2629
2670
2630
2671
2631
2672
2632
2673
2633
2674
2634
2675
2635
2676
2636
2677
2637
2678
2638
2679
2639
2680
2640
2681
2641
2682
2642
2683
2643
2684
2644
2685
2645
2686
2646
2687
2647
2688
2648
2689
2649
2690
2650
2691
2651
2692
2652
2693
2653
2694
2654
2695
2655
2696
2697
2657
2698
4161
2658
2699
2659
2700
2660
2701
2661
2702
2662
2703
2663
2704
2664
2705
2665
2706
2666
2707
2667
2708
2668
2709
2669
2710
2670
2711
2671
2712
2672
2713
2673
2714
2674
2715
2675
2716
2676
2717
2677
2718
2678
2719
2679
2720
2680
2721
2681
2722
2682
2723
2683
2724
2684
2725
2685
2726
2686
2727
2687
2728
2688
2729
2689
2730
2690
2731
2691
2732
2692
2733
2693
2734
2694
2735
2695
2736
2696
2737
2697
2738
2739
2699
2740
4178
2700
2741
2701
2742
2702
2743
2703
2744
2704
2745
2705
2746
2706
2747
2707
2748
2708
2749
2709
2750
2710
2751
2711
2752
2712
2753
2713
2754
2714
2755
2715
2756
2716
2757
2717
2758
2718
2759
2719
2760
2720
2761
2721
2762
2722
2763
2723
2764
2724
2765
2725
2766
2726
2767
2727
2768
2728
2769
2729
2770
2730
2771
2731
2772
2732
2773
2733
2774
2734
2775
2735
2776
2736
2777
2737
2778
2738
2779
2739
2780
2781
2741
2782
4195
2742
2783
2743
2784
2744
2785
2745
2786
2746
2787
2747
2788
2748
2789
2749
2790
2750
2791
2751
2792
2752
2793
2753
2794
2754
2795
2755
2796
2756
2797
2757
2798
2758
2799
2759
2800
2760
2801
2761
2802
2762
2803
2763
2804
2764
2805
2765
2806
2766
2807
2767
2808
2768
2809
2769
2810
2770
2811
2771
2812
2772
2813
2773
2814
2774
2815
2775
2816
2776
2817
2777
2818
2778
2819
2779
2820
2780
2821
2781
2822
2823
2783
2824
4212
2784
2825
2785
2826
2786
2827
2787
2828
2788
2829
2789
2830
2790
2831
2791
2832
2792
2833
2793
2834
2794
2835
2795
2836
2796
2837
2797
2838
2798
2839
2799
2840
2800
2841
2801
2842
2802
2843
2803
2844
2804
2845
2805
2846
2806
2847
2807
2848
2808
2849
2809
2850
2810
2851
2811
2852
2812
2853
2813
2854
2814
2855
2815
2856
2816
2857
2817
2858
2818
2859
2819
2860
2820
2861
2821
2862
2822
2863
2823
2864
2865
2825
2866
4229
2826
2867
2827
2868
2828
2869
2829
2870
2830
2871
2831
2872
2832
2873
2833
2874
2834
2875
2835
2876
2836
2877
2837
2878
2838
2879
2839
2880
2840
2881
2841
2882
2842
2883
2843
2884
2844
2885
2845
2886
2846
2887
2847
2888
2848
2889
2849
2890
2850
2891
2851
2892
2852
2893
2853
2894
2854
2895
2855
2896
2856
2897
2857
2898
2858
2899
2859
2900
2860
2901
2861
2902
2862
2903
2863
2904
2864
2905
2865
2906
2907
2867
2908
4246
2868
2909
2869
2910
2870
2911
2871
2912
2872
2913
2873
2914
2874
2915
2875
2916
2876
2917
2877
2918
2878
2919
2879
2920
2880
2921
2881
2922
2882
2923
2883
2924
2884
2925
2885
2926
2886
2927
2887
2928
2888
2929
2889
2930
2890
2931
2891
2932
2892
2933
2893
2934
2894
2935
2895
2936
2896
2937
2897
2938
2898
2939
2899
2940
2900
2941
2901
2942
2902
2943
2903
2944
2904
2945
2905
2946
2906
2947
2907
2948
2949
2909
2950
4263
2910
2951
2911
2952
2912
2953
2913
2954
2914
2955
2915
2956
2916
2957
2917
2958
2918
2959
2919
2960
2920
2961
2921
2962
2922
2963
2923
2964
2924
2965
2925
2966
2926
2967
2927
2968
2928
2969
2929
2970
2930
2971
2931
2972
2932
2973
2933
2974
2934
2975
2935
2976
2936
2977
2937
2978
2938
2979
2939
2980
2940
2981
2941
2982
2942
2983
2943
2984
2944
2985
2945
2986
2946
2987
2947
2988
2948
2989
2949
2990
2991
2951
2992
4280
2952
2993
2953
2994
2954
2995
2955
2996
2956
2997
2957
2998
2958
2999
2959
3000
2960
3001
2961
3002
2962
3003
2963
3004
2964
3005
2965
3006
2966
3007
2967
3008
2968
3009
2969
3010
2970
3011
2971
3012
2972
3013
2973
3014
2974
3015
2975
3016
2976
3017
2977
3018
2978
3019
2979
3020
2980
3021
2981
3022
2982
3023
2983
3024
2984
3025
2985
3026
2986
3027
2987
3028
2988
3029
2989
3030
2990
3031
2991
3032
3033
2993
3034
4297
2994
3035
2995
3036
2996
3037
2997
3038
2998
3039
2999
3040
3000
3041
3001
3042
3002
3043
3003
3044
3004
3045
3005
3046
3006
3047
3007
3048
3008
3049
3009
3050
3010
3051
3011
3052
3012
3053
3013
3054
3014
3055
3015
3056
3016
3057
3017
3058
3018
3059
3019
3060
3020
3061
3021
3062
3022
3063
3023
3064
3024
3065
3025
3066
3026
3067
3027
3068
3028
3069
3029
3070
3030
3071
3031
3072
3032
3073
3033
3074
3075
3035
3076
4314
3036
3077
3037
3078
3038
3079
3039
3080
3040
3081
3041
3082
3042
3083
3043
3084
3044
3085
3045
3086
3046
3087
3047
3088
3048
3089
3049
3090
3050
3091
3051
3092
3052
3093
3053
3094
3054
3095
3055
3096
3056
3097
3057
3098
3058
3099
3059
3100
3060
3101
3061
3102
3062
3103
3063
3104
3064
3105
3065
3106
3066
3107
3067
3108
3068
3109
3069
3110
3070
3111
3071
3112
3072
3113
3073
3114
3074
3115
3075
3116
3117
3077
3118
4331
3078
3119
3079
3120
3080
3121
3081
3122
3082
3123
3083
3124
3084
3125
3085
3126
3086
3127
3087
3128
3088
3129
3089
3130
3090
3131
3091
3132
3092
3133
3093
3134
3094
3135
3095
3136
3096
3137
3097
3138
3098
3139
3099
3140
3100
3141
3101
3142
3102
3143
3103
3144
3104
3145
3105
3146
3106
3147
3107
3148
3108
3149
3109
3150
3110
3151
3111
3152
3112
3153
3113
3154
3114
3155
3115
3156
3116
3157
3117
3158
3159
3119
3160
4348
3120
3161
3121
3162
3122
3163
3123
3164
3124
3165
3125
3166
3126
3167
3127
3168
3128
3169
3129
3170
3130
3171
3131
3172
3132
3173
3133
3174
3134
3175
3135
3176
3136
3177
3137
3178
3138
3179
3139
3180
3140
3181
3141
3182
3142
3183
3143
3184
3144
3185
3145
3186
3146
3187
3147
3188
3148
3189
3149
3190
3150
3191
3151
3192
3152
3193
3153
3194
3154
3195
3155
3196
3156
3197
3157
3198
3158
3199
3159
3200
3201
3161
3202
4365
3162
3203
3163
3204
3164
3205
3165
3206
3166
3207
3167
3208
3168
3209
3169
3210
3170
3211
3171
3212
3172
3213
3173
3214
3174
3215
3175
3216
3176
3217
3177
3218
3178
3219
3179
3220
3180
3221
3181
3222
3182
3223
3183
3224
3184
3225
3185
3226
3186
3227
3187
3228
3188
3229
3189
3230
3190
3231
3191
3232
3192
3233
3193
3234
3194
3235
3195
3236
3196
3237
3197
3238
3198
3239
3199
3240
3200
3241
3201
3242
3243
3203
3244
4382
3204
3245
3205
3246
3206
3247
3207
3248
3208
3249
3209
3250
3210
3251
3211
3252
3212
3253
3213
3254
3214
3255
3215
3256
3216
3257
3217
3258
3218
3259
3219
3260
3220
3261
3221
3262
3222
3263
3223
3264
3224
3265
3225
3266
3226
3267
3227
3268
3228
3269
3229
3270
3230
3271
3231
3272
3232
3273
3233
3274
3234
3275
3235
3276
3236
3277
3237
3278
3238
3279
3239
3280
3240
3281
3241
3282
3242
3283
3243
3284
3285
3245
3286
4399
3246
3287
3247
3288
3248
3289
3249
3290
3250
3291
3251
3292
3252
3293
3253
3294
3254
3295
3255
3296
3256
3297
3257
3298
3258
3299
3259
3300
3260
3301
3261
3302
3262
3303
3263
3304
3264
3305
3265
3306
3266
3307
3267
3308
3268
3309
3269
3310
3270
3311
3271
3312
3272
3313
3273
3314
3274
3315
3275
3316
3276
3317
3277
3318
3278
3319
3279
3320
3280
3321
3281
3322
3282
3323
3283
3324
3284
3325
3285
3326
3327
3287
3328
4416
3288
3329
3289
3330
3290
3331
3291
3332
3292
3333
3293
3334
3294
3335
3295
3336
3296
3337
3297
3338
3298
3339
3299
3340
3300
3341
3301
3342
3302
3343
3303
3344
3304
3345
3305
3346
3306
3347
3307
3348
3308
3349
3309
3350
3310
3351
3311
3352
3312
3353
3313
3354
3314
3355
3315
3356
3316
3357
3317
3358
3318
3359
3319
3360
3320
3361
3321
3362
3322
3363
3323
3364
3324
3365
3325
3366
3326
3367
3327
3368
3369
3329
3370
4433
3330
3371
3331
3372
3332
3373
3333
3374
3334
3375
3335
3376
3336
3377
3337
3378
3338
3379
3339
3380
3340
3381
3341
3382
3342
3383
3343
3384
3344
3385
3345
3386
3346
3387
3347
3388
3348
3389
3349
3390
3350
3391
3351
3392
3352
3393
3353
3394
3354
3395
3355
3396
3356
3397
3357
3398
3358
3399
3359
3400
3360
3401
3361
3402
3362
3403
3363
3404
3364
3405
3365
3406
3366
3407
3367
3408
3368
3409
3369
3410
3411
3371
3412
4450
3372
3413
3373
3414
3374
3415
3375
3416
3376
3417
3377
3418
3378
3419
3379
3420
3380
3421
3381
3422
3382
3423
3383
3424
3384
3425
3385
3426
3386
3427
3387
3428
3388
3429
3389
3430
3390
3431
3391
3432
3392
3433
3393
3434
3394
3435
3395
3436
3396
3437
3397
3438
3398
3439
3399
3440
3400
3441
3401
3442
3402
3443
3403
3444
3404
3445
3405
3446
3406
3447
3407
3448
3408
3449
3409
3450
3410
3451
3411
3452
3453
3413
3454
4467
3414
3455
3415
3456
3416
3457
3417
3458
3418
3459
3419
3460
3420
3461
3421
3462
3422
3463
3423
3464
3424
3465
3425
3466
3426
3467
3427
3468
3428
3469
3429
3470
3430
3471
3431
3472
3432
3473
3433
3474
3434
3475
3435
3476
3436
3477
3437
3478
3438
3479
3439
3480
3440
3481
3441
3482
3442
3483
3443
3484
3444
3485
3445
3486
3446
3487
3447
3488
3448
3489
3449
3490
3450
3491
3451
3492
3452
3493
3453
3494
3495
3455
3496
4484
3456
3497
3457
3498
3458
3499
3459
3500
3460
3501
3461
3502
3462
3503
3463
3504
3464
3505
3465
3506
3466
3507
3467
3508
3468
3509
3469
3510
3470
3511
3471
3512
3472
3513
3473
3514
3474
3515
3475
3516
3476
3517
3477
3518
3478
3519
3479
3520
3480
3521
3481
3522
3482
3523
3483
3524
3484
3525
3485
3526
3486
3527
3487
3528
3488
3529
3489
3530
3490
3531
3491
3532
3492
3533
3493
3534
3494
3535
3495
3536
3537
3497
3538
4501
3498
3539
3499
3540
3500
3541
3501
3542
3502
3543
3503
3544
3504
3545
3505
3546
3506
3547
3507
3548
3508
3549
3509
3550
3510
3551
3511
3552
3512
3553
3513
3554
3514
3555
3515
3556
3516
3557
3517
3558
3518
3559
3519
3560
3520
3561
3521
3562
3522
3563
3523
3564
3524
3565
3525
3566
3526
3567
3527
3568
3528
3569
3529
3570
3530
3571
3531
3572
3532
3573
3533
3574
3534
3575
3535
3576
3536
3577
3537
3578
3579
3539
3580
4518
3540
3581
3541
3582
3542
3583
3543
3584
3544
3585
3545
3586
3546
3587
3547
3588
3548
3589
3549
3590
3550
3591
3551
3592
3552
3593
3553
3594
3554
3595
3555
3596
3556
3597
3557
3598
3558
3599
3559
3600
3560
3601
3561
3602
3562
3603
3563
3604
3564
3605
3565
3606
3566
3607
3567
3608
3568
3609
3569
3610
3570
3611
3571
3612
3572
3613
3573
3614
3574
3615
3575
3616
3576
3617
3577
3618
3578
3619
3579
3620
3621
3581
3622
4535
3582
3623
3583
3624
3584
3625
3585
3626
3586
3627
3587
3628
3588
3629
3589
3630
3590
3631
3591
3632
3592
3633
3593
3634
3594
3635
3595
3636
3596
3637
3597
3638
3598
3639
3599
3640
3600
3641
3601
3642
3602
3643
3603
3644
3604
3645
3605
3646
3606
3647
3607
3648
3608
3649
3609
3650
3610
3651
3611
3652
3612
3653
3613
3654
3614
3655
3615
3656
3616
3657
3617
3658
3618
3659
3619
3660
3620
3661
3621
3662
3663
3623
3664
4552
3624
3665
3625
3666
3626
3667
3627
3668
3628
3669
3629
3670
3630
3671
3631
3672
3632
3673
3633
3674
3634
3675
3635
3676
3636
3677
3637
3678
3638
3679
3639
3680
3640
3681
3641
3682
3642
3683
3643
3684
3644
3685
3645
3686
3646
3687
3647
3688
3648
3689
3649
3690
3650
3691
3651
3692
3652
3693
3653
3694
3654
3695
3655
3696
3656
3697
3657
3698
3658
3699
3659
3700
3660
3701
3661
3702
3662
3703
3663
3704
3705
3665
3706
4569
3666
3707
3667
3708
3668
3709
3669
3710
3670
3711
3671
3712
3672
3713
3673
3714
3674
3715
3675
3716
3676
3717
3677
3718
3678
3719
3679
3720
3680
3721
3681
3722
3682
3723
3683
3724
3684
3725
3685
3726
3686
3727
3687
3728
3688
3729
3689
3730
3690
3731
3691
3732
3692
3733
3693
3734
3694
3735
3695
3736
3696
3737
3697
3738
3698
3739
3699
3740
3700
3741
3701
3742
3702
3743
3703
3744
3704
3745
3705
3746
3747
3707
3748
4586
3708
3749
3709
3750
3710
3751
3711
3752
3712
3753
3713
3754
3714
3755
3715
3756
3716
3757
3717
3758
3718
3759
3719
3760
3720
3761
3721
3762
3722
3763
3723
3764
3724
3765
3725
3766
3726
3767
3727
3768
3728
3769
3729
3770
3730
3771
3731
3772
3732
3773
3733
3774
3734
3775
3735
3776
3736
3777
3737
3778
3738
3779
3739
3780
3740
3781
3741
3782
3742
3783
3743
3784
3744
3785
3745
3786
3746
3787
3747
3788
3789
3749
3790
4603
3750
3791
3751
3792
3752
3793
3753
3794
3754
3795
3755
3796
3756
3797
3757
3798
3758
3799
3759
3800
3760
3801
3761
3802
3762
3803
3763
3804
3764
3805
3765
3806
3766
3807
3767
3808
3768
3809
3769
3810
3770
3811
3771
3812
3772
3813
3773
3814
3774
3815
3775
3816
3776
3817
3777
3818
3778
3819
3779
3820
3780
3821
3781
3822
3782
3823
3783
3824
3784
3825
3785
3826
3786
3827
3787
3828
3788
3829
3789
3830
3831
3791
3832
4620
3792
3833
3793
3834
3794
3835
3795
3836
3796
3837
3797
3838
3798
3839
3799
3840
3800
3841
3801
3842
3802
3843
3803
3844
3804
3845
3805
3846
3806
3847
3807
3848
3808
3849
3809
3850
3810
3851
3811
3852
3812
3853
3813
3854
3814
3855
3815
3856
3816
3857
3817
3858
3818
3859
3819
3860
3820
3861
3821
3862
3822
3863
3823
3864
3824
3865
3825
3866
3826
3867
3827
3868
3828
3869
3829
3870
3830
3871
3831
3872
3873
3833
3874
4637
3834
3875
3835
3876
3836
3877
3837
3878
3838
3879
3839
3880
3840
3881
3841
3882
3842
3883
3843
3884
3844
3885
3845
3886
3846
3887
3847
3888
3848
3889
3849
3890
3850
3891
3851
3892
3852
3893
3853
3894
3854
3895
3855
3896
3856
3897
3857
3898
3858
3899
3859
3900
3860
3901
3861
3902
3862
3903
3863
3904
3864
3905
3865
3906
3866
3907
3867
3908
3868
3909
3869
3910
3870
3911
3871
3912
3872
3913
3873
3914
3915
3875
3916
4653
3876
3917
3877
3918
3878
3919
3879
3920
3880
3921
3881
3922
3882
3923
3883
3924
3884
3925
3885
3926
3886
3927
3887
3928
3888
3929
3889
3930
3890
3931
3891
3932
3892
3933
3893
3934
3894
3935
3895
3936
3896
3937
3897
3938
3898
3939
3899
3940
3900
3941
3901
3942
3902
3943
3903
3944
3904
3945
3905
3946
3906
3947
3907
3948
3908
3949
3909
3950
3910
3951
3911
3952
3912
3953
3913
3954
3914
3955
3915
3956
3957
3917
4669
3918
3919
3920
3921
3922
3923
3924
3925
3926
3927
3928
3929
3930
3931
3932
3933
3934
3935
3936
3937
3938
3939
3940
3941
3942
3943
3944
3945
3946
3947
3948
3949
3950
3951
3952
3953
3954
3955
3956
3957
3959
3975
3960
3976
3961
3977
3962
3978
3963
3979
3964
3980
3965
3981
3966
3982
3967
3983
3968
3984
3969
3985
3970
3986
3971
3987
3972
3988
3973
3989
3974
3990
3991
3976
3992
3977
3993
3978
3994
3979
3995
3980
3996
3981
3997
3982
3998
3983
3999
3984
4000
3985
4001
3986
4002
3987
4003
3988
4004
3989
4005
3990
4006
3991
4007
4008
3993
4009
3994
4010
3995
4011
3996
4012
3997
4013
3998
4014
3999
4015
4000
4016
4001
4017
4002
4018
4003
4019
4004
4020
4005
4021
4006
4022
4007
4023
4008
4024
4025
4010
4026
4011
4027
4012
4028
4013
4029
4014
4030
4015
4031
4016
4032
4017
4033
4018
4034
4019
4035
4020
4036
4021
4037
4022
4038
4023
4039
4024
4040
4025
4041
4042
4027
4043
4028
4044
4029
4045
4030
4046
4031
4047
4032
4048
4033
4049
4034
4050
4035
4051
4036
4052
4037
4053
4038
4054
4039
4055
4040
4056
4041
4057
4042
4058
4059
4044
4060
4045
4061
4046
4062
4047
4063
4048
4064
4049
4065
4050
4066
4051
4067
4052
4068
4053
4069
4054
4070
4055
4071
4056
4072
4057
4073
4058
4074
4059
4075
4076
4061
4077
4062
4078
4063
4079
4064
4080
4065
4081
4066
4082
4067
4083
4068
4084
4069
4085
4070
4086
4071
4087
4072
4088
4073
4089
4074
4090
4075
4091
4076
4092
4093
4078
4094
4079
4095
4080
4096
4081
4097
4082
4098
4083
4099
4084
4100
4085
4101
4086
4102
4087
4103
4088
4104
4089
4105
4090
4106
4091
4107
4092
4108
4093
4109
4110
4095
4111
4096
4112
4097
4113
4098
4114
4099
4115
4100
4116
4101
4117
4102
4118
4103
4119
4104
4120
4105
4121
4106
4122
4107
4123
4108
4124
4109
4125
4110
4126
4127
4112
4128
4113
4129
4114
4130
4115
4131
4116
4132
4117
4133
4118
4134
4119
4135
4120
4136
4121
4137
4122
4138
4123
4139
4124
4140
4125
4141
4126
4142
4127
4143
4144
4129
4145
4130
4146
4131
4147
4132
4148
4133
4149
4134
4150
4135
4151
4136
4152
4137
4153
4138
4154
4139
4155
4140
4156
4141
4157
4142
4158
4143
4159
4144
4160
4161
4146
4162
4147
4163
4148
4164
4149
4165
4150
4166
4151
4167
4152
4168
4153
4169
4154
4170
4155
4171
4156
4172
4157
4173
4158
4174
4159
4175
4160
4176
4161
4177
4178
4163
4179
4164
4180
4165
4181
4166
4182
4167
4183
4168
4184
4169
4185
4170
4186
4171
4187
4172
4188
4173
4189
4174
4190
4175
4191
4176
4192
4177
4193
4178
4194
4195
4180
4196
4181
4197
4182
4198
4183
4199
4184
4200
4185
4201
4186
4202
4187
4203
4188
4204
4189
4205
4190
4206
4191
4207
4192
4208
4193
4209
4194
4210
4195
4211
4212
4197
4213
4198
4214
4199
4215
4200
4216
4201
4217
4202
4218
4203
4219
4204
4220
4205
4221
4206
4222
4207
4223
4208
4224
4209
4225
4210
4226
4211
4227
4212
4228
4229
4214
4230
4215
4231
4216
4232
4217
4233
4218
4234
4219
4235
4220
4236
4221
4237
4222
4238
4223
4239
4224
4240
4225
4241
4226
4242
4227
4243
4228
4244
4229
4245
4246
4231
4247
4232
4248
4233
4249
4234
4250
4235
4251
4236
4252
4237
4253
4238
4254
4239
4255
4240
4256
4241
4257
4242
4258
4243
4259
4244
4260
4245
4261
4246
4262
4263
4248
4264
4249
4265
4250
4266
4251
4267
4252
4268
4253
4269
4254
4270
4255
4271
4256
4272
4257
4273
4258
4274
4259
4275
4260
4276
4261
4277
4262
4278
4263
4279
4280
4265
4281
4266
4282
4267
4283
4268
4284
4269
4285
4270
4286
4271
4287
4272
4288
4273
4289
4274
4290
4275
4291
4276
4292
4277
4293
4278
4294
4279
4295
4280
4296
4297
4282
4298
4283
4299
4284
4300
4285
4301
4286
4302
4287
4303
4288
4304
4289
4305
4290
4306
4291
4307
4292
4308
4293
4309
4294
4310
4295
4311
4296
4312
4297
4313
4314
4299
4315
4300
4316
4301
4317
4302
4318
4303
4319
4304
4320
4305
4321
4306
4322
4307
4323
4308
4324
4309
4325
4310
4326
4311
4327
4312
4328
4313
4329
4314
4330
4331
4316
4332
4317
4333
4318
4334
4319
4335
4320
4336
4321
4337
4322
4338
4323
4339
4324
4340
4325
4341
4326
4342
4327
4343
4328
4344
4329
4345
4330
4346
4331
4347
4348
4333
4349
4334
4350
4335
4351
4336
4352
4337
4353
4338
4354
4339
4355
4340
4356
4341
4357
4342
4358
4343
4359
4344
4360
4345
4361
4346
4362
4347
4363
4348
4364
4365
4350
4366
4351
4367
4352
4368
4353
4369
4354
4370
4355
4371
4356
4372
4357
4373
4358
4374
4359
4375
4360
4376
4361
4377
4362
4378
4363
4379
4364
4380
4365
4381
4382
4367
4383
4368
4384
4369
4385
4370
4386
4371
4387
4372
4388
4373
4389
4374
4390
4375
4391
4376
4392
4377
4393
4378
4394
4379
4395
4380
4396
4381
4397
4382
4398
4399
4384
4400
4385
4401
4386
4402
4387
4403
4388
4404
4389
4405
4390
4406
4391
4407
4392
4408
4393
4409
4394
4410
4395
4411
4396
4412
4397
4413
4398
4414
4399
4415
4416
4401
4417
4402
4418
4403
4419
4404
4420
4405
4421
4406
4422
4407
4423
4408
4424
4409
4425
4410
4426
4411
4427
4412
4428
4413
4429
4414
4430
4415
4431
4416
4432
4433
4418
4434
4419
4435
4420
4436
4421
4437
4422
4438
4423
4439
4424
4440
4425
4441
4426
4442
4427
4443
4428
4444
4429
4445
4430
4446
4431
4447
4432
4448
4433
4449
4450
4435
4451
4436
4452
4437
4453
4438
4454
4439
4455
4440
4456
4441
4457
4442
4458
4443
4459
4444
4460
4445
4461
4446
4462
4447
4463
4448
4464
4449
4465
4450
4466
4467
4452
4468
4453
4469
4454
4470
4455
4471
4456
4472
4457
4473
4458
4474
4459
4475
4460
4476
4461
4477
4462
4478
4463
4479
4464
4480
4465
4481
4466
4482
4467
4483
4484
4469
4485
4470
4486
4471
4487
4472
4488
4473
4489
4474
4490
4475
4491
4476
4492
4477
4493
4478
4494
4479
4495
4480
4496
4481
4497
4482
4498
4483
4499
4484
4500
4501
4486
4502
4487
4503
4488
4504
4489
4505
4490
4506
4491
4507
4492
4508
4493
4509
4494
4510
4495
4511
4496
4512
4497
4513
4498
4514
4499
4515
4500
4516
4501
4517
4518
4503
4519
4504
4520
4505
4521
4506
4522
4507
4523
4508
4524
4509
4525
4510
4526
4511
4527
4512
4528
4513
4529
4514
4530
4515
4531
4516
4532
4517
4533
4518
4534
4535
4520
4536
4521
4537
4522
4538
4523
4539
4524
4540
4525
4541
4526
4542
4527
4543
4528
4544
4529
4545
4530
4546
4531
4547
4532
4548
4533
4549
4534
4550
4535
4551
4552
4537
4553
4538
4554
4539
4555
4540
4556
4541
4557
4542
4558
4543
4559
4544
4560
4545
4561
4546
4562
4547
4563
4548
4564
4549
4565
4550
4566
4551
4567
4552
4568
4569
4554
4570
4555
4571
4556
4572
4557
4573
4558
4574
4559
4575
4560
4576
4561
4577
4562
4578
4563
4579
4564
4580
4565
4581
4566
4582
4567
4583
4568
4584
4569
4585
4586
4571
4587
4572
4588
4573
4589
4574
4590
4575
4591
4576
4592
4577
4593
4578
4594
4579
4595
4580
4596
4581
4597
4582
4598
4583
4599
4584
4600
4585
4601
4586
4602
4603
4588
4604
4589
4605
4590
4606
4591
4607
4592
4608
4593
4609
4594
4610
4595
4611
4596
4612
4597
4613
4598
4614
4599
4615
4600
4616
4601
4617
4602
4618
4603
4619
4620
4605
4621
4606
4622
4607
4623
4608
4624
4609
4625
4610
4626
4611
4627
4612
4628
4613
4629
4614
4630
4615
4631
4616
4632
4617
4633
4618
4634
4619
4635
4620
4636
4637
4622
4623
4638
4624
4639
4625
4640
4626
4641
4627
4642
4628
4643
4629
4644
4630
4645
4631
4646
4632
4647
4633
4648
4634
4649
4635
4650
4636
4651
4637
4652
4653
4639
4654
4640
4655
4641
4656
4642
4657
4643
4658
4644
4659
4645
4660
4646
4661
4647
4662
4648
4663
4649
4664
4650
4665
4651
4666
4652
4667
4653
4668
4669
4655
4656
4657
4658
4659
4660
4661
4662
4663
4664
4665
4666
4667
4668
4669
4671
4687
4672
4688
4673
4689
4674
4690
4675
4691
4676
4692
4677
4693
4678
4694
4679
4695
4680
4696
4681
4697
4682
4698
4683
4699
4684
4700
4685
4701
4686
4702
4703
5390
4688
4704
4689
4705
4690
4706
4691
4707
4692
4708
4693
4709
4694
4710
4695
4711
4696
4712
4697
4713
4698
4714
4699
4715
4700
4716
4701
4717
4702
4718
4703
4719
4720
5432
4705
4721
4706
4722
4707
4723
4708
4724
4709
4725
4710
4726
4711
4727
4712
4728
4713
4729
4714
4730
4715
4731
4716
4732
4717
4733
4718
4734
4719
4735
4720
4736
4737
5474
4722
4738
4723
4739
4724
4740
4725
4741
4726
4742
4727
4743
4728
4744
4729
4745
4730
4746
4731
4747
4732
4748
4733
4749
4734
4750
4735
4751
4736
4752
4737
4753
4754
5516
4739
4755
4740
4756
4741
4757
4742
4758
4743
4759
4744
4760
4745
4761
4746
4762
4747
4763
4748
4764
4749
4765
4750
4766
4751
4767
4752
4768
4753
4769
4754
4770
4771
5558
4756
4772
4757
4773
4758
4774
4759
4775
4760
4776
4761
4777
4762
4778
4763
4779
4764
4780
4765
4781
4766
4782
4767
4783
4768
4784
4769
4785
4770
4786
4771
4787
4788
5600
4773
4789
4774
4790
4775
4791
4776
4792
4777
4793
4778
4794
4779
4795
4780
4796
4781
4797
4782
4798
4783
4799
4784
4800
4785
4801
4786
4802
4787
4803
4788
4804
4805
5642
4790
4806
4791
4807
4792
4808
4793
4809
4794
4810
4795
4811
4796
4812
4797
4813
4798
4814
4799
4815
4800
4816
4801
4817
4802
4818
4803
4819
4804
4820
4805
4821
4822
5684
4807
4823
4808
4824
4809
4825
4810
4826
4811
4827
4812
4828
4813
4829
4814
4830
4815
4831
4816
4832
4817
4833
4818
4834
4819
4835
4820
4836
4821
4837
4822
4838
4839
5726
4824
4840
4825
4841
4826
4842
4827
4843
4828
4844
4829
4845
4830
4846
4831
4847
4832
4848
4833
4849
4834
4850
4835
4851
4836
4852
4837
4853
4838
4854
4839
4855
4856
5768
4841
4857
4842
4858
4843
4859
4844
4860
4845
4861
4846
4862
4847
4863
4848
4864
4849
4865
4850
4866
4851
4867
4852
4868
4853
4869
4854
4870
4855
4871
4856
4872
4873
5810
4858
4874
4859
4875
4860
4876
4861
4877
4862
4878
4863
4879
4864
4880
4865
4881
4866
4882
4867
4883
4868
4884
4869
4885
4870
4886
4871
4887
4872
4888
4873
4889
4890
5852
4875
4891
4876
4892
4877
4893
4878
4894
4879
4895
4880
4896
4881
4897
4882
4898
4883
4899
4884
4900
4885
4901
4886
4902
4887
4903
4888
4904
4889
4905
4890
4906
4907
5894
4892
4908
4893
4909
4894
4910
4895
4911
4896
4912
4897
4913
4898
4914
4899
4915
4900
4916
4901
4917
4902
4918
4903
4919
4904
4920
4905
4921
4906
4922
4907
4923
4924
5936
4909
4925
4910
4926
4911
4927
4912
4928
4913
4929
4914
4930
4915
4931
4916
4932
4917
4933
4918
4934
4919
4935
4920
4936
4921
4937
4922
4938
4923
4939
4924
4940
4941
5978
4926
4942
4927
4943
4928
4944
4929
4945
4930
4946
4931
4947
4932
4948
4933
4949
4934
4950
4935
4951
4936
4952
4937
4953
4938
4954
4939
4955
4940
4956
4941
4957
4958
6020
4943
4959
4944
4960
4945
4961
4946
4962
4947
4963
4948
4964
4949
4965
4950
4966
4951
4967
4952
4968
4953
4969
4954
4970
4955
4971
4956
4972
4957
4973
4958
4974
4975
6062
4960
4976
4961
4977
4962
4978
4963
4979
4964
4980
4965
4981
4966
4982
4967
4983
4968
4984
4969
4985
4970
4986
4971
4987
4972
4988
4973
4989
4974
4990
4975
4991
4992
6104
4977
4993
4978
4994
4979
4995
4980
4996
4981
4997
4982
4998
4983
4999
4984
5000
4985
5001
4986
5002
4987
5003
4988
5004
4989
5005
4990
5006
4991
5007
4992
5008
5009
6146
4994
5010
4995
5011
4996
5012
4997
5013
4998
5014
4999
5015
5000
5016
5001
5017
5002
5018
5003
5019
5004
5020
5005
5021
5006
5022
5007
5023
5008
5024
5009
5025
5026
6188
5011
5027
5012
5028
5013
5029
5014
5030
5015
5031
5016
5032
5017
5033
5018
5034
5019
5035
5020
5036
5021
5037
5022
5038
5023
5039
5024
5040
5025
5041
5026
5042
5043
6230
5028
5044
5029
5045
5030
5046
5031
5047
5032
5048
5033
5049
5034
5050
5035
5051
5036
5052
5037
5053
5038
5054
5039
5055
5040
5056
5041
5057
5042
5058
5043
5059
5060
6272
5045
5061
5046
5062
5047
5063
5048
5064
5049
5065
5050
5066
5051
5067
5052
5068
5053
5069
5054
5070
5055
5071
5056
5072
5057
5073
5058
5074
5059
5075
5060
5076
5077
6314
5062
5078
5063
5079
5064
5080
5065
5081
5066
5082
5067
5083
5068
5084
5069
5085
5070
5086
5071
5087
5072
5088
5073
5089
5074
5090
5075
5091
5076
5092
5077
5093
5094
6356
5079
5095
5080
5096
5081
5097
5082
5098
5083
5099
5084
5100
5085
5101
5086
5102
5087
5103
5088
5104
5089
5105
5090
5106
5091
5107
5092
5108
5093
5109
5094
5110
5111
6398
5096
5112
5097
5113
5098
5114
5099
5115
5100
5116
5101
5117
5102
5118
5103
5119
5104
5120
5105
5121
5106
5122
5107
5123
5108
5124
5109
5125
5110
5126
5111
5127
5128
6440
5113
5129
5114
5130
5115
5131
5116
5132
5117
5133
5118
5134
5119
5135
5120
5136
5121
5137
5122
5138
5123
5139
5124
5140
5125
5141
5126
5142
5127
5143
5128
5144
5145
6482
5130
5146
5131
5147
5132
5148
5133
5149
5134
5150
5135
5151
5136
5152
5137
5153
5138
5154
5139
5155
5140
5156
5141
5157
5142
5158
5143
5159
5144
5160
5145
5161
5162
6524
5147
5163
5148
5164
5149
5165
5150
5166
5151
5167
5152
5168
5153
5169
5154
5170
5155
5171
5156
5172
5157
5173
5158
5174
5159
5175
5160
5176
5161
5177
5162
5178
5179
6566
5164
5180
5165
5181
5166
5182
5167
5183
5168
5184
5169
5185
5170
5186
5171
5187
5172
5188
5173
5189
5174
5190
5175
5191
5176
5192
5177
5193
5178
5194
5179
5195
5196
6608
5181
5197
5182
5198
5183
5199
5184
5200
5185
5201
5186
5202
5187
5203
5188
5204
5189
5205
5190
5206
5191
5207
5192
5208
5193
5209
5194
5210
5195
5211
5196
5212
5213
6650
5198
5214
5199
5215
5200
5216
5201
5217
5202
5218
5203
5219
5204
5220
5205
5221
5206
5222
5207
5223
5208
5224
5209
5225
5210
5226
5211
5227
5212
5228
5213
5229
5230
6692
5215
5231
5216
5232
5217
5233
5218
5234
5219
5235
5220
5236
5221
5237
5222
5238
5223
5239
5224
5240
5225
5241
5226
5242
5227
5243
5228
5244
5229
5245
5230
5246
5247
6734
5232
5248
5233
5249
5234
5250
5235
5251
5236
5252
5237
5253
5238
5254
5239
5255
5240
5256
5241
5257
5242
5258
5243
5259
5244
5260
5245
5261
5246
5262
5247
5263
5264
6776
5249
5265
5250
5266
5251
5267
5252
5268
5253
5269
5254
5270
5255
5271
5256
5272
5257
5273
5258
5274
5259
5275
5260
5276
5261
5277
5262
5278
5263
5279
5264
5280
5281
6818
5266
5283
5267
5284
5268
5285
5269
5286
5270
5287
5271
5288
5272
5289
5273
5290
5274
5291
5275
5292
5276
5293
5277
5294
5278
5295
5279
5296
5280
5297
5281
5298
5299
6860
5283
5300
5284
5301
5285
5302
5286
5303
5287
5304
5288
5305
5289
5306
5290
5307
5291
5308
5292
5309
5293
5310
5294
5311
5295
5312
5296
5313
5297
5314
5298
5315
5299
5316
5317
6902
5301
5318
5302
5319
5303
5320
5304
5321
5305
5322
5306
5323
5307
5324
5308
5325
5309
5326
5310
5327
5311
5328
5312
5329
5313
5330
5314
5331
5315
5332
5316
5333
5317
5334
5335
6944
5319
5336
5320
5337
5321
5338
5322
5339
5323
5340
5324
5341
5325
5342
5326
5343
5327
5344
5328
5345
5329
5346
5330
5347
5331
5348
5332
5349
5333
5350
5334
5351
5335
5352
5353
6986
5337
5354
5338
5355
5339
5356
5340
5357
5341
5358
5342
5359
5343
5360
5344
5361
5345
5362
5346
5363
5347
5364
5348
5365
5349
5366
5350
5367
5351
5368
5352
5369
5353
5370
5371
7028
5355
5372
5356
5373
5357
5374
5358
5375
5359
5376
5360
5377
5361
5378
5362
5379
5363
5380
5364
5381
5365
5382
5366
5383
5367
5384
5368
5385
5369
5386
5370
5387
5371
5388
5389
7070
5373
5374
5375
5376
5377
5378
5379
5380
5381
5382
5383
5384
5385
5386
5387
5388
5389
7112
5391
5432
5392
5433
5393
5434
5394
5435
5395
5436
5396
5437
5397
5438
5398
5439
5399
5440
5400
5441
5401
5442
5402
5443
5403
5444
5404
5445
5405
5446
5406
5447
5407
5448
5408
5449
5409
5450
5410
5451
5411
5452
5412
5453
5413
5454
5414
5455
5415
5456
5416
5457
5417
5458
5418
5459
5419
5460
5420
5461
5421
5462
5422
5463
5423
5464
5424
5465
5425
5466
5426
5467
5427
5468
5428
5469
5429
5470
5430
5471
5431
5472
5473
5433
5474
5434
5475
5435
5476
5436
5477
5437
5478
5438
5479
5439
5480
5440
5481
5441
5482
5442
5483
5443
5484
5444
5485
5445
5486
5446
5487
5447
5488
5448
5489
5449
5490
5450
5491
5451
5492
5452
5493
5453
5494
5454
5495
5455
5496
5456
5497
5457
5498
5458
5499
5459
5500
5460
5501
5461
5502
5462
5503
5463
5504
5464
5505
5465
5506
5466
5507
5467
5508
5468
5509
5469
5510
5470
5511
5471
5512
5472
5513
5473
5514
5515
5475
5516
5476
5517
5477
5518
5478
5519
5479
5520
5480
5521
5481
5522
5482
5523
5483
5524
5484
5525
5485
5526
5486
5527
5487
5528
5488
5529
5489
5530
5490
5531
5491
5532
5492
5533
5493
5534
5494
5535
5495
5536
5496
5537
5497
5538
5498
5539
5499
5540
5500
5541
5501
5542
5502
5543
5503
5544
5504
5545
5505
5546
5506
5547
5507
5548
5508
5549
5509
5550
5510
5551
5511
5552
5512
5553
5513
5554
5514
5555
5515
5556
5557
5517
5558
5518
5559
5519
5560
5520
5561
5521
5562
5522
5563
5523
5564
5524
5565
5525
5566
5526
5567
5527
5568
5528
5569
5529
5570
5530
5571
5531
5572
5532
5573
5533
5574
5534
5575
5535
5576
5536
5577
5537
5578
5538
5579
5539
5580
5540
5581
5541
5582
5542
5583
5543
5584
5544
5585
5545
5586
5546
5587
5547
5588
5548
5589
5549
5590
5550
5591
5551
5592
5552
5593
5553
5594
5554
5595
5555
5596
5556
5597
5557
5598
5599
5559
5600
5560
5601
5561
5602
5562
5603
5563
5604
5564
5605
5565
5606
5566
5607
5567
5608
5568
5609
5569
5610
5570
5611
5571
5612
5572
5613
5573
5614
5574
5615
5575
5616
5576
5617
5577
5618
5578
5619
5579
5620
5580
5621
5581
5622
5582
5623
5583
5624
5584
5625
5585
5626
5586
5627
5587
5628
5588
5629
5589
5630
5590
5631
5591
5632
5592
5633
5593
5634
5594
5635
5595
5636
5596
5637
5597
5638
5598
5639
5599
5640
5641
5601
5642
5602
5643
5603
5644
5604
5645
5605
5646
5606
5647
5607
5648
5608
5649
5609
5650
5610
5651
5611
5652
5612
5653
5613
5654
5614
5655
5615
5656
5616
5657
5617
5658
5618
5659
5619
5660
5620
5661
5621
5662
5622
5663
5623
5664
5624
5665
5625
5666
5626
5667
5627
5668
5628
5669
5629
5670
5630
5671
5631
5672
5632
5673
5633
5674
5634
5675
5635
5676
5636
5677
5637
5678
5638
5679
5639
5680
5640
5681
5641
5682
5683
5643
5684
5644
5685
5645
5686
5646
5687
5647
5688
5648
5689
5649
5690
5650
5691
5651
5692
5652
5693
5653
5694
5654
5695
5655
5696
5656
5697
5657
5698
5658
5699
5659
5700
5660
5701
5661
5702
5662
5703
5663
5704
5664
5705
5665
5706
5666
5707
5667
5708
5668
5709
5669
5710
5670
5711
5671
5712
5672
5713
5673
5714
5674
5715
5675
5716
5676
5717
5677
5718
5678
5719
5679
5720
5680
5721
5681
5722
5682
5723
5683
5724
5725
5685
5726
5686
5727
5687
5728
5688
5729
5689
5730
5690
5731
5691
5732
5692
5733
5693
5734
5694
5735
5695
5736
5696
5737
5697
5738
5698
5739
5699
5740
5700
5741
5701
5742
5702
5743
5703
5744
5704
5745
5705
5746
5706
5747
5707
5748
5708
5749
5709
5750
5710
5751
5711
5752
5712
5753
5713
5754
5714
5755
5715
5756
5716
5757
5717
5758
5718
5759
5719
5760
5720
5761
5721
5762
5722
5763
5723
5764
5724
5765
5725
5766
5767
5727
5768
5728
5769
5729
5770
5730
5771
5731
5772
5732
5773
5733
5774
5734
5775
5735
5776
5736
5777
5737
5778
5738
5779
5739
5780
5740
5781
5741
5782
5742
5783
5743
5784
5744
5785
5745
5786
5746
5787
5747
5788
5748
5789
5749
5790
5750
5791
5751
5792
5752
5793
5753
5794
5754
5795
5755
5796
5756
5797
5757
5798
5758
5799
5759
5800
5760
5801
5761
5802
5762
5803
5763
5804
5764
5805
5765
5806
5766
5807
5767
5808
5809
5769
5810
5770
5811
5771
5812
5772
5813
5773
5814
5774
5815
5775
5816
5776
5817
5777
5818
5778
5819
5779
5820
5780
5821
5781
5822
5782
5823
5783
5824
5784
5825
5785
5826
5786
5827
5787
5828
5788
5829
5789
5830
5790
5831
5791
5832
5792
5833
5793
5834
5794
5835
5795
5836
5796
5837
5797
5838
5798
5839
5799
5840
5800
5841
5801
5842
5802
5843
5803
5844
5804
5845
5805
5846
5806
5847
5807
5848
5808
5849
5809
5850
5851
5811
5852
5812
5853
5813
5854
5814
5855
5815
5856
5816
5857
5817
5858
5818
5859
5819
5860
5820
5861
5821
5862
5822
5863
5823
5864
5824
5865
5825
5866
5826
5867
5827
5868
5828
5869
5829
5870
5830
5871
5831
5872
5832
5873
5833
5874
5834
5875
5835
5876
5836
5877
5837
5878
5838
5879
5839
5880
5840
5881
5841
5882
5842
5883
5843
5884
5844
5885
5845
5886
5846
5887
5847
5888
5848
5889
5849
5890
5850
5891
5851
5892
5893
5853
5894
5854
5895
5855
5896
5856
5897
5857
5898
5858
5899
5859
5900
5860
5901
5861
5902
5862
5903
5863
5904
5864
5905
5865
5906
5866
5907
5867
5908
5868
5909
5869
5910
5870
5911
5871
5912
5872
5913
5873
5914
5874
5915
5875
5916
5876
5917
5877
5918
5878
5919
5879
5920
5880
5921
5881
5922
5882
5923
5883
5924
5884
5925
5885
5926
5886
5927
5887
5928
5888
5929
5889
5930
5890
5931
5891
5932
5892
5933
5893
5934
5935
5895
5936
5896
5937
5897
5938
5898
5939
5899
5940
5900
5941
5901
5942
5902
5943
5903
5944
5904
5945
5905
5946
5906
5947
5907
5948
5908
5949
5909
5950
5910
5951
5911
5952
5912
5953
5913
5954
5914
5955
5915
5956
5916
5957
5917
5958
5918
5959
5919
5960
5920
5961
5921
5962
5922
5963
5923
5964
5924
5965
5925
5966
5926
5967
5927
5968
5928
5969
5929
5970
5930
5971
5931
5972
5932
5973
5933
5974
5934
5975
5935
5976
5977
5937
5978
5938
5979
5939
5980
5940
5981
5941
5982
5942
5983
5943
5984
5944
5985
5945
5986
5946
5987
5947
5988
5948
5989
5949
5990
5950
5991
5951
5992
5952
5993
5953
5994
5954
5995
5955
5996
5956
5997
5957
5998
5958
5999
5959
6000
5960
6001
5961
6002
5962
6003
5963
6004
5964
6005
5965
6006
5966
6007
5967
6008
5968
6009
5969
6010
5970
6011
5971
6012
5972
6013
5973
6014
5974
6015
5975
6016
5976
6017
5977
6018
6019
5979
6020
5980
6021
5981
6022
5982
6023
5983
6024
5984
6025
5985
6026
5986
6027
5987
6028
5988
6029
5989
6030
5990
6031
5991
6032
5992
6033
5993
6034
5994
6035
5995
6036
5996
6037
5997
6038
5998
6039
5999
6040
6000
6041
6001
6042
6002
6043
6003
6044
6004
6045
6005
6046
6006
6047
6007
6048
6008
6049
6009
6050
6010
6051
6011
6052
6012
6053
6013
6054
6014
6055
6015
6056
6016
6057
6017
6058
6018
6059
6019
6060
6061
6021
6062
6022
6063
6023
6064
6024
6065
6025
6066
6026
6067
6027
6068
6028
6069
6029
6070
6030
6071
6031
6072
6032
6073
6033
6074
6034
6075
6035
6076
6036
6077
6037
6078
6038
6079
6039
6080
6040
6081
6041
6082
6042
6083
6043
6084
6044
6085
6045
6086
6046
6087
6047
6088
6048
6089
6049
6090
6050
6091
6051
6092
6052
6093
6053
6094
6054
6095
6055
6096
6056
6097
6057
6098
6058
6099
6059
6100
6060
6101
6061
6102
6103
6063
6104
6064
6105
6065
6106
6066
6107
6067
6108
6068
6109
6069
6110
6070
6111
6071
6112
6072
6113
6073
6114
6074
6115
6075
6116
6076
6117
6077
6118
6078
6119
6079
6120
6080
6121
6081
6122
6082
6123
6083
6124
6084
6125
6085
6126
6086
6127
6087
6128
6088
6129
6089
6130
6090
6131
6091
6132
6092
6133
6093
6134
6094
6135
6095
6136
6096
6137
6097
6138
6098
6139
6099
6140
6100
6141
6101
6142
6102
6143
6103
6144
6145
6105
6146
6106
6147
6107
6148
6108
6149
6109
6150
6110
6151
6111
6152
6112
6153
6113
6154
6114
6155
6115
6156
6116
6157
6117
6158
6118
6159
6119
6160
6120
6161
6121
6162
6122
6163
6123
6164
6124
6165
6125
6166
6126
6167
6127
6168
6128
6169
6129
6170
6130
6171
6131
6172
6132
6173
6133
6174
6134
6175
6135
6176
6136
6177
6137
6178
6138
6179
6139
6180
6140
6181
6141
6182
6142
6183
6143
6184
6144
6185
6145
6186
6187
6147
6188
6148
6189
6149
6190
6150
6191
6151
6192
6152
6193
6153
6194
6154
6195
6155
6196
6156
6197
6157
6198
6158
6199
6159
6200
6160
6201
6161
6202
6162
6203
6163
6204
6164
6205
6165
6206
6166
6207
6167
6208
6168
6209
6169
6210
6170
6211
6171
6212
6172
6213
6173
6214
6174
6215
6175
6216
6176
6217
6177
6218
6178
6219
6179
6220
6180
6221
6181
6222
6182
6223
6183
6224
6184
6225
6185
6226
6186
6227
6187
6228
6229
6189
6230
6190
6231
6191
6232
6192
6233
6193
6234
6194
6235
6195
6236
6196
6237
6197
6238
6198
6239
6199
6240
6200
6241
6201
6242
6202
6243
6203
6244
6204
6245
6205
6246
6206
6247
6207
6248
6208
6249
6209
6250
6210
6251
6211
6252
6212
6253
6213
6254
6214
6255
6215
6256
6216
6257
6217
6258
6218
6259
6219
6260
6220
6261
6221
6262
6222
6263
6223
6264
6224
6265
6225
6266
6226
6267
6227
6268
6228
6269
6229
6270
6271
6231
6272
6232
6273
6233
6274
6234
6275
6235
6276
6236
6277
6237
6278
6238
6279
6239
6280
6240
6281
6241
6282
6242
6283
6243
6284
6244
6285
6245
6286
6246
6287
6247
6288
6248
6289
6249
6290
6250
6291
6251
6292
6252
6293
6253
6294
6254
6295
6255
6296
6256
6297
6257
6298
6258
6299
6259
6300
6260
6301
6261
6302
6262
6303
6263
6304
6264
6305
6265
6306
6266
6307
6267
6308
6268
6309
6269
6310
6270
6311
6271
6312
6313
6273
6314
6274
6315
6275
6316
6276
6317
6277
6318
6278
6319
6279
6320
6280
6321
6281
6322
6282
6323
6283
6324
6284
6325
6285
6326
6286
6327
6287
6328
6288
6329
6289
6330
6290
6331
6291
6332
6292
6333
6293
6334
6294
6335
6295
6336
6296
6337
6297
6338
6298
6339
6299
6340
6300
6341
6301
6342
6302
6343
6303
6344
6304
6345
6305
6346
6306
6347
6307
6348
6308
6349
6309
6350
6310
6351
6311
6352
6312
6353
6313
6354
6355
6315
6356
6316
6357
6317
6358
6318
6359
6319
6360
6320
6361
6321
6362
6322
6363
6323
6364
6324
6365
6325
6366
6326
6367
6327
6368
6328
6369
6329
6370
6330
6371
6331
6372
6332
6373
6333
6374
6334
6375
6335
6376
6336
6377
6337
6378
6338
6379
6339
6380
6340
6381
6341
6382
6342
6383
6343
6384
6344
6385
6345
6386
6346
6387
6347
6388
6348
6389
6349
6390
6350
6391
6351
6392
6352
6393
6353
6394
6354
6395
6355
6396
6397
6357
6398
6358
6399
6359
6400
6360
6401
6361
6402
6362
6403
6363
6404
6364
6405
6365
6406
6366
6407
6367
6408
6368
6409
6369
6410
6370
6411
6371
6412
6372
6413
6373
6414
6374
6415
6375
6416
6376
6417
6377
6418
6378
6419
6379
6420
6380
6421
6381
6422
6382
6423
6383
6424
6384
6425
6385
6426
6386
6427
6387
6428
6388
6429
6389
6430
6390
6431
6391
6432
6392
6433
6393
6434
6394
6435
6395
6436
6396
6437
6397
6438
6439
6399
6440
6400
6441
6401
6442
6402
6443
6403
6444
6404
6445
6405
6446
6406
6447
6407
6448
6408
6449
6409
6450
6410
6451
6411
6452
6412
6453
6413
6454
6414
6455
6415
6456
6416
6457
6417
6458
6418
6459
6419
6460
6420
6461
6421
6462
6422
6463
6423
6464
6424
6465
6425
6466
6426
6467
6427
6468
6428
6469
6429
6470
6430
6471
6431
6472
6432
6473
6433
6474
6434
6475
6435
6476
6436
6477
6437
6478
6438
6479
6439
6480
6481
6441
6482
6442
6483
6443
6484
6444
6485
6445
6486
6446
6487
6447
6488
6448
6489
6449
6490
6450
6491
6451
6492
6452
6493
6453
6494
6454
6495
6455
6496
6456
6497
6457
6498
6458
6499
6459
6500
6460
6501
6461
6502
6462
6503
6463
6504
6464
6505
6465
6506
6466
6507
6467
6508
6468
6509
6469
6510
6470
6511
6471
6512
6472
6513
6473
6514
6474
6515
6475
6516
6476
6517
6477
6518
6478
6519
6479
6520
6480
6521
6481
6522
6523
6483
6524
6484
6525
6485
6526
6486
6527
6487
6528
6488
6529
6489
6530
6490
6531
6491
6532
6492
6533
6493
6534
6494
6535
6495
6536
6496
6537
6497
6538
6498
6539
6499
6540
6500
6541
6501
6542
6502
6543
6503
6544
6504
6545
6505
6546
6506
6547
6507
6548
6508
6549
6509
6550
6510
6551
6511
6552
6512
6553
6513
6554
6514
6555
6515
6556
6516
6557
6517
6558
6518
6559
6519
6560
6520
6561
6521
6562
6522
6563
6523
6564
6565
6525
6566
6526
6567
6527
6568
6528
6569
6529
6570
6530
6571
6531
6572
6532
6573
6533
6574
6534
6575
6535
6576
6536
6577
6537
6578
6538
6579
6539
6580
6540
6581
6541
6582
6542
6583
6543
6584
6544
6585
6545
6586
6546
6587
6547
6588
6548
6589
6549
6590
6550
6591
6551
6592
6552
6593
6553
6594
6554
6595
6555
6596
6556
6597
6557
6598
6558
6599
6559
6600
6560
6601
6561
6602
6562
6603
6563
6604
6564
6605
6565
6606
6607
6567
6608
6568
6609
6569
6610
6570
6611
6571
6612
6572
6613
6573
6614
6574
6615
6575
6616
6576
6617
6577
6618
6578
6619
6579
6620
6580
6621
6581
6622
6582
6623
6583
6624
6584
6625
6585
6626
6586
6627
6587
6628
6588
6629
6589
6630
6590
6631
6591
6632
6592
6633
6593
6634
6594
6635
6595
6636
6596
6637
6597
6638
6598
6639
6599
6640
6600
6641
6601
6642
6602
6643
6603
6644
6604
6645
6605
6646
6606
6647
6607
6648
6649
6609
6650
6610
6651
6611
6652
6612
6653
6613
6654
6614
6655
6615
6656
6616
6657
6617
6658
6618
6659
6619
6660
6620
6661
6621
6662
6622
6663
6623
6664
6624
6665
6625
6666
6626
6667
6627
6668
6628
6669
6629
6670
6630
6671
6631
6672
6632
6673
6633
6674
6634
6675
6635
6676
6636
6677
6637
6678
6638
6679
6639
6680
6640
6681
6641
6682
6642
6683
6643
6684
6644
6685
6645
6686
6646
6687
6647
6688
6648
6689
6649
6690
6691
6651
6692
6652
6693
6653
6694
6654
6695
6655
6696
6656
6697
6657
6698
6658
6699
6659
6700
6660
6701
6661
6702
6662
6703
6663
6704
6664
6705
6665
6706
6666
6707
6667
6708
6668
6709
6669
6710
6670
6711
6671
6712
6672
6713
6673
6714
6674
6715
6675
6716
6676
6717
6677
6718
6678
6719
6679
6720
6680
6721
6681
6722
6682
6723
6683
6724
6684
6725
6685
6726
6686
6727
6687
6728
6688
6729
6689
6730
6690
6731
6691
6732
6733
6693
6734
6694
6735
6695
6736
6696
6737
6697
6738
6698
6739
6699
6740
6700
6741
6701
6742
6702
6743
6703
6744
6704
6745
6705
6746
6706
6747
6707
6748
6708
6749
6709
6750
6710
6751
6711
6752
6712
6753
6713
6754
6714
6755
6715
6756
6716
6757
6717
6758
6718
6759
6719
6760
6720
6761
6721
6762
6722
6763
6723
6764
6724
6765
6725
6766
6726
6767
6727
6768
6728
6769
6729
6770
6730
6771
6731
6772
6732
6773
6733
6774
6775
6735
6776
6736
6777
6737
6778
6738
6779
6739
6780
6740
6781
6741
6782
6742
6783
6743
6784
6744
6785
6745
6786
6746
6787
6747
6788
6748
6789
6749
6790
6750
6791
6751
6792
6752
6793
6753
6794
6754
6795
6755
6796
6756
6797
6757
6798
6758
6799
6759
6800
6760
6801
6761
6802
6762
6803
6763
6804
6764
6805
6765
6806
6766
6807
6767
6808
6768
6809
6769
6810
6770
6811
6771
6812
6772
6813
6773
6814
6774
6815
6775
6816
6817
6777
6818
6778
6819
6779
6820
6780
6821
6781
6822
6782
6823
6783
6824
6784
6825
6785
6826
6786
6827
6787
6828
6788
6829
6789
6830
6790
6831
6791
6832
6792
6833
6793
6834
6794
6835
6795
6836
6796
6837
6797
6838
6798
6839
6799
6840
6800
6841
6801
6842
6802
6843
6803
6844
6804
6845
6805
6846
6806
6847
6807
6848
6808
6849
6809
6850
6810
6851
6811
6852
6812
6853
6813
6854
6814
6855
6815
6856
6816
6857
6817
6858
6859
6819
6860
6820
6861
6821
6862
6822
6863
6823
6864
6824
6865
6825
6866
6826
6867
6827
6868
6828
6869
6829
6870
6830
6871
6831
6872
6832
6873
6833
6874
6834
6875
6835
6876
6836
6877
6837
6878
6838
6879
6839
6880
6840
6881
6841
6882
6842
6883
6843
6884
6844
6885
6845
6886
6846
6887
6847
6888
6848
6889
6849
6890
6850
6891
6851
6892
6852
6893
6853
6894
6854
6895
6855
6896
6856
6897
6857
6898
6858
6899
6859
6900
6901
6861
6902
6862
6903
6863
6904
6864
6905
6865
6906
6866
6907
6867
6908
6868
6909
6869
6910
6870
6911
6871
6912
6872
6913
6873
6914
6874
6915
6875
6916
6876
6917
6877
6918
6878
6919
6879
6920
6880
6921
6881
6922
6882
6923
6883
6924
6884
6925
6885
6926
6886
6927
6887
6928
6888
6929
6889
6930
6890
6931
6891
6932
6892
6933
6893
6934
6894
6935
6895
6936
6896
6937
6897
6938
6898
6939
6899
6940
6900
6941
6901
6942
6943
6903
6944
6904
6945
6905
6946
6906
6947
6907
6948
6908
6949
6909
6950
6910
6951
6911
6952
6912
6953
6913
6954
6914
6955
6915
6956
6916
6957
6917
6958
6918
6959
6919
6960
6920
6961
6921
6962
6922
6963
6923
6964
6924
6965
6925
6966
6926
6967
6927
6968
6928
6969
6929
6970
6930
6971
6931
6972
6932
6973
6933
6974
6934
6975
6935
6976
6936
6977
6937
6978
6938
6979
6939
6980
6940
6981
6941
6982
6942
6983
6943
6984
6985
6945
6986
6946
6987
6947
6988
6948
6989
6949
6990
6950
6991
6951
6992
6952
6993
6953
6994
6954
6995
6955
6996
6956
6997
6957
6998
6958
6999
6959
7000
6960
7001
6961
7002
6962
7003
6963
7004
6964
7005
6965
7006
6966
7007
6967
7008
6968
7009
6969
7010
6970
7011
6971
7012
6972
7013
6973
7014
6974
7015
6975
7016
6976
7017
6977
7018
6978
7019
6979
7020
6980
7021
6981
7022
6982
7023
6983
7024
6984
7025
6985
7026
7027
6987
7028
6988
7029
6989
7030
6990
7031
6991
7032
6992
7033
6993
7034
6994
7035
6995
7036
6996
7037
6997
7038
6998
7039
6999
7040
7000
7041
7001
7042
7002
7043
7003
7044
7004
7045
7005
7046
7006
7047
7007
7048
7008
7049
7009
7050
7010
7051
7011
7052
7012
7053
7013
7054
7014
7055
7015
7056
7016
7057
7017
7058
7018
7059
7019
7060
7020
7061
7021
7062
7022
7063
7023
7064
7024
7065
7025
7066
7026
7067
7027
7068
7069
7029
7070
7030
7071
7031
7072
7032
7073
7033
7074
7034
7075
7035
7076
7036
7077
7037
7078
7038
7079
7039
7080
7040
7081
7041
7082
7042
7083
7043
7084
7044
7085
7045
7086
7046
7087
7047
7088
7048
7089
7049
7090
7050
7091
7051
7092
7052
7093
7053
7094
7054
7095
7055
7096
7056
7097
7057
7098
7058
7099
7059
7100
7060
7101
7061
7102
7062
7103
7063
7104
7064
7105
7065
7106
7066
7107
7067
7108
7068
7109
7069
7110
7111
7071
7112
7072
7113
7073
7114
7074
7115
7075
7116
7076
7117
7077
7118
7078
7119
7079
7120
7080
7121
7081
7122
7082
7123
7083
7124
7084
7125
7085
7126
7086
7127
7087
7128
7088
7129
7089
7130
7090
7131
7091
7132
7092
7133
7093
7134
7094
7135
7095
7136
7096
7137
7097
7138
7098
7139
7099
7140
7100
7141
7101
7142
7102
7143
7103
7144
7104
7145
7105
7146
7106
7147
7107
7148
7108
7149
7109
7150
7110
7151
7111
7152
7153
7113
7154
7114
7155
7115
7156
7116
7157
7117
7158
7118
7159
7119
7160
7120
7161
7121
7162
7122
7163
7123
7164
7124
7165
7125
7166
7126
7167
7127
7168
7128
7169
7129
7170
7130
7171
7131
7172
7132
7173
7133
7174
7134
7175
7135
7176
7136
7177
7137
7178
7138
7179
7139
7180
7140
7181
7141
7182
7142
7183
7143
7184
7144
7185
7145
7186
7146
7187
7147
7188
7148
7189
7149
7190
7150
7191
7151
7192
7152
7193
7153
7194
7195
7155
7196
7156
7197
7157
7198
7158
7199
7159
7200
7160
7201
7161
7202
7162
7203
7163
7204
7164
7205
7165
7206
7166
7207
7167
7208
7168
7209
7169
7210
7170
7211
7171
7212
7172
7213
7173
7214
7174
7215
7175
7216
7176
7217
7177
7218
7178
7219
7179
7220
7180
7221
7181
7222
7182
7223
7183
7224
7184
7225
7185
7226
7186
7227
7187
7228
7188
7229
7189
7230
7190
7231
7191
7232
7192
7233
7193
7234
7194
7235
7195
7236
7237
7197
7238
7198
7239
7199
7240
7200
7241
7201
7242
7202
7243
7203
7244
7204
7245
7205
7246
7206
7247
7207
7248
7208
7249
7209
7250
7210
7251
7211
7252
7212
7253
7213
7254
7214
7255
7215
7256
7216
7257
7217
7258
7218
7259
7219
7260
7220
7261
7221
7262
7222
7263
7223
7264
7224
7265
7225
7266
7226
7267
7227
7268
7228
7269
7229
7270
7230
7271
7231
7272
7232
7273
7233
7274
7234
7275
7235
7276
7236
7277
7237
7278
7279
7239
7280
7240
7281
7241
7282
7242
7283
7243
7284
7244
7285
7245
7286
7246
7287
7247
7288
7248
7289
7249
7290
7250
7291
7251
7292
7252
7293
7253
7294
7254
7295
7255
7296
7256
7297
7257
7298
7258
7299
7259
7300
7260
7301
7261
7302
7262
7303
7263
7304
7264
7305
7265
7306
7266
7307
7267
7308
7268
7309
7269
7310
7270
7311
7271
7312
7272
7313
7273
7314
7274
7315
7275
7316
7276
7317
7277
7318
7278
7319
7279
7320
7321
7281
7322
7282
7323
7283
7324
7284
7325
7285
7326
7286
7327
7287
7328
7288
7329
7289
7330
7290
7331
7291
7332
7292
7333
7293
7334
7294
7335
7295
7336
7296
7337
7297
7338
7298
7339
7299
7340
7300
7341
7301
7342
7302
7343
7303
7344
7304
7345
7305
7346
7306
7347
7307
7348
7308
7349
7309
7350
7310
7351
7311
7352
7312
7353
7313
7354
7314
7355
7315
7356
7316
7357
7317
7358
7318
7359
7319
7360
7320
7361
7321
7362
7363
7323
7364
7324
7365
7325
7366
7326
7367
7327
7368
7328
7369
7329
7370
7330
7371
7331
7372
7332
7373
7333
7374
7334
7375
7335
7376
7336
7377
7337
7378
7338
7379
7339
7380
7340
7381
7341
7382
7342
7383
7343
7384
7344
7385
7345
7386
7346
7387
7347
7388
7348
7389
7349
7390
7350
7391
7351
7392
7352
7393
7353
7394
7354
7395
7355
7396
7356
7397
7357
7398
7358
7399
7359
7400
7360
7401
7361
7402
7362
7403
7363
7404
7405
7365
7406
7366
7407
7367
7408
7368
7409
7369
7410
7370
7411
7371
7412
7372
7413
7373
7414
7374
7415
7375
7416
7376
7417
7377
7418
7378
7419
7379
7420
7380
7421
7381
7422
7382
7423
7383
7424
7384
7425
7385
7426
7386
7427
7387
7428
7388
7429
7389
7430
7390
7431
7391
7432
7392
7433
7393
7434
7394
7435
7395
7436
7396
7437
7397
7438
7398
7439
7399
7440
7400
7441
7401
7442
7402
7443
7403
7444
7404
7445
7405
7446
7447
7407
7448
7408
7449
7409
7450
7410
7451
7411
7452
7412
7453
7413
7454
7414
7455
7415
7456
7416
7457
7417
7458
7418
7459
7419
7460
7420
7461
7421
7462
7422
7463
7423
7464
7424
7465
7425
7466
7426
7467
7427
7468
7428
7469
7429
7470
7430
7471
7431
7472
7432
7473
7433
7474
7434
7475
7435
7476
7436
7477
7437
7478
7438
7479
7439
7480
7440
7481
7441
7482
7442
7483
7443
7484
7444
7485
7445
7486
7446
7487
7447
7488
7489
7449
7490
7450
7491
7451
7492
7452
7493
7453
7494
7454
7495
7455
7496
7456
7497
7457
7498
7458
7499
7459
7500
7460
7501
7461
7502
7462
7503
7463
7504
7464
7505
7465
7506
7466
7507
7467
7508
7468
7509
7469
7510
7470
7511
7471
7512
7472
7513
7473
7514
7474
7515
7475
7516
7476
7517
7477
7518
7478
7519
7479
7520
7480
7521
7481
7522
7482
7523
7483
7524
7484
7525
7485
7526
7486
7527
7487
7528
7488
7529
7489
7530
7531
7491
7532
7492
7533
7493
7534
7494
7535
7495
7536
7496
7537
7497
7538
7498
7539
7499
7540
7500
7541
7501
7542
7502
7543
7503
7544
7504
7545
7505
7546
7506
7547
7507
7548
7508
7549
7509
7550
7510
7551
7511
7552
7512
7553
7513
7554
7514
7555
7515
7556
7516
7557
7517
7558
7518
7559
7519
7560
7520
7561
7521
7562
7522
7563
7523
7564
7524
7565
7525
7566
7526
7567
7527
7568
7528
7569
7529
7570
7530
7571
7531
7572
7573
7533
7574
7534
7575
7535
7576
7536
7577
7537
7578
7538
7579
7539
7580
7540
7581
7541
7582
7542
7583
7543
7584
7544
7585
7545
7586
7546
7587
7547
7588
7548
7589
7549
7590
7550
7591
7551
7592
7552
7593
7553
7594
7554
7595
7555
7596
7556
7597
7557
7598
7558
7599
7559
7600
7560
7601
7561
7602
7562
7603
7563
7604
7564
7605
7565
7606
7566
7607
7567
7608
7568
7609
7569
7610
7570
7611
7571
7612
7572
7613
7573
7614
7615
7575
7616
7576
7617
7577
7618
7578
7619
7579
7620
7580
7621
7581
7622
7582
7623
7583
7624
7584
7625
7585
7626
7586
7627
7587
7628
7588
7629
7589
7630
7590
7631
7591
7632
7592
7633
7593
7634
7594
7635
7595
7636
7596
7637
7597
7638
7598
7639
7599
7640
7600
7641
7601
7642
7602
7643
7603
7644
7604
7645
7605
7646
7606
7647
7607
7648
7608
7649
7609
7650
7610
7651
7611
7652
7612
7653
7613
7654
7614
7655
7615
7656
7657
7617
7658
7618
7659
7619
7660
7620
7661
7621
7662
7622
7663
7623
7664
7624
7665
7625
7666
7626
7667
7627
7668
7628
7669
7629
7670
7630
7671
7631
7672
7632
7673
7633
7674
7634
7675
7635
7676
7636
7677
7637
7678
7638
7679
7639
7680
7640
7681
7641
7682
7642
7683
7643
7684
7644
7685
7645
7686
7646
7687
7647
7688
7648
7689
7649
7690
7650
7691
7651
7692
7652
7693
7653
7694
7654
7695
7655
7696
7656
7697
7657
7698
7699
7659
7700
7660
7701
7661
7702
7662
7703
7663
7704
7664
7705
7665
7706
7666
7707
7667
7708
7668
7709
7669
7710
7670
7711
7671
7712
7672
7713
7673
7714
7674
7715
7675
7716
7676
7717
7677
7718
7678
7719
7679
7720
7680
7721
7681
7722
7682
7723
7683
7724
7684
7725
7685
7726
7686
7727
7687
7728
7688
7729
7689
7730
7690
7731
7691
7732
7692
7733
7693
7734
7694
7735
7695
7736
7696
7737
7697
7738
7698
7739
7699
7740
7741
7701
7742
7702
7743
7703
7744
7704
7745
7705
7746
7706
7747
7707
7748
7708
7749
7709
7750
7710
7751
7711
7752
7712
7753
7713
7754
7714
7755
7715
7756
7716
7757
7717
7758
7718
7759
7719
7760
7720
7761
7721
7762
7722
7763
7723
7764
7724
7765
7725
7766
7726
7767
7727
7768
7728
7769
7729
7770
7730
7771
7731
7772
7732
7773
7733
7774
7734
7775
7735
7776
7736
7777
7737
7778
7738
7779
7739
7780
7740
7781
7741
7782
7783
7743
7784
7744
7785
7745
7786
7746
7787
7747
7788
7748
7789
7749
7790
7750
7791
7751
7792
7752
7793
7753
7794
7754
7795
7755
7796
7756
7797
7757
7798
7758
7799
7759
7800
7760
7801
7761
7802
7762
7803
7763
7804
7764
7805
7765
7806
7766
7807
7767
7808
7768
7809
7769
7810
7770
7811
7771
7812
7772
7813
7773
7814
7774
7815
7775
7816
7776
7817
7777
7818
7778
7819
7779
7820
7780
7821
7781
7822
7782
7823
7783
7824
7825
7785
7826
7786
7827
7787
7828
7788
7829
7789
7830
7790
7831
7791
7832
7792
7833
7793
7834
7794
7835
7795
7836
7796
7837
7797
7838
7798
7839
7799
7840
7800
7841
7801
7842
7802
7843
7803
7844
7804
7845
7805
7846
7806
7847
7807
7848
7808
7849
7809
7850
7810
7851
7811
7852
7812
7853
7813
7854
7814
7855
7815
7856
7816
7857
7817
7858
7818
7859
7819
7860
7820
7861
7821
7862
7822
7863
7823
7864
7824
7865
7825
7866
7867
7827
7868
7828
7869
7829
7870
7830
7871
7831
7872
7832
7873
7833
7874
7834
7875
7835
7876
7836
7877
7837
7878
7838
7879
7839
7880
7840
7881
7841
7882
7842
7883
7843
7884
7844
7885
7845
7886
7846
7887
7847
7888
7848
7889
7849
7890
7850
7891
7851
7892
7852
7893
7853
7894
7854
7895
7855
7896
7856
7897
7857
7898
7858
7899
7859
7900
7860
7901
7861
7902
7862
7903
7863
7904
7864
7905
7865
7906
7866
7907
7867
7908
7909
7869
7910
7870
7911
7871
7912
7872
7913
7873
7914
7874
7915
7875
7916
7876
7917
7877
7918
7878
7919
7879
7920
7880
7921
7881
7922
7882
7923
7883
7924
7884
7925
7885
7926
7886
7927
7887
7928
7888
7929
7889
7930
7890
7931
7891
7932
7892
7933
7893
7934
7894
7935
7895
7936
7896
7937
7897
7938
7898
7939
7899
7940
7900
7941
7901
7942
7902
7943
7903
7944
7904
7945
7905
7946
7906
7947
7907
7948
7908
7949
7909
7950
7951
7911
7952
7912
7953
7913
7954
7914
7955
7915
7956
7916
7957
7917
7958
7918
7959
7919
7960
7920
7961
7921
7962
7922
7963
7923
7964
7924
7965
7925
7966
7926
7967
7927
7968
7928
7969
7929
7970
7930
7971
7931
7972
7932
7973
7933
7974
7934
7975
7935
7976
7936
7977
7937
7978
7938
7979
7939
7980
7940
7981
7941
7982
7942
7983
7943
7984
7944
7985
7945
7986
7946
7987
7947
7988
7948
7989
7949
7990
7950
7991
7951
7992
7993
7953
7994
7954
7995
7955
7996
7956
7997
7957
7998
7958
7999
7959
8000
7960
8001
7961
8002
7962
8003
7963
8004
7964
8005
7965
8006
7966
8007
7967
8008
7968
8009
7969
8010
7970
8011
7971
8012
7972
8013
7973
8014
7974
8015
7975
8016
7976
8017
7977
8018
7978
8019
7979
8020
7980
8021
7981
8022
7982
8023
7983
8024
7984
8025
7985
8026
7986
8027
7987
8028
7988
8029
7989
8030
7990
8031
7991
8032
7992
8033
7993
8034
8035
7995
8036
7996
8037
7997
8038
7998
8039
7999
8040
8000
8041
8001
8042
8002
8043
8003
8044
8004
8045
8005
8046
8006
8047
8007
8048
8008
8049
8009
8050
8010
8051
8011
8052
8012
8053
8013
8054
8014
8055
8015
8056
8016
8057
8017
8058
8018
8059
8019
8060
8020
8061
8021
8062
8022
8063
8023
8064
8024
8065
8025
8066
8026
8067
8027
8068
8028
8069
8029
8070
8030
8071
8031
8072
8032
8073
8033
8074
8034
8075
8035
8076
8077
8037
8078
8038
8079
8039
8080
8040
8081
8041
8082
8042
8083
8043
8084
8044
8085
8045
8086
8046
8087
8047
8088
8048
8089
8049
8090
8050
8091
8051
8092
8052
8093
8053
8094
8054
8095
8055
8096
8056
8097
8057
8098
8058
8099
8059
8100
8060
8101
8061
8102
8062
8103
8063
8104
8064
8105
8065
8106
8066
8107
8067
8108
8068
8109
8069
8110
8070
8111
8071
8112
8072
8113
8073
8114
8074
8115
8075
8116
8076
8117
8077
8118
8119
8079
8120
8080
8121
8081
8122
8082
8123
8083
8124
8084
8125
8085
8126
8086
8127
8087
8128
8088
8129
8089
8130
8090
8131
8091
8132
8092
8133
8093
8134
8094
8135
8095
8136
8096
8137
8097
8138
8098
8139
8099
8140
8100
8141
8101
8142
8102
8143
8103
8144
8104
8145
8105
8146
8106
8147
8107
8148
8108
8149
8109
8150
8110
8151
8111
8152
8112
8153
8113
8154
8114
8155
8115
8156
8116
8157
8117
8158
8118
8159
8119
8160
8161
8121
8162
8122
8163
8123
8164
8124
8165
8125
8166
8126
8167
8127
8168
8128
8169
8129
8170
8130
8171
8131
8172
8132
8173
8133
8174
8134
8175
8135
8176
8136
8177
8137
8178
8138
8179
8139
8180
8140
8181
8141
8182
8142
8183
8143
8184
8144
8185
8145
8186
8146
8187
8147
8188
8148
8189
8149
8190
8150
8191
8151
8192
8152
8193
8153
8194
8154
8195
8155
8196
8156
8197
8157
8198
8158
8199
8159
8200
8160
8201
8161
8202
8203
8163
8204
8164
8205
8165
8206
8166
8207
8167
8208
8168
8209
8169
8210
8170
8211
8171
8212
8172
8213
8173
8214
8174
8215
8175
8216
8176
8217
8177
8218
8178
8219
8179
8220
8180
8221
8181
8222
8182
8223
8183
8224
8184
8225
8185
8226
8186
8227
8187
8228
8188
8229
8189
8230
8190
8231
8191
8232
8192
8233
8193
8234
8194
8235
8195
8236
8196
8237
8197
8238
8198
8239
8199
8240
8200
8241
8201
8242
8202
8243
8203
8244
8245
8205
8246
8206
8247
8207
8248
8208
8249
8209
8250
8210
8251
8211
8252
8212
8253
8213
8254
8214
8255
8215
8256
8216
8257
8217
8258
8218
8259
8219
8260
8220
8261
8221
8262
8222
8263
8223
8264
8224
8265
8225
8266
8226
8267
8227
8268
8228
8269
8229
8270
8230
8271
8231
8272
8232
8273
8233
8274
8234
8275
8235
8276
8236
8277
8237
8278
8238
8279
8239
8280
8240
8281
8241
8282
8242
8283
8243
8284
8244
8285
8245
8286
8287
8247
8288
8248
8289
8249
8290
8250
8291
8251
8292
8252
8293
8253
8294
8254
8295
8255
8296
8256
8297
8257
8298
8258
8299
8259
8300
8260
8301
8261
8302
8262
8303
8263
8304
8264
8305
8265
8306
8266
8307
8267
8308
8268
8309
8269
8310
8270
8311
8271
8312
8272
8313
8273
8314
8274
8315
8275
8316
8276
8317
8277
8318
8278
8319
8279
8320
8280
8321
8281
8322
8282
8323
8283
8324
8284
8325
8285
8326
8286
8327
8287
8328
8329
8289
8290
8291
8292
8293
8294
8295
8296
8297
8298
8299
8300
8301
8302
8303
8304
8305
8306
8307
8308
8309
8310
8311
8312
8313
8314
8315
8316
8317
8318
8319
8320
8321
8322
8323
8324
8325
8326
8327
8328
8329
)


// ************************************************************************* //
