/*--------------------------------*- C++ -*----------------------------------*\
  =========                 |
  \\      /  F ield         | OpenFOAM: The Open Source CFD Toolbox
   \\    /   O peration     | Website:  https://openfoam.org
    \\  /    A nd           | Version:  7
     \\/     M anipulation  |
\*---------------------------------------------------------------------------*/
FoamFile
{
    version     2.0;
    format      ascii;
    class       labelList;
    note        "nPoints: 20448 nCells: 9906 nFaces: 39941 nInternalFaces: 19495";
    location    "constant/polyMesh";
    object      neighbour;
}
// * * * * * * * * * * * * * * * * * * * * * * * * * * * * * * * * * * * * * //


19495
(
1
2
3
4
5
5
6
7
7
9
8
10
11
10
12
11
13
14
13
16
14
17
15
18
19
17
20
18
21
19
22
23
21
25
22
26
23
27
24
28
29
26
31
27
32
28
33
29
34
30
35
36
32
37
33
38
34
39
35
40
36
41
42
38
44
39
45
40
46
41
47
42
48
43
49
50
45
52
46
53
47
54
48
55
49
56
50
57
51
58
59
53
61
54
62
55
63
56
64
57
65
58
66
59
67
60
68
69
62
71
63
72
64
73
65
74
66
75
67
76
68
77
69
78
70
79
80
72
82
73
83
74
84
75
85
76
86
77
87
78
88
79
89
80
90
81
91
92
83
94
84
95
85
96
86
97
87
98
88
99
89
100
90
101
91
102
92
103
93
104
105
95
107
96
108
97
109
98
110
99
111
100
112
101
113
102
114
103
115
104
116
105
117
106
118
119
108
121
109
122
110
123
111
124
112
125
113
126
114
127
115
128
116
129
117
130
118
131
119
132
120
133
134
2245
122
135
123
136
124
137
125
138
126
139
127
140
128
141
129
142
130
143
131
144
132
145
133
146
134
147
148
2244
136
149
137
150
138
151
139
152
140
153
141
154
142
155
143
156
144
157
145
158
146
159
147
160
148
161
162
2243
150
163
151
164
152
165
153
166
154
167
155
168
156
169
157
170
158
171
159
172
160
173
161
174
162
175
176
2242
164
177
165
178
166
179
167
180
168
181
169
182
170
183
171
184
172
185
173
186
174
187
175
188
176
189
190
2241
178
191
179
192
180
193
181
194
182
195
183
196
184
197
185
198
186
199
187
200
188
201
189
202
190
203
204
2240
192
205
193
206
194
207
195
208
196
209
197
210
198
211
199
212
200
213
201
214
202
215
203
216
204
217
218
2239
206
219
207
220
208
221
209
222
210
223
211
224
212
225
213
226
214
227
215
228
216
229
217
230
218
231
232
2238
220
233
221
234
222
235
223
236
224
237
225
238
226
239
227
240
228
241
229
242
230
243
231
244
232
245
246
2237
234
247
235
248
236
249
237
250
238
251
239
252
240
253
241
254
242
255
243
256
244
257
245
258
246
259
260
2236
248
261
249
262
250
263
251
264
252
265
253
266
254
267
255
268
256
269
257
270
258
271
259
272
260
273
274
2235
262
275
263
276
264
277
265
278
266
279
267
280
268
281
269
282
270
283
271
284
272
285
273
286
274
287
288
2234
276
289
277
290
278
291
279
292
280
293
281
294
282
295
283
296
284
297
285
298
286
299
287
300
288
301
302
2233
290
303
291
304
292
305
293
306
294
307
295
308
296
309
297
310
298
311
299
312
300
313
301
314
302
315
316
2232
304
317
305
318
306
319
307
320
308
321
309
322
310
323
311
324
312
325
313
326
314
327
315
328
316
329
330
2231
318
331
319
332
320
333
321
334
322
335
323
336
324
337
325
338
326
339
327
340
328
341
329
342
330
343
344
2230
332
345
333
346
334
347
335
348
336
349
337
350
338
351
339
352
340
353
341
354
342
355
343
356
344
357
358
3064
346
359
347
360
348
361
349
362
350
363
351
364
352
365
353
366
354
367
355
368
356
369
357
370
358
371
372
3063
360
373
361
374
362
375
363
376
364
377
365
378
366
379
367
380
368
381
369
382
370
383
371
384
372
385
386
3062
374
387
375
388
376
389
377
390
378
391
379
392
380
393
381
394
382
395
383
396
384
397
385
398
386
399
400
3061
388
401
389
402
390
403
391
404
392
405
393
406
394
407
395
408
396
409
397
410
398
411
399
412
400
413
414
3060
402
415
403
416
404
417
405
418
406
419
407
420
408
421
409
422
410
423
411
424
412
425
413
426
414
427
428
3059
416
429
417
430
418
431
419
432
420
433
421
434
422
435
423
436
424
437
425
438
426
439
427
440
428
441
442
3058
430
443
431
444
432
445
433
446
434
447
435
448
436
449
437
450
438
451
439
452
440
453
441
454
442
455
456
3057
444
457
445
458
446
459
447
460
448
461
449
462
450
463
451
464
452
465
453
466
454
467
455
468
456
469
470
3056
458
471
459
472
460
473
461
474
462
475
463
476
464
477
465
478
466
479
467
480
468
481
469
482
470
483
484
3055
472
485
473
486
474
487
475
488
476
489
477
490
478
491
479
492
480
493
481
494
482
495
483
496
484
497
498
3054
486
499
487
500
488
501
489
502
490
503
491
504
492
505
493
506
494
507
495
508
496
509
497
510
498
511
512
3053
500
513
501
514
502
515
503
516
504
517
505
518
506
519
507
520
508
521
509
522
510
523
511
524
512
525
526
3052
514
527
515
528
516
529
517
530
518
531
519
532
520
533
521
534
522
535
523
536
524
537
525
538
526
539
540
3051
528
541
529
542
530
543
531
544
532
545
533
546
534
547
535
548
536
549
537
550
538
551
539
552
540
553
554
3050
542
555
543
556
544
557
545
558
546
559
547
560
548
561
549
562
550
563
551
564
552
565
553
566
554
567
568
3049
556
569
557
570
558
571
559
572
560
573
561
574
562
575
563
576
564
577
565
578
566
579
567
580
568
581
582
3048
570
583
571
584
572
585
573
586
574
587
575
588
576
589
577
590
578
591
579
592
580
593
581
594
582
595
596
3047
584
597
585
598
586
599
587
600
588
601
589
602
590
603
591
604
592
605
593
606
594
607
595
608
596
609
610
3046
598
611
599
612
600
613
601
614
602
615
603
616
604
617
605
618
606
619
607
620
608
621
609
622
610
623
624
3045
612
625
613
626
614
627
615
628
616
629
617
630
618
631
619
632
620
633
621
634
622
635
623
636
624
637
638
3044
626
639
627
640
628
641
629
642
630
643
631
644
632
645
633
646
634
647
635
648
636
649
637
650
638
651
652
3043
640
653
641
654
642
655
643
656
644
657
645
658
646
659
647
660
648
661
649
662
650
663
651
664
652
665
666
3042
654
667
655
668
656
669
657
670
658
671
659
672
660
673
661
674
662
675
663
676
664
677
665
678
666
679
680
3041
668
681
669
682
670
683
671
684
672
685
673
686
674
687
675
688
676
689
677
690
678
691
679
692
680
693
694
3040
682
695
683
696
684
697
685
698
686
699
687
700
688
701
689
702
690
703
691
704
692
705
693
706
694
707
708
3039
696
709
697
710
698
711
699
712
700
713
701
714
702
715
703
716
704
717
705
718
706
719
707
720
708
721
722
3038
710
723
711
724
712
725
713
726
714
727
715
728
716
729
717
730
718
731
719
732
720
733
721
734
722
735
736
3037
724
737
725
738
726
739
727
740
728
741
729
742
730
743
731
744
732
745
733
746
734
747
735
748
736
749
750
6074
738
751
739
752
740
753
741
754
742
755
743
756
744
757
745
758
746
759
747
760
748
761
749
762
750
763
764
6053
752
765
753
766
754
767
755
768
756
769
757
770
758
771
759
772
760
773
761
774
762
775
763
776
764
777
778
6032
766
779
767
780
768
781
769
782
770
783
771
784
772
785
773
786
774
787
775
788
776
789
777
790
778
791
792
6011
780
793
781
794
782
795
783
796
784
797
785
798
786
799
787
800
788
801
789
802
790
803
791
804
792
805
806
5990
794
807
795
808
796
809
797
810
798
811
799
812
800
813
801
814
802
815
803
816
804
817
805
818
806
819
820
5969
808
821
809
822
810
823
811
824
812
825
813
826
814
827
815
828
816
829
817
830
818
831
819
832
820
833
834
5948
822
835
823
836
824
837
825
838
826
839
827
840
828
841
829
842
830
843
831
844
832
845
833
846
834
847
848
5927
836
849
837
850
838
851
839
852
840
853
841
854
842
855
843
856
844
857
845
858
846
859
847
860
848
861
862
5906
850
863
851
864
852
865
853
866
854
867
855
868
856
869
857
870
858
871
859
872
860
873
861
874
862
875
876
5885
864
877
865
878
866
879
867
880
868
881
869
882
870
883
871
884
872
885
873
886
874
887
875
888
876
889
890
5864
878
891
879
892
880
893
881
894
882
895
883
896
884
897
885
898
886
899
887
900
888
901
889
902
890
903
904
5843
892
905
893
906
894
907
895
908
896
909
897
910
898
911
899
912
900
913
901
914
902
915
903
916
904
917
918
5822
906
919
907
920
908
921
909
922
910
923
911
924
912
925
913
926
914
927
915
928
916
929
917
930
918
931
932
5801
920
933
921
934
922
935
923
936
924
937
925
938
926
939
927
940
928
941
929
942
930
943
931
944
932
945
946
5780
934
947
935
948
936
949
937
950
938
951
939
952
940
953
941
954
942
955
943
956
944
957
945
958
946
959
960
5759
948
961
949
962
950
963
951
964
952
965
953
966
954
967
955
968
956
969
957
970
958
971
959
972
960
973
974
5738
962
975
963
976
964
977
965
978
966
979
967
980
968
981
969
982
970
983
971
984
972
985
973
986
974
987
988
5717
976
989
977
990
978
991
979
992
980
993
981
994
982
995
983
996
984
997
985
998
986
999
987
1000
988
1001
1002
5696
990
1003
991
1004
992
1005
993
1006
994
1007
995
1008
996
1009
997
1010
998
1011
999
1012
1000
1013
1001
1014
1002
1015
1016
5675
1004
1017
1005
1018
1006
1019
1007
1020
1008
1021
1009
1022
1010
1023
1011
1024
1012
1025
1013
1026
1014
1027
1015
1028
1016
1029
1030
5654
1018
1031
1019
1032
1020
1033
1021
1034
1022
1035
1023
1036
1024
1037
1025
1038
1026
1039
1027
1040
1028
1041
1029
1042
1030
1043
1044
5633
1032
1045
1033
1046
1034
1047
1035
1048
1036
1049
1037
1050
1038
1051
1039
1052
1040
1053
1041
1054
1042
1055
1043
1056
1044
1057
1058
5612
1046
1059
1047
1060
1048
1061
1049
1062
1050
1063
1051
1064
1052
1065
1053
1066
1054
1067
1055
1068
1056
1069
1057
1070
1058
1071
1072
5591
1060
1073
1061
1074
1062
1075
1063
1076
1064
1077
1065
1078
1066
1079
1067
1080
1068
1081
1069
1082
1070
1083
1071
1084
1072
1085
1086
5570
1074
1087
1075
1088
1076
1089
1077
1090
1078
1091
1079
1092
1080
1093
1081
1094
1082
1095
1083
1096
1084
1097
1085
1098
1086
1099
1100
5549
1088
1101
1089
1102
1090
1103
1091
1104
1092
1105
1093
1106
1094
1107
1095
1108
1096
1109
1097
1110
1098
1111
1099
1112
1100
1113
1114
5528
1102
1115
1103
1116
1104
1117
1105
1118
1106
1119
1107
1120
1108
1121
1109
1122
1110
1123
1111
1124
1112
1125
1113
1126
1114
1127
1128
5507
1116
1129
1117
1130
1118
1131
1119
1132
1120
1133
1121
1134
1122
1135
1123
1136
1124
1137
1125
1138
1126
1139
1127
1140
1128
1141
1142
6662
1130
1143
1131
1144
1132
1145
1133
1146
1134
1147
1135
1148
1136
1149
1137
1150
1138
1151
1139
1152
1140
1153
1141
1154
1142
1155
1156
6641
1144
1157
1145
1158
1146
1159
1147
1160
1148
1161
1149
1162
1150
1163
1151
1164
1152
1165
1153
1166
1154
1167
1155
1168
1156
1169
1170
6620
1158
1171
1159
1172
1160
1173
1161
1174
1162
1175
1163
1176
1164
1177
1165
1178
1166
1179
1167
1180
1168
1181
1169
1182
1170
1183
1184
6599
1172
1185
1173
1186
1174
1187
1175
1188
1176
1189
1177
1190
1178
1191
1179
1192
1180
1193
1181
1194
1182
1195
1183
1196
1184
1197
1198
6578
1186
1199
1187
1200
1188
1201
1189
1202
1190
1203
1191
1204
1192
1205
1193
1206
1194
1207
1195
1208
1196
1209
1197
1210
1198
1211
1212
6557
1200
1213
1201
1214
1202
1215
1203
1216
1204
1217
1205
1218
1206
1219
1207
1220
1208
1221
1209
1222
1210
1223
1211
1224
1212
1225
1226
6536
1214
1227
1215
1228
1216
1229
1217
1230
1218
1231
1219
1232
1220
1233
1221
1234
1222
1235
1223
1236
1224
1237
1225
1238
1226
1239
1240
6515
1228
1241
1229
1242
1230
1243
1231
1244
1232
1245
1233
1246
1234
1247
1235
1248
1236
1249
1237
1250
1238
1251
1239
1252
1240
1253
1254
6494
1242
1255
1243
1256
1244
1257
1245
1258
1246
1259
1247
1260
1248
1261
1249
1262
1250
1263
1251
1264
1252
1265
1253
1266
1254
1267
1268
6473
1256
1269
1257
1270
1258
1271
1259
1272
1260
1273
1261
1274
1262
1275
1263
1276
1264
1277
1265
1278
1266
1279
1267
1280
1268
1281
1282
6452
1270
1283
1271
1284
1272
1285
1273
1286
1274
1287
1275
1288
1276
1289
1277
1290
1278
1291
1279
1292
1280
1293
1281
1294
1282
1295
1296
6431
1284
1297
1285
1298
1286
1299
1287
1300
1288
1301
1289
1302
1290
1303
1291
1304
1292
1305
1293
1306
1294
1307
1295
1308
1296
1309
1310
6410
1298
1311
1299
1312
1300
1313
1301
1314
1302
1315
1303
1316
1304
1317
1305
1318
1306
1319
1307
1320
1308
1321
1309
1322
1310
1323
1324
6389
1312
1325
1313
1326
1314
1327
1315
1328
1316
1329
1317
1330
1318
1331
1319
1332
1320
1333
1321
1334
1322
1335
1323
1336
1324
1337
1338
6368
1326
1339
1327
1340
1328
1341
1329
1342
1330
1343
1331
1344
1332
1345
1333
1346
1334
1347
1335
1348
1336
1349
1337
1350
1338
1351
1352
6347
1340
1353
1341
1354
1342
1355
1343
1356
1344
1357
1345
1358
1346
1359
1347
1360
1348
1361
1349
1362
1350
1363
1351
1364
1352
1365
1366
6326
1354
1367
1355
1368
1356
1369
1357
1370
1358
1371
1359
1372
1360
1373
1361
1374
1362
1375
1363
1376
1364
1377
1365
1378
1366
1379
1380
6305
1368
1381
1369
1382
1370
1383
1371
1384
1372
1385
1373
1386
1374
1387
1375
1388
1376
1389
1377
1390
1378
1391
1379
1392
1380
1393
1394
6284
1382
1395
1383
1396
1384
1397
1385
1398
1386
1399
1387
1400
1388
1401
1389
1402
1390
1403
1391
1404
1392
1405
1393
1406
1394
1407
1408
6263
1396
1409
1397
1410
1398
1411
1399
1412
1400
1413
1401
1414
1402
1415
1403
1416
1404
1417
1405
1418
1406
1419
1407
1420
1408
1421
1422
6242
1410
1423
1411
1424
1412
1425
1413
1426
1414
1427
1415
1428
1416
1429
1417
1430
1418
1431
1419
1432
1420
1433
1421
1434
1422
1435
1436
6221
1424
1437
1425
1438
1426
1439
1427
1440
1428
1441
1429
1442
1430
1443
1431
1444
1432
1445
1433
1446
1434
1447
1435
1448
1436
1449
1450
6200
1438
1451
1439
1452
1440
1453
1441
1454
1442
1455
1443
1456
1444
1457
1445
1458
1446
1459
1447
1460
1448
1461
1449
1462
1450
1463
1464
6179
1452
1465
1453
1466
1454
1467
1455
1468
1456
1469
1457
1470
1458
1471
1459
1472
1460
1473
1461
1474
1462
1475
1463
1476
1464
1477
1478
6158
1466
1479
1467
1480
1468
1481
1469
1482
1470
1483
1471
1484
1472
1485
1473
1486
1474
1487
1475
1488
1476
1489
1477
1490
1478
1491
1492
6137
1480
1493
1481
1494
1482
1495
1483
1496
1484
1497
1485
1498
1486
1499
1487
1500
1488
1501
1489
1502
1490
1503
1491
1504
1492
1505
1506
6116
1494
1507
1495
1508
1496
1509
1497
1510
1498
1511
1499
1512
1500
1513
1501
1514
1502
1515
1503
1516
1504
1517
1505
1518
1506
1519
1520
6095
1508
1521
1509
1522
1510
1523
1511
1524
1512
1525
1513
1526
1514
1527
1515
1528
1516
1529
1517
1530
1518
1531
1519
1532
1520
1533
1534
9085
1522
1535
1523
1536
1524
1537
1525
1538
1526
1539
1527
1540
1528
1541
1529
1542
1530
1543
1531
1544
1532
1545
1533
1546
1534
1547
1548
9086
1536
1549
1537
1550
1538
1551
1539
1552
1540
1553
1541
1554
1542
1555
1543
1556
1544
1557
1545
1558
1546
1559
1547
1560
1548
1561
1562
9087
1550
1563
1551
1564
1552
1565
1553
1566
1554
1567
1555
1568
1556
1569
1557
1570
1558
1571
1559
1572
1560
1573
1561
1574
1562
1575
1576
9088
1564
1577
1565
1578
1566
1579
1567
1580
1568
1581
1569
1582
1570
1583
1571
1584
1572
1585
1573
1586
1574
1587
1575
1588
1576
1589
1590
9089
1578
1591
1579
1592
1580
1593
1581
1594
1582
1595
1583
1596
1584
1597
1585
1598
1586
1599
1587
1600
1588
1601
1589
1602
1590
1603
1604
9090
1592
1605
1593
1606
1594
1607
1595
1608
1596
1609
1597
1610
1598
1611
1599
1612
1600
1613
1601
1614
1602
1615
1603
1616
1604
1617
1618
9091
1606
1619
1607
1620
1608
1621
1609
1622
1610
1623
1611
1624
1612
1625
1613
1626
1614
1627
1615
1628
1616
1629
1617
1630
1618
1631
1632
9092
1620
1633
1621
1634
1622
1635
1623
1636
1624
1637
1625
1638
1626
1639
1627
1640
1628
1641
1629
1642
1630
1643
1631
1644
1632
1645
1646
9093
1634
1647
1635
1648
1636
1649
1637
1650
1638
1651
1639
1652
1640
1653
1641
1654
1642
1655
1643
1656
1644
1657
1645
1658
1646
1659
1660
9094
1648
1661
1649
1662
1650
1663
1651
1664
1652
1665
1653
1666
1654
1667
1655
1668
1656
1669
1657
1670
1658
1671
1659
1672
1660
1673
1674
9095
1662
1675
1663
1676
1664
1677
1665
1678
1666
1679
1667
1680
1668
1681
1669
1682
1670
1683
1671
1684
1672
1685
1673
1686
1674
1687
1688
9096
1676
1689
1677
1690
1678
1691
1679
1692
1680
1693
1681
1694
1682
1695
1683
1696
1684
1697
1685
1698
1686
1699
1687
1700
1688
1701
1702
9097
1690
1703
1691
1704
1692
1705
1693
1706
1694
1707
1695
1708
1696
1709
1697
1710
1698
1711
1699
1712
1700
1713
1701
1714
1702
1715
1716
9098
1704
1717
1705
1718
1706
1719
1707
1720
1708
1721
1709
1722
1710
1723
1711
1724
1712
1725
1713
1726
1714
1727
1715
1728
1716
1729
1730
9099
1718
1731
1719
1732
1720
1733
1721
1734
1722
1735
1723
1736
1724
1737
1725
1738
1726
1739
1727
1740
1728
1741
1729
1742
1730
1743
1744
9100
1732
1745
1733
1746
1734
1747
1735
1748
1736
1749
1737
1750
1738
1751
1739
1752
1740
1753
1741
1754
1742
1755
1743
1756
1744
1757
1758
9101
1746
1759
1747
1760
1748
1761
1749
1762
1750
1763
1751
1764
1752
1765
1753
1766
1754
1767
1755
1768
1756
1769
1757
1770
1758
1771
1772
9102
1760
1773
1761
1774
1762
1775
1763
1776
1764
1777
1765
1778
1766
1779
1767
1780
1768
1781
1769
1782
1770
1783
1771
1784
1772
1785
1786
9103
1774
1787
1775
1788
1776
1789
1777
1790
1778
1791
1779
1792
1780
1793
1781
1794
1782
1795
1783
1796
1784
1797
1785
1798
1786
1799
1800
9104
1788
1801
1789
1802
1790
1803
1791
1804
1792
1805
1793
1806
1794
1807
1795
1808
1796
1809
1797
1810
1798
1811
1799
1812
1800
1813
1814
9105
1802
1815
1803
1816
1804
1817
1805
1818
1806
1819
1807
1820
1808
1821
1809
1822
1810
1823
1811
1824
1812
1825
1813
1826
1814
1827
1828
9106
1816
1829
1817
1830
1818
1831
1819
1832
1820
1833
1821
1834
1822
1835
1823
1836
1824
1837
1825
1838
1826
1839
1827
1840
1828
1841
1842
9107
1830
1843
1831
1844
1832
1845
1833
1846
1834
1847
1835
1848
1836
1849
1837
1850
1838
1851
1839
1852
1840
1853
1841
1854
1842
1855
1856
9108
1844
1857
1845
1858
1846
1859
1847
1860
1848
1861
1849
1862
1850
1863
1851
1864
1852
1865
1853
1866
1854
1867
1855
1868
1856
1869
1870
9109
1858
1871
1859
1872
1860
1873
1861
1874
1862
1875
1863
1876
1864
1877
1865
1878
1866
1879
1867
1880
1868
1881
1869
1882
1870
1883
1884
9110
1872
1885
1873
1886
1874
1887
1875
1888
1876
1889
1877
1890
1878
1891
1879
1892
1880
1893
1881
1894
1882
1895
1883
1896
1884
1897
1898
9111
1886
1899
1887
1900
1888
1901
1889
1902
1890
1903
1891
1904
1892
1905
1893
1906
1894
1907
1895
1908
1896
1909
1897
1910
1898
1911
1912
9112
1900
1913
1901
1914
1902
1915
1903
1916
1904
1917
1905
1918
1906
1919
1907
1920
1908
1921
1909
1922
1910
1923
1911
1924
1912
1925
1926
9891
1914
1927
1915
1928
1916
1929
1917
1930
1918
1931
1919
1932
1920
1933
1921
1934
1922
1935
1923
1936
1924
1937
1925
1938
1926
1939
1940
9892
1928
1941
1929
1942
1930
1943
1931
1944
1932
1945
1933
1946
1934
1947
1935
1948
1936
1949
1937
1950
1938
1951
1939
1952
1940
1953
1954
9893
1942
1955
1943
1956
1944
1957
1945
1958
1946
1959
1947
1960
1948
1961
1949
1962
1950
1963
1951
1964
1952
1965
1953
1966
1954
1967
1968
9894
1956
1969
1957
1970
1958
1971
1959
1972
1960
1973
1961
1974
1962
1975
1963
1976
1964
1977
1965
1978
1966
1979
1967
1980
1968
1981
1982
9895
1970
1983
1971
1984
1972
1985
1973
1986
1974
1987
1975
1988
1976
1989
1977
1990
1978
1991
1979
1992
1980
1993
1981
1994
1982
1995
1996
9896
1984
1997
1985
1998
1986
1999
1987
2000
1988
2001
1989
2002
1990
2003
1991
2004
1992
2005
1993
2006
1994
2007
1995
2008
1996
2009
2010
9897
1998
2011
1999
2012
2000
2013
2001
2014
2002
2015
2003
2016
2004
2017
2005
2018
2006
2019
2007
2020
2008
2021
2009
2022
2010
2023
2024
9898
2012
2025
2013
2026
2014
2027
2015
2028
2016
2029
2017
2030
2018
2031
2019
2032
2020
2033
2021
2034
2022
2035
2023
2036
2024
2037
2038
9899
2026
2039
2027
2040
2028
2041
2029
2042
2030
2043
2031
2044
2032
2045
2033
2046
2034
2047
2035
2048
2036
2049
2037
2050
2038
2051
2052
9900
2040
2053
2041
2054
2042
2055
2043
2056
2044
2057
2045
2058
2046
2059
2047
2060
2048
2061
2049
2062
2050
2063
2051
2064
2052
2065
2066
9901
2054
2067
2055
2068
2056
2069
2057
2070
2058
2071
2059
2072
2060
2073
2061
2074
2062
2075
2063
2076
2064
2077
2065
2078
2066
2079
2080
9902
2068
2081
2069
2082
2070
2083
2071
2084
2072
2085
2073
2086
2074
2087
2075
2088
2076
2089
2077
2090
2078
2091
2079
2092
2080
2093
2094
9903
2082
2095
2083
2096
2084
2097
2085
2098
2086
2099
2087
2100
2088
2101
2089
2102
2090
2103
2091
2104
2092
2105
2093
2106
2094
2107
2108
9904
2096
2109
2097
2110
2098
2111
2099
2112
2100
2113
2101
2114
2102
2115
2103
2116
2104
2117
2105
2118
2106
2119
2107
2120
2108
2121
2122
9905
2110
2123
2111
2124
2112
2125
2113
2126
2114
2127
2115
2128
2116
2129
2117
2130
2118
2131
2119
2132
2120
2133
2121
2134
2122
2135
2124
2136
2125
2137
2126
2138
2127
2139
2128
2140
2129
2141
2130
2142
2131
2143
2132
2144
2133
2145
2134
2146
2135
2147
2137
2148
2138
2149
2139
2150
2140
2151
2141
2152
2142
2153
2143
2154
2144
2155
2145
2156
2146
2157
2147
2158
2149
2159
2150
2160
2151
2161
2152
2162
2153
2163
2154
2164
2155
2165
2156
2166
2157
2167
2158
2168
2160
2169
2161
2170
2162
2171
2163
2172
2164
2173
2165
2174
2166
2175
2167
2176
2168
2177
2170
2178
2171
2179
2172
2180
2173
2181
2174
2182
2175
2183
2176
2184
2177
2185
2179
2186
2180
2187
2181
2188
2182
2189
2183
2190
2184
2191
2185
2192
2187
2193
2188
2194
2189
2195
2190
2196
2191
2197
2192
2198
2194
2199
2195
2200
2196
2201
2197
2202
2198
2203
2204
2200
2205
2201
2206
2202
2207
2203
2208
2204
2209
2206
2210
2207
2211
2208
2212
2209
2213
2211
2214
2212
2215
2213
2216
2217
2215
2218
2216
2219
2217
2220
2219
2221
2220
2222
2223
2222
2224
2223
2225
2225
2226
2227
2227
2228
2229
2231
2246
3064
2232
2247
2233
2248
2234
2249
2235
2250
2236
2251
2237
2252
2238
2253
2239
2254
2240
2255
2241
2256
2242
2257
2243
2258
2244
2259
2245
2260
2261
2247
2262
3092
2248
2263
2249
2264
2250
2265
2251
2266
2252
2267
2253
2268
2254
2269
2255
2270
2256
2271
2257
2272
2258
2273
2259
2274
2260
2275
2261
2276
2277
2263
2278
3120
2264
2279
2265
2280
2266
2281
2267
2282
2268
2283
2269
2284
2270
2285
2271
2286
2272
2287
2273
2288
2274
2289
2275
2290
2276
2291
2277
2292
2293
2279
2294
3148
2280
2295
2281
2296
2282
2297
2283
2298
2284
2299
2285
2300
2286
2301
2287
2302
2288
2303
2289
2304
2290
2305
2291
2306
2292
2307
2293
2308
2309
2295
2310
3176
2296
2311
2297
2312
2298
2313
2299
2314
2300
2315
2301
2316
2302
2317
2303
2318
2304
2319
2305
2320
2306
2321
2307
2322
2308
2323
2309
2324
2325
2311
2326
3204
2312
2327
2313
2328
2314
2329
2315
2330
2316
2331
2317
2332
2318
2333
2319
2334
2320
2335
2321
2336
2322
2337
2323
2338
2324
2339
2325
2340
2341
2327
2342
3232
2328
2343
2329
2344
2330
2345
2331
2346
2332
2347
2333
2348
2334
2349
2335
2350
2336
2351
2337
2352
2338
2353
2339
2354
2340
2355
2341
2356
2357
2343
2358
3260
2344
2359
2345
2360
2346
2361
2347
2362
2348
2363
2349
2364
2350
2365
2351
2366
2352
2367
2353
2368
2354
2369
2355
2370
2356
2371
2357
2372
2373
2359
2374
3288
2360
2375
2361
2376
2362
2377
2363
2378
2364
2379
2365
2380
2366
2381
2367
2382
2368
2383
2369
2384
2370
2385
2371
2386
2372
2387
2373
2388
2389
2375
2390
3316
2376
2391
2377
2392
2378
2393
2379
2394
2380
2395
2381
2396
2382
2397
2383
2398
2384
2399
2385
2400
2386
2401
2387
2402
2388
2403
2389
2404
2405
2391
2406
3344
2392
2407
2393
2408
2394
2409
2395
2410
2396
2411
2397
2412
2398
2413
2399
2414
2400
2415
2401
2416
2402
2417
2403
2418
2404
2419
2405
2420
2421
2407
2422
3372
2408
2423
2409
2424
2410
2425
2411
2426
2412
2427
2413
2428
2414
2429
2415
2430
2416
2431
2417
2432
2418
2433
2419
2434
2420
2435
2421
2436
2437
2423
2438
3400
2424
2439
2425
2440
2426
2441
2427
2442
2428
2443
2429
2444
2430
2445
2431
2446
2432
2447
2433
2448
2434
2449
2435
2450
2436
2451
2437
2452
2453
2439
2454
3428
2440
2455
2441
2456
2442
2457
2443
2458
2444
2459
2445
2460
2446
2461
2447
2462
2448
2463
2449
2464
2450
2465
2451
2466
2452
2467
2453
2468
2469
2455
2470
3456
2456
2471
2457
2472
2458
2473
2459
2474
2460
2475
2461
2476
2462
2477
2463
2478
2464
2479
2465
2480
2466
2481
2467
2482
2468
2483
2469
2484
2485
2471
2486
3484
2472
2487
2473
2488
2474
2489
2475
2490
2476
2491
2477
2492
2478
2493
2479
2494
2480
2495
2481
2496
2482
2497
2483
2498
2484
2499
2485
2500
2501
2487
2502
3512
2488
2503
2489
2504
2490
2505
2491
2506
2492
2507
2493
2508
2494
2509
2495
2510
2496
2511
2497
2512
2498
2513
2499
2514
2500
2515
2501
2516
2517
2503
2518
3540
2504
2519
2505
2520
2506
2521
2507
2522
2508
2523
2509
2524
2510
2525
2511
2526
2512
2527
2513
2528
2514
2529
2515
2530
2516
2531
2517
2532
2533
2519
2534
3568
2520
2535
2521
2536
2522
2537
2523
2538
2524
2539
2525
2540
2526
2541
2527
2542
2528
2543
2529
2544
2530
2545
2531
2546
2532
2547
2533
2548
2549
2535
2550
3596
2536
2551
2537
2552
2538
2553
2539
2554
2540
2555
2541
2556
2542
2557
2543
2558
2544
2559
2545
2560
2546
2561
2547
2562
2548
2563
2549
2564
2565
2551
2566
3624
2552
2567
2553
2568
2554
2569
2555
2570
2556
2571
2557
2572
2558
2573
2559
2574
2560
2575
2561
2576
2562
2577
2563
2578
2564
2579
2565
2580
2581
2567
2582
3652
2568
2583
2569
2584
2570
2585
2571
2586
2572
2587
2573
2588
2574
2589
2575
2590
2576
2591
2577
2592
2578
2593
2579
2594
2580
2595
2581
2596
2597
2583
2598
3680
2584
2599
2585
2600
2586
2601
2587
2602
2588
2603
2589
2604
2590
2605
2591
2606
2592
2607
2593
2608
2594
2609
2595
2610
2596
2611
2597
2612
2613
2599
2614
3708
2600
2615
2601
2616
2602
2617
2603
2618
2604
2619
2605
2620
2606
2621
2607
2622
2608
2623
2609
2624
2610
2625
2611
2626
2612
2627
2613
2628
2629
2615
2630
3736
2616
2631
2617
2632
2618
2633
2619
2634
2620
2635
2621
2636
2622
2637
2623
2638
2624
2639
2625
2640
2626
2641
2627
2642
2628
2643
2629
2644
2645
2631
2646
3764
2632
2647
2633
2648
2634
2649
2635
2650
2636
2651
2637
2652
2638
2653
2639
2654
2640
2655
2641
2656
2642
2657
2643
2658
2644
2659
2645
2660
2661
2647
2662
3792
2648
2663
2649
2664
2650
2665
2651
2666
2652
2667
2653
2668
2654
2669
2655
2670
2656
2671
2657
2672
2658
2673
2659
2674
2660
2675
2661
2676
2677
2663
2678
3820
2664
2679
2665
2680
2666
2681
2667
2682
2668
2683
2669
2684
2670
2685
2671
2686
2672
2687
2673
2688
2674
2689
2675
2690
2676
2691
2677
2692
2693
2679
2694
3848
2680
2695
2681
2696
2682
2697
2683
2698
2684
2699
2685
2700
2686
2701
2687
2702
2688
2703
2689
2704
2690
2705
2691
2706
2692
2707
2693
2708
2709
2695
2710
3876
2696
2711
2697
2712
2698
2713
2699
2714
2700
2715
2701
2716
2702
2717
2703
2718
2704
2719
2705
2720
2706
2721
2707
2722
2708
2723
2709
2724
2725
2711
2726
3904
2712
2727
2713
2728
2714
2729
2715
2730
2716
2731
2717
2732
2718
2733
2719
2734
2720
2735
2721
2736
2722
2737
2723
2738
2724
2739
2725
2740
2741
2727
2742
3932
2728
2743
2729
2744
2730
2745
2731
2746
2732
2747
2733
2748
2734
2749
2735
2750
2736
2751
2737
2752
2738
2753
2739
2754
2740
2755
2741
2756
2757
2743
2758
3960
2744
2759
2745
2760
2746
2761
2747
2762
2748
2763
2749
2764
2750
2765
2751
2766
2752
2767
2753
2768
2754
2769
2755
2770
2756
2771
2757
2772
2773
2759
2774
3988
2760
2775
2761
2776
2762
2777
2763
2778
2764
2779
2765
2780
2766
2781
2767
2782
2768
2783
2769
2784
2770
2785
2771
2786
2772
2787
2773
2788
2789
2775
2790
4016
2776
2791
2777
2792
2778
2793
2779
2794
2780
2795
2781
2796
2782
2797
2783
2798
2784
2799
2785
2800
2786
2801
2787
2802
2788
2803
2789
2804
2805
2791
2806
4044
2792
2807
2793
2808
2794
2809
2795
2810
2796
2811
2797
2812
2798
2813
2799
2814
2800
2815
2801
2816
2802
2817
2803
2818
2804
2819
2805
2820
2821
2807
2822
4072
2808
2823
2809
2824
2810
2825
2811
2826
2812
2827
2813
2828
2814
2829
2815
2830
2816
2831
2817
2832
2818
2833
2819
2834
2820
2835
2821
2836
2837
2823
2838
4100
2824
2839
2825
2840
2826
2841
2827
2842
2828
2843
2829
2844
2830
2845
2831
2846
2832
2847
2833
2848
2834
2849
2835
2850
2836
2851
2837
2852
2853
2839
2854
4128
2840
2855
2841
2856
2842
2857
2843
2858
2844
2859
2845
2860
2846
2861
2847
2862
2848
2863
2849
2864
2850
2865
2851
2866
2852
2867
2853
2868
2869
2855
2870
4156
2856
2871
2857
2872
2858
2873
2859
2874
2860
2875
2861
2876
2862
2877
2863
2878
2864
2879
2865
2880
2866
2881
2867
2882
2868
2883
2869
2884
2885
2871
2886
4184
2872
2887
2873
2888
2874
2889
2875
2890
2876
2891
2877
2892
2878
2893
2879
2894
2880
2895
2881
2896
2882
2897
2883
2898
2884
2899
2885
2900
2901
2887
2902
4212
2888
2903
2889
2904
2890
2905
2891
2906
2892
2907
2893
2908
2894
2909
2895
2910
2896
2911
2897
2912
2898
2913
2899
2914
2900
2915
2901
2916
2917
2903
2918
4240
2904
2919
2905
2920
2906
2921
2907
2922
2908
2923
2909
2924
2910
2925
2911
2926
2912
2927
2913
2928
2914
2929
2915
2930
2916
2931
2917
2932
2933
2919
2935
4268
2920
2936
2921
2937
2922
2938
2923
2939
2924
2940
2925
2941
2926
2942
2927
2943
2928
2944
2929
2945
2930
2946
2931
2947
2932
2948
2933
2949
2934
2950
2951
2936
2952
4296
2937
2953
2938
2954
2939
2955
2940
2956
2941
2957
2942
2958
2943
2959
2944
2960
2945
2961
2946
2962
2947
2963
2948
2964
2949
2965
2950
2966
2951
2967
2968
2953
2969
4324
2954
2970
2955
2971
2956
2972
2957
2973
2958
2974
2959
2975
2960
2976
2961
2977
2962
2978
2963
2979
2964
2980
2965
2981
2966
2982
2967
2983
2968
2984
2985
2970
2986
4352
2971
2987
2972
2988
2973
2989
2974
2990
2975
2991
2976
2992
2977
2993
2978
2994
2979
2995
2980
2996
2981
2997
2982
2998
2983
2999
2984
3000
2985
3001
3002
2987
3003
4380
2988
3004
2989
3005
2990
3006
2991
3007
2992
3008
2993
3009
2994
3010
2995
3011
2996
3012
2997
3013
2998
3014
2999
3015
3000
3016
3001
3017
3002
3018
3019
3004
3020
4408
3005
3021
3006
3022
3007
3023
3008
3024
3009
3025
3010
3026
3011
3027
3012
3028
3013
3029
3014
3030
3015
3031
3016
3032
3017
3033
3018
3034
3019
3035
3036
3021
4436
3022
3023
3024
3025
3026
3027
3028
3029
3030
3031
3032
3033
3034
3035
3036
3038
3065
4457
3039
3066
3040
3067
3041
3068
3042
3069
3043
3070
3044
3071
3045
3072
3046
3073
3047
3074
3048
3075
3049
3076
3050
3077
3051
3078
3052
3079
3053
3080
3054
3081
3055
3082
3056
3083
3057
3084
3058
3085
3059
3086
3060
3087
3061
3088
3062
3089
3063
3090
3064
3091
3092
3066
3093
4478
3067
3094
3068
3095
3069
3096
3070
3097
3071
3098
3072
3099
3073
3100
3074
3101
3075
3102
3076
3103
3077
3104
3078
3105
3079
3106
3080
3107
3081
3108
3082
3109
3083
3110
3084
3111
3085
3112
3086
3113
3087
3114
3088
3115
3089
3116
3090
3117
3091
3118
3092
3119
3120
3094
3121
4499
3095
3122
3096
3123
3097
3124
3098
3125
3099
3126
3100
3127
3101
3128
3102
3129
3103
3130
3104
3131
3105
3132
3106
3133
3107
3134
3108
3135
3109
3136
3110
3137
3111
3138
3112
3139
3113
3140
3114
3141
3115
3142
3116
3143
3117
3144
3118
3145
3119
3146
3120
3147
3148
3122
3149
4520
3123
3150
3124
3151
3125
3152
3126
3153
3127
3154
3128
3155
3129
3156
3130
3157
3131
3158
3132
3159
3133
3160
3134
3161
3135
3162
3136
3163
3137
3164
3138
3165
3139
3166
3140
3167
3141
3168
3142
3169
3143
3170
3144
3171
3145
3172
3146
3173
3147
3174
3148
3175
3176
3150
3177
4541
3151
3178
3152
3179
3153
3180
3154
3181
3155
3182
3156
3183
3157
3184
3158
3185
3159
3186
3160
3187
3161
3188
3162
3189
3163
3190
3164
3191
3165
3192
3166
3193
3167
3194
3168
3195
3169
3196
3170
3197
3171
3198
3172
3199
3173
3200
3174
3201
3175
3202
3176
3203
3204
3178
3205
4562
3179
3206
3180
3207
3181
3208
3182
3209
3183
3210
3184
3211
3185
3212
3186
3213
3187
3214
3188
3215
3189
3216
3190
3217
3191
3218
3192
3219
3193
3220
3194
3221
3195
3222
3196
3223
3197
3224
3198
3225
3199
3226
3200
3227
3201
3228
3202
3229
3203
3230
3204
3231
3232
3206
3233
4583
3207
3234
3208
3235
3209
3236
3210
3237
3211
3238
3212
3239
3213
3240
3214
3241
3215
3242
3216
3243
3217
3244
3218
3245
3219
3246
3220
3247
3221
3248
3222
3249
3223
3250
3224
3251
3225
3252
3226
3253
3227
3254
3228
3255
3229
3256
3230
3257
3231
3258
3232
3259
3260
3234
3261
4604
3235
3262
3236
3263
3237
3264
3238
3265
3239
3266
3240
3267
3241
3268
3242
3269
3243
3270
3244
3271
3245
3272
3246
3273
3247
3274
3248
3275
3249
3276
3250
3277
3251
3278
3252
3279
3253
3280
3254
3281
3255
3282
3256
3283
3257
3284
3258
3285
3259
3286
3260
3287
3288
3262
3289
4625
3263
3290
3264
3291
3265
3292
3266
3293
3267
3294
3268
3295
3269
3296
3270
3297
3271
3298
3272
3299
3273
3300
3274
3301
3275
3302
3276
3303
3277
3304
3278
3305
3279
3306
3280
3307
3281
3308
3282
3309
3283
3310
3284
3311
3285
3312
3286
3313
3287
3314
3288
3315
3316
3290
3317
4646
3291
3318
3292
3319
3293
3320
3294
3321
3295
3322
3296
3323
3297
3324
3298
3325
3299
3326
3300
3327
3301
3328
3302
3329
3303
3330
3304
3331
3305
3332
3306
3333
3307
3334
3308
3335
3309
3336
3310
3337
3311
3338
3312
3339
3313
3340
3314
3341
3315
3342
3316
3343
3344
3318
3345
4667
3319
3346
3320
3347
3321
3348
3322
3349
3323
3350
3324
3351
3325
3352
3326
3353
3327
3354
3328
3355
3329
3356
3330
3357
3331
3358
3332
3359
3333
3360
3334
3361
3335
3362
3336
3363
3337
3364
3338
3365
3339
3366
3340
3367
3341
3368
3342
3369
3343
3370
3344
3371
3372
3346
3373
4688
3347
3374
3348
3375
3349
3376
3350
3377
3351
3378
3352
3379
3353
3380
3354
3381
3355
3382
3356
3383
3357
3384
3358
3385
3359
3386
3360
3387
3361
3388
3362
3389
3363
3390
3364
3391
3365
3392
3366
3393
3367
3394
3368
3395
3369
3396
3370
3397
3371
3398
3372
3399
3400
3374
3401
4709
3375
3402
3376
3403
3377
3404
3378
3405
3379
3406
3380
3407
3381
3408
3382
3409
3383
3410
3384
3411
3385
3412
3386
3413
3387
3414
3388
3415
3389
3416
3390
3417
3391
3418
3392
3419
3393
3420
3394
3421
3395
3422
3396
3423
3397
3424
3398
3425
3399
3426
3400
3427
3428
3402
3429
4730
3403
3430
3404
3431
3405
3432
3406
3433
3407
3434
3408
3435
3409
3436
3410
3437
3411
3438
3412
3439
3413
3440
3414
3441
3415
3442
3416
3443
3417
3444
3418
3445
3419
3446
3420
3447
3421
3448
3422
3449
3423
3450
3424
3451
3425
3452
3426
3453
3427
3454
3428
3455
3456
3430
3457
4751
3431
3458
3432
3459
3433
3460
3434
3461
3435
3462
3436
3463
3437
3464
3438
3465
3439
3466
3440
3467
3441
3468
3442
3469
3443
3470
3444
3471
3445
3472
3446
3473
3447
3474
3448
3475
3449
3476
3450
3477
3451
3478
3452
3479
3453
3480
3454
3481
3455
3482
3456
3483
3484
3458
3485
4772
3459
3486
3460
3487
3461
3488
3462
3489
3463
3490
3464
3491
3465
3492
3466
3493
3467
3494
3468
3495
3469
3496
3470
3497
3471
3498
3472
3499
3473
3500
3474
3501
3475
3502
3476
3503
3477
3504
3478
3505
3479
3506
3480
3507
3481
3508
3482
3509
3483
3510
3484
3511
3512
3486
3513
4793
3487
3514
3488
3515
3489
3516
3490
3517
3491
3518
3492
3519
3493
3520
3494
3521
3495
3522
3496
3523
3497
3524
3498
3525
3499
3526
3500
3527
3501
3528
3502
3529
3503
3530
3504
3531
3505
3532
3506
3533
3507
3534
3508
3535
3509
3536
3510
3537
3511
3538
3512
3539
3540
3514
3541
4814
3515
3542
3516
3543
3517
3544
3518
3545
3519
3546
3520
3547
3521
3548
3522
3549
3523
3550
3524
3551
3525
3552
3526
3553
3527
3554
3528
3555
3529
3556
3530
3557
3531
3558
3532
3559
3533
3560
3534
3561
3535
3562
3536
3563
3537
3564
3538
3565
3539
3566
3540
3567
3568
3542
3569
4835
3543
3570
3544
3571
3545
3572
3546
3573
3547
3574
3548
3575
3549
3576
3550
3577
3551
3578
3552
3579
3553
3580
3554
3581
3555
3582
3556
3583
3557
3584
3558
3585
3559
3586
3560
3587
3561
3588
3562
3589
3563
3590
3564
3591
3565
3592
3566
3593
3567
3594
3568
3595
3596
3570
3597
4856
3571
3598
3572
3599
3573
3600
3574
3601
3575
3602
3576
3603
3577
3604
3578
3605
3579
3606
3580
3607
3581
3608
3582
3609
3583
3610
3584
3611
3585
3612
3586
3613
3587
3614
3588
3615
3589
3616
3590
3617
3591
3618
3592
3619
3593
3620
3594
3621
3595
3622
3596
3623
3624
3598
3625
4877
3599
3626
3600
3627
3601
3628
3602
3629
3603
3630
3604
3631
3605
3632
3606
3633
3607
3634
3608
3635
3609
3636
3610
3637
3611
3638
3612
3639
3613
3640
3614
3641
3615
3642
3616
3643
3617
3644
3618
3645
3619
3646
3620
3647
3621
3648
3622
3649
3623
3650
3624
3651
3652
3626
3653
4898
3627
3654
3628
3655
3629
3656
3630
3657
3631
3658
3632
3659
3633
3660
3634
3661
3635
3662
3636
3663
3637
3664
3638
3665
3639
3666
3640
3667
3641
3668
3642
3669
3643
3670
3644
3671
3645
3672
3646
3673
3647
3674
3648
3675
3649
3676
3650
3677
3651
3678
3652
3679
3680
3654
3681
4919
3655
3682
3656
3683
3657
3684
3658
3685
3659
3686
3660
3687
3661
3688
3662
3689
3663
3690
3664
3691
3665
3692
3666
3693
3667
3694
3668
3695
3669
3696
3670
3697
3671
3698
3672
3699
3673
3700
3674
3701
3675
3702
3676
3703
3677
3704
3678
3705
3679
3706
3680
3707
3708
3682
3709
4940
3683
3710
3684
3711
3685
3712
3686
3713
3687
3714
3688
3715
3689
3716
3690
3717
3691
3718
3692
3719
3693
3720
3694
3721
3695
3722
3696
3723
3697
3724
3698
3725
3699
3726
3700
3727
3701
3728
3702
3729
3703
3730
3704
3731
3705
3732
3706
3733
3707
3734
3708
3735
3736
3710
3737
4961
3711
3738
3712
3739
3713
3740
3714
3741
3715
3742
3716
3743
3717
3744
3718
3745
3719
3746
3720
3747
3721
3748
3722
3749
3723
3750
3724
3751
3725
3752
3726
3753
3727
3754
3728
3755
3729
3756
3730
3757
3731
3758
3732
3759
3733
3760
3734
3761
3735
3762
3736
3763
3764
3738
3765
4982
3739
3766
3740
3767
3741
3768
3742
3769
3743
3770
3744
3771
3745
3772
3746
3773
3747
3774
3748
3775
3749
3776
3750
3777
3751
3778
3752
3779
3753
3780
3754
3781
3755
3782
3756
3783
3757
3784
3758
3785
3759
3786
3760
3787
3761
3788
3762
3789
3763
3790
3764
3791
3792
3766
3793
5003
3767
3794
3768
3795
3769
3796
3770
3797
3771
3798
3772
3799
3773
3800
3774
3801
3775
3802
3776
3803
3777
3804
3778
3805
3779
3806
3780
3807
3781
3808
3782
3809
3783
3810
3784
3811
3785
3812
3786
3813
3787
3814
3788
3815
3789
3816
3790
3817
3791
3818
3792
3819
3820
3794
3821
5024
3795
3822
3796
3823
3797
3824
3798
3825
3799
3826
3800
3827
3801
3828
3802
3829
3803
3830
3804
3831
3805
3832
3806
3833
3807
3834
3808
3835
3809
3836
3810
3837
3811
3838
3812
3839
3813
3840
3814
3841
3815
3842
3816
3843
3817
3844
3818
3845
3819
3846
3820
3847
3848
3822
3849
5045
3823
3850
3824
3851
3825
3852
3826
3853
3827
3854
3828
3855
3829
3856
3830
3857
3831
3858
3832
3859
3833
3860
3834
3861
3835
3862
3836
3863
3837
3864
3838
3865
3839
3866
3840
3867
3841
3868
3842
3869
3843
3870
3844
3871
3845
3872
3846
3873
3847
3874
3848
3875
3876
3850
3877
5066
3851
3878
3852
3879
3853
3880
3854
3881
3855
3882
3856
3883
3857
3884
3858
3885
3859
3886
3860
3887
3861
3888
3862
3889
3863
3890
3864
3891
3865
3892
3866
3893
3867
3894
3868
3895
3869
3896
3870
3897
3871
3898
3872
3899
3873
3900
3874
3901
3875
3902
3876
3903
3904
3878
3905
5087
3879
3906
3880
3907
3881
3908
3882
3909
3883
3910
3884
3911
3885
3912
3886
3913
3887
3914
3888
3915
3889
3916
3890
3917
3891
3918
3892
3919
3893
3920
3894
3921
3895
3922
3896
3923
3897
3924
3898
3925
3899
3926
3900
3927
3901
3928
3902
3929
3903
3930
3904
3931
3932
3906
3933
5108
3907
3934
3908
3935
3909
3936
3910
3937
3911
3938
3912
3939
3913
3940
3914
3941
3915
3942
3916
3943
3917
3944
3918
3945
3919
3946
3920
3947
3921
3948
3922
3949
3923
3950
3924
3951
3925
3952
3926
3953
3927
3954
3928
3955
3929
3956
3930
3957
3931
3958
3932
3959
3960
3934
3961
5129
3935
3962
3936
3963
3937
3964
3938
3965
3939
3966
3940
3967
3941
3968
3942
3969
3943
3970
3944
3971
3945
3972
3946
3973
3947
3974
3948
3975
3949
3976
3950
3977
3951
3978
3952
3979
3953
3980
3954
3981
3955
3982
3956
3983
3957
3984
3958
3985
3959
3986
3960
3987
3988
3962
3989
5150
3963
3990
3964
3991
3965
3992
3966
3993
3967
3994
3968
3995
3969
3996
3970
3997
3971
3998
3972
3999
3973
4000
3974
4001
3975
4002
3976
4003
3977
4004
3978
4005
3979
4006
3980
4007
3981
4008
3982
4009
3983
4010
3984
4011
3985
4012
3986
4013
3987
4014
3988
4015
4016
3990
4017
5171
3991
4018
3992
4019
3993
4020
3994
4021
3995
4022
3996
4023
3997
4024
3998
4025
3999
4026
4000
4027
4001
4028
4002
4029
4003
4030
4004
4031
4005
4032
4006
4033
4007
4034
4008
4035
4009
4036
4010
4037
4011
4038
4012
4039
4013
4040
4014
4041
4015
4042
4016
4043
4044
4018
4045
5192
4019
4046
4020
4047
4021
4048
4022
4049
4023
4050
4024
4051
4025
4052
4026
4053
4027
4054
4028
4055
4029
4056
4030
4057
4031
4058
4032
4059
4033
4060
4034
4061
4035
4062
4036
4063
4037
4064
4038
4065
4039
4066
4040
4067
4041
4068
4042
4069
4043
4070
4044
4071
4072
4046
4073
5213
4047
4074
4048
4075
4049
4076
4050
4077
4051
4078
4052
4079
4053
4080
4054
4081
4055
4082
4056
4083
4057
4084
4058
4085
4059
4086
4060
4087
4061
4088
4062
4089
4063
4090
4064
4091
4065
4092
4066
4093
4067
4094
4068
4095
4069
4096
4070
4097
4071
4098
4072
4099
4100
4074
4101
5234
4075
4102
4076
4103
4077
4104
4078
4105
4079
4106
4080
4107
4081
4108
4082
4109
4083
4110
4084
4111
4085
4112
4086
4113
4087
4114
4088
4115
4089
4116
4090
4117
4091
4118
4092
4119
4093
4120
4094
4121
4095
4122
4096
4123
4097
4124
4098
4125
4099
4126
4100
4127
4128
4102
4129
5255
4103
4130
4104
4131
4105
4132
4106
4133
4107
4134
4108
4135
4109
4136
4110
4137
4111
4138
4112
4139
4113
4140
4114
4141
4115
4142
4116
4143
4117
4144
4118
4145
4119
4146
4120
4147
4121
4148
4122
4149
4123
4150
4124
4151
4125
4152
4126
4153
4127
4154
4128
4155
4156
4130
4157
5276
4131
4158
4132
4159
4133
4160
4134
4161
4135
4162
4136
4163
4137
4164
4138
4165
4139
4166
4140
4167
4141
4168
4142
4169
4143
4170
4144
4171
4145
4172
4146
4173
4147
4174
4148
4175
4149
4176
4150
4177
4151
4178
4152
4179
4153
4180
4154
4181
4155
4182
4156
4183
4184
4158
4185
5297
4159
4186
4160
4187
4161
4188
4162
4189
4163
4190
4164
4191
4165
4192
4166
4193
4167
4194
4168
4195
4169
4196
4170
4197
4171
4198
4172
4199
4173
4200
4174
4201
4175
4202
4176
4203
4177
4204
4178
4205
4179
4206
4180
4207
4181
4208
4182
4209
4183
4210
4184
4211
4212
4186
4213
5318
4187
4214
4188
4215
4189
4216
4190
4217
4191
4218
4192
4219
4193
4220
4194
4221
4195
4222
4196
4223
4197
4224
4198
4225
4199
4226
4200
4227
4201
4228
4202
4229
4203
4230
4204
4231
4205
4232
4206
4233
4207
4234
4208
4235
4209
4236
4210
4237
4211
4238
4212
4239
4240
4214
4241
5339
4215
4242
4216
4243
4217
4244
4218
4245
4219
4246
4220
4247
4221
4248
4222
4249
4223
4250
4224
4251
4225
4252
4226
4253
4227
4254
4228
4255
4229
4256
4230
4257
4231
4258
4232
4259
4233
4260
4234
4261
4235
4262
4236
4263
4237
4264
4238
4265
4239
4266
4240
4267
4268
4242
4269
5360
4243
4270
4244
4271
4245
4272
4246
4273
4247
4274
4248
4275
4249
4276
4250
4277
4251
4278
4252
4279
4253
4280
4254
4281
4255
4282
4256
4283
4257
4284
4258
4285
4259
4286
4260
4287
4261
4288
4262
4289
4263
4290
4264
4291
4265
4292
4266
4293
4267
4294
4268
4295
4296
4270
4297
5381
4271
4298
4272
4299
4273
4300
4274
4301
4275
4302
4276
4303
4277
4304
4278
4305
4279
4306
4280
4307
4281
4308
4282
4309
4283
4310
4284
4311
4285
4312
4286
4313
4287
4314
4288
4315
4289
4316
4290
4317
4291
4318
4292
4319
4293
4320
4294
4321
4295
4322
4296
4323
4324
4298
4325
5402
4299
4326
4300
4327
4301
4328
4302
4329
4303
4330
4304
4331
4305
4332
4306
4333
4307
4334
4308
4335
4309
4336
4310
4337
4311
4338
4312
4339
4313
4340
4314
4341
4315
4342
4316
4343
4317
4344
4318
4345
4319
4346
4320
4347
4321
4348
4322
4349
4323
4350
4324
4351
4352
4326
4353
5423
4327
4354
4328
4355
4329
4356
4330
4357
4331
4358
4332
4359
4333
4360
4334
4361
4335
4362
4336
4363
4337
4364
4338
4365
4339
4366
4340
4367
4341
4368
4342
4369
4343
4370
4344
4371
4345
4372
4346
4373
4347
4374
4348
4375
4349
4376
4350
4377
4351
4378
4352
4379
4380
4354
4381
5444
4355
4382
4356
4383
4357
4384
4358
4385
4359
4386
4360
4387
4361
4388
4362
4389
4363
4390
4364
4391
4365
4392
4366
4393
4367
4394
4368
4395
4369
4396
4370
4397
4371
4398
4372
4399
4373
4400
4374
4401
4375
4402
4376
4403
4377
4404
4378
4405
4379
4406
4380
4407
4408
4382
4409
5465
4383
4410
4384
4411
4385
4412
4386
4413
4387
4414
4388
4415
4389
4416
4390
4417
4391
4418
4392
4419
4393
4420
4394
4421
4395
4422
4396
4423
4397
4424
4398
4425
4399
4426
4400
4427
4401
4428
4402
4429
4403
4430
4404
4431
4405
4432
4406
4433
4407
4434
4408
4435
4436
4410
5486
4411
4412
4413
4414
4415
4416
4417
4418
4419
4420
4421
4422
4423
4424
4425
4426
4427
4428
4429
4430
4431
4432
4433
4434
4435
4436
4438
4458
6054
4439
4459
6055
4440
4460
6056
4441
4461
6057
4442
4462
6058
4443
4463
6059
4444
4464
6060
4445
4465
6061
4446
4466
6062
4447
4467
6063
4448
4468
6064
4449
4469
6065
4450
4470
6066
4451
4471
6067
4452
4472
6068
4453
4473
6069
4454
4474
6070
4455
4475
6071
4456
4476
6072
4457
4477
6073
4478
6074
4459
4479
4460
4480
4461
4481
4462
4482
4463
4483
4464
4484
4465
4485
4466
4486
4467
4487
4468
4488
4469
4489
4470
4490
4471
4491
4472
4492
4473
4493
4474
4494
4475
4495
4476
4496
4477
4497
4478
4498
4499
4480
4500
4481
4501
4482
4502
4483
4503
4484
4504
4485
4505
4486
4506
4487
4507
4488
4508
4489
4509
4490
4510
4491
4511
4492
4512
4493
4513
4494
4514
4495
4515
4496
4516
4497
4517
4498
4518
4499
4519
4520
4501
4521
4502
4522
4503
4523
4504
4524
4505
4525
4506
4526
4507
4527
4508
4528
4509
4529
4510
4530
4511
4531
4512
4532
4513
4533
4514
4534
4515
4535
4516
4536
4517
4537
4518
4538
4519
4539
4520
4540
4541
4522
4542
4523
4543
4524
4544
4525
4545
4526
4546
4527
4547
4528
4548
4529
4549
4530
4550
4531
4551
4532
4552
4533
4553
4534
4554
4535
4555
4536
4556
4537
4557
4538
4558
4539
4559
4540
4560
4541
4561
4562
4543
4563
4544
4564
4545
4565
4546
4566
4547
4567
4548
4568
4549
4569
4550
4570
4551
4571
4552
4572
4553
4573
4554
4574
4555
4575
4556
4576
4557
4577
4558
4578
4559
4579
4560
4580
4561
4581
4562
4582
4583
4564
4584
4565
4585
4566
4586
4567
4587
4568
4588
4569
4589
4570
4590
4571
4591
4572
4592
4573
4593
4574
4594
4575
4595
4576
4596
4577
4597
4578
4598
4579
4599
4580
4600
4581
4601
4582
4602
4583
4603
4604
4585
4605
4586
4606
4587
4607
4588
4608
4589
4609
4590
4610
4591
4611
4592
4612
4593
4613
4594
4614
4595
4615
4596
4616
4597
4617
4598
4618
4599
4619
4600
4620
4601
4621
4602
4622
4603
4623
4604
4624
4625
4606
4626
4607
4627
4608
4628
4609
4629
4610
4630
4611
4631
4612
4632
4613
4633
4614
4634
4615
4635
4616
4636
4617
4637
4618
4638
4619
4639
4620
4640
4621
4641
4622
4642
4623
4643
4624
4644
4625
4645
4646
4627
4647
4628
4648
4629
4649
4630
4650
4631
4651
4632
4652
4633
4653
4634
4654
4635
4655
4636
4656
4637
4657
4638
4658
4639
4659
4640
4660
4641
4661
4642
4662
4643
4663
4644
4664
4645
4665
4646
4666
4667
4648
4668
4649
4669
4650
4670
4651
4671
4652
4672
4653
4673
4654
4674
4655
4675
4656
4676
4657
4677
4658
4678
4659
4679
4660
4680
4661
4681
4662
4682
4663
4683
4664
4684
4665
4685
4666
4686
4667
4687
4688
4669
4689
4670
4690
4671
4691
4672
4692
4673
4693
4674
4694
4675
4695
4676
4696
4677
4697
4678
4698
4679
4699
4680
4700
4681
4701
4682
4702
4683
4703
4684
4704
4685
4705
4686
4706
4687
4707
4688
4708
4709
4690
4710
4691
4711
4692
4712
4693
4713
4694
4714
4695
4715
4696
4716
4697
4717
4698
4718
4699
4719
4700
4720
4701
4721
4702
4722
4703
4723
4704
4724
4705
4725
4706
4726
4707
4727
4708
4728
4709
4729
4730
4711
4731
4712
4732
4713
4733
4714
4734
4715
4735
4716
4736
4717
4737
4718
4738
4719
4739
4720
4740
4721
4741
4722
4742
4723
4743
4724
4744
4725
4745
4726
4746
4727
4747
4728
4748
4729
4749
4730
4750
4751
4732
4752
4733
4753
4734
4754
4735
4755
4736
4756
4737
4757
4738
4758
4739
4759
4740
4760
4741
4761
4742
4762
4743
4763
4744
4764
4745
4765
4746
4766
4747
4767
4748
4768
4749
4769
4750
4770
4751
4771
4772
4753
4773
4754
4774
4755
4775
4756
4776
4757
4777
4758
4778
4759
4779
4760
4780
4761
4781
4762
4782
4763
4783
4764
4784
4765
4785
4766
4786
4767
4787
4768
4788
4769
4789
4770
4790
4771
4791
4772
4792
4793
4774
4794
4775
4795
4776
4796
4777
4797
4778
4798
4779
4799
4780
4800
4781
4801
4782
4802
4783
4803
4784
4804
4785
4805
4786
4806
4787
4807
4788
4808
4789
4809
4790
4810
4791
4811
4792
4812
4793
4813
4814
4795
4815
4796
4816
4797
4817
4798
4818
4799
4819
4800
4820
4801
4821
4802
4822
4803
4823
4804
4824
4805
4825
4806
4826
4807
4827
4808
4828
4809
4829
4810
4830
4811
4831
4812
4832
4813
4833
4814
4834
4835
4816
4836
4817
4837
4818
4838
4819
4839
4820
4840
4821
4841
4822
4842
4823
4843
4824
4844
4825
4845
4826
4846
4827
4847
4828
4848
4829
4849
4830
4850
4831
4851
4832
4852
4833
4853
4834
4854
4835
4855
4856
4837
4857
4838
4858
4839
4859
4840
4860
4841
4861
4842
4862
4843
4863
4844
4864
4845
4865
4846
4866
4847
4867
4848
4868
4849
4869
4850
4870
4851
4871
4852
4872
4853
4873
4854
4874
4855
4875
4856
4876
4877
4858
4878
4859
4879
4860
4880
4861
4881
4862
4882
4863
4883
4864
4884
4865
4885
4866
4886
4867
4887
4868
4888
4869
4889
4870
4890
4871
4891
4872
4892
4873
4893
4874
4894
4875
4895
4876
4896
4877
4897
4898
4879
4899
4880
4900
4881
4901
4882
4902
4883
4903
4884
4904
4885
4905
4886
4906
4887
4907
4888
4908
4889
4909
4890
4910
4891
4911
4892
4912
4893
4913
4894
4914
4895
4915
4896
4916
4897
4917
4898
4918
4919
4900
4920
4901
4921
4902
4922
4903
4923
4904
4924
4905
4925
4906
4926
4907
4927
4908
4928
4909
4929
4910
4930
4911
4931
4912
4932
4913
4933
4914
4934
4915
4935
4916
4936
4917
4937
4918
4938
4919
4939
4940
4921
4941
4922
4942
4923
4943
4924
4944
4925
4945
4926
4946
4927
4947
4928
4948
4929
4949
4930
4950
4931
4951
4932
4952
4933
4953
4934
4954
4935
4955
4936
4956
4937
4957
4938
4958
4939
4959
4940
4960
4961
4942
4962
4943
4963
4944
4964
4945
4965
4946
4966
4947
4967
4948
4968
4949
4969
4950
4970
4951
4971
4952
4972
4953
4973
4954
4974
4955
4975
4956
4976
4957
4977
4958
4978
4959
4979
4960
4980
4961
4981
4982
4963
4983
4964
4984
4965
4985
4966
4986
4967
4987
4968
4988
4969
4989
4970
4990
4971
4991
4972
4992
4973
4993
4974
4994
4975
4995
4976
4996
4977
4997
4978
4998
4979
4999
4980
5000
4981
5001
4982
5002
5003
4984
5004
4985
5005
4986
5006
4987
5007
4988
5008
4989
5009
4990
5010
4991
5011
4992
5012
4993
5013
4994
5014
4995
5015
4996
5016
4997
5017
4998
5018
4999
5019
5000
5020
5001
5021
5002
5022
5003
5023
5024
5005
5025
5006
5026
5007
5027
5008
5028
5009
5029
5010
5030
5011
5031
5012
5032
5013
5033
5014
5034
5015
5035
5016
5036
5017
5037
5018
5038
5019
5039
5020
5040
5021
5041
5022
5042
5023
5043
5024
5044
5045
5026
5046
5027
5047
5028
5048
5029
5049
5030
5050
5031
5051
5032
5052
5033
5053
5034
5054
5035
5055
5036
5056
5037
5057
5038
5058
5039
5059
5040
5060
5041
5061
5042
5062
5043
5063
5044
5064
5045
5065
5066
5047
5067
5048
5068
5049
5069
5050
5070
5051
5071
5052
5072
5053
5073
5054
5074
5055
5075
5056
5076
5057
5077
5058
5078
5059
5079
5060
5080
5061
5081
5062
5082
5063
5083
5064
5084
5065
5085
5066
5086
5087
5068
5088
5069
5089
5070
5090
5071
5091
5072
5092
5073
5093
5074
5094
5075
5095
5076
5096
5077
5097
5078
5098
5079
5099
5080
5100
5081
5101
5082
5102
5083
5103
5084
5104
5085
5105
5086
5106
5087
5107
5108
5089
5109
5090
5110
5091
5111
5092
5112
5093
5113
5094
5114
5095
5115
5096
5116
5097
5117
5098
5118
5099
5119
5100
5120
5101
5121
5102
5122
5103
5123
5104
5124
5105
5125
5106
5126
5107
5127
5108
5128
5129
5110
5130
5111
5131
5112
5132
5113
5133
5114
5134
5115
5135
5116
5136
5117
5137
5118
5138
5119
5139
5120
5140
5121
5141
5122
5142
5123
5143
5124
5144
5125
5145
5126
5146
5127
5147
5128
5148
5129
5149
5150
5131
5151
5132
5152
5133
5153
5134
5154
5135
5155
5136
5156
5137
5157
5138
5158
5139
5159
5140
5160
5141
5161
5142
5162
5143
5163
5144
5164
5145
5165
5146
5166
5147
5167
5148
5168
5149
5169
5150
5170
5171
5152
5172
5153
5173
5154
5174
5155
5175
5156
5176
5157
5177
5158
5178
5159
5179
5160
5180
5161
5181
5162
5182
5163
5183
5164
5184
5165
5185
5166
5186
5167
5187
5168
5188
5169
5189
5170
5190
5171
5191
5192
5173
5193
5174
5194
5175
5195
5176
5196
5177
5197
5178
5198
5179
5199
5180
5200
5181
5201
5182
5202
5183
5203
5184
5204
5185
5205
5186
5206
5187
5207
5188
5208
5189
5209
5190
5210
5191
5211
5192
5212
5213
5194
5214
5195
5215
5196
5216
5197
5217
5198
5218
5199
5219
5200
5220
5201
5221
5202
5222
5203
5223
5204
5224
5205
5225
5206
5226
5207
5227
5208
5228
5209
5229
5210
5230
5211
5231
5212
5232
5213
5233
5234
5215
5235
5216
5236
5217
5237
5218
5238
5219
5239
5220
5240
5221
5241
5222
5242
5223
5243
5224
5244
5225
5245
5226
5246
5227
5247
5228
5248
5229
5249
5230
5250
5231
5251
5232
5252
5233
5253
5234
5254
5255
5236
5256
5237
5257
5238
5258
5239
5259
5240
5260
5241
5261
5242
5262
5243
5263
5244
5264
5245
5265
5246
5266
5247
5267
5248
5268
5249
5269
5250
5270
5251
5271
5252
5272
5253
5273
5254
5274
5255
5275
5276
5257
5277
5258
5278
5259
5279
5260
5280
5261
5281
5262
5282
5263
5283
5264
5284
5265
5285
5266
5286
5267
5287
5268
5288
5269
5289
5270
5290
5271
5291
5272
5292
5273
5293
5274
5294
5275
5295
5276
5296
5297
5278
5298
5279
5299
5280
5300
5281
5301
5282
5302
5283
5303
5284
5304
5285
5305
5286
5306
5287
5307
5288
5308
5289
5309
5290
5310
5291
5311
5292
5312
5293
5313
5294
5314
5295
5315
5296
5316
5297
5317
5318
5299
5319
5300
5320
5301
5321
5302
5322
5303
5323
5304
5324
5305
5325
5306
5326
5307
5327
5308
5328
5309
5329
5310
5330
5311
5331
5312
5332
5313
5333
5314
5334
5315
5335
5316
5336
5317
5337
5318
5338
5339
5320
5340
5321
5341
5322
5342
5323
5343
5324
5344
5325
5345
5326
5346
5327
5347
5328
5348
5329
5349
5330
5350
5331
5351
5332
5352
5333
5353
5334
5354
5335
5355
5336
5356
5337
5357
5338
5358
5339
5359
5360
5341
5361
5342
5362
5343
5363
5344
5364
5345
5365
5346
5366
5347
5367
5348
5368
5349
5369
5350
5370
5351
5371
5352
5372
5353
5373
5354
5374
5355
5375
5356
5376
5357
5377
5358
5378
5359
5379
5360
5380
5381
5362
5382
5363
5383
5364
5384
5365
5385
5366
5386
5367
5387
5368
5388
5369
5389
5370
5390
5371
5391
5372
5392
5373
5393
5374
5394
5375
5395
5376
5396
5377
5397
5378
5398
5379
5399
5380
5400
5381
5401
5402
5383
5403
5384
5404
5385
5405
5386
5406
5387
5407
5388
5408
5389
5409
5390
5410
5391
5411
5392
5412
5393
5413
5394
5414
5395
5415
5396
5416
5397
5417
5398
5418
5399
5419
5400
5420
5401
5421
5402
5422
5423
5404
5424
5405
5425
5406
5426
5407
5427
5408
5428
5409
5429
5410
5430
5411
5431
5412
5432
5413
5433
5414
5434
5415
5435
5416
5436
5417
5437
5418
5438
5419
5439
5420
5440
5421
5441
5422
5442
5423
5443
5444
5425
5445
5426
5446
5427
5447
5428
5448
5429
5449
5430
5450
5431
5451
5432
5452
5433
5453
5434
5454
5435
5455
5436
5456
5437
5457
5438
5458
5439
5459
5440
5460
5441
5461
5442
5462
5443
5463
5444
5464
5465
5446
5466
5447
5467
5448
5468
5449
5469
5450
5470
5451
5471
5452
5472
5453
5473
5454
5474
5455
5475
5456
5476
5457
5477
5458
5478
5459
5479
5460
5480
5461
5481
5462
5482
5463
5483
5464
5484
5465
5485
5486
5467
5468
5469
5470
5471
5472
5473
5474
5475
5476
5477
5478
5479
5480
5481
5482
5483
5484
5485
5486
5488
5508
6642
5489
5509
6643
5490
5510
6644
5491
5511
6645
5492
5512
6646
5493
5513
6647
5494
5514
6648
5495
5515
6649
5496
5516
6650
5497
5517
6651
5498
5518
6652
5499
5519
6653
5500
5520
6654
5501
5521
6655
5502
5522
6656
5503
5523
6657
5504
5524
6658
5505
5525
6659
5506
5526
6660
5507
5527
6661
5528
6662
5509
5529
5510
5530
5511
5531
5512
5532
5513
5533
5514
5534
5515
5535
5516
5536
5517
5537
5518
5538
5519
5539
5520
5540
5521
5541
5522
5542
5523
5543
5524
5544
5525
5545
5526
5546
5527
5547
5528
5548
5549
5530
5550
5531
5551
5532
5552
5533
5553
5534
5554
5535
5555
5536
5556
5537
5557
5538
5558
5539
5559
5540
5560
5541
5561
5542
5562
5543
5563
5544
5564
5545
5565
5546
5566
5547
5567
5548
5568
5549
5569
5570
5551
5571
5552
5572
5553
5573
5554
5574
5555
5575
5556
5576
5557
5577
5558
5578
5559
5579
5560
5580
5561
5581
5562
5582
5563
5583
5564
5584
5565
5585
5566
5586
5567
5587
5568
5588
5569
5589
5570
5590
5591
5572
5592
5573
5593
5574
5594
5575
5595
5576
5596
5577
5597
5578
5598
5579
5599
5580
5600
5581
5601
5582
5602
5583
5603
5584
5604
5585
5605
5586
5606
5587
5607
5588
5608
5589
5609
5590
5610
5591
5611
5612
5593
5613
5594
5614
5595
5615
5596
5616
5597
5617
5598
5618
5599
5619
5600
5620
5601
5621
5602
5622
5603
5623
5604
5624
5605
5625
5606
5626
5607
5627
5608
5628
5609
5629
5610
5630
5611
5631
5612
5632
5633
5614
5634
5615
5635
5616
5636
5617
5637
5618
5638
5619
5639
5620
5640
5621
5641
5622
5642
5623
5643
5624
5644
5625
5645
5626
5646
5627
5647
5628
5648
5629
5649
5630
5650
5631
5651
5632
5652
5633
5653
5654
5635
5655
5636
5656
5637
5657
5638
5658
5639
5659
5640
5660
5641
5661
5642
5662
5643
5663
5644
5664
5645
5665
5646
5666
5647
5667
5648
5668
5649
5669
5650
5670
5651
5671
5652
5672
5653
5673
5654
5674
5675
5656
5676
5657
5677
5658
5678
5659
5679
5660
5680
5661
5681
5662
5682
5663
5683
5664
5684
5665
5685
5666
5686
5667
5687
5668
5688
5669
5689
5670
5690
5671
5691
5672
5692
5673
5693
5674
5694
5675
5695
5696
5677
5697
5678
5698
5679
5699
5680
5700
5681
5701
5682
5702
5683
5703
5684
5704
5685
5705
5686
5706
5687
5707
5688
5708
5689
5709
5690
5710
5691
5711
5692
5712
5693
5713
5694
5714
5695
5715
5696
5716
5717
5698
5718
5699
5719
5700
5720
5701
5721
5702
5722
5703
5723
5704
5724
5705
5725
5706
5726
5707
5727
5708
5728
5709
5729
5710
5730
5711
5731
5712
5732
5713
5733
5714
5734
5715
5735
5716
5736
5717
5737
5738
5719
5739
5720
5740
5721
5741
5722
5742
5723
5743
5724
5744
5725
5745
5726
5746
5727
5747
5728
5748
5729
5749
5730
5750
5731
5751
5732
5752
5733
5753
5734
5754
5735
5755
5736
5756
5737
5757
5738
5758
5759
5740
5760
5741
5761
5742
5762
5743
5763
5744
5764
5745
5765
5746
5766
5747
5767
5748
5768
5749
5769
5750
5770
5751
5771
5752
5772
5753
5773
5754
5774
5755
5775
5756
5776
5757
5777
5758
5778
5759
5779
5780
5761
5781
5762
5782
5763
5783
5764
5784
5765
5785
5766
5786
5767
5787
5768
5788
5769
5789
5770
5790
5771
5791
5772
5792
5773
5793
5774
5794
5775
5795
5776
5796
5777
5797
5778
5798
5779
5799
5780
5800
5801
5782
5802
5783
5803
5784
5804
5785
5805
5786
5806
5787
5807
5788
5808
5789
5809
5790
5810
5791
5811
5792
5812
5793
5813
5794
5814
5795
5815
5796
5816
5797
5817
5798
5818
5799
5819
5800
5820
5801
5821
5822
5803
5823
5804
5824
5805
5825
5806
5826
5807
5827
5808
5828
5809
5829
5810
5830
5811
5831
5812
5832
5813
5833
5814
5834
5815
5835
5816
5836
5817
5837
5818
5838
5819
5839
5820
5840
5821
5841
5822
5842
5843
5824
5844
5825
5845
5826
5846
5827
5847
5828
5848
5829
5849
5830
5850
5831
5851
5832
5852
5833
5853
5834
5854
5835
5855
5836
5856
5837
5857
5838
5858
5839
5859
5840
5860
5841
5861
5842
5862
5843
5863
5864
5845
5865
5846
5866
5847
5867
5848
5868
5849
5869
5850
5870
5851
5871
5852
5872
5853
5873
5854
5874
5855
5875
5856
5876
5857
5877
5858
5878
5859
5879
5860
5880
5861
5881
5862
5882
5863
5883
5864
5884
5885
5866
5886
5867
5887
5868
5888
5869
5889
5870
5890
5871
5891
5872
5892
5873
5893
5874
5894
5875
5895
5876
5896
5877
5897
5878
5898
5879
5899
5880
5900
5881
5901
5882
5902
5883
5903
5884
5904
5885
5905
5906
5887
5907
5888
5908
5889
5909
5890
5910
5891
5911
5892
5912
5893
5913
5894
5914
5895
5915
5896
5916
5897
5917
5898
5918
5899
5919
5900
5920
5901
5921
5902
5922
5903
5923
5904
5924
5905
5925
5906
5926
5927
5908
5928
5909
5929
5910
5930
5911
5931
5912
5932
5913
5933
5914
5934
5915
5935
5916
5936
5917
5937
5918
5938
5919
5939
5920
5940
5921
5941
5922
5942
5923
5943
5924
5944
5925
5945
5926
5946
5927
5947
5948
5929
5949
5930
5950
5931
5951
5932
5952
5933
5953
5934
5954
5935
5955
5936
5956
5937
5957
5938
5958
5939
5959
5940
5960
5941
5961
5942
5962
5943
5963
5944
5964
5945
5965
5946
5966
5947
5967
5948
5968
5969
5950
5970
5951
5971
5952
5972
5953
5973
5954
5974
5955
5975
5956
5976
5957
5977
5958
5978
5959
5979
5960
5980
5961
5981
5962
5982
5963
5983
5964
5984
5965
5985
5966
5986
5967
5987
5968
5988
5969
5989
5990
5971
5991
5972
5992
5973
5993
5974
5994
5975
5995
5976
5996
5977
5997
5978
5998
5979
5999
5980
6000
5981
6001
5982
6002
5983
6003
5984
6004
5985
6005
5986
6006
5987
6007
5988
6008
5989
6009
5990
6010
6011
5992
6012
5993
6013
5994
6014
5995
6015
5996
6016
5997
6017
5998
6018
5999
6019
6000
6020
6001
6021
6002
6022
6003
6023
6004
6024
6005
6025
6006
6026
6007
6027
6008
6028
6009
6029
6010
6030
6011
6031
6032
6013
6033
6014
6034
6015
6035
6016
6036
6017
6037
6018
6038
6019
6039
6020
6040
6021
6041
6022
6042
6023
6043
6024
6044
6025
6045
6026
6046
6027
6047
6028
6048
6029
6049
6030
6050
6031
6051
6032
6052
6053
6034
6054
6035
6055
6036
6056
6037
6057
6038
6058
6039
6059
6040
6060
6041
6061
6042
6062
6043
6063
6044
6064
6045
6065
6046
6066
6047
6067
6048
6068
6049
6069
6050
6070
6051
6071
6052
6072
6053
6073
6074
6055
6056
6057
6058
6059
6060
6061
6062
6063
6064
6065
6066
6067
6068
6069
6070
6071
6072
6073
6074
6076
6096
7692
6077
6097
7693
6078
6098
7694
6079
6099
7695
6080
6100
7696
6081
6101
7697
6082
6102
7698
6083
6103
7699
6084
6104
7700
6085
6105
7701
6086
6106
7702
6087
6107
7703
6088
6108
7704
6089
6109
7705
6090
6110
7706
6091
6111
7707
6092
6112
7708
6093
6113
7709
6094
6114
7710
6095
6115
7711
6116
7712
6097
6117
6098
6118
6099
6119
6100
6120
6101
6121
6102
6122
6103
6123
6104
6124
6105
6125
6106
6126
6107
6127
6108
6128
6109
6129
6110
6130
6111
6131
6112
6132
6113
6133
6114
6134
6115
6135
6116
6136
6137
6118
6138
6119
6139
6120
6140
6121
6141
6122
6142
6123
6143
6124
6144
6125
6145
6126
6146
6127
6147
6128
6148
6129
6149
6130
6150
6131
6151
6132
6152
6133
6153
6134
6154
6135
6155
6136
6156
6137
6157
6158
6139
6159
6140
6160
6141
6161
6142
6162
6143
6163
6144
6164
6145
6165
6146
6166
6147
6167
6148
6168
6149
6169
6150
6170
6151
6171
6152
6172
6153
6173
6154
6174
6155
6175
6156
6176
6157
6177
6158
6178
6179
6160
6180
6161
6181
6162
6182
6163
6183
6164
6184
6165
6185
6166
6186
6167
6187
6168
6188
6169
6189
6170
6190
6171
6191
6172
6192
6173
6193
6174
6194
6175
6195
6176
6196
6177
6197
6178
6198
6179
6199
6200
6181
6201
6182
6202
6183
6203
6184
6204
6185
6205
6186
6206
6187
6207
6188
6208
6189
6209
6190
6210
6191
6211
6192
6212
6193
6213
6194
6214
6195
6215
6196
6216
6197
6217
6198
6218
6199
6219
6200
6220
6221
6202
6222
6203
6223
6204
6224
6205
6225
6206
6226
6207
6227
6208
6228
6209
6229
6210
6230
6211
6231
6212
6232
6213
6233
6214
6234
6215
6235
6216
6236
6217
6237
6218
6238
6219
6239
6220
6240
6221
6241
6242
6223
6243
6224
6244
6225
6245
6226
6246
6227
6247
6228
6248
6229
6249
6230
6250
6231
6251
6232
6252
6233
6253
6234
6254
6235
6255
6236
6256
6237
6257
6238
6258
6239
6259
6240
6260
6241
6261
6242
6262
6263
6244
6264
6245
6265
6246
6266
6247
6267
6248
6268
6249
6269
6250
6270
6251
6271
6252
6272
6253
6273
6254
6274
6255
6275
6256
6276
6257
6277
6258
6278
6259
6279
6260
6280
6261
6281
6262
6282
6263
6283
6284
6265
6285
6266
6286
6267
6287
6268
6288
6269
6289
6270
6290
6271
6291
6272
6292
6273
6293
6274
6294
6275
6295
6276
6296
6277
6297
6278
6298
6279
6299
6280
6300
6281
6301
6282
6302
6283
6303
6284
6304
6305
6286
6306
6287
6307
6288
6308
6289
6309
6290
6310
6291
6311
6292
6312
6293
6313
6294
6314
6295
6315
6296
6316
6297
6317
6298
6318
6299
6319
6300
6320
6301
6321
6302
6322
6303
6323
6304
6324
6305
6325
6326
6307
6327
6308
6328
6309
6329
6310
6330
6311
6331
6312
6332
6313
6333
6314
6334
6315
6335
6316
6336
6317
6337
6318
6338
6319
6339
6320
6340
6321
6341
6322
6342
6323
6343
6324
6344
6325
6345
6326
6346
6347
6328
6348
6329
6349
6330
6350
6331
6351
6332
6352
6333
6353
6334
6354
6335
6355
6336
6356
6337
6357
6338
6358
6339
6359
6340
6360
6341
6361
6342
6362
6343
6363
6344
6364
6345
6365
6346
6366
6347
6367
6368
6349
6369
6350
6370
6351
6371
6352
6372
6353
6373
6354
6374
6355
6375
6356
6376
6357
6377
6358
6378
6359
6379
6360
6380
6361
6381
6362
6382
6363
6383
6364
6384
6365
6385
6366
6386
6367
6387
6368
6388
6389
6370
6390
6371
6391
6372
6392
6373
6393
6374
6394
6375
6395
6376
6396
6377
6397
6378
6398
6379
6399
6380
6400
6381
6401
6382
6402
6383
6403
6384
6404
6385
6405
6386
6406
6387
6407
6388
6408
6389
6409
6410
6391
6411
6392
6412
6393
6413
6394
6414
6395
6415
6396
6416
6397
6417
6398
6418
6399
6419
6400
6420
6401
6421
6402
6422
6403
6423
6404
6424
6405
6425
6406
6426
6407
6427
6408
6428
6409
6429
6410
6430
6431
6412
6432
6413
6433
6414
6434
6415
6435
6416
6436
6417
6437
6418
6438
6419
6439
6420
6440
6421
6441
6422
6442
6423
6443
6424
6444
6425
6445
6426
6446
6427
6447
6428
6448
6429
6449
6430
6450
6431
6451
6452
6433
6453
6434
6454
6435
6455
6436
6456
6437
6457
6438
6458
6439
6459
6440
6460
6441
6461
6442
6462
6443
6463
6444
6464
6445
6465
6446
6466
6447
6467
6448
6468
6449
6469
6450
6470
6451
6471
6452
6472
6473
6454
6474
6455
6475
6456
6476
6457
6477
6458
6478
6459
6479
6460
6480
6461
6481
6462
6482
6463
6483
6464
6484
6465
6485
6466
6486
6467
6487
6468
6488
6469
6489
6470
6490
6471
6491
6472
6492
6473
6493
6494
6475
6495
6476
6496
6477
6497
6478
6498
6479
6499
6480
6500
6481
6501
6482
6502
6483
6503
6484
6504
6485
6505
6486
6506
6487
6507
6488
6508
6489
6509
6490
6510
6491
6511
6492
6512
6493
6513
6494
6514
6515
6496
6516
6497
6517
6498
6518
6499
6519
6500
6520
6501
6521
6502
6522
6503
6523
6504
6524
6505
6525
6506
6526
6507
6527
6508
6528
6509
6529
6510
6530
6511
6531
6512
6532
6513
6533
6514
6534
6515
6535
6536
6517
6537
6518
6538
6519
6539
6520
6540
6521
6541
6522
6542
6523
6543
6524
6544
6525
6545
6526
6546
6527
6547
6528
6548
6529
6549
6530
6550
6531
6551
6532
6552
6533
6553
6534
6554
6535
6555
6536
6556
6557
6538
6558
6539
6559
6540
6560
6541
6561
6542
6562
6543
6563
6544
6564
6545
6565
6546
6566
6547
6567
6548
6568
6549
6569
6550
6570
6551
6571
6552
6572
6553
6573
6554
6574
6555
6575
6556
6576
6557
6577
6578
6559
6579
6560
6580
6561
6581
6562
6582
6563
6583
6564
6584
6565
6585
6566
6586
6567
6587
6568
6588
6569
6589
6570
6590
6571
6591
6572
6592
6573
6593
6574
6594
6575
6595
6576
6596
6577
6597
6578
6598
6599
6580
6600
6581
6601
6582
6602
6583
6603
6584
6604
6585
6605
6586
6606
6587
6607
6588
6608
6589
6609
6590
6610
6591
6611
6592
6612
6593
6613
6594
6614
6595
6615
6596
6616
6597
6617
6598
6618
6599
6619
6620
6601
6621
6602
6622
6603
6623
6604
6624
6605
6625
6606
6626
6607
6627
6608
6628
6609
6629
6610
6630
6611
6631
6612
6632
6613
6633
6614
6634
6615
6635
6616
6636
6617
6637
6618
6638
6619
6639
6620
6640
6641
6622
6642
6623
6643
6624
6644
6625
6645
6626
6646
6627
6647
6628
6648
6629
6649
6630
6650
6631
6651
6632
6652
6633
6653
6634
6654
6635
6655
6636
6656
6637
6657
6638
6658
6639
6659
6640
6660
6641
6661
6662
6643
6644
6645
6646
6647
6648
6649
6650
6651
6652
6653
6654
6655
6656
6657
6658
6659
6660
6661
6662
6664
6684
6665
6685
6666
6686
6667
6687
6668
6688
6669
6689
6670
6690
6671
6691
6672
6692
6673
6693
6674
6694
6675
6695
6676
6696
6677
6697
6678
6698
6679
6699
6680
6700
6681
6701
6682
6702
6683
6703
6704
7713
6685
6705
6686
6706
6687
6707
6688
6708
6689
6709
6690
6710
6691
6711
6692
6712
6693
6713
6694
6714
6695
6715
6696
6716
6697
6717
6698
6718
6699
6719
6700
6720
6701
6721
6702
6722
6703
6723
6704
6724
6725
7741
6706
6726
6707
6727
6708
6728
6709
6729
6710
6730
6711
6731
6712
6732
6713
6733
6714
6734
6715
6735
6716
6736
6717
6737
6718
6738
6719
6739
6720
6740
6721
6741
6722
6742
6723
6743
6724
6744
6725
6745
6746
7769
6727
6747
6728
6748
6729
6749
6730
6750
6731
6751
6732
6752
6733
6753
6734
6754
6735
6755
6736
6756
6737
6757
6738
6758
6739
6759
6740
6760
6741
6761
6742
6762
6743
6763
6744
6764
6745
6765
6746
6766
6767
7797
6748
6768
6749
6769
6750
6770
6751
6771
6752
6772
6753
6773
6754
6774
6755
6775
6756
6776
6757
6777
6758
6778
6759
6779
6760
6780
6761
6781
6762
6782
6763
6783
6764
6784
6765
6785
6766
6786
6767
6787
6788
7825
6769
6789
6770
6790
6771
6791
6772
6792
6773
6793
6774
6794
6775
6795
6776
6796
6777
6797
6778
6798
6779
6799
6780
6800
6781
6801
6782
6802
6783
6803
6784
6804
6785
6805
6786
6806
6787
6807
6788
6808
6809
7853
6790
6810
6791
6811
6792
6812
6793
6813
6794
6814
6795
6815
6796
6816
6797
6817
6798
6818
6799
6819
6800
6820
6801
6821
6802
6822
6803
6823
6804
6824
6805
6825
6806
6826
6807
6827
6808
6828
6809
6829
6830
7881
6811
6831
6812
6832
6813
6833
6814
6834
6815
6835
6816
6836
6817
6837
6818
6838
6819
6839
6820
6840
6821
6841
6822
6842
6823
6843
6824
6844
6825
6845
6826
6846
6827
6847
6828
6848
6829
6849
6830
6850
6851
7909
6832
6852
6833
6853
6834
6854
6835
6855
6836
6856
6837
6857
6838
6858
6839
6859
6840
6860
6841
6861
6842
6862
6843
6863
6844
6864
6845
6865
6846
6866
6847
6867
6848
6868
6849
6869
6850
6870
6851
6871
6872
7937
6853
6873
6854
6874
6855
6875
6856
6876
6857
6877
6858
6878
6859
6879
6860
6880
6861
6881
6862
6882
6863
6883
6864
6884
6865
6885
6866
6886
6867
6887
6868
6888
6869
6889
6870
6890
6871
6891
6872
6892
6893
7965
6874
6894
6875
6895
6876
6896
6877
6897
6878
6898
6879
6899
6880
6900
6881
6901
6882
6902
6883
6903
6884
6904
6885
6905
6886
6906
6887
6907
6888
6908
6889
6909
6890
6910
6891
6911
6892
6912
6893
6913
6914
7993
6895
6915
6896
6916
6897
6917
6898
6918
6899
6919
6900
6920
6901
6921
6902
6922
6903
6923
6904
6924
6905
6925
6906
6926
6907
6927
6908
6928
6909
6929
6910
6930
6911
6931
6912
6932
6913
6933
6914
6934
6935
8021
6916
6936
6917
6937
6918
6938
6919
6939
6920
6940
6921
6941
6922
6942
6923
6943
6924
6944
6925
6945
6926
6946
6927
6947
6928
6948
6929
6949
6930
6950
6931
6951
6932
6952
6933
6953
6934
6954
6935
6955
6956
8049
6937
6957
6938
6958
6939
6959
6940
6960
6941
6961
6942
6962
6943
6963
6944
6964
6945
6965
6946
6966
6947
6967
6948
6968
6949
6969
6950
6970
6951
6971
6952
6972
6953
6973
6954
6974
6955
6975
6956
6976
6977
8077
6958
6978
6959
6979
6960
6980
6961
6981
6962
6982
6963
6983
6964
6984
6965
6985
6966
6986
6967
6987
6968
6988
6969
6989
6970
6990
6971
6991
6972
6992
6973
6993
6974
6994
6975
6995
6976
6996
6977
6997
6998
8105
6979
6999
6980
7000
6981
7001
6982
7002
6983
7003
6984
7004
6985
7005
6986
7006
6987
7007
6988
7008
6989
7009
6990
7010
6991
7011
6992
7012
6993
7013
6994
7014
6995
7015
6996
7016
6997
7017
6998
7018
7019
8133
7000
7020
7001
7021
7002
7022
7003
7023
7004
7024
7005
7025
7006
7026
7007
7027
7008
7028
7009
7029
7010
7030
7011
7031
7012
7032
7013
7033
7014
7034
7015
7035
7016
7036
7017
7037
7018
7038
7019
7039
7040
8161
7021
7041
7022
7042
7023
7043
7024
7044
7025
7045
7026
7046
7027
7047
7028
7048
7029
7049
7030
7050
7031
7051
7032
7052
7033
7053
7034
7054
7035
7055
7036
7056
7037
7057
7038
7058
7039
7059
7040
7060
7061
8189
7042
7062
7043
7063
7044
7064
7045
7065
7046
7066
7047
7067
7048
7068
7049
7069
7050
7070
7051
7071
7052
7072
7053
7073
7054
7074
7055
7075
7056
7076
7057
7077
7058
7078
7059
7079
7060
7080
7061
7081
7082
8217
7063
7083
7064
7084
7065
7085
7066
7086
7067
7087
7068
7088
7069
7089
7070
7090
7071
7091
7072
7092
7073
7093
7074
7094
7075
7095
7076
7096
7077
7097
7078
7098
7079
7099
7080
7100
7081
7101
7082
7102
7103
8245
7084
7104
7085
7105
7086
7106
7087
7107
7088
7108
7089
7109
7090
7110
7091
7111
7092
7112
7093
7113
7094
7114
7095
7115
7096
7116
7097
7117
7098
7118
7099
7119
7100
7120
7101
7121
7102
7122
7103
7123
7124
8273
7105
7125
7106
7126
7107
7127
7108
7128
7109
7129
7110
7130
7111
7131
7112
7132
7113
7133
7114
7134
7115
7135
7116
7136
7117
7137
7118
7138
7119
7139
7120
7140
7121
7141
7122
7142
7123
7143
7124
7144
7145
8301
7126
7146
7127
7147
7128
7148
7129
7149
7130
7150
7131
7151
7132
7152
7133
7153
7134
7154
7135
7155
7136
7156
7137
7157
7138
7158
7139
7159
7140
7160
7141
7161
7142
7162
7143
7163
7144
7164
7145
7165
7166
8329
7147
7167
7148
7168
7149
7169
7150
7170
7151
7171
7152
7172
7153
7173
7154
7174
7155
7175
7156
7176
7157
7177
7158
7178
7159
7179
7160
7180
7161
7181
7162
7182
7163
7183
7164
7184
7165
7185
7166
7186
7187
8357
7168
7188
7169
7189
7170
7190
7171
7191
7172
7192
7173
7193
7174
7194
7175
7195
7176
7196
7177
7197
7178
7198
7179
7199
7180
7200
7181
7201
7182
7202
7183
7203
7184
7204
7185
7205
7186
7206
7187
7207
7208
8385
7189
7209
7190
7210
7191
7211
7192
7212
7193
7213
7194
7214
7195
7215
7196
7216
7197
7217
7198
7218
7199
7219
7200
7220
7201
7221
7202
7222
7203
7223
7204
7224
7205
7225
7206
7226
7207
7227
7208
7228
7229
8413
7210
7230
7211
7231
7212
7232
7213
7233
7214
7234
7215
7235
7216
7236
7217
7237
7218
7238
7219
7239
7220
7240
7221
7241
7222
7242
7223
7243
7224
7244
7225
7245
7226
7246
7227
7247
7228
7248
7229
7249
7250
8441
7231
7251
7232
7252
7233
7253
7234
7254
7235
7255
7236
7256
7237
7257
7238
7258
7239
7259
7240
7260
7241
7261
7242
7262
7243
7263
7244
7264
7245
7265
7246
7266
7247
7267
7248
7268
7249
7269
7250
7270
7271
8469
7252
7272
7253
7273
7254
7274
7255
7275
7256
7276
7257
7277
7258
7278
7259
7279
7260
7280
7261
7281
7262
7282
7263
7283
7264
7284
7265
7285
7266
7286
7267
7287
7268
7288
7269
7289
7270
7290
7271
7291
7292
8497
7273
7293
7274
7294
7275
7295
7276
7296
7277
7297
7278
7298
7279
7299
7280
7300
7281
7301
7282
7302
7283
7303
7284
7304
7285
7305
7286
7306
7287
7307
7288
7308
7289
7309
7290
7310
7291
7311
7292
7312
7313
8525
7294
7314
7295
7315
7296
7316
7297
7317
7298
7318
7299
7319
7300
7320
7301
7321
7302
7322
7303
7323
7304
7324
7305
7325
7306
7326
7307
7327
7308
7328
7309
7329
7310
7330
7311
7331
7312
7332
7313
7333
7334
8553
7315
7335
7316
7336
7317
7337
7318
7338
7319
7339
7320
7340
7321
7341
7322
7342
7323
7343
7324
7344
7325
7345
7326
7346
7327
7347
7328
7348
7329
7349
7330
7350
7331
7351
7332
7352
7333
7353
7334
7354
7355
8581
7336
7356
7337
7357
7338
7358
7339
7359
7340
7360
7341
7361
7342
7362
7343
7363
7344
7364
7345
7365
7346
7366
7347
7367
7348
7368
7349
7369
7350
7370
7351
7371
7352
7372
7353
7373
7354
7374
7355
7375
7376
8609
7357
7377
7358
7378
7359
7379
7360
7380
7361
7381
7362
7382
7363
7383
7364
7384
7365
7385
7366
7386
7367
7387
7368
7388
7369
7389
7370
7390
7371
7391
7372
7392
7373
7393
7374
7394
7375
7395
7376
7396
7397
8637
7378
7398
7379
7399
7380
7400
7381
7401
7382
7402
7383
7403
7384
7404
7385
7405
7386
7406
7387
7407
7388
7408
7389
7409
7390
7410
7391
7411
7392
7412
7393
7413
7394
7414
7395
7415
7396
7416
7397
7417
7418
8665
7399
7419
7400
7420
7401
7421
7402
7422
7403
7423
7404
7424
7405
7425
7406
7426
7407
7427
7408
7428
7409
7429
7410
7430
7411
7431
7412
7432
7413
7433
7414
7434
7415
7435
7416
7436
7417
7437
7418
7438
7439
8693
7420
7440
7421
7441
7422
7442
7423
7443
7424
7444
7425
7445
7426
7446
7427
7447
7428
7448
7429
7449
7430
7450
7431
7451
7432
7452
7433
7453
7434
7454
7435
7455
7436
7456
7437
7457
7438
7458
7439
7459
7460
8721
7441
7461
7442
7462
7443
7463
7444
7464
7445
7465
7446
7466
7447
7467
7448
7468
7449
7469
7450
7470
7451
7471
7452
7472
7453
7473
7454
7474
7455
7475
7456
7476
7457
7477
7458
7478
7459
7479
7460
7480
7481
8749
7462
7482
7463
7483
7464
7484
7465
7485
7466
7486
7467
7487
7468
7488
7469
7489
7470
7490
7471
7491
7472
7492
7473
7493
7474
7494
7475
7495
7476
7496
7477
7497
7478
7498
7479
7499
7480
7500
7481
7501
7502
8777
7483
7503
7484
7504
7485
7505
7486
7506
7487
7507
7488
7508
7489
7509
7490
7510
7491
7511
7492
7512
7493
7513
7494
7514
7495
7515
7496
7516
7497
7517
7498
7518
7499
7519
7500
7520
7501
7521
7502
7522
7523
8805
7504
7524
7505
7525
7506
7526
7507
7527
7508
7528
7509
7529
7510
7530
7511
7531
7512
7532
7513
7533
7514
7534
7515
7535
7516
7536
7517
7537
7518
7538
7519
7539
7520
7540
7521
7541
7522
7542
7523
7543
7544
8833
7525
7545
7526
7546
7527
7547
7528
7548
7529
7549
7530
7550
7531
7551
7532
7552
7533
7553
7534
7554
7535
7555
7536
7556
7537
7557
7538
7558
7539
7559
7540
7560
7541
7561
7542
7562
7543
7563
7544
7564
7565
8861
7546
7566
7547
7567
7548
7568
7549
7569
7550
7570
7551
7571
7552
7572
7553
7573
7554
7574
7555
7575
7556
7576
7557
7577
7558
7578
7559
7579
7560
7580
7561
7581
7562
7582
7563
7583
7564
7584
7565
7585
7586
8889
7567
7587
7568
7588
7569
7589
7570
7590
7571
7591
7572
7592
7573
7593
7574
7594
7575
7595
7576
7596
7577
7597
7578
7598
7579
7599
7580
7600
7581
7601
7582
7602
7583
7603
7584
7604
7585
7605
7586
7606
7607
8917
7588
7608
7589
7609
7590
7610
7591
7611
7592
7612
7593
7613
7594
7614
7595
7615
7596
7616
7597
7617
7598
7618
7599
7619
7600
7620
7601
7621
7602
7622
7603
7623
7604
7624
7605
7625
7606
7626
7607
7627
7628
8945
7609
7629
7610
7630
7611
7631
7612
7632
7613
7633
7614
7634
7615
7635
7616
7636
7617
7637
7618
7638
7619
7639
7620
7640
7621
7641
7622
7642
7623
7643
7624
7644
7625
7645
7626
7646
7627
7647
7628
7648
7649
8973
7630
7650
7631
7651
7632
7652
7633
7653
7634
7654
7635
7655
7636
7656
7637
7657
7638
7658
7639
7659
7640
7660
7641
7661
7642
7662
7643
7663
7644
7664
7645
7665
7646
7666
7647
7667
7648
7668
7649
7669
7670
9001
7651
7671
7652
7672
7653
7673
7654
7674
7655
7675
7656
7676
7657
7677
7658
7678
7659
7679
7660
7680
7661
7681
7662
7682
7663
7683
7664
7684
7665
7685
7666
7686
7667
7687
7668
7688
7669
7689
7670
7690
7691
9029
7672
7692
7673
7693
7674
7694
7675
7695
7676
7696
7677
7697
7678
7698
7679
7699
7680
7700
7681
7701
7682
7702
7683
7703
7684
7704
7685
7705
7686
7706
7687
7707
7688
7708
7689
7709
7690
7710
7691
7711
7712
9057
7693
7694
7695
7696
7697
7698
7699
7700
7701
7702
7703
7704
7705
7706
7707
7708
7709
7710
7711
7712
9085
7714
7741
7715
7742
7716
7743
7717
7744
7718
7745
7719
7746
7720
7747
7721
7748
7722
7749
7723
7750
7724
7751
7725
7752
7726
7753
7727
7754
7728
7755
7729
7756
7730
7757
7731
7758
7732
7759
7733
7760
7734
7761
7735
7762
7736
7763
7737
7764
7738
7765
7739
7766
7740
7767
7768
9113
7742
7769
7743
7770
7744
7771
7745
7772
7746
7773
7747
7774
7748
7775
7749
7776
7750
7777
7751
7778
7752
7779
7753
7780
7754
7781
7755
7782
7756
7783
7757
7784
7758
7785
7759
7786
7760
7787
7761
7788
7762
7789
7763
7790
7764
7791
7765
7792
7766
7793
7767
7794
7768
7795
7796
9129
7770
7797
7771
7798
7772
7799
7773
7800
7774
7801
7775
7802
7776
7803
7777
7804
7778
7805
7779
7806
7780
7807
7781
7808
7782
7809
7783
7810
7784
7811
7785
7812
7786
7813
7787
7814
7788
7815
7789
7816
7790
7817
7791
7818
7792
7819
7793
7820
7794
7821
7795
7822
7796
7823
7824
9145
7798
7825
7799
7826
7800
7827
7801
7828
7802
7829
7803
7830
7804
7831
7805
7832
7806
7833
7807
7834
7808
7835
7809
7836
7810
7837
7811
7838
7812
7839
7813
7840
7814
7841
7815
7842
7816
7843
7817
7844
7818
7845
7819
7846
7820
7847
7821
7848
7822
7849
7823
7850
7824
7851
7852
9161
7826
7853
7827
7854
7828
7855
7829
7856
7830
7857
7831
7858
7832
7859
7833
7860
7834
7861
7835
7862
7836
7863
7837
7864
7838
7865
7839
7866
7840
7867
7841
7868
7842
7869
7843
7870
7844
7871
7845
7872
7846
7873
7847
7874
7848
7875
7849
7876
7850
7877
7851
7878
7852
7879
7880
9177
7854
7881
7855
7882
7856
7883
7857
7884
7858
7885
7859
7886
7860
7887
7861
7888
7862
7889
7863
7890
7864
7891
7865
7892
7866
7893
7867
7894
7868
7895
7869
7896
7870
7897
7871
7898
7872
7899
7873
7900
7874
7901
7875
7902
7876
7903
7877
7904
7878
7905
7879
7906
7880
7907
7908
9193
7882
7909
7883
7910
7884
7911
7885
7912
7886
7913
7887
7914
7888
7915
7889
7916
7890
7917
7891
7918
7892
7919
7893
7920
7894
7921
7895
7922
7896
7923
7897
7924
7898
7925
7899
7926
7900
7927
7901
7928
7902
7929
7903
7930
7904
7931
7905
7932
7906
7933
7907
7934
7908
7935
7936
9209
7910
7937
7911
7938
7912
7939
7913
7940
7914
7941
7915
7942
7916
7943
7917
7944
7918
7945
7919
7946
7920
7947
7921
7948
7922
7949
7923
7950
7924
7951
7925
7952
7926
7953
7927
7954
7928
7955
7929
7956
7930
7957
7931
7958
7932
7959
7933
7960
7934
7961
7935
7962
7936
7963
7964
9225
7938
7965
7939
7966
7940
7967
7941
7968
7942
7969
7943
7970
7944
7971
7945
7972
7946
7973
7947
7974
7948
7975
7949
7976
7950
7977
7951
7978
7952
7979
7953
7980
7954
7981
7955
7982
7956
7983
7957
7984
7958
7985
7959
7986
7960
7987
7961
7988
7962
7989
7963
7990
7964
7991
7992
9241
7966
7993
7967
7994
7968
7995
7969
7996
7970
7997
7971
7998
7972
7999
7973
8000
7974
8001
7975
8002
7976
8003
7977
8004
7978
8005
7979
8006
7980
8007
7981
8008
7982
8009
7983
8010
7984
8011
7985
8012
7986
8013
7987
8014
7988
8015
7989
8016
7990
8017
7991
8018
7992
8019
8020
9257
7994
8021
7995
8022
7996
8023
7997
8024
7998
8025
7999
8026
8000
8027
8001
8028
8002
8029
8003
8030
8004
8031
8005
8032
8006
8033
8007
8034
8008
8035
8009
8036
8010
8037
8011
8038
8012
8039
8013
8040
8014
8041
8015
8042
8016
8043
8017
8044
8018
8045
8019
8046
8020
8047
8048
9273
8022
8049
8023
8050
8024
8051
8025
8052
8026
8053
8027
8054
8028
8055
8029
8056
8030
8057
8031
8058
8032
8059
8033
8060
8034
8061
8035
8062
8036
8063
8037
8064
8038
8065
8039
8066
8040
8067
8041
8068
8042
8069
8043
8070
8044
8071
8045
8072
8046
8073
8047
8074
8048
8075
8076
9289
8050
8077
8051
8078
8052
8079
8053
8080
8054
8081
8055
8082
8056
8083
8057
8084
8058
8085
8059
8086
8060
8087
8061
8088
8062
8089
8063
8090
8064
8091
8065
8092
8066
8093
8067
8094
8068
8095
8069
8096
8070
8097
8071
8098
8072
8099
8073
8100
8074
8101
8075
8102
8076
8103
8104
9305
8078
8105
8079
8106
8080
8107
8081
8108
8082
8109
8083
8110
8084
8111
8085
8112
8086
8113
8087
8114
8088
8115
8089
8116
8090
8117
8091
8118
8092
8119
8093
8120
8094
8121
8095
8122
8096
8123
8097
8124
8098
8125
8099
8126
8100
8127
8101
8128
8102
8129
8103
8130
8104
8131
8132
9321
8106
8133
8107
8134
8108
8135
8109
8136
8110
8137
8111
8138
8112
8139
8113
8140
8114
8141
8115
8142
8116
8143
8117
8144
8118
8145
8119
8146
8120
8147
8121
8148
8122
8149
8123
8150
8124
8151
8125
8152
8126
8153
8127
8154
8128
8155
8129
8156
8130
8157
8131
8158
8132
8159
8160
9337
8134
8161
8135
8162
8136
8163
8137
8164
8138
8165
8139
8166
8140
8167
8141
8168
8142
8169
8143
8170
8144
8171
8145
8172
8146
8173
8147
8174
8148
8175
8149
8176
8150
8177
8151
8178
8152
8179
8153
8180
8154
8181
8155
8182
8156
8183
8157
8184
8158
8185
8159
8186
8160
8187
8188
9353
8162
8189
8163
8190
8164
8191
8165
8192
8166
8193
8167
8194
8168
8195
8169
8196
8170
8197
8171
8198
8172
8199
8173
8200
8174
8201
8175
8202
8176
8203
8177
8204
8178
8205
8179
8206
8180
8207
8181
8208
8182
8209
8183
8210
8184
8211
8185
8212
8186
8213
8187
8214
8188
8215
8216
9369
8190
8217
8191
8218
8192
8219
8193
8220
8194
8221
8195
8222
8196
8223
8197
8224
8198
8225
8199
8226
8200
8227
8201
8228
8202
8229
8203
8230
8204
8231
8205
8232
8206
8233
8207
8234
8208
8235
8209
8236
8210
8237
8211
8238
8212
8239
8213
8240
8214
8241
8215
8242
8216
8243
8244
9385
8218
8245
8219
8246
8220
8247
8221
8248
8222
8249
8223
8250
8224
8251
8225
8252
8226
8253
8227
8254
8228
8255
8229
8256
8230
8257
8231
8258
8232
8259
8233
8260
8234
8261
8235
8262
8236
8263
8237
8264
8238
8265
8239
8266
8240
8267
8241
8268
8242
8269
8243
8270
8244
8271
8272
9401
8246
8273
8247
8274
8248
8275
8249
8276
8250
8277
8251
8278
8252
8279
8253
8280
8254
8281
8255
8282
8256
8283
8257
8284
8258
8285
8259
8286
8260
8287
8261
8288
8262
8289
8263
8290
8264
8291
8265
8292
8266
8293
8267
8294
8268
8295
8269
8296
8270
8297
8271
8298
8272
8299
8300
9417
8274
8301
8275
8302
8276
8303
8277
8304
8278
8305
8279
8306
8280
8307
8281
8308
8282
8309
8283
8310
8284
8311
8285
8312
8286
8313
8287
8314
8288
8315
8289
8316
8290
8317
8291
8318
8292
8319
8293
8320
8294
8321
8295
8322
8296
8323
8297
8324
8298
8325
8299
8326
8300
8327
8328
9433
8302
8329
8303
8330
8304
8331
8305
8332
8306
8333
8307
8334
8308
8335
8309
8336
8310
8337
8311
8338
8312
8339
8313
8340
8314
8341
8315
8342
8316
8343
8317
8344
8318
8345
8319
8346
8320
8347
8321
8348
8322
8349
8323
8350
8324
8351
8325
8352
8326
8353
8327
8354
8328
8355
8356
9449
8330
8357
8331
8358
8332
8359
8333
8360
8334
8361
8335
8362
8336
8363
8337
8364
8338
8365
8339
8366
8340
8367
8341
8368
8342
8369
8343
8370
8344
8371
8345
8372
8346
8373
8347
8374
8348
8375
8349
8376
8350
8377
8351
8378
8352
8379
8353
8380
8354
8381
8355
8382
8356
8383
8384
9465
8358
8385
8359
8386
8360
8387
8361
8388
8362
8389
8363
8390
8364
8391
8365
8392
8366
8393
8367
8394
8368
8395
8369
8396
8370
8397
8371
8398
8372
8399
8373
8400
8374
8401
8375
8402
8376
8403
8377
8404
8378
8405
8379
8406
8380
8407
8381
8408
8382
8409
8383
8410
8384
8411
8412
9481
8386
8413
8387
8414
8388
8415
8389
8416
8390
8417
8391
8418
8392
8419
8393
8420
8394
8421
8395
8422
8396
8423
8397
8424
8398
8425
8399
8426
8400
8427
8401
8428
8402
8429
8403
8430
8404
8431
8405
8432
8406
8433
8407
8434
8408
8435
8409
8436
8410
8437
8411
8438
8412
8439
8440
9497
8414
8441
8415
8442
8416
8443
8417
8444
8418
8445
8419
8446
8420
8447
8421
8448
8422
8449
8423
8450
8424
8451
8425
8452
8426
8453
8427
8454
8428
8455
8429
8456
8430
8457
8431
8458
8432
8459
8433
8460
8434
8461
8435
8462
8436
8463
8437
8464
8438
8465
8439
8466
8440
8467
8468
9513
8442
8469
8443
8470
8444
8471
8445
8472
8446
8473
8447
8474
8448
8475
8449
8476
8450
8477
8451
8478
8452
8479
8453
8480
8454
8481
8455
8482
8456
8483
8457
8484
8458
8485
8459
8486
8460
8487
8461
8488
8462
8489
8463
8490
8464
8491
8465
8492
8466
8493
8467
8494
8468
8495
8496
9529
8470
8497
8471
8498
8472
8499
8473
8500
8474
8501
8475
8502
8476
8503
8477
8504
8478
8505
8479
8506
8480
8507
8481
8508
8482
8509
8483
8510
8484
8511
8485
8512
8486
8513
8487
8514
8488
8515
8489
8516
8490
8517
8491
8518
8492
8519
8493
8520
8494
8521
8495
8522
8496
8523
8524
9545
8498
8525
8499
8526
8500
8527
8501
8528
8502
8529
8503
8530
8504
8531
8505
8532
8506
8533
8507
8534
8508
8535
8509
8536
8510
8537
8511
8538
8512
8539
8513
8540
8514
8541
8515
8542
8516
8543
8517
8544
8518
8545
8519
8546
8520
8547
8521
8548
8522
8549
8523
8550
8524
8551
8552
9561
8526
8553
8527
8554
8528
8555
8529
8556
8530
8557
8531
8558
8532
8559
8533
8560
8534
8561
8535
8562
8536
8563
8537
8564
8538
8565
8539
8566
8540
8567
8541
8568
8542
8569
8543
8570
8544
8571
8545
8572
8546
8573
8547
8574
8548
8575
8549
8576
8550
8577
8551
8578
8552
8579
8580
9577
8554
8581
8555
8582
8556
8583
8557
8584
8558
8585
8559
8586
8560
8587
8561
8588
8562
8589
8563
8590
8564
8591
8565
8592
8566
8593
8567
8594
8568
8595
8569
8596
8570
8597
8571
8598
8572
8599
8573
8600
8574
8601
8575
8602
8576
8603
8577
8604
8578
8605
8579
8606
8580
8607
8608
9593
8582
8609
8583
8610
8584
8611
8585
8612
8586
8613
8587
8614
8588
8615
8589
8616
8590
8617
8591
8618
8592
8619
8593
8620
8594
8621
8595
8622
8596
8623
8597
8624
8598
8625
8599
8626
8600
8627
8601
8628
8602
8629
8603
8630
8604
8631
8605
8632
8606
8633
8607
8634
8608
8635
8636
9609
8610
8637
8611
8638
8612
8639
8613
8640
8614
8641
8615
8642
8616
8643
8617
8644
8618
8645
8619
8646
8620
8647
8621
8648
8622
8649
8623
8650
8624
8651
8625
8652
8626
8653
8627
8654
8628
8655
8629
8656
8630
8657
8631
8658
8632
8659
8633
8660
8634
8661
8635
8662
8636
8663
8664
9625
8638
8665
8639
8666
8640
8667
8641
8668
8642
8669
8643
8670
8644
8671
8645
8672
8646
8673
8647
8674
8648
8675
8649
8676
8650
8677
8651
8678
8652
8679
8653
8680
8654
8681
8655
8682
8656
8683
8657
8684
8658
8685
8659
8686
8660
8687
8661
8688
8662
8689
8663
8690
8664
8691
8692
9641
8666
8693
8667
8694
8668
8695
8669
8696
8670
8697
8671
8698
8672
8699
8673
8700
8674
8701
8675
8702
8676
8703
8677
8704
8678
8705
8679
8706
8680
8707
8681
8708
8682
8709
8683
8710
8684
8711
8685
8712
8686
8713
8687
8714
8688
8715
8689
8716
8690
8717
8691
8718
8692
8719
8720
9657
8694
8721
8695
8722
8696
8723
8697
8724
8698
8725
8699
8726
8700
8727
8701
8728
8702
8729
8703
8730
8704
8731
8705
8732
8706
8733
8707
8734
8708
8735
8709
8736
8710
8737
8711
8738
8712
8739
8713
8740
8714
8741
8715
8742
8716
8743
8717
8744
8718
8745
8719
8746
8720
8747
8748
9673
8722
8749
8723
8750
8724
8751
8725
8752
8726
8753
8727
8754
8728
8755
8729
8756
8730
8757
8731
8758
8732
8759
8733
8760
8734
8761
8735
8762
8736
8763
8737
8764
8738
8765
8739
8766
8740
8767
8741
8768
8742
8769
8743
8770
8744
8771
8745
8772
8746
8773
8747
8774
8748
8775
8776
9689
8750
8777
8751
8778
8752
8779
8753
8780
8754
8781
8755
8782
8756
8783
8757
8784
8758
8785
8759
8786
8760
8787
8761
8788
8762
8789
8763
8790
8764
8791
8765
8792
8766
8793
8767
8794
8768
8795
8769
8796
8770
8797
8771
8798
8772
8799
8773
8800
8774
8801
8775
8802
8776
8803
8804
9705
8778
8805
8779
8806
8780
8807
8781
8808
8782
8809
8783
8810
8784
8811
8785
8812
8786
8813
8787
8814
8788
8815
8789
8816
8790
8817
8791
8818
8792
8819
8793
8820
8794
8821
8795
8822
8796
8823
8797
8824
8798
8825
8799
8826
8800
8827
8801
8828
8802
8829
8803
8830
8804
8831
8832
9721
8806
8833
8807
8834
8808
8835
8809
8836
8810
8837
8811
8838
8812
8839
8813
8840
8814
8841
8815
8842
8816
8843
8817
8844
8818
8845
8819
8846
8820
8847
8821
8848
8822
8849
8823
8850
8824
8851
8825
8852
8826
8853
8827
8854
8828
8855
8829
8856
8830
8857
8831
8858
8832
8859
8860
9737
8834
8861
8835
8862
8836
8863
8837
8864
8838
8865
8839
8866
8840
8867
8841
8868
8842
8869
8843
8870
8844
8871
8845
8872
8846
8873
8847
8874
8848
8875
8849
8876
8850
8877
8851
8878
8852
8879
8853
8880
8854
8881
8855
8882
8856
8883
8857
8884
8858
8885
8859
8886
8860
8887
8888
9753
8862
8889
8863
8890
8864
8891
8865
8892
8866
8893
8867
8894
8868
8895
8869
8896
8870
8897
8871
8898
8872
8899
8873
8900
8874
8901
8875
8902
8876
8903
8877
8904
8878
8905
8879
8906
8880
8907
8881
8908
8882
8909
8883
8910
8884
8911
8885
8912
8886
8913
8887
8914
8888
8915
8916
9769
8890
8917
8891
8918
8892
8919
8893
8920
8894
8921
8895
8922
8896
8923
8897
8924
8898
8925
8899
8926
8900
8927
8901
8928
8902
8929
8903
8930
8904
8931
8905
8932
8906
8933
8907
8934
8908
8935
8909
8936
8910
8937
8911
8938
8912
8939
8913
8940
8914
8941
8915
8942
8916
8943
8944
9785
8918
8945
8919
8946
8920
8947
8921
8948
8922
8949
8923
8950
8924
8951
8925
8952
8926
8953
8927
8954
8928
8955
8929
8956
8930
8957
8931
8958
8932
8959
8933
8960
8934
8961
8935
8962
8936
8963
8937
8964
8938
8965
8939
8966
8940
8967
8941
8968
8942
8969
8943
8970
8944
8971
8972
9801
8946
8973
8947
8974
8948
8975
8949
8976
8950
8977
8951
8978
8952
8979
8953
8980
8954
8981
8955
8982
8956
8983
8957
8984
8958
8985
8959
8986
8960
8987
8961
8988
8962
8989
8963
8990
8964
8991
8965
8992
8966
8993
8967
8994
8968
8995
8969
8996
8970
8997
8971
8998
8972
8999
9000
9816
8974
9001
8975
9002
8976
9003
8977
9004
8978
9005
8979
9006
8980
9007
8981
9008
8982
9009
8983
9010
8984
9011
8985
9012
8986
9013
8987
9014
8988
9015
8989
9016
8990
9017
8991
9018
8992
9019
8993
9020
8994
9021
8995
9022
8996
9023
8997
9024
8998
9025
8999
9026
9000
9027
9028
9831
9002
9029
9003
9030
9004
9031
9005
9032
9006
9033
9007
9034
9008
9035
9009
9036
9010
9037
9011
9038
9012
9039
9013
9040
9014
9041
9015
9042
9016
9043
9017
9044
9018
9045
9019
9046
9020
9047
9021
9048
9022
9049
9023
9050
9024
9051
9025
9052
9026
9053
9027
9054
9028
9055
9056
9846
9030
9057
9031
9058
9032
9059
9033
9060
9034
9061
9035
9062
9036
9063
9037
9064
9038
9065
9039
9066
9040
9067
9041
9068
9042
9069
9043
9070
9044
9071
9045
9072
9046
9073
9047
9074
9048
9075
9049
9076
9050
9077
9051
9078
9052
9079
9053
9080
9054
9081
9055
9082
9056
9083
9084
9861
9058
9085
9059
9086
9060
9087
9061
9088
9062
9089
9063
9090
9064
9091
9065
9092
9066
9093
9067
9094
9068
9095
9069
9096
9070
9097
9071
9098
9072
9099
9073
9100
9074
9101
9075
9102
9076
9103
9077
9104
9078
9105
9079
9106
9080
9107
9081
9108
9082
9109
9083
9110
9084
9111
9112
9876
9086
9087
9088
9089
9090
9091
9092
9093
9094
9095
9096
9097
9098
9099
9100
9101
9102
9103
9104
9105
9106
9107
9108
9109
9110
9111
9112
9891
9114
9129
9115
9130
9116
9131
9117
9132
9118
9133
9119
9134
9120
9135
9121
9136
9122
9137
9123
9138
9124
9139
9125
9140
9126
9141
9127
9142
9128
9143
9144
9130
9145
9131
9146
9132
9147
9133
9148
9134
9149
9135
9150
9136
9151
9137
9152
9138
9153
9139
9154
9140
9155
9141
9156
9142
9157
9143
9158
9144
9159
9160
9146
9161
9147
9162
9148
9163
9149
9164
9150
9165
9151
9166
9152
9167
9153
9168
9154
9169
9155
9170
9156
9171
9157
9172
9158
9173
9159
9174
9160
9175
9176
9162
9177
9163
9178
9164
9179
9165
9180
9166
9181
9167
9182
9168
9183
9169
9184
9170
9185
9171
9186
9172
9187
9173
9188
9174
9189
9175
9190
9176
9191
9192
9178
9193
9179
9194
9180
9195
9181
9196
9182
9197
9183
9198
9184
9199
9185
9200
9186
9201
9187
9202
9188
9203
9189
9204
9190
9205
9191
9206
9192
9207
9208
9194
9209
9195
9210
9196
9211
9197
9212
9198
9213
9199
9214
9200
9215
9201
9216
9202
9217
9203
9218
9204
9219
9205
9220
9206
9221
9207
9222
9208
9223
9224
9210
9225
9211
9226
9212
9227
9213
9228
9214
9229
9215
9230
9216
9231
9217
9232
9218
9233
9219
9234
9220
9235
9221
9236
9222
9237
9223
9238
9224
9239
9240
9226
9241
9227
9242
9228
9243
9229
9244
9230
9245
9231
9246
9232
9247
9233
9248
9234
9249
9235
9250
9236
9251
9237
9252
9238
9253
9239
9254
9240
9255
9256
9242
9257
9243
9258
9244
9259
9245
9260
9246
9261
9247
9262
9248
9263
9249
9264
9250
9265
9251
9266
9252
9267
9253
9268
9254
9269
9255
9270
9256
9271
9272
9258
9273
9259
9274
9260
9275
9261
9276
9262
9277
9263
9278
9264
9279
9265
9280
9266
9281
9267
9282
9268
9283
9269
9284
9270
9285
9271
9286
9272
9287
9288
9274
9289
9275
9290
9276
9291
9277
9292
9278
9293
9279
9294
9280
9295
9281
9296
9282
9297
9283
9298
9284
9299
9285
9300
9286
9301
9287
9302
9288
9303
9304
9290
9305
9291
9306
9292
9307
9293
9308
9294
9309
9295
9310
9296
9311
9297
9312
9298
9313
9299
9314
9300
9315
9301
9316
9302
9317
9303
9318
9304
9319
9320
9306
9321
9307
9322
9308
9323
9309
9324
9310
9325
9311
9326
9312
9327
9313
9328
9314
9329
9315
9330
9316
9331
9317
9332
9318
9333
9319
9334
9320
9335
9336
9322
9337
9323
9338
9324
9339
9325
9340
9326
9341
9327
9342
9328
9343
9329
9344
9330
9345
9331
9346
9332
9347
9333
9348
9334
9349
9335
9350
9336
9351
9352
9338
9353
9339
9354
9340
9355
9341
9356
9342
9357
9343
9358
9344
9359
9345
9360
9346
9361
9347
9362
9348
9363
9349
9364
9350
9365
9351
9366
9352
9367
9368
9354
9369
9355
9370
9356
9371
9357
9372
9358
9373
9359
9374
9360
9375
9361
9376
9362
9377
9363
9378
9364
9379
9365
9380
9366
9381
9367
9382
9368
9383
9384
9370
9385
9371
9386
9372
9387
9373
9388
9374
9389
9375
9390
9376
9391
9377
9392
9378
9393
9379
9394
9380
9395
9381
9396
9382
9397
9383
9398
9384
9399
9400
9386
9401
9387
9402
9388
9403
9389
9404
9390
9405
9391
9406
9392
9407
9393
9408
9394
9409
9395
9410
9396
9411
9397
9412
9398
9413
9399
9414
9400
9415
9416
9402
9417
9403
9418
9404
9419
9405
9420
9406
9421
9407
9422
9408
9423
9409
9424
9410
9425
9411
9426
9412
9427
9413
9428
9414
9429
9415
9430
9416
9431
9432
9418
9433
9419
9434
9420
9435
9421
9436
9422
9437
9423
9438
9424
9439
9425
9440
9426
9441
9427
9442
9428
9443
9429
9444
9430
9445
9431
9446
9432
9447
9448
9434
9449
9435
9450
9436
9451
9437
9452
9438
9453
9439
9454
9440
9455
9441
9456
9442
9457
9443
9458
9444
9459
9445
9460
9446
9461
9447
9462
9448
9463
9464
9450
9465
9451
9466
9452
9467
9453
9468
9454
9469
9455
9470
9456
9471
9457
9472
9458
9473
9459
9474
9460
9475
9461
9476
9462
9477
9463
9478
9464
9479
9480
9466
9481
9467
9482
9468
9483
9469
9484
9470
9485
9471
9486
9472
9487
9473
9488
9474
9489
9475
9490
9476
9491
9477
9492
9478
9493
9479
9494
9480
9495
9496
9482
9497
9483
9498
9484
9499
9485
9500
9486
9501
9487
9502
9488
9503
9489
9504
9490
9505
9491
9506
9492
9507
9493
9508
9494
9509
9495
9510
9496
9511
9512
9498
9513
9499
9514
9500
9515
9501
9516
9502
9517
9503
9518
9504
9519
9505
9520
9506
9521
9507
9522
9508
9523
9509
9524
9510
9525
9511
9526
9512
9527
9528
9514
9529
9515
9530
9516
9531
9517
9532
9518
9533
9519
9534
9520
9535
9521
9536
9522
9537
9523
9538
9524
9539
9525
9540
9526
9541
9527
9542
9528
9543
9544
9530
9545
9531
9546
9532
9547
9533
9548
9534
9549
9535
9550
9536
9551
9537
9552
9538
9553
9539
9554
9540
9555
9541
9556
9542
9557
9543
9558
9544
9559
9560
9546
9561
9547
9562
9548
9563
9549
9564
9550
9565
9551
9566
9552
9567
9553
9568
9554
9569
9555
9570
9556
9571
9557
9572
9558
9573
9559
9574
9560
9575
9576
9562
9577
9563
9578
9564
9579
9565
9580
9566
9581
9567
9582
9568
9583
9569
9584
9570
9585
9571
9586
9572
9587
9573
9588
9574
9589
9575
9590
9576
9591
9592
9578
9593
9579
9594
9580
9595
9581
9596
9582
9597
9583
9598
9584
9599
9585
9600
9586
9601
9587
9602
9588
9603
9589
9604
9590
9605
9591
9606
9592
9607
9608
9594
9609
9595
9610
9596
9611
9597
9612
9598
9613
9599
9614
9600
9615
9601
9616
9602
9617
9603
9618
9604
9619
9605
9620
9606
9621
9607
9622
9608
9623
9624
9610
9625
9611
9626
9612
9627
9613
9628
9614
9629
9615
9630
9616
9631
9617
9632
9618
9633
9619
9634
9620
9635
9621
9636
9622
9637
9623
9638
9624
9639
9640
9626
9641
9627
9642
9628
9643
9629
9644
9630
9645
9631
9646
9632
9647
9633
9648
9634
9649
9635
9650
9636
9651
9637
9652
9638
9653
9639
9654
9640
9655
9656
9642
9657
9643
9658
9644
9659
9645
9660
9646
9661
9647
9662
9648
9663
9649
9664
9650
9665
9651
9666
9652
9667
9653
9668
9654
9669
9655
9670
9656
9671
9672
9658
9673
9659
9674
9660
9675
9661
9676
9662
9677
9663
9678
9664
9679
9665
9680
9666
9681
9667
9682
9668
9683
9669
9684
9670
9685
9671
9686
9672
9687
9688
9674
9689
9675
9690
9676
9691
9677
9692
9678
9693
9679
9694
9680
9695
9681
9696
9682
9697
9683
9698
9684
9699
9685
9700
9686
9701
9687
9702
9688
9703
9704
9690
9705
9691
9706
9692
9707
9693
9708
9694
9709
9695
9710
9696
9711
9697
9712
9698
9713
9699
9714
9700
9715
9701
9716
9702
9717
9703
9718
9704
9719
9720
9706
9721
9707
9722
9708
9723
9709
9724
9710
9725
9711
9726
9712
9727
9713
9728
9714
9729
9715
9730
9716
9731
9717
9732
9718
9733
9719
9734
9720
9735
9736
9722
9737
9723
9738
9724
9739
9725
9740
9726
9741
9727
9742
9728
9743
9729
9744
9730
9745
9731
9746
9732
9747
9733
9748
9734
9749
9735
9750
9736
9751
9752
9738
9753
9739
9754
9740
9755
9741
9756
9742
9757
9743
9758
9744
9759
9745
9760
9746
9761
9747
9762
9748
9763
9749
9764
9750
9765
9751
9766
9752
9767
9768
9754
9769
9755
9770
9756
9771
9757
9772
9758
9773
9759
9774
9760
9775
9761
9776
9762
9777
9763
9778
9764
9779
9765
9780
9766
9781
9767
9782
9768
9783
9784
9770
9785
9771
9786
9772
9787
9773
9788
9774
9789
9775
9790
9776
9791
9777
9792
9778
9793
9779
9794
9780
9795
9781
9796
9782
9797
9783
9798
9784
9799
9800
9786
9801
9787
9802
9788
9803
9789
9804
9790
9805
9791
9806
9792
9807
9793
9808
9794
9809
9795
9810
9796
9811
9797
9812
9798
9813
9799
9814
9800
9815
9802
9816
9803
9817
9804
9818
9805
9819
9806
9820
9807
9821
9808
9822
9809
9823
9810
9824
9811
9825
9812
9826
9813
9827
9814
9828
9815
9829
9830
9817
9831
9818
9832
9819
9833
9820
9834
9821
9835
9822
9836
9823
9837
9824
9838
9825
9839
9826
9840
9827
9841
9828
9842
9829
9843
9830
9844
9845
9832
9846
9833
9847
9834
9848
9835
9849
9836
9850
9837
9851
9838
9852
9839
9853
9840
9854
9841
9855
9842
9856
9843
9857
9844
9858
9845
9859
9860
9847
9861
9848
9862
9849
9863
9850
9864
9851
9865
9852
9866
9853
9867
9854
9868
9855
9869
9856
9870
9857
9871
9858
9872
9859
9873
9860
9874
9875
9862
9876
9863
9877
9864
9878
9865
9879
9866
9880
9867
9881
9868
9882
9869
9883
9870
9884
9871
9885
9872
9886
9873
9887
9874
9888
9875
9889
9890
9877
9891
9878
9892
9879
9893
9880
9894
9881
9895
9882
9896
9883
9897
9884
9898
9885
9899
9886
9900
9887
9901
9888
9902
9889
9903
9890
9904
9905
9892
9893
9894
9895
9896
9897
9898
9899
9900
9901
9902
9903
9904
9905
)


// ************************************************************************* //
