/*--------------------------------*- C++ -*----------------------------------*\
  =========                 |
  \\      /  F ield         | OpenFOAM: The Open Source CFD Toolbox
   \\    /   O peration     | Website:  https://openfoam.org
    \\  /    A nd           | Version:  7
     \\/     M anipulation  |
\*---------------------------------------------------------------------------*/
FoamFile
{
    version     2.0;
    format      ascii;
    class       volScalarField;
    location    "20";
    object      p;
}
// * * * * * * * * * * * * * * * * * * * * * * * * * * * * * * * * * * * * * //

dimensions      [0 2 -2 0 0 0 0];

internalField   nonuniform List<scalar> 
8330
(
-0.0769117
-0.0804092
-0.0811739
-0.0825653
-0.0837033
-0.0849667
-0.0862135
-0.0874302
-0.0885723
-0.0895658
-0.0904618
-0.0910176
-0.0917698
-0.0915573
-0.0770522
-0.0805212
-0.0812801
-0.0826629
-0.0837958
-0.0850549
-0.0862989
-0.0875133
-0.0886554
-0.0896448
-0.0905477
-0.0910779
-0.0918643
-0.0915202
-0.0773307
-0.0807433
-0.0814904
-0.0828558
-0.0839782
-0.0852285
-0.0864665
-0.0876758
-0.0888173
-0.0897973
-0.090715
-0.0911896
-0.0920513
-0.0914374
-0.0777429
-0.0810722
-0.0818014
-0.0831403
-0.0842464
-0.0854829
-0.0867112
-0.087912
-0.0890522
-0.0900159
-0.0909597
-0.0913404
-0.0923347
-0.091302
-0.0782833
-0.0815037
-0.0822083
-0.0835112
-0.0845945
-0.0858112
-0.0870255
-0.0882135
-0.0893518
-0.0902898
-0.0912763
-0.0915126
-0.0927208
-0.0911033
-0.0789441
-0.0820319
-0.0827047
-0.0839617
-0.0850148
-0.0862051
-0.0874
-0.0885697
-0.0897052
-0.0906048
-0.0916585
-0.0916823
-0.0932182
-0.0908271
-0.0797167
-0.0826501
-0.0832835
-0.0844837
-0.0854982
-0.0866542
-0.0878234
-0.0889679
-0.0901
-0.0909436
-0.0920996
-0.0918202
-0.093837
-0.0904546
-0.080591
-0.0833509
-0.0839364
-0.0850682
-0.0860344
-0.087147
-0.0882829
-0.0893939
-0.0905223
-0.0912861
-0.0925928
-0.0918936
-0.0945882
-0.0899542
-0.0815565
-0.0841263
-0.0846544
-0.0857056
-0.0866125
-0.0876711
-0.0887649
-0.0898321
-0.0909572
-0.0916105
-0.0931294
-0.0918667
-0.0954876
-0.0892658
-0.0826022
-0.0849681
-0.0854286
-0.0863858
-0.0872209
-0.0882135
-0.0892553
-0.0902666
-0.0913895
-0.0918938
-0.0937022
-0.0916944
-0.0965445
-0.0883586
-0.0837172
-0.085868
-0.0862499
-0.0870986
-0.0878481
-0.0887613
-0.0897396
-0.0906814
-0.0918035
-0.0921133
-0.0943178
-0.0913418
-0.0976433
-0.0875164
-0.0848911
-0.0868185
-0.0871095
-0.0878344
-0.0884829
-0.0893019
-0.0902043
-0.0910614
-0.0921848
-0.0922469
-0.0949614
-0.0909412
-0.0984288
-0.0867631
-0.0861141
-0.0878122
-0.0879993
-0.088584
-0.0891149
-0.0898236
-0.0906363
-0.0913925
-0.0925193
-0.092302
-0.095349
-0.0906629
-0.0991581
-0.0858427
-0.0873779
-0.0888431
-0.0889121
-0.0893392
-0.0897346
-0.090316
-0.0910245
-0.0916626
-0.0927751
-0.0923669
-0.0956178
-0.0901912
-0.0999027
-0.0847809
-0.0886757
-0.0899061
-0.0898419
-0.0900932
-0.0903343
-0.0907704
-0.0913598
-0.0918723
-0.0929244
-0.092342
-0.0958475
-0.0895214
-0.100577
-0.0836515
-0.0900024
-0.0909973
-0.0907842
-0.0908408
-0.0909079
-0.0911804
-0.0916329
-0.0920131
-0.0929882
-0.0922009
-0.0959861
-0.0887255
-0.101065
-0.0825558
-0.0913554
-0.0921148
-0.091736
-0.0915785
-0.0914514
-0.0915426
-0.0918411
-0.092076
-0.092964
-0.0919645
-0.0959759
-0.0878682
-0.101224
-0.0816272
-0.0927341
-0.0932579
-0.0926963
-0.0923047
-0.0919633
-0.0918552
-0.0919844
-0.0920629
-0.092843
-0.091655
-0.0957689
-0.0870295
-0.100882
-0.0809839
-0.0941409
-0.094428
-0.0936658
-0.09302
-0.0924448
-0.0921201
-0.0920649
-0.0919799
-0.092622
-0.0912905
-0.0953225
-0.0862877
-0.0998741
-0.0806442
-0.0955806
-0.0956285
-0.0946472
-0.0937276
-0.0928994
-0.0923421
-0.092088
-0.0918353
-0.0923039
-0.0908815
-0.0946072
-0.0856865
-0.0981084
-0.0804603
-0.097061
-0.0968653
-0.0956451
-0.0944326
-0.0933335
-0.0925291
-0.0920623
-0.0916387
-0.091897
-0.0904254
-0.0936161
-0.0852021
-0.0956272
-0.0801419
-0.0981445
-0.0966672
-0.0951426
-0.0937565
-0.0926918
-0.0919994
-0.0914
-0.091414
-0.0899046
-0.0923658
-0.0847329
-0.0926031
-0.079379
-0.0994688
-0.0977283
-0.0958678
-0.0941799
-0.0928436
-0.0919131
-0.0911278
-0.090868
-0.0892936
-0.0908855
-0.0841265
-0.0892602
-0.0779738
-0.100857
-0.0988328
-0.0966201
-0.0946177
-0.0929997
-0.0918185
-0.0908285
-0.0902666
-0.088567
-0.0892018
-0.0832333
-0.0857714
-0.0758868
-0.10232
-0.0999941
-0.0974137
-0.095086
-0.0931764
-0.0917306
-0.0905071
-0.0896074
-0.0877035
-0.0873273
-0.0819519
-0.0821969
-0.0732032
-0.101228
-0.0982643
-0.0956019
-0.0933905
-0.0916621
-0.0901662
-0.088879
-0.0866838
-0.085262
-0.0802391
-0.0784772
-0.0701034
-0.10255
-0.0991888
-0.0961832
-0.0936575
-0.0916225
-0.0898062
-0.0880664
-0.0854862
-0.0830059
-0.0780912
-0.0744888
-0.0668641
-0.103977
-0.100205
-0.0968476
-0.0939906
-0.0916163
-0.0894239
-0.0871549
-0.0840868
-0.0805664
-0.0755183
-0.0702225
-0.0637295
-0.105527
-0.10133
-0.0976115
-0.0943998
-0.0916444
-0.0890124
-0.0861308
-0.082464
-0.0779501
-0.0725386
-0.0659888
-0.0604291
-0.102583
-0.0984889
-0.094891
-0.0917049
-0.0885605
-0.0849791
-0.080606
-0.0751521
-0.0692009
-0.0619686
-0.0560754
-0.103979
-0.0994907
-0.095467
-0.0917941
-0.0880525
-0.0836832
-0.0785108
-0.0721673
-0.065626
-0.0578223
-0.0515339
-0.100624
-0.0961288
-0.0919052
-0.0874674
-0.0822262
-0.0761851
-0.0690073
-0.0618505
-0.0536042
-0.0469408
-0.101893
-0.0968766
-0.0920257
-0.0867811
-0.0805941
-0.0736434
-0.065681
-0.0579284
-0.049299
-0.0422915
-0.103301
-0.0977087
-0.092135
-0.0859689
-0.0787779
-0.0709024
-0.062204
-0.053888
-0.0449134
-0.0376203
-0.0986179
-0.0922053
-0.0850083
-0.0767738
-0.0679793
-0.0585908
-0.0497488
-0.0404575
-0.0329098
-0.0995878
-0.0922036
-0.0838812
-0.0745823
-0.0648895
-0.054854
-0.0455218
-0.0359346
-0.0281593
-0.0920966
-0.0825741
-0.0722066
-0.0616454
-0.0510029
-0.0412117
-0.0313472
-0.0233593
-0.0810776
-0.0696506
-0.0582562
-0.0470431
-0.0368194
-0.0266935
-0.0185029
-0.0793847
-0.0669178
-0.0547275
-0.0429766
-0.0323424
-0.02197
-0.0135825
-0.0640102
-0.0510616
-0.0388018
-0.0277762
-0.0171712
-0.00859064
-0.0472574
-0.0345149
-0.0231146
-0.0122905
-0.00352016
-0.0301096
-0.0183503
-0.0073209
0.00163614
-0.0134752
-0.00225459
0.00688528
0.00291623
0.0122341
0.0176891
0.0177218
-0.00845142
0.00294789
0.0122675
-0.0255508
-0.0134453
-0.00222227
0.00691962
-0.0300821
-0.0183198
-0.00728785
0.00167143
-0.0472334
-0.0344872
-0.0230836
-0.0122567
-0.00348383
-0.0639909
-0.0510376
-0.0387738
-0.0277446
-0.0171364
-0.00855315
-0.0793711
-0.066899
-0.0547037
-0.0429482
-0.03231
-0.0219342
-0.0135437
-0.0810648
-0.0696324
-0.0582325
-0.0470144
-0.0367862
-0.0266567
-0.0184627
-0.0920899
-0.0825623
-0.0721889
-0.0616218
-0.0509739
-0.0411777
-0.0313092
-0.0233176
-0.0995857
-0.0921978
-0.0838702
-0.0745653
-0.0648661
-0.0548246
-0.0454869
-0.0358952
-0.0281159
-0.0986165
-0.0922003
-0.0849982
-0.0767574
-0.0679561
-0.058561
-0.049713
-0.0404167
-0.0328645
-0.103301
-0.0977079
-0.092131
-0.0859597
-0.0787621
-0.0708794
-0.0621739
-0.0538511
-0.0448709
-0.0375729
-0.101894
-0.0968764
-0.0920224
-0.0867728
-0.080579
-0.0736206
-0.0656505
-0.0578904
-0.0492548
-0.0422418
-0.105536
-0.100626
-0.0961291
-0.0919026
-0.0874598
-0.0822118
-0.0761625
-0.0689763
-0.0618113
-0.0535581
-0.0468885
-0.103981
-0.0994924
-0.0954678
-0.0917921
-0.0880456
-0.0836694
-0.0784885
-0.072136
-0.0655856
-0.0577742
-0.0514787
-0.102584
-0.0984907
-0.0948921
-0.0917034
-0.0885543
-0.084966
-0.0805839
-0.0751205
-0.0691592
-0.0619183
-0.056017
-0.105527
-0.101332
-0.0976133
-0.0944011
-0.0916433
-0.0890067
-0.0861181
-0.0824422
-0.0779181
-0.0724956
-0.0659363
-0.0603671
-0.103977
-0.100206
-0.0968494
-0.093992
-0.0916154
-0.0894185
-0.0871426
-0.0840651
-0.080534
-0.075474
-0.0701676
-0.063664
-0.102549
-0.0991897
-0.0961848
-0.0936587
-0.0916216
-0.089801
-0.0880543
-0.0854647
-0.0829732
-0.0780457
-0.0744316
-0.0667952
-0.103868
-0.101227
-0.0982649
-0.0956032
-0.0933915
-0.0916611
-0.090161
-0.088867
-0.0866622
-0.0852289
-0.0801924
-0.0784178
-0.0700311
-0.102317
-0.0999928
-0.0974139
-0.0950869
-0.093177
-0.0917292
-0.0905016
-0.0895952
-0.0876818
-0.0872938
-0.0819039
-0.0821355
-0.0731273
-0.100854
-0.0988311
-0.0966198
-0.0946181
-0.0929997
-0.0918166
-0.0908226
-0.0902541
-0.088545
-0.0891678
-0.0831843
-0.0857081
-0.0758071
-0.0994655
-0.097726
-0.0958669
-0.0941796
-0.092843
-0.0919105
-0.0911213
-0.0908549
-0.0892712
-0.0908509
-0.0840763
-0.0891952
-0.0778905
-0.0981408
-0.0966643
-0.0951411
-0.0937555
-0.0926905
-0.091996
-0.0913928
-0.0914002
-0.0898817
-0.0923305
-0.0846816
-0.0925366
-0.0792923
-0.0970546
-0.0968609
-0.0956417
-0.0944304
-0.0933318
-0.0925269
-0.0920581
-0.0916306
-0.0918824
-0.0904017
-0.0935801
-0.0851498
-0.0955593
-0.080052
-0.0955736
-0.0956236
-0.0946432
-0.0937247
-0.0928969
-0.092339
-0.0920829
-0.0918262
-0.0922883
-0.090857
-0.0945703
-0.0856331
-0.0980391
-0.0803678
-0.0941333
-0.0944226
-0.0936612
-0.0930166
-0.0924416
-0.0921162
-0.0920589
-0.0919699
-0.0926055
-0.091265
-0.0952848
-0.0862334
-0.0998036
-0.0805496
-0.092726
-0.0932521
-0.0926912
-0.0923006
-0.0919594
-0.0918505
-0.0919774
-0.0920519
-0.0928255
-0.0916286
-0.0957304
-0.0869745
-0.100811
-0.0808878
-0.0913468
-0.0921086
-0.0917305
-0.0915738
-0.0914468
-0.091537
-0.0918333
-0.0920641
-0.0929457
-0.0919373
-0.0959366
-0.0878126
-0.101152
-0.0815303
-0.0899935
-0.0909908
-0.0907783
-0.0908357
-0.0909027
-0.0911741
-0.0916243
-0.0920003
-0.0929691
-0.0921729
-0.0959463
-0.0886695
-0.100992
-0.0824587
-0.0886665
-0.0898993
-0.0898357
-0.0900877
-0.0903286
-0.0907636
-0.0913504
-0.0918589
-0.0929048
-0.0923134
-0.0958074
-0.0894653
-0.100504
-0.0835549
-0.0873687
-0.0888362
-0.0889057
-0.0893334
-0.0897285
-0.0903087
-0.0910147
-0.0916488
-0.0927551
-0.092338
-0.0955781
-0.0901352
-0.0998301
-0.0846855
-0.0861048
-0.0878053
-0.0879927
-0.0885779
-0.0891085
-0.089816
-0.0906261
-0.0913783
-0.0924989
-0.0922732
-0.0953095
-0.090608
-0.0990867
-0.0857494
-0.0848819
-0.0868115
-0.087103
-0.0878283
-0.0884763
-0.0892941
-0.0901939
-0.0910472
-0.0921646
-0.0922192
-0.0949202
-0.0908895
-0.0983593
-0.0866728
-0.0837083
-0.0858613
-0.0862435
-0.0870925
-0.0878415
-0.0887535
-0.0897294
-0.0906674
-0.0917838
-0.0920864
-0.094279
-0.0912918
-0.0975759
-0.0874302
-0.0825937
-0.0849615
-0.0854224
-0.0863798
-0.0872144
-0.0882058
-0.0892452
-0.090253
-0.0913705
-0.0918679
-0.0936656
-0.0916466
-0.0964795
-0.0882792
-0.0815485
-0.0841201
-0.0846485
-0.0856999
-0.0866063
-0.0876636
-0.0887554
-0.0898192
-0.0909393
-0.0915861
-0.0930952
-0.0918219
-0.0954271
-0.0891913
-0.0805836
-0.0833452
-0.0839308
-0.0850629
-0.0860286
-0.08714
-0.088274
-0.0893819
-0.0905057
-0.0912636
-0.0925614
-0.0918525
-0.0945331
-0.0898855
-0.07971
-0.0826449
-0.0832785
-0.0844788
-0.0854928
-0.0866478
-0.0878152
-0.088957
-0.0900851
-0.0909232
-0.0920715
-0.0917833
-0.0937878
-0.090393
-0.0789383
-0.0820273
-0.0827003
-0.0839573
-0.0850101
-0.0861995
-0.0873928
-0.0885601
-0.0896921
-0.090587
-0.091634
-0.0916501
-0.0931756
-0.0907735
-0.0782783
-0.0814998
-0.0822045
-0.0835075
-0.0845905
-0.0858065
-0.0870195
-0.0882054
-0.0893408
-0.0902749
-0.0912558
-0.0914857
-0.0926852
-0.0910584
-0.077739
-0.0810692
-0.0817984
-0.0831373
-0.0842432
-0.085479
-0.0867064
-0.0879056
-0.0890435
-0.090004
-0.0909435
-0.0913191
-0.0923065
-0.0912664
-0.0773278
-0.080741
-0.0814882
-0.0828536
-0.0839758
-0.0852257
-0.086463
-0.0876712
-0.0888109
-0.0897886
-0.0907033
-0.0911741
-0.0920309
-0.0914116
-0.0770505
-0.0805199
-0.0812788
-0.0826616
-0.0837944
-0.0850532
-0.0862968
-0.0875105
-0.0886515
-0.0896395
-0.0905406
-0.0910686
-0.091852
-0.0915046
-0.0769111
-0.0804087
-0.0811735
-0.0825649
-0.0837028
-0.0849661
-0.0862128
-0.0874292
-0.088571
-0.089564
-0.0904594
-0.0910144
-0.0917656
-0.091552
-0.0921281
-0.0923317
-0.0925214
-0.0927177
-0.0929196
-0.0931263
-0.0933383
-0.0935561
-0.0937799
-0.0940102
-0.0942473
-0.0944913
-0.0947423
-0.0950001
-0.0952639
-0.0955327
-0.0958043
-0.0960756
-0.0963419
-0.0965968
-0.0968313
-0.0970331
-0.0971861
-0.0972691
-0.0972545
-0.0971072
-0.0967824
-0.0962239
-0.0953622
-0.0941123
-0.0923719
-0.090021
-0.0869189
-0.0829031
-0.0778182
-0.0715215
-0.0638661
-0.054767
-0.0442015
-0.0322966
-0.0198577
-0.00629299
-0.0921988
-0.0924034
-0.0925872
-0.0927816
-0.0929826
-0.0931886
-0.0933999
-0.0936172
-0.0938406
-0.0940706
-0.0943075
-0.0945516
-0.094803
-0.0950614
-0.0953262
-0.0955964
-0.0958699
-0.0961435
-0.0964128
-0.0966713
-0.0969101
-0.097117
-0.0972759
-0.0973658
-0.0973591
-0.0972206
-0.0969057
-0.0963582
-0.0955085
-0.0942714
-0.0925446
-0.0902075
-0.0871187
-0.0831151
-0.0780382
-0.0717452
-0.0640839
-0.0549637
-0.0443582
-0.0323732
-0.0198866
-0.00617947
-0.0923293
-0.0925364
-0.0927082
-0.0928983
-0.0930975
-0.0933018
-0.0935117
-0.0937277
-0.0939502
-0.0941795
-0.0944161
-0.0946603
-0.0949122
-0.0951719
-0.0954388
-0.0957119
-0.0959892
-0.0962679
-0.0965434
-0.0968095
-0.0970572
-0.0972748
-0.0974461
-0.0975502
-0.0975598
-0.0974397
-0.0971452
-0.0966203
-0.0957952
-0.0945843
-0.0928848
-0.0905753
-0.0875133
-0.0835334
-0.0784748
-0.0721893
-0.0645179
-0.0553586
-0.0446788
-0.0325379
-0.0199572
-0.00593493
-0.0925108
-0.0927231
-0.0928764
-0.0930599
-0.0932562
-0.093458
-0.0936656
-0.0938798
-0.0941007
-0.094329
-0.094565
-0.0948093
-0.0950622
-0.0953238
-0.0955937
-0.095871
-0.096154
-0.0964399
-0.0967245
-0.0970015
-0.0972625
-0.0974956
-0.097685
-0.0978099
-0.0978431
-0.0977496
-0.0974849
-0.0969927
-0.0962031
-0.09503
-0.0933699
-0.0911004
-0.088077
-0.0841317
-0.0791008
-0.0728285
-0.0651471
-0.055938
-0.0451623
-0.0328019
-0.0200877
-0.00552869
-0.0927326
-0.0929546
-0.0930821
-0.0932558
-0.0934481
-0.0936463
-0.0938509
-0.0940625
-0.0942814
-0.0945083
-0.0947436
-0.0949881
-0.0952422
-0.0955062
-0.0957799
-0.0960625
-0.0963527
-0.0966477
-0.0969437
-0.0972346
-0.0975121
-0.0977647
-0.0979767
-0.0981276
-0.0981904
-0.0981302
-0.0979026
-0.0974512
-0.0967059
-0.09558
-0.0939692
-0.0917495
-0.0887746
-0.0848732
-0.0798791
-0.073627
-0.0659403
-0.056679
-0.0458025
-0.0331766
-0.0203044
-0.00493144
-0.0929855
-0.0932225
-0.0933154
-0.093475
-0.0936616
-0.0938547
-0.094055
-0.0942633
-0.0944797
-0.0947048
-0.0949394
-0.0951841
-0.0954397
-0.0957065
-0.0959846
-0.0962735
-0.096572
-0.0968776
-0.0971866
-0.0974935
-0.09779
-0.0980649
-0.0983029
-0.0984836
-0.0985802
-0.0985581
-0.0983729
-0.0979681
-0.0972733
-0.0962013
-0.0946467
-0.0924841
-0.0895651
-0.0857148
-0.0807656
-0.0745411
-0.0668577
-0.0575498
-0.0465838
-0.0336692
-0.0206373
-0.00413198
-0.093266
-0.0935216
-0.0935677
-0.0937072
-0.093885
-0.0940709
-0.0942651
-0.094469
-0.0946823
-0.0949054
-0.0951392
-0.0953843
-0.0956416
-0.0959116
-0.0961947
-0.0964905
-0.096798
-0.0971152
-0.0974385
-0.0977625
-0.0980795
-0.0983785
-0.0986445
-0.0988572
-0.0989901
-0.0990089
-0.0988691
-0.0985143
-0.0978736
-0.0968594
-0.095365
-0.0932639
-0.0904052
-0.0866104
-0.0817131
-0.0755233
-0.0678537
-0.0585098
-0.0474789
-0.0342792
-0.021109
-0.00313327
-0.0935769
-0.0938457
-0.0938302
-0.093943
-0.0941079
-0.094283
-0.0944689
-0.0946669
-0.0948763
-0.0950972
-0.09533
-0.0955757
-0.0958351
-0.0961088
-0.0963973
-0.0967005
-0.0970176
-0.0973468
-0.0976848
-0.0980266
-0.0983647
-0.0986884
-0.098983
-0.0992285
-0.0993986
-0.099459
-0.0993656
-0.0990617
-0.0984762
-0.097521
-0.0960882
-0.0940501
-0.0912533
-0.087516
-0.0826756
-0.0765258
-0.0688805
-0.0595138
-0.04845
-0.0349945
-0.0217295
-0.00194231
-0.0940007
-0.094196
-0.0940971
-0.0941785
-0.0943234
-0.0944818
-0.0946556
-0.0948457
-0.0950502
-0.0952684
-0.0955004
-0.0957469
-0.0960087
-0.0962865
-0.0965808
-0.0968917
-0.0972186
-0.0975599
-0.0979127
-0.0982722
-0.0986312
-0.0989792
-0.0993019
-0.0995796
-0.0997861
-0.0998872
-0.0998391
-0.0995851
-0.0990536
-0.098156
-0.0967837
-0.0948073
-0.0920717
-0.0883957
-0.0836105
-0.0775041
-0.0698929
-0.0605166
-0.0494548
-0.0357764
-0.0225278
-0.00078763
-0.0948659
-0.0945756
-0.0943783
-0.0944166
-0.0945268
-0.09466
-0.0948168
-0.094996
-0.0951941
-0.0954091
-0.0956402
-0.0958879
-0.0961525
-0.0964347
-0.0967351
-0.0970539
-0.0973907
-0.097744
-0.0981112
-0.0984877
-0.0988666
-0.0992378
-0.0995871
-0.0998951
-0.100136
-0.100275
-0.10027
-0.100063
-0.0995822
-0.098739
-0.0974237
-0.0955059
-0.0928243
-0.0891926
-0.0844764
-0.0784199
-0.0708508
-0.0614768
-0.0504515
-0.0365742
-0.0234876
-0.00073761
-0.0947384
-0.0949831
-0.0946616
-0.0946097
-0.0946909
-0.0948045
-0.0949431
-0.0951094
-0.0952998
-0.0955109
-0.0957411
-0.09599
-0.0962577
-0.0965448
-0.0968517
-0.0971785
-0.097525
-0.0978899
-0.0982707
-0.0986631
-0.0990605
-0.099453
-0.0998266
-0.100162
-0.100434
-0.100609
-0.100642
-0.100477
-0.100042
-0.0992488
-0.0979855
-0.0961216
-0.0934911
-0.0899023
-0.0852511
-0.0792421
-0.0717177
-0.0623608
-0.0513498
-0.0375177
-0.024142
-0.00200507
-0.0948257
-0.0953392
-0.0949032
-0.0947647
-0.0948169
-0.0949098
-0.0950281
-0.0951793
-0.0953606
-0.095567
-0.0957958
-0.0960459
-0.096317
-0.0966091
-0.0969226
-0.0972575
-0.0976134
-0.0979894
-0.0983829
-0.0987899
-0.0992039
-0.0996153
-0.10001
-0.10037
-0.10067
-0.100874
-0.100941
-0.100813
-0.100419
-0.0996688
-0.0984512
-0.0966356
-0.0940555
-0.0905578
-0.0859126
-0.079947
-0.0724682
-0.0631377
-0.0521573
-0.038369
-0.0247982
-0.00319414
-0.0948667
-0.0956133
-0.0950911
-0.0948718
-0.0948947
-0.0949675
-0.0950648
-0.0951992
-0.0953698
-0.0955705
-0.0957973
-0.0960483
-0.0963227
-0.09662
-0.0969401
-0.097283
-0.0976482
-0.0980345
-0.0984397
-0.0988598
-0.0992885
-0.0997163
-0.10013
-0.10051
-0.100832
-0.101062
-0.101157
-0.10106
-0.100699
-0.0999854
-0.0988062
-0.0970297
-0.0944923
-0.0910401
-0.0864399
-0.0805148
-0.0730822
-0.0637831
-0.0528475
-0.0390964
-0.025411
-0.00425174
-0.0947556
-0.0957741
-0.0951989
-0.0949052
-0.094904
-0.0949622
-0.095041
-0.0951589
-0.0953183
-0.0955126
-0.0957368
-0.0959884
-0.0962659
-0.0965684
-0.0968951
-0.0972459
-0.0976199
-0.098016
-0.0984319
-0.0988636
-0.0993049
-0.0997465
-0.100175
-0.100572
-0.100912
-0.101163
-0.101279
-0.101206
-0.100872
-0.100187
-0.0990394
-0.0972897
-0.0947208
-0.0913652
-0.0868168
-0.0809312
-0.0735441
-0.0642807
-0.053397
-0.0396922
-0.0259182
-0.00522383
-0.094423
-0.0957559
-0.0951782
-0.0948288
-0.094815
-0.0948698
-0.0949371
-0.0950417
-0.0951913
-0.0953799
-0.0956017
-0.0958539
-0.0961345
-0.0964421
-0.0967756
-0.0971341
-0.0975168
-0.0979222
-0.0983479
-0.0987898
-0.0992419
-0.0996948
-0.100135
-0.100545
-0.100899
-0.101164
-0.101297
-0.101242
-0.100927
-0.100264
-0.0991399
-0.0974283
-0.0950076
-0.0915527
-0.0870336
-0.0811852
-0.073842
-0.0646185
-0.0537915
-0.0401452
-0.026296
-0.00609064
-0.0938037
-0.0954732
-0.0949647
-0.0945947
-0.0945873
-0.0946547
-0.0947228
-0.094822
-0.0949666
-0.0951522
-0.0953733
-0.095627
-0.0959114
-0.0962246
-0.0965652
-0.0969318
-0.0973232
-0.0977377
-0.0981726
-0.0986238
-0.0990851
-0.0995472
-0.0999969
-0.100416
-0.10078
-0.101055
-0.101198
-0.101154
-0.100851
-0.100203
-0.0990936
-0.0973822
-0.0949414
-0.0915634
-0.0870815
-0.081267
-0.0739669
-0.0647882
-0.0540213
-0.0404505
-0.0265358
-0.00683029
-0.0928709
-0.094849
-0.094487
-0.0941465
-0.0941705
-0.0942703
-0.0943566
-0.0944635
-0.0946119
-0.0948005
-0.095025
-0.0952831
-0.0955732
-0.0958935
-0.0962422
-0.0966178
-0.0970186
-0.0974425
-0.0978867
-0.0983467
-0.0988162
-0.099286
-0.0997428
-0.100168
-0.100538
-0.100819
-0.100967
-0.100929
-0.100632
-0.0999935
-0.0988964
-0.0971762
-0.0947637
-0.0914076
-0.0869507
-0.0811688
-0.0739109
-0.0647837
-0.0540796
-0.0406078
-0.0266362
-0.00743637
-0.0916506
-0.0938401
-0.0936825
-0.093427
-0.0935095
-0.0936622
-0.0937872
-0.0939195
-0.0940853
-0.0942867
-0.0945217
-0.0947895
-0.0950894
-0.0954198
-0.0957792
-0.0961657
-0.0965774
-0.097012
-0.0974662
-0.0979354
-0.0984131
-0.09889
-0.0993525
-0.0997827
-0.100155
-0.100439
-0.100588
-0.100551
-0.100255
-0.0996191
-0.0985356
-0.0968725
-0.0944078
-0.0910682
-0.0866323
-0.0808834
-0.0736678
-0.0646011
-0.0539624
-0.0406186
-0.0266022
-0.00791247
-0.0902017
-0.0924487
-0.0925155
-0.0923903
-0.0925524
-0.0927743
-0.0929589
-0.0931373
-0.0933373
-0.0935648
-0.0938211
-0.0941071
-0.0944233
-0.094769
-0.0951432
-0.0955441
-0.0959697
-0.0964173
-0.0968835
-0.0973634
-0.0978502
-0.0983344
-0.0988025
-0.0992364
-0.0996108
-0.0998941
-0.100042
-0.100003
-0.0997025
-0.0990629
-0.0979565
-0.0962991
-0.0938563
-0.0905353
-0.086118
-0.0804044
-0.0732324
-0.0642381
-0.0536682
-0.0404849
-0.0264422
-0.00826782
-0.0885607
-0.0907025
-0.0909829
-0.0910111
-0.0912592
-0.091558
-0.0918197
-0.0920644
-0.0923163
-0.0925856
-0.0928769
-0.0931928
-0.0935346
-0.0939033
-0.0942986
-0.0947192
-0.0951631
-0.0956276
-0.096109
-0.0966023
-0.0971003
-0.0975934
-0.0980679
-0.0985059
-0.0988817
-0.0991639
-0.0993086
-0.0992648
-0.0989592
-0.0983199
-0.0972055
-0.0955341
-0.0931025
-0.0897999
-0.0854009
-0.079727
-0.0726015
-0.0636943
-0.0531985
-0.0402099
-0.0261667
-0.00851472
-0.0866908
-0.0886211
-0.089099
-0.0892808
-0.0896048
-0.08998
-0.0903309
-0.0906575
-0.0909769
-0.0913038
-0.0916454
-0.0920045
-0.0923837
-0.0927854
-0.0932103
-0.0936578
-0.0941261
-0.0946127
-0.0951139
-0.0956245
-0.0961371
-0.0966419
-0.097125
-0.0975685
-0.0979465
-0.0982286
-0.0983703
-0.0983214
-0.0980085
-0.0973603
-0.0962494
-0.0945648
-0.0921407
-0.0888553
-0.0844762
-0.0788488
-0.0717743
-0.0629715
-0.0525577
-0.0397976
-0.0257873
-0.00866671
-0.0844968
-0.0861988
-0.0868727
-0.087194
-0.0875768
-0.0880256
-0.0884724
-0.0888892
-0.0892873
-0.089686
-0.0900925
-0.0905085
-0.0909376
-0.0913836
-0.0918482
-0.0923313
-0.0928316
-0.0933469
-0.0938737
-0.0944066
-0.0949381
-0.0954585
-0.0959533
-0.096405
-0.0967877
-0.0970719
-0.097212
-0.0971587
-0.0968373
-0.0961825
-0.0950792
-0.0933875
-0.0909644
-0.0876985
-0.0833428
-0.0777707
-0.0707537
-0.0620742
-0.0517535
-0.0392543
-0.0253158
-0.00873736
-0.0818961
-0.0834242
-0.0843023
-0.0847422
-0.0851726
-0.0856982
-0.0862431
-0.0867515
-0.0872349
-0.0877164
-0.0881999
-0.0886849
-0.0891758
-0.0896775
-0.090192
-0.0907197
-0.0912603
-0.0918117
-0.0923705
-0.0929315
-0.0934871
-0.0940276
-0.0945384
-0.0950025
-0.0953934
-0.0956828
-0.0958242
-0.0957694
-0.095441
-0.094765
-0.0936705
-0.0919874
-0.0895717
-0.0863309
-0.082004
-0.0764978
-0.0695468
-0.0610103
-0.0507973
-0.0385882
-0.0247646
-0.00873936
-0.0788801
-0.0803148
-0.0813879
-0.0819205
-0.0824033
-0.0830171
-0.0836588
-0.0842554
-0.0848276
-0.0853988
-0.085967
-0.0865301
-0.0870931
-0.0876606
-0.0882346
-0.088816
-0.089405
-0.0899999
-0.0905975
-0.0911929
-0.0917783
-0.0923442
-0.0928759
-0.0933569
-0.0937601
-0.0940584
-0.0942047
-0.0941535
-0.0938265
-0.0930824
-0.0920347
-0.0903696
-0.0879683
-0.0847595
-0.0804683
-0.0750396
-0.0681651
-0.059791
-0.0497033
-0.0378102
-0.0241457
-0.00868414
-0.075534
-0.0769329
-0.0781428
-0.0787385
-0.079297
-0.0800153
-0.0807499
-0.081432
-0.0820961
-0.0827604
-0.083417
-0.0840641
-0.0847067
-0.0853479
-0.0859894
-0.0866325
-0.0872774
-0.0879228
-0.0885656
-0.0892012
-0.0898219
-0.0904184
-0.0909756
-0.0914779
-0.0918974
-0.0922088
-0.0923635
-0.0923212
-0.0920101
-0.0913934
-0.0902036
-0.0885502
-0.0861678
-0.0829988
-0.0787518
-0.0734129
-0.0666271
-0.0584336
-0.0484911
-0.036935
-0.0234736
-0.0085825
-0.0720652
-0.073402
-0.0746144
-0.0752379
-0.0759012
-0.076735
-0.0775597
-0.0783319
-0.0790936
-0.0798524
-0.0805984
-0.081332
-0.0820572
-0.0827758
-0.0834889
-0.084198
-0.084903
-0.085603
-0.086295
-0.0869747
-0.0876343
-0.0882651
-0.0888519
-0.0893797
-0.0898202
-0.0901501
-0.0903191
-0.0902916
-0.0899871
-0.0893487
-0.0881846
-0.0865519
-0.0841938
-0.0810735
-0.0768803
-0.0716439
-0.0649602
-0.0569637
-0.0471878
-0.0359844
-0.0227671
-0.0084465
-0.0688396
-0.0699822
-0.0709687
-0.0715316
-0.0722697
-0.0731787
-0.0740697
-0.0749279
-0.0757841
-0.0766334
-0.0774675
-0.078288
-0.0790968
-0.0798946
-0.0806826
-0.0814617
-0.0822317
-0.0829916
-0.0837385
-0.084468
-0.0851727
-0.0858441
-0.0864668
-0.087027
-0.0874958
-0.0878525
-0.0880453
-0.0880455
-0.0877687
-0.0871611
-0.0859918
-0.0843801
-0.0820528
-0.0789915
-0.0748639
-0.0697434
-0.0631773
-0.0553928
-0.0458059
-0.0349671
-0.0220343
-0.00828535
-0.0658392
-0.0667501
-0.0672844
-0.0676612
-0.0683689
-0.0692538
-0.0701595
-0.0710813
-0.0720211
-0.0729624
-0.0738961
-0.0748194
-0.07573
-0.0766271
-0.0775105
-0.0783801
-0.0792351
-0.080074
-0.0808936
-0.0816898
-0.0824543
-0.0831792
-0.0838483
-0.0844485
-0.08495
-0.0853344
-0.0855462
-0.0855598
-0.085267
-0.0846694
-0.0835674
-0.0820042
-0.0797183
-0.0767236
-0.0726677
-0.06767
-0.0612312
-0.0536696
-0.044294
-0.0338376
-0.0212355
-0.00808979
-0.0610833
-0.0631072
-0.0638948
-0.0645683
-0.0654432
-0.0664034
-0.0673703
-0.0683438
-0.0693264
-0.0703114
-0.071292
-0.0722634
-0.0732225
-0.0741676
-0.0750979
-0.0760124
-0.0769097
-0.077788
-0.0786435
-0.0794719
-0.0802645
-0.0810137
-0.0817026
-0.0823193
-0.0828328
-0.0832278
-0.0834483
-0.0834823
-0.0832213
-0.082589
-0.081438
-0.0798626
-0.0775719
-0.0746015
-0.0705804
-0.0656701
-0.0593322
-0.051966
-0.042791
-0.0326954
-0.0204261
-0.00786791
-0.0567735
-0.0591732
-0.0601788
-0.0609403
-0.0618928
-0.0629518
-0.0640134
-0.065062
-0.0661099
-0.0671596
-0.0682057
-0.0692421
-0.0702656
-0.071274
-0.072266
-0.0732398
-0.0741933
-0.0751241
-0.0760276
-0.0768994
-0.0777301
-0.0785119
-0.0792273
-0.0798646
-0.0803917
-0.0807936
-0.0810122
-0.0810304
-0.0807285
-0.0800958
-0.0789865
-0.0774299
-0.0751604
-0.072236
-0.0682773
-0.0634786
-0.0572761
-0.0501302
-0.0411968
-0.031476
-0.0195839
-0.00760173
-0.0526562
-0.0553156
-0.0563474
-0.0571087
-0.0581154
-0.0592648
-0.0604131
-0.0615337
-0.0626464
-0.0637607
-0.0648718
-0.0659731
-0.0670606
-0.0681321
-0.0691855
-0.0702185
-0.0712282
-0.0722116
-0.0731634
-0.0740786
-0.0749473
-0.0757615
-0.0765031
-0.0771603
-0.0777008
-0.0781092
-0.0783274
-0.0783369
-0.0780329
-0.0774086
-0.076312
-0.074768
-0.0725227
-0.0696495
-0.0657655
-0.0610908
-0.0550458
-0.0481392
-0.039482
-0.0301585
-0.0186957
-0.00730435
-0.048631
-0.051366
-0.0523972
-0.0531724
-0.0542357
-0.0554655
-0.0566923
-0.0578812
-0.0590566
-0.0602326
-0.0614059
-0.0625692
-0.0637179
-0.0648495
-0.0659615
-0.0670511
-0.0681146
-0.0691485
-0.070147
-0.0711044
-0.0720104
-0.0728567
-0.0736249
-0.0743029
-0.0748586
-0.0752767
-0.0755001
-0.0755119
-0.0752164
-0.0746023
-0.0735156
-0.0719907
-0.0697791
-0.0669663
-0.063169
-0.058629
-0.0527571
-0.0460999
-0.0377386
-0.0288177
-0.0178102
-0.00699603
-0.0444059
-0.0472483
-0.0483315
-0.0491409
-0.0502562
-0.0515559
-0.0528552
-0.0541106
-0.0553476
-0.0565839
-0.0578173
-0.0590405
-0.0602482
-0.0614377
-0.0626061
-0.0637503
-0.064866
-0.0659489
-0.0669929
-0.0679917
-0.0689349
-0.0698134
-0.0706089
-0.0713092
-0.0718822
-0.072313
-0.072546
-0.0725659
-0.0722795
-0.0716776
-0.0706109
-0.0691155
-0.0669485
-0.0642063
-0.0605083
-0.0561131
-0.0504292
-0.0440293
-0.0359811
-0.0274645
-0.0169312
-0.00667708
-0.0400197
-0.0430019
-0.0441667
-0.0450203
-0.0461825
-0.0475442
-0.0489116
-0.0502321
-0.0515298
-0.0528247
-0.0541165
-0.0553976
-0.0566625
-0.0579078
-0.0591307
-0.0603276
-0.0614937
-0.0626243
-0.0637127
-0.0647524
-0.0657322
-0.0666433
-0.0674668
-0.0681906
-0.068783
-0.0692293
-0.0694753
-0.0695071
-0.0692334
-0.0686503
-0.0676115
-0.0661538
-0.0640413
-0.0613789
-0.0577924
-0.0535514
-0.0480693
-0.0419337
-0.0342142
-0.026102
-0.0160586
-0.00634891
-0.035566
-0.0386529
-0.0399086
-0.0408173
-0.0420265
-0.0434459
-0.0448784
-0.0462627
-0.0476202
-0.0489726
-0.0503212
-0.0516586
-0.0529788
-0.0542783
-0.0555538
-0.0568015
-0.0580164
-0.0591934
-0.0603252
-0.061405
-0.0624213
-0.0633651
-0.0642173
-0.064966
-0.0655796
-0.0660442
-0.0663068
-0.0663546
-0.0660995
-0.0655411
-0.0645367
-0.0631243
-0.0610757
-0.0585018
-0.0550379
-0.0509592
-0.0456915
-0.0398255
-0.032448
-0.0247384
-0.0151962
-0.0060154
-0.0310516
-0.0342129
-0.0355655
-0.0365406
-0.0377998
-0.0392744
-0.0407694
-0.0422162
-0.0436329
-0.0450419
-0.0464461
-0.0478385
-0.0492127
-0.050565
-0.0518918
-0.0531891
-0.0544516
-0.0556739
-0.0568483
-0.0579677
-0.0590206
-0.0599974
-0.0608793
-0.0616544
-0.0622916
-0.0627773
-0.0630602
-0.0631287
-0.062898
-0.0623697
-0.0614062
-0.0600465
-0.0580708
-0.0555935
-0.0522623
-0.0483533
-0.0433107
-0.0377183
-0.0306928
-0.0233826
-0.0143478
-0.00568035
-0.0264855
-0.0297042
-0.031154
-0.0322018
-0.0335133
-0.0350412
-0.036596
-0.0381039
-0.0395789
-0.0410437
-0.0425026
-0.043949
-0.0453763
-0.0467804
-0.0481575
-0.0495035
-0.0508129
-0.0520798
-0.0532966
-0.0544557
-0.0555454
-0.056556
-0.057469
-0.0582722
-0.0589356
-0.0594457
-0.0597529
-0.0598468
-0.059646
-0.0591535
-0.0582375
-0.0569375
-0.0550435
-0.0526702
-0.0494813
-0.0457482
-0.0409398
-0.0356236
-0.0289573
-0.0220421
-0.0135161
-0.00534699
-0.0218917
-0.0251486
-0.0266898
-0.0278124
-0.0291773
-0.0307568
-0.0323688
-0.033936
-0.0354682
-0.036988
-0.0385006
-0.0400001
-0.0414796
-0.0429347
-0.0443615
-0.0457556
-0.0471114
-0.0484229
-0.049682
-0.0508811
-0.0520084
-0.0530541
-0.0539997
-0.0548334
-0.0555257
-0.0560637
-0.0563996
-0.0565237
-0.0563584
-0.0559074
-0.0550458
-0.0538125
-0.0520083
-0.049746
-0.0467076
-0.0431559
-0.0385892
-0.0335509
-0.0272481
-0.0207228
-0.0127032
-0.00501809
-0.0172831
-0.0205609
-0.0221865
-0.0233836
-0.0248021
-0.0264314
-0.0280979
-0.0297222
-0.0313103
-0.0328839
-0.0344492
-0.0360008
-0.0375317
-0.0390372
-0.040513
-0.0419548
-0.0433569
-0.0447129
-0.0460147
-0.0472545
-0.0484205
-0.0495026
-0.050483
-0.0513496
-0.052074
-0.0526435
-0.0530126
-0.0531718
-0.0530478
-0.0526443
-0.0518438
-0.0506838
-0.0489771
-0.0468325
-0.0439521
-0.0405868
-0.0362674
-0.031508
-0.0255706
-0.0194295
-0.0119104
-0.00469591
-0.0126675
-0.0159543
-0.017657
-0.0189267
-0.0203981
-0.022075
-0.0237934
-0.0254723
-0.0271146
-0.0287407
-0.0303574
-0.0319599
-0.0335413
-0.0350963
-0.0366206
-0.0381098
-0.039558
-0.0409587
-0.0423037
-0.043585
-0.0447908
-0.0459112
-0.0469285
-0.0478307
-0.0485906
-0.0491956
-0.0496024
-0.0498017
-0.0497247
-0.0493747
-0.0486419
-0.0475619
-0.0459598
-0.0439392
-0.0412234
-0.0380487
-0.033981
-0.0295009
-0.0239285
-0.0181659
-0.0111386
-0.00438218
-0.00805584
-0.011341
-0.0131137
-0.0144534
-0.0159762
-0.0176983
-0.0194655
-0.0211964
-0.0228908
-0.0245676
-0.0262342
-0.0278863
-0.0295169
-0.0311205
-0.0326928
-0.0342289
-0.035723
-0.0371686
-0.0385573
-0.039881
-0.041128
-0.0422884
-0.0433448
-0.0442855
-0.0450843
-0.0457286
-0.0461778
-0.0464224
-0.046398
-0.0461076
-0.0454488
-0.044455
-0.0429644
-0.0410737
-0.0385281
-0.035548
-0.031735
-0.027534
-0.0223245
-0.0169342
-0.0103881
-0.00407808
-0.00345977
-0.0067325
-0.00856824
-0.00997512
-0.0115475
-0.0133123
-0.0151249
-0.0169049
-0.0186488
-0.0203744
-0.0220891
-0.0237891
-0.0254675
-0.0271187
-0.028738
-0.0303205
-0.0318603
-0.0333508
-0.0347836
-0.0361506
-0.0374401
-0.0386421
-0.0397401
-0.040722
-0.041563
-0.0422508
-0.0427467
-0.0430417
-0.0430755
-0.0428504
-0.0422718
-0.0413703
-0.0399972
-0.038242
-0.0358716
-0.0330895
-0.029533
-0.0256107
-0.0207602
-0.0157363
-0.00965919
-0.00378429
0.00110914
-0.00214072
-0.00403289
-0.00550407
-0.00712393
-0.00892843
-0.0107831
-0.0126086
-0.0143992
-0.0161712
-0.0179319
-0.0196779
-0.0214025
-0.0230999
-0.0247651
-0.0263933
-0.0279784
-0.0295138
-0.030991
-0.0324019
-0.0337351
-0.0349805
-0.0361221
-0.037148
-0.0380345
-0.0387694
-0.0393166
-0.0396666
-0.0397639
-0.0396098
-0.0391172
-0.0383138
-0.0370639
-0.0354492
-0.0332581
-0.030677
-0.0273778
-0.0237333
-0.0192368
-0.0145729
-0.00895177
-0.00350113
0.00563789
0.00242121
0.000479377
-0.00105283
-0.00271773
-0.00455869
-0.00645149
-0.00831903
-0.0101533
-0.0119689
-0.0137731
-0.015563
-0.0173319
-0.0190738
-0.0207837
-0.0224566
-0.0240863
-0.0256662
-0.0271881
-0.0286435
-0.0300213
-0.0313116
-0.0324988
-0.0335712
-0.0345063
-0.035292
-0.0358944
-0.0363042
-0.0364699
-0.0363919
-0.0359907
-0.0352908
-0.0341691
-0.0326997
-0.0306912
-0.0283135
-0.0252713
-0.0219031
-0.0177548
-0.0134445
-0.00826567
-0.0032286
0.0101128
0.00693929
0.00495506
0.00336574
0.00165871
-0.000215217
-0.00214217
-0.00404777
-0.00592221
-0.00777846
-0.00962356
-0.0114548
-0.0132657
-0.0150503
-0.0168033
-0.0185197
-0.0201932
-0.0218173
-0.0233836
-0.0248838
-0.0263072
-0.0276436
-0.0288782
-0.0299995
-0.0309859
-0.0318256
-0.0324871
-0.0329609
-0.0331996
-0.0332027
-0.0328977
-0.0323062
-0.0313171
-0.029997
-0.0281737
-0.0260013
-0.023215
-0.0201214
-0.0163145
-0.0123511
-0.00760071
-0.00296653
0.014521
0.0113996
0.00938059
0.00773885
0.00599311
0.00408994
0.00213303
0.000193471
-0.00171746
-0.00361109
-0.00549408
-0.007364
-0.00921456
-0.0110397
-0.012834
-0.0145924
-0.0163087
-0.0179761
-0.0195867
-0.0211319
-0.0226013
-0.023985
-0.0252685
-0.0264406
-0.0274809
-0.0283778
-0.0291017
-0.0296435
-0.0299592
-0.0300479
-0.0298433
-0.0293647
-0.028512
-0.0273446
-0.0257082
-0.0237424
-0.0212104
-0.0183889
-0.0149161
-0.0112925
-0.00695663
-0.00271464
0.0188508
0.0157888
0.0137429
0.0120541
0.0102736
0.00834504
0.00636244
0.00439318
0.00244965
0.000522114
-0.0013956
-0.00330129
-0.00518885
-0.00705219
-0.00888589
-0.0106847
-0.0124424
-0.0141524
-0.0158066
-0.0173968
-0.0189126
-0.0203443
-0.021678
-0.0229026
-0.023999
-0.0249556
-0.0257452
-0.0263583
-0.0267547
-0.0269329
-0.0268328
-0.0264717
-0.0257574
-0.0247455
-0.0232973
-0.0215386
-0.0192584
-0.016706
-0.0135596
-0.0102684
-0.00633322
-0.00247262
0.0230919
0.0200952
0.0180298
0.0162998
0.0144886
0.0125387
0.0105347
0.00854004
0.00656792
0.0046101
0.00266096
0.000722567
-0.0011992
-0.00309827
-0.00496914
-0.00680647
-0.00860418
-0.0103556
-0.0120527
-0.0136875
-0.0152498
-0.0167301
-0.0181149
-0.0193936
-0.0205479
-0.0215667
-0.0224244
-0.0231119
-0.0235922
-0.0238634
-0.0238708
-0.0236293
-0.0230568
-0.0222027
-0.0209432
-0.0193914
-0.0173601
-0.0150731
-0.0122451
-0.00927859
-0.00573026
-0.00224015
0.0272348
0.0243077
0.02223
0.0204646
0.0186271
0.0166598
0.0146386
0.0126229
0.0106262
0.00864187
0.00666473
0.0046968
0.00274374
0.000811595
-0.00109412
-0.00296801
-0.00480402
-0.00659552
-0.0083347
-0.0100135
-0.0116222
-0.0131512
-0.0145879
-0.0159217
-0.0171355
-0.0182183
-0.0191464
-0.0199108
-0.0204777
-0.0208446
-0.0209621
-0.0208429
-0.0204138
-0.0197191
-0.018648
-0.0173025
-0.0155163
-0.0134906
-0.0109726
-0.0083226
-0.00514756
-0.00201691
0.0312706
0.0284166
0.026333
0.0245378
0.0226784
0.0206977
0.0186634
0.0166308
0.0146136
0.0126064
0.0106048
0.00861054
0.00662922
0.00466675
0.00272867
0.000820378
-0.00105209
-0.00288218
-0.00466223
-0.00638433
-0.0080389
-0.00961677
-0.0111057
-0.0124954
-0.0137697
-0.014918
-0.0159183
-0.0167617
-0.0174173
-0.0178821
-0.0181117
-0.0181169
-0.0178322
-0.0172975
-0.016414
-0.0152732
-0.0137279
-0.0119588
-0.00974214
-0.0074002
-0.00458497
-0.00180264
0.0351907
0.0324124
0.0303287
0.0285092
0.026632
0.0246416
0.0225982
0.0205527
0.018519
0.0164928
0.0144701
0.0124528
0.0104463
0.00845638
0.00648851
0.00454813
0.0026412
0.000774208
-0.00104534
-0.00280968
-0.00450952
-0.0061359
-0.00767708
-0.00912308
-0.0104586
-0.0116735
-0.0127473
-0.0136712
-0.014417
-0.0149816
-0.0153245
-0.0154554
-0.0153156
-0.014941
-0.0142433
-0.0133051
-0.0119959
-0.0104782
-0.00855383
-0.00651116
-0.00404241
-0.00159711
0.0389868
0.0362861
0.0342075
0.0323687
0.0304777
0.0284812
0.0264324
0.0243781
0.0223316
0.0202899
0.0182496
0.0162126
0.014184
0.0121695
0.0101745
0.00820445
0.00626521
0.00436317
0.00250568
0.000700344
-0.00104384
-0.00271812
-0.00431128
-0.00581364
-0.00721081
-0.00849287
-0.00964084
-0.0106463
-0.0114833
-0.0121486
-0.0126057
-0.0128628
-0.0128678
-0.0126523
-0.0121382
-0.0113998
-0.0103215
-0.00904916
-0.00740795
-0.00565539
-0.00351985
-0.00140012
0.0426507
0.040029
0.0379602
0.0361067
0.0342057
0.0322065
0.0301558
0.0280962
0.0260407
0.023987
0.0219325
0.019879
0.0178313
0.0157951
0.0137757
0.0117784
0.00980912
0.00787403
0.00598033
0.00413546
0.00234813
0.000626825
-0.00101771
-0.0025761
-0.00403479
-0.0053842
-0.0066067
-0.00769414
-0.00862279
-0.0093892
-0.00996047
-0.0103438
-0.0104923
-0.0104343
-0.0101011
-0.00955907
-0.00870585
-0.00767247
-0.00630487
-0.00483292
-0.00301734
-0.00121154
0.0461749
0.0436327
0.0415778
0.0397141
0.0378065
0.0358077
0.0337583
0.0316968
0.0296356
0.0275733
0.0255077
0.0234408
0.0213771
0.0193221
0.0172809
0.015259
0.013262
0.011296
0.00936795
0.0074852
0.00565612
0.00388896
0.00219399
0.000580256
-0.000939447
-0.00235591
-0.00365273
-0.00482203
-0.00584211
-0.00670943
-0.00739427
-0.00790293
-0.00819306
-0.00829057
-0.00813472
-0.00778477
-0.00715033
-0.00634892
-0.00524511
-0.0040439
-0.00253502
-0.00103126
0.0495523
0.0470895
0.0450519
0.043182
0.0412711
0.0392754
0.0372302
0.0351699
0.0331062
0.0310384
0.0289648
0.0268873
0.0248105
0.0227394
0.0206793
0.0186352
0.0166128
0.014618
0.0126577
0.0107389
0.00886974
0.00705816
0.00531399
0.00364596
0.00206615
0.0005834
-0.000787021
-0.00203754
-0.00314825
-0.0041156
-0.00491267
-0.00554497
-0.00597457
-0.00622481
-0.00624196
-0.00607913
-0.00565653
-0.00507956
-0.00422937
-0.00328865
-0.00207312
-0.00085925
0.0527763
0.050392
0.0483746
0.046502
0.0445907
0.0426007
0.0405623
0.0385059
0.0364425
0.034372
0.0322931
0.030208
0.0281207
0.0260362
0.0239596
0.0218959
0.0198505
0.0178293
0.0158388
0.0138859
0.0119785
0.0101241
0.0083323
0.00661137
0.00497275
0.00342493
0.00198212
0.000651599
-0.000548363
-0.00161421
-0.00252157
-0.00327518
-0.00384123
-0.00424073
-0.00442599
-0.00444451
-0.00422625
-0.0038656
-0.00325852
-0.00256761
-0.00163193
-0.000695505
0.0558405
0.0535333
0.0515383
0.0496662
0.0477571
0.0457749
0.0437454
0.0416953
0.0396348
0.0375641
0.0354826
0.0333922
0.0312971
0.0292017
0.0271112
0.0250302
0.0229642
0.0209188
0.0189003
0.0169155
0.0149717
0.0130765
0.0112388
0.0094667
0.00777095
0.0061597
0.0046462
0.00323743
0.00195019
0.000787992
-0.000227069
-0.00109906
-0.00179781
-0.00234248
-0.00268979
-0.00288338
-0.00286146
-0.00270848
-0.00233358
-0.00188141
-0.00121188
-0.000540076
0.0587391
0.0565066
0.0545359
0.052667
0.0507623
0.0487897
0.0467709
0.0447291
0.0426736
0.040605
0.0385231
0.0364298
0.0343291
0.0322252
0.030123
0.0280272
0.0259429
0.0238755
0.0218313
0.0198166
0.0178387
0.0159047
0.0140232
0.012202
0.0104512
0.00877855
0.00719652
0.0057118
0.00433981
0.00308405
0.00196454
0.000977745
0.000150688
-0.000533142
-0.00103637
-0.00139837
-0.00156445
-0.00160989
-0.00145581
-0.00123081
-0.000813455
-0.000393062
0.0614663
0.0593058
0.0573604
0.0554969
0.0535985
0.051637
0.0496302
0.0475984
0.0455497
0.0434851
0.0414047
0.0393106
0.0372063
0.0350961
0.0329844
0.0308759
0.0287755
0.0266885
0.0246207
0.0225785
0.0205687
0.0185982
0.0166752
0.0148071
0.0130036
0.0112721
0.00962415
0.00806627
0.00661263
0.0052667
0.00404665
0.00294949
0.0019994
0.00118197
0.000529812
7.12253e-06
-0.000337721
-0.000571747
-0.000626657
-0.000616748
-0.000437264
-0.000254606
0.0640164
0.0619246
0.0600051
0.0581488
0.0562582
0.0543087
0.0523151
0.0502944
0.0482539
0.0461949
0.0441177
0.0420244
0.0399184
0.0378037
0.0356846
0.0335654
0.031451
0.0293465
0.0272574
0.0251899
0.0231505
0.0211459
0.0191839
0.0172716
0.0154181
0.0136306
0.0119198
0.0102921
0.00876047
0.00732838
0.00601233
0.0048099
0.00374273
0.00279792
0.00200442
0.00132936
0.000815769
0.000403731
0.000152199
-4.03653e-05
-8.40259e-05
-0.000124898
0.0663837
0.0643567
0.0624631
0.0606155
0.0587336
0.0567968
0.054817
0.0528082
0.050777
0.0487248
0.0466521
0.0445611
0.0424549
0.0403374
0.0382125
0.0360846
0.0339582
0.0318382
0.0297301
0.0276396
0.0255731
0.0235369
0.0215385
0.0195848
0.0176844
0.015844
0.014074
0.0123802
0.0107748
0.00926109
0.00785422
0.0065522
0.00537441
0.00430935
0.00338331
0.00256446
0.00189279
0.00131401
0.000878806
0.000497005
0.000245416
-4.18109e-06
0.068562
0.0665956
0.0647274
0.0628893
0.0610169
0.0590932
0.0571274
0.055131
0.0531097
0.051065
0.0489979
0.0469102
0.0448051
0.0426861
0.0405571
0.0384221
0.0362855
0.034152
0.032027
0.0299158
0.0278246
0.0257596
0.0237277
0.0217356
0.0197915
0.017902
0.0160765
0.0143209
0.0126464
0.0110564
0.00956446
0.00816918
0.00688778
0.00570972
0.00465679
0.00370769
0.00288978
0.00215623
0.00155094
0.000993803
0.000550081
0.000107248
0.0705451
0.0686344
0.0667906
0.0649625
0.0630999
0.0611891
0.0592371
0.0572532
0.0552421
0.0532055
0.0511444
0.0490609
0.0469578
0.0448385
0.0427066
0.040566
0.0384209
0.0362759
0.034136
0.0320064
0.029893
0.0278018
0.0257394
0.0237123
0.0217281
0.0197933
0.0179168
0.0161041
0.0143658
0.0127051
0.0111346
0.00965316
0.00827629
0.00699469
0.00582866
0.00475608
0.0038031
0.00292722
0.00216603
0.00144821
0.000828825
0.000209028
0.0723254
0.0704653
0.0686444
0.0668263
0.0649735
0.0630751
0.0611365
0.0591647
0.0571637
0.0551352
0.0530805
0.0510016
0.0489012
0.0467824
0.0446487
0.0425037
0.0403517
0.0381969
0.036044
0.0338983
0.0317653
0.0296508
0.027561
0.0255023
0.023482
0.0215061
0.0195832
0.0177187
0.0159223
0.0141974
0.0125554
0.0109956
0.00953205
0.00815644
0.00688703
0.00570316
0.00462794
0.00362318
0.00272114
0.00185811
0.00108032
0.00030073
0.0738949
0.0720798
0.0702799
0.0684713
0.0666277
0.0647411
0.0628148
0.0608543
0.058863
0.0568424
0.054794
0.0527198
0.0506224
0.0485047
0.04637
0.0442218
0.0420641
0.0399011
0.0377373
0.0355777
0.0334277
0.0312926
0.0291789
0.0270922
0.0250398
0.0230275
0.0210635
0.0191527
0.0173046
0.0155224
0.0138167
0.0121871
0.0106463
0.00918691
0.00782523
0.0065425
0.00535882
0.00423971
0.0032128
0.00222102
0.00130302
0.000381838
0.0752439
0.0734677
0.0716864
0.0698867
0.0680516
0.0661753
0.0642602
0.06231
0.0603274
0.0583141
0.0562716
0.054202
0.0521076
0.0499913
0.0478561
0.0457056
0.0435434
0.0413737
0.0392007
0.0370294
0.0348648
0.0327124
0.030578
0.0284673
0.0263873
0.0243435
0.0223437
0.020393
0.0185
0.0166681
0.0149071
0.0132169
0.0116091
0.0100771
0.00863547
0.00726716
0.00598969
0.00477177
0.00363703
0.00253407
0.00149513
0.000451751
0.0763593
0.0746153
0.0728496
0.0710575
0.0692296
0.0673623
0.0654567
0.0635153
0.0615403
0.0595334
0.0574963
0.0554308
0.0533393
0.0512246
0.0490895
0.0469373
0.0447718
0.0425968
0.0404166
0.0382358
0.0360594
0.0338926
0.0317412
0.0296108
0.0275078
0.0254379
0.0234085
0.0214245
0.0194941
0.0176208
0.0158137
0.0140729
0.0124093
0.0108168
0.00930857
0.00786908
0.00651354
0.00521349
0.00398918
0.00279387
0.00165457
0.000509747
0.0772353
0.0755167
0.073763
0.0719765
0.0701538
0.068293
0.0663944
0.0644595
0.0624901
0.0604879
0.0584546
0.0563922
0.0543028
0.0521891
0.0500539
0.0479004
0.0457322
0.043553
0.0413671
0.0391789
0.0369933
0.0348153
0.0326507
0.0305047
0.0283838
0.0262935
0.0242408
0.0222307
0.0202711
0.0183652
0.0165221
0.0147417
0.0130343
0.0113944
0.00983401
0.00833933
0.00692233
0.00555813
0.00426387
0.0029965
0.00177889
0.00055503
0.077828
0.0761272
0.0743831
0.0726019
0.0707843
0.0689293
0.0670367
0.0651075
0.063143
0.061145
0.0591153
0.0570557
0.0549685
0.0528562
0.0507215
0.0485676
0.046398
0.0442164
0.0420268
0.0398338
0.0376421
0.0354566
0.0332829
0.0311263
0.0289931
0.0268886
0.0248198
0.0227916
0.0208116
0.0188832
0.0170149
0.0152069
0.013469
0.0117958
0.0101986
0.00866329
0.00720581
0.00579759
0.00445468
0.0031373
0.00186509
0.000586642
0.07818
0.0764831
0.0747382
0.0729546
0.0711354
0.06928
0.0673878
0.065459
0.0634951
0.0614976
0.0594683
0.057409
0.0553219
0.0532095
0.0510744
0.0489197
0.0467489
0.0445656
0.0423738
0.040178
0.0379828
0.0357932
0.0336146
0.0314524
0.0293126
0.0272006
0.0251233
0.0230856
0.0210949
0.0191546
0.0172731
0.0154507
0.0136966
0.0120062
0.0103899
0.00883542
0.00735453
0.00592322
0.00455418
0.00321118
0.00190959
0.00060356
0.0235795
0.0180231
0.0125589
0.00718217
0.00188859
-0.0033262
-0.00846617
-0.0135348
-0.0185348
-0.0234678
-0.0283351
-0.0331346
-0.0378766
-0.0425298
-0.0472288
-0.0516926
-0.0569998
0.0269926
0.0214951
0.0160846
0.0107577
0.0055108
0.000340382
-0.00475667
-0.00978311
-0.0147415
-0.0196333
-0.0244641
-0.0292272
-0.0339669
-0.0385997
-0.0434433
-0.0478394
-0.0533949
0.0308078
0.025425
0.0201262
0.0149084
0.00976865
0.00470384
-0.00028935
-0.00521404
-0.0100752
-0.0148747
-0.0196284
-0.0243224
-0.0290364
-0.0336289
-0.0385063
-0.0428904
-0.0484578
0.0343564
0.0290598
0.0238417
0.0186995
0.0136301
0.00863038
0.0036964
-0.00117534
-0.00599235
-0.0107552
-0.0154875
-0.0201613
-0.0248779
-0.0294531
-0.03432
-0.0387671
-0.0441368
0.0377428
0.0325173
0.0273632
0.0222781
0.0172589
0.0123026
0.00740493
0.00256321
-0.00223119
-0.00697425
-0.0116935
-0.0163459
-0.0210427
-0.025587
-0.0303724
-0.0348015
-0.0398232
0.0411007
0.0359538
0.0308721
0.0258536
0.0208954
0.0159951
0.0111489
0.00635574
0.00160705
-0.00308821
-0.00775961
-0.0123569
-0.0169883
-0.0214737
-0.0261259
-0.0305231
-0.0353093
0.0444409
0.039383
0.0343855
0.0294467
0.0245644
0.0197368
0.0149606
0.0102364
0.00555537
0.000928856
-0.0036733
-0.00820317
-0.0127553
-0.01719
-0.0217343
-0.026143
-0.030792
0.0477399
0.0427765
0.0378694
0.0330173
0.0282181
0.0234709
0.0187722
0.0141234
0.00951542
0.00495909
0.000426457
-0.00404351
-0.00852432
-0.012923
-0.0173805
-0.0217778
-0.0262911
0.0509862
0.0461203
0.0413068
0.0365446
0.0318319
0.0271679
0.0225491
0.0179771
0.013443
0.00895606
0.00449347
8.34203e-05
-0.0043229
-0.00867109
-0.0130309
-0.0173738
-0.021764
0.0541773
0.0494115
0.0446945
0.0400253
0.0354022
0.0308248
0.0262898
0.0217983
0.0173433
0.0129316
0.00854742
0.00420865
-0.000111795
-0.00439031
-0.00865197
-0.0129301
-0.0172249
0.0573113
0.0526481
0.0480305
0.0434576
0.0389281
0.0344415
0.0299951
0.02559
0.021221
0.0168924
0.0125946
0.00833603
0.00410445
-9.9069e-05
-0.00427293
-0.0084823
-0.0126884
0.0603852
0.0558269
0.0513112
0.0468375
0.0424049
0.0380129
0.0336595
0.0293454
0.025067
0.0208261
0.0166175
0.0124425
0.00829847
0.00417405
8.75317e-05
-0.00404089
-0.00815435
0.0633959
0.058944
0.0545322
0.0501601
0.0458268
0.0415321
0.0372746
0.0330543
0.0288688
0.0247184
0.0206006
0.016513
0.0124592
0.00842198
0.00442781
0.000388587
-0.00363027
0.0663402
0.061996
0.0576895
0.0534205
0.0491885
0.0449931
0.0408334
0.036709
0.0326187
0.0285616
0.0245377
0.0205424
0.0165827
0.0126381
0.00873833
0.00479158
0.000870177
0.0692153
0.0649795
0.0607793
0.0566146
0.0524851
0.0483906
0.0443304
0.0403041
0.0363113
0.0323505
0.0284229
0.0245231
0.020659
0.0168092
0.0130052
0.00915444
0.00533431
0.0720184
0.0678913
0.0637979
0.0597383
0.0557124
0.0517199
0.0477606
0.043834
0.0399402
0.0360775
0.0322476
0.0284447
0.0246775
0.0209245
0.017218
0.0134666
0.00974958
0.0747471
0.0707285
0.066742
0.0627878
0.0588659
0.0549762
0.0511186
0.0472927
0.0434988
0.0397352
0.0360038
0.0322991
0.02863
0.0249755
0.0213676
0.0177174
0.0141034
0.0773989
0.0734883
0.0696084
0.0657595
0.0619416
0.0581548
0.0543992
0.0506743
0.0469807
0.0433168
0.0396848
0.0360792
0.0325089
0.0289537
0.0254443
0.0218966
0.0183851
0.0799717
0.0761682
0.0723941
0.0686498
0.0649355
0.0612513
0.0575975
0.0539737
0.0503805
0.0468166
0.043284
0.0397778
0.0363062
0.0328508
0.0294397
0.0259953
0.0225857
0.0824635
0.0787657
0.0750963
0.0714556
0.0678441
0.0642618
0.0607091
0.0571859
0.0536927
0.0502284
0.046795
0.043388
0.0400149
0.0366591
0.0333461
0.030005
0.026697
0.0848724
0.0812788
0.0777125
0.0741741
0.070664
0.0671825
0.0637299
0.0603063
0.0569122
0.0535468
0.0502117
0.0469033
0.0436281
0.0403714
0.037156
0.0339176
0.0307109
0.0871969
0.0837054
0.0802404
0.0768025
0.0733922
0.0700099
0.066656
0.0633306
0.0600343
0.0567665
0.0535287
0.0503177
0.0471394
0.0439807
0.040862
0.0377251
0.0346192
0.0894355
0.0860438
0.0826778
0.0793383
0.0760258
0.0727408
0.0694837
0.0662548
0.0630546
0.0598827
0.0567405
0.0536254
0.0505425
0.0474803
0.044457
0.04142
0.0384139
0.0915867
0.0882922
0.0850229
0.0817794
0.0785623
0.0753723
0.0722098
0.0690752
0.065969
0.0628909
0.0598424
0.0568211
0.0538316
0.0508638
0.0479341
0.0449948
0.0420867
0.0936493
0.0904492
0.0872737
0.0841235
0.0809993
0.0779016
0.0748312
0.0717882
0.0687735
0.0657869
0.0628295
0.0598996
0.0570012
0.0541254
0.0512869
0.0484427
0.0456302
0.0956221
0.0925134
0.0894287
0.0863687
0.0833343
0.0803262
0.0773449
0.0743908
0.0714648
0.0685667
0.0656977
0.0628563
0.0600461
0.0572594
0.0545093
0.0517572
0.0490373
0.0975041
0.0944833
0.0914861
0.0885132
0.0855655
0.0826436
0.0797482
0.0768799
0.0740393
0.0712266
0.0684428
0.0656867
0.0629616
0.0602607
0.0575957
0.0549322
0.0523012
0.099294
0.0963577
0.0934444
0.0905551
0.0876906
0.0848515
0.0820386
0.0792526
0.076494
0.0737631
0.071061
0.0683867
0.0657431
0.0631243
0.0605408
0.0579621
0.0554161
0.100991
0.0981351
0.0953022
0.0924927
0.0897076
0.0869477
0.0842136
0.0815061
0.0788258
0.076173
0.0735487
0.0709523
0.0683863
0.0658457
0.0633396
0.0608414
0.058376
0.102593
0.0998143
0.0970577
0.0943242
0.0916147
0.0889299
0.0862707
0.0836377
0.0810316
0.0784529
0.0759024
0.0733797
0.0708871
0.0684203
0.0659874
0.0635651
0.0611755
0.1041
0.101394
0.0987094
0.0960477
0.0934096
0.0907959
0.0882073
0.0856446
0.0831085
0.0805995
0.0781184
0.075665
0.0732413
0.0708438
0.0684795
0.0661282
0.0638094
0.105509
0.102872
0.100255
0.0976613
0.0950902
0.0925432
0.0900209
0.087524
0.0850534
0.0826095
0.0801933
0.0778044
0.0754449
0.0731118
0.0708111
0.0685257
0.0662723
0.10682
0.104246
0.101694
0.0991626
0.0966541
0.0941691
0.0917084
0.0892728
0.0868629
0.0844794
0.0821231
0.0797939
0.0774936
0.0752197
0.0729774
0.0707525
0.0685588
0.10803
0.105516
0.103022
0.100549
0.0980985
0.0956708
0.0932669
0.0908875
0.0885335
0.0862053
0.0839038
0.0816291
0.0793826
0.0771626
0.0749732
0.072803
0.0706632
0.109137
0.106677
0.104237
0.101818
0.0994202
0.0970448
0.0946926
0.0923644
0.090061
0.0877828
0.0855308
0.0833051
0.081107
0.0789351
0.0767931
0.0746715
0.0725795
0.110138
0.107728
0.105337
0.102966
0.100616
0.0982872
0.0959814
0.093699
0.0914406
0.089207
0.0869988
0.0848164
0.0826608
0.0805312
0.0784304
0.0763511
0.0743005
0.111029
0.108664
0.106316
0.103988
0.10168
0.0993934
0.0971285
0.0948862
0.0926672
0.0904723
0.088302
0.0861568
0.0840377
0.0819441
0.0798782
0.0778346
0.0758186
0.111807
0.10948
0.10717
0.104879
0.102608
0.100357
0.0981272
0.0959191
0.0937336
0.0915712
0.0894326
0.0873184
0.0852293
0.0831651
0.0811275
0.0791127
0.0771243
0.112466
0.110172
0.107895
0.105635
0.103395
0.101173
0.0989721
0.0967917
0.094633
0.0924965
0.0903829
0.0882927
0.0862265
0.0841845
0.0821679
0.0801741
0.0782057
0.112997
0.11073
0.108479
0.106245
0.104029
0.101831
0.0996527
0.0974942
0.0953562
0.0932393
0.0911443
0.0890715
0.0870216
0.0849949
0.0829923
0.0810122
0.0790562
0.111148
0.108915
0.106698
0.104499
0.102316
0.100152
0.0980063
0.0958802
0.0937742
0.0916887
0.0896244
0.0875818
0.0855611
0.0835633
0.0815873
0.0796343
0.111438
0.109221
0.107018
0.104831
0.10266
0.100506
0.0983691
0.0962499
0.0941489
0.0920668
0.0900039
0.0879606
0.0859372
0.0839342
0.0819509
0.0799876
0.113689
0.111458
0.109241
0.107038
0.104851
0.102681
0.100526
0.0983895
0.0962703
0.0941694
0.0920873
0.0900243
0.087981
0.0859576
0.0839546
0.0819712
0.0800078
0.113416
0.111168
0.108935
0.106719
0.104519
0.102336
0.100172
0.0980267
0.0959007
0.0937947
0.0917092
0.0896449
0.0876023
0.0855816
0.0835837
0.0816077
0.0796547
0.113017
0.11075
0.108499
0.106265
0.104049
0.101852
0.0996733
0.0975148
0.0953768
0.09326
0.0911649
0.0890921
0.0870423
0.0850155
0.0830129
0.0810328
0.0790767
0.112487
0.110193
0.107915
0.105656
0.103415
0.101194
0.0989928
0.0968125
0.0946538
0.0925174
0.0904038
0.0883135
0.0862474
0.0842053
0.0821887
0.0801949
0.0782264
0.111827
0.1095
0.107191
0.1049
0.102629
0.100378
0.0981482
0.0959401
0.0937546
0.0915923
0.0894538
0.0873395
0.0852504
0.0831862
0.0811486
0.0791338
0.0771454
0.11105
0.108684
0.106337
0.104009
0.101701
0.0994146
0.0971497
0.0949075
0.0926886
0.0904937
0.0883234
0.0861783
0.0840591
0.0819655
0.0798996
0.077856
0.07584
0.110159
0.107749
0.105358
0.102987
0.100637
0.0983086
0.0960029
0.0937206
0.0914623
0.0892287
0.0870206
0.0848382
0.0826826
0.0805531
0.0784522
0.076373
0.0743224
0.109158
0.106699
0.104259
0.10184
0.0994419
0.0970666
0.0947145
0.0923864
0.090083
0.0878049
0.085553
0.0833273
0.0811292
0.0789574
0.0768154
0.0746938
0.0726019
0.108051
0.105537
0.103044
0.100571
0.0981206
0.095693
0.0932892
0.0909099
0.0885559
0.0862278
0.0839264
0.0816518
0.0794053
0.0771854
0.0749961
0.0728259
0.0706862
0.106842
0.104268
0.101716
0.0991849
0.0966766
0.0941917
0.0917311
0.0892956
0.0868859
0.0845024
0.0821462
0.0798171
0.0775168
0.075243
0.0730008
0.0707759
0.0685823
0.105531
0.102894
0.100278
0.097684
0.0951131
0.0925662
0.090044
0.0875473
0.0850768
0.0826331
0.0802169
0.0778282
0.0754688
0.0731357
0.0708351
0.0685498
0.0662965
0.104122
0.101416
0.0987324
0.0960709
0.093433
0.0908194
0.088231
0.0856684
0.0831325
0.0806236
0.0781427
0.0756894
0.0732658
0.0708684
0.0685042
0.066153
0.0638343
0.102616
0.0998375
0.0970811
0.0943478
0.0916385
0.0889539
0.0862949
0.083662
0.0810561
0.0784775
0.0759272
0.0734046
0.0709122
0.0684456
0.0660128
0.0635907
0.0612012
0.101014
0.0981588
0.095326
0.0925168
0.0897319
0.0869722
0.0842383
0.081531
0.0788509
0.0761983
0.0735742
0.0709779
0.0684121
0.0658717
0.0633658
0.0608678
0.0584025
0.0993178
0.0963818
0.0934688
0.0905797
0.0877154
0.0848765
0.0820639
0.0792781
0.0765197
0.0737891
0.0710872
0.068413
0.0657696
0.0631511
0.0605678
0.0579893
0.0554435
0.0975284
0.0945079
0.0915109
0.0885383
0.0855908
0.0826692
0.0797741
0.076906
0.0740657
0.0712532
0.0684696
0.0657138
0.0629889
0.0602883
0.0576235
0.0549603
0.0523296
0.0956469
0.0925384
0.089454
0.0863943
0.0833602
0.0803523
0.0773713
0.0744176
0.0714918
0.068594
0.0657253
0.0628841
0.0600743
0.0572879
0.0545381
0.0517862
0.0490666
0.0936745
0.0904747
0.0872995
0.0841496
0.0810257
0.0779284
0.0748582
0.0718156
0.0688012
0.0658149
0.0628579
0.0599283
0.0570302
0.0541548
0.0513166
0.0484728
0.0456606
0.0916123
0.0883182
0.0850492
0.081806
0.0785893
0.0753996
0.0722375
0.0691032
0.0659974
0.0629197
0.0598715
0.0568506
0.0538615
0.0508941
0.0479648
0.0450259
0.0421182
0.0894616
0.0860702
0.0827047
0.0793655
0.0760534
0.0727687
0.0695121
0.0662835
0.0630837
0.0599122
0.0567705
0.0536558
0.0505733
0.0475115
0.0444887
0.0414521
0.0384465
0.0872235
0.0837323
0.0802677
0.0768302
0.0734203
0.0700384
0.066685
0.06336
0.0600642
0.0567968
0.0535594
0.0503489
0.0471711
0.0440129
0.0408947
0.0377584
0.0346531
0.0848994
0.0813062
0.0777404
0.0742024
0.0706927
0.0672116
0.0637596
0.0603364
0.0569428
0.0535779
0.0502433
0.0469354
0.0436608
0.0404046
0.0371898
0.033952
0.0307459
0.0824909
0.0787936
0.0751247
0.0714845
0.0678734
0.0642916
0.0607394
0.0572167
0.0537241
0.0502603
0.0468274
0.043421
0.0400486
0.0366934
0.0333811
0.0300407
0.0267333
0.0799996
0.0761966
0.072423
0.0686791
0.0649654
0.0612817
0.0576285
0.0540052
0.0504127
0.0468493
0.0433174
0.0398119
0.036341
0.0328862
0.0294759
0.0260322
0.0226235
0.0774272
0.0735172
0.0696378
0.0657894
0.061972
0.0581858
0.0544308
0.0507066
0.0470137
0.0433504
0.0397191
0.0361142
0.0325446
0.0289903
0.0254818
0.021935
0.0184244
0.0747758
0.0707578
0.0667719
0.0628182
0.0588969
0.0550078
0.0511509
0.0473257
0.0435325
0.0397696
0.036039
0.0323351
0.0286669
0.0250133
0.0214063
0.0177572
0.0141443
0.0720476
0.067921
0.0638282
0.0597693
0.0557439
0.0517521
0.0477936
0.0438678
0.0399747
0.0361128
0.0322838
0.0284818
0.0247155
0.0209635
0.0172581
0.0135079
0.00979213
0.0692448
0.0650096
0.0608101
0.0566461
0.0525173
0.0484234
0.044364
0.0403385
0.0363465
0.0323866
0.02846
0.0245612
0.0206982
0.0168495
0.0130467
0.00919721
0.00537858
0.0663701
0.0620266
0.0577208
0.0534525
0.0492212
0.0450265
0.0408676
0.0367441
0.0326548
0.0285987
0.0245758
0.0205816
0.016623
0.0126797
0.00878128
0.0048359
0.000916158
0.0634262
0.058975
0.0545639
0.0501925
0.04586
0.0415662
0.0373096
0.0330902
0.0289057
0.0247563
0.0206396
0.0165533
0.0125007
0.00846486
0.00447218
0.000434432
-0.0035826
0.0604159
0.0558583
0.0513433
0.0468704
0.0424386
0.0380475
0.0336951
0.029382
0.0251046
0.0208649
0.0166575
0.0124838
0.00834116
0.00421819
0.000133279
-0.00399355
-0.00810505
0.0573423
0.0526799
0.048063
0.043491
0.0389623
0.0344767
0.0300313
0.0256273
0.0212594
0.016932
0.0126355
0.00837837
0.00414827
-5.36986e-05
-0.00422585
-0.00843351
-0.0126375
0.0542087
0.0494436
0.0447274
0.0400591
0.035437
0.0308606
0.0263266
0.0218363
0.0173825
0.0129721
0.00858928
0.00425197
-6.68934e-05
-0.00434375
-0.0086036
-0.0128799
-0.0171725
0.0510179
0.0461528
0.0413402
0.0365789
0.0318671
0.0272042
0.0225865
0.0180157
0.0134829
0.0089973
0.00453617
0.000127665
-0.00427699
-0.00862341
-0.0129813
-0.0173222
-0.0217103
0.0477719
0.0428093
0.0379031
0.033052
0.0282538
0.0235077
0.0188101
0.0141626
0.00955596
0.00500106
0.000469955
-0.00399839
-0.00847747
-0.0128743
-0.0173297
-0.021725
-0.0262359
0.0444732
0.0394161
0.0344196
0.0294818
0.0246005
0.0197741
0.014999
0.0102762
0.00559653
0.000971502
-0.00362904
-0.00815721
-0.0127075
-0.0171403
-0.0216824
-0.0260889
-0.0307354
0.0463468
0.0411332
0.0359872
0.0309065
0.025889
0.0209318
0.0160328
0.0111877
0.00639596
0.00164872
-0.00304499
-0.00771471
-0.0123102
-0.0169396
-0.0214229
-0.0260729
-0.0304678
-0.0352513
0.0430742
0.0377756
0.032551
0.0273979
0.0223138
0.0172956
0.0123405
0.00744415
0.0026038
-0.00218912
-0.00693058
-0.0116481
-0.0162987
-0.0209934
-0.0255355
-0.0303184
-0.034745
-0.0397638
0.0397662
0.0343894
0.0290936
0.0238765
0.0187353
0.0136671
0.00866857
0.0037359
-0.00113444
-0.00594993
-0.0107112
-0.0154417
-0.0201135
-0.0248281
-0.029401
-0.0342654
-0.0387097
-0.0440762
0.0363098
0.030841
0.025459
0.0201612
0.0149445
0.00980585
0.00474228
-0.000249552
-0.00517277
-0.0100323
-0.0148301
-0.0195819
-0.0242738
-0.0289857
-0.0335758
-0.0384505
-0.0428318
-0.048396
0.0326132
0.0270258
0.0215292
0.0161198
0.010794
0.00554819
0.000379072
-0.00471656
-0.00974146
-0.0146982
-0.019588
-0.0244168
-0.0291777
-0.0339149
-0.038545
-0.0433856
-0.0477787
-0.0533308
0.0292645
0.0236126
0.0180572
0.0125939
0.00721828
0.00192588
-0.00328762
-0.00842617
-0.0134933
-0.0184915
-0.0234227
-0.0282879
-0.0330851
-0.0378245
-0.0424748
-0.0471707
-0.0516311
-0.0569343
0.0782002
0.0765033
0.0747582
0.0729746
0.0711553
0.0692998
0.0674074
0.0654785
0.0635144
0.0615168
0.0594873
0.0574278
0.0553405
0.0532278
0.0510924
0.0489374
0.0467663
0.0445826
0.0423904
0.0401942
0.0379985
0.0358084
0.0336293
0.0314665
0.0293261
0.0272135
0.0251355
0.0230971
0.0211057
0.0191647
0.0172824
0.0154592
0.0137043
0.0120132
0.0103961
0.00884081
0.00735908
0.0059269
0.00455702
0.00321316
0.00191076
0.000603878
0.0778483
0.0761475
0.0744033
0.072622
0.0708043
0.0689492
0.0670565
0.0651271
0.0631625
0.0611643
0.0591344
0.0570746
0.0549872
0.0528746
0.0507396
0.0485854
0.0464154
0.0442334
0.0420435
0.03985
0.0376578
0.0354718
0.0332976
0.0311404
0.0290066
0.0269015
0.024832
0.0228031
0.0208224
0.0188932
0.0170242
0.0152154
0.0134767
0.0118028
0.0102047
0.00866888
0.00721035
0.00580123
0.00445748
0.00313925
0.00186624
0.000586951
0.0772558
0.0755371
0.0737833
0.0719967
0.070174
0.068313
0.0664143
0.0644793
0.0625097
0.0605074
0.0584739
0.0564112
0.0543216
0.0522076
0.0500721
0.0479183
0.0457498
0.0435702
0.0413839
0.0391952
0.0370091
0.0348307
0.0326654
0.0305189
0.0283974
0.0263064
0.024253
0.0222422
0.0202818
0.0183752
0.0165313
0.0147501
0.0130419
0.0114011
0.00983992
0.00834422
0.00692661
0.00556163
0.00426659
0.00299839
0.00178001
0.000555323
0.07638
0.074636
0.0728702
0.071078
0.06925
0.0673826
0.0654769
0.0635353
0.0615602
0.0595531
0.0575158
0.0554501
0.0533584
0.0512433
0.0491079
0.0469555
0.0447896
0.0426142
0.0404335
0.0382523
0.0360754
0.0339081
0.0317561
0.0296251
0.0275215
0.0254509
0.0234208
0.021436
0.0195049
0.0176307
0.0158229
0.0140813
0.0124168
0.0108235
0.00931435
0.00787399
0.00651771
0.00521687
0.00399179
0.00279568
0.00165563
0.000510017
0.0752649
0.0734887
0.0717073
0.0699075
0.0680723
0.066196
0.0642807
0.0623303
0.0603476
0.0583341
0.0562914
0.0542216
0.0521269
0.0500103
0.0478749
0.045724
0.0435615
0.0413913
0.0392179
0.0370461
0.034881
0.032728
0.030593
0.0284817
0.026401
0.0243565
0.022356
0.0204045
0.0185108
0.016678
0.0149162
0.0132251
0.0116165
0.0100836
0.00864111
0.00727194
0.00599368
0.00477498
0.00363951
0.00253576
0.00149613
0.000451991
0.0739163
0.0721012
0.0703012
0.0684926
0.0666489
0.0647621
0.0628357
0.0608751
0.0588836
0.0568628
0.0548142
0.0527398
0.0506421
0.0485241
0.0463891
0.0442406
0.0420825
0.0399191
0.0377548
0.0355947
0.0334441
0.0313085
0.0291941
0.0271068
0.0250537
0.0230407
0.0210758
0.0191643
0.0173153
0.0155322
0.0138257
0.0121951
0.0106535
0.00919324
0.0078307
0.00654707
0.00536259
0.00424272
0.0032151
0.00222258
0.00130393
0.00038204
0.0723473
0.0704872
0.0686663
0.066848
0.0649951
0.0630967
0.0611579
0.0591859
0.0571848
0.0551561
0.0531012
0.0510221
0.0489214
0.0468023
0.0446682
0.0425229
0.0403705
0.0382152
0.0360619
0.0339157
0.0317821
0.0296669
0.0275765
0.025517
0.0234959
0.0215193
0.0195956
0.0177302
0.0159329
0.0142071
0.0125642
0.0110035
0.009539
0.00816251
0.00689226
0.00570752
0.00463148
0.00362595
0.00272322
0.0018595
0.00108111
0.000300884
0.0705675
0.0686568
0.066813
0.0649847
0.0631221
0.0612112
0.0592591
0.057275
0.0552637
0.0532269
0.0511656
0.0490819
0.0469785
0.0448589
0.0427266
0.0405856
0.0384401
0.0362946
0.0341542
0.0320241
0.0299101
0.0278182
0.0257551
0.0237272
0.0217422
0.0198066
0.0179292
0.0161156
0.0143763
0.0127146
0.0111432
0.00966076
0.00828294
0.00700043
0.00583364
0.00476016
0.00380635
0.00292967
0.00216784
0.00144938
0.000829481
0.000209124
0.068585
0.0666186
0.0647504
0.0629122
0.0610397
0.0591159
0.0571499
0.0551534
0.053132
0.0510871
0.0490197
0.0469318
0.0448264
0.0427071
0.0405777
0.0384423
0.0363052
0.0341713
0.0320457
0.0299339
0.0278421
0.0257763
0.0237436
0.0217508
0.0198058
0.0179153
0.0160889
0.0143323
0.0126568
0.0110657
0.00957275
0.00817643
0.00689405
0.0057151
0.0046615
0.00371127
0.00289254
0.00215828
0.00155241
0.000994706
0.00055057
0.000107273
0.0664073
0.0643804
0.0624867
0.060639
0.058757
0.0568202
0.0548403
0.0528314
0.0508
0.0487475
0.0466746
0.0445834
0.0424769
0.040359
0.0382338
0.0361054
0.0339785
0.031858
0.0297493
0.0276582
0.0255909
0.023554
0.0215548
0.0196002
0.0176988
0.0158575
0.0140864
0.0123915
0.010785
0.00927017
0.00786218
0.00655905
0.00538016
0.004314
0.00338675
0.00256733
0.00189499
0.00131556
0.000879867
0.000497587
0.000245704
-4.23936e-06
0.0640407
0.061949
0.0600295
0.0581731
0.0562824
0.0543328
0.0523391
0.0503182
0.0482776
0.0462184
0.044141
0.0420474
0.0399411
0.0378261
0.0357065
0.0335869
0.031472
0.0293669
0.0272772
0.025209
0.0231689
0.0211634
0.0192005
0.0172872
0.0154327
0.0136441
0.0119322
0.0103033
0.00877046
0.00733715
0.00601989
0.00481626
0.00374793
0.00280197
0.0020074
0.00133156
0.000817338
0.000404711
0.000152778
-4.01632e-05
-8.39783e-05
-0.000125055
0.0614914
0.059331
0.0573856
0.055522
0.0536235
0.0516619
0.0496551
0.0476231
0.0455742
0.0435094
0.0414288
0.0393344
0.0372298
0.0351192
0.0330071
0.0308981
0.0287972
0.0267095
0.0246411
0.0225981
0.0205875
0.0186161
0.0166921
0.014823
0.0130183
0.0112856
0.00963648
0.00807731
0.00662236
0.0052751
0.00405373
0.00295528
0.00200398
0.00118534
0.000532112
8.56812e-06
-0.000336872
-0.000571427
-0.00062664
-0.000616989
-0.000437497
-0.000254879
0.058765
0.0565327
0.054562
0.052693
0.0507882
0.0488155
0.0467966
0.0447547
0.042699
0.0406302
0.0385481
0.0364546
0.0343535
0.0322492
0.0301466
0.0280502
0.0259653
0.0238974
0.0218524
0.0198369
0.0178581
0.0159231
0.0140406
0.0122182
0.0104661
0.00879218
0.00720878
0.00572264
0.00434921
0.00309199
0.00197105
0.000982862
0.000154487
-0.000530595
-0.00103485
-0.00139772
-0.00156441
-0.00161034
-0.00145645
-0.00123156
-0.000814014
-0.00039347
0.0558673
0.0535602
0.0515653
0.0496931
0.047784
0.0458017
0.0437721
0.0417219
0.0396612
0.0375903
0.0355086
0.033418
0.0313224
0.0292267
0.0271357
0.0250542
0.0229876
0.0209414
0.0189222
0.0169364
0.0149917
0.0130954
0.0112566
0.00948318
0.00778607
0.00617338
0.00465837
0.00324804
0.0019592
0.000795406
-0.000221227
-0.00109475
-0.0017949
-0.0023408
-0.00268918
-0.00288369
-0.00286239
-0.00270983
-0.00233498
-0.00188277
-0.00121282
-0.000540639
0.052804
0.05042
0.0484026
0.0465299
0.0446186
0.0426286
0.0405901
0.0385335
0.03647
0.0343993
0.0323202
0.0302348
0.0281472
0.0260623
0.0239852
0.0219209
0.0198748
0.0178529
0.0158615
0.0139077
0.0119991
0.0101436
0.00835051
0.00662819
0.00498807
0.00343865
0.00199417
0.000661922
-0.000539798
-0.00160741
-0.0025165
-0.00327178
-0.00383935
-0.00424017
-0.00442653
-0.00444598
-0.0042283
-0.00386799
-0.0032608
-0.00256967
-0.00163331
-0.000696246
0.0495811
0.0471185
0.045081
0.043211
0.0413001
0.0393044
0.0372592
0.0351987
0.0331349
0.0310669
0.0289931
0.0269153
0.0248381
0.0227666
0.0207059
0.0186612
0.0166381
0.0146426
0.0126814
0.0107615
0.00889116
0.00707829
0.00533271
0.00366314
0.00208167
0.000597157
-0.000775114
-0.00202755
-0.00314021
-0.00410951
-0.00490849
-0.0055426
-0.00597386
-0.00622557
-0.00624388
-0.00608197
-0.00565988
-0.00508315
-0.00423267
-0.0032915
-0.00207499
-0.000860196
0.0462047
0.0436628
0.041608
0.0397443
0.0378367
0.0358379
0.0337885
0.0317269
0.0296656
0.0276031
0.0255373
0.0234701
0.021406
0.0193505
0.0173089
0.0152863
0.0132885
0.0113216
0.0093926
0.00750872
0.00567837
0.0039098
0.00221327
0.000597834
-0.000923703
-0.00234212
-0.00364099
-0.00481243
-0.00583468
-0.00670417
-0.00739111
-0.00790176
-0.00819368
-0.00829282
-0.00813821
-0.00778919
-0.00715517
-0.00635388
-0.00524957
-0.00404767
-0.00253747
-0.00103244
0.0426816
0.0400602
0.0379916
0.0361382
0.0342371
0.032238
0.0301873
0.0281276
0.026072
0.0240182
0.0219634
0.0199096
0.0178616
0.0158249
0.0138049
0.011807
0.0098369
0.00790088
0.00600611
0.00416001
0.00237129
0.000648438
-0.00099781
-0.00255808
-0.0040188
-0.00537038
-0.00659517
-0.00768497
-0.00861604
-0.00938486
-0.00995845
-0.0103441
-0.0104945
-0.0104382
-0.0101064
-0.00956524
-0.00871239
-0.00767898
-0.00631064
-0.00483772
-0.00302044
-0.00121298
0.0390188
0.0363186
0.0342402
0.0324015
0.0305105
0.0285141
0.0264653
0.0244109
0.0223644
0.0203226
0.0182821
0.0162448
0.0142158
0.0122008
0.0102052
0.00823448
0.00629439
0.00439135
0.0025327
0.000726032
-0.00101966
-0.00269564
-0.00429069
-0.00579512
-0.00719455
-0.00847902
-0.00962953
-0.0106376
-0.0114774
-0.0121453
-0.0126049
-0.0128645
-0.0128717
-0.0126581
-0.0121454
-0.011408
-0.01033
-0.00905744
-0.00741522
-0.00566136
-0.00352368
-0.00140186
0.035224
0.0324462
0.0303628
0.0285433
0.0266662
0.0246759
0.0226326
0.0205872
0.0185534
0.016527
0.0145041
0.0124866
0.0104798
0.00848933
0.00652085
0.00457973
0.0026719
0.000803847
-0.00101695
-0.00278273
-0.00448423
-0.00611246
-0.00765573
-0.00910401
-0.0104421
-0.0116596
-0.0127362
-0.0136631
-0.0144119
-0.0149794
-0.0153252
-0.0154588
-0.0153214
-0.0149489
-0.0142527
-0.0133156
-0.0120065
-0.0104884
-0.00856277
-0.00651844
-0.00404706
-0.00159918
0.0313052
0.0284518
0.0263685
0.0245735
0.0227141
0.0207336
0.0186994
0.0166668
0.0146497
0.0126424
0.0106406
0.00864611
0.00666443
0.00470148
0.00276277
0.000853708
-0.00101971
-0.00285093
-0.00463232
-0.00635599
-0.00801236
-0.00959227
-0.0110835
-0.0124757
-0.0137527
-0.014904
-0.0159074
-0.0167541
-0.0174131
-0.0178813
-0.018114
-0.0181222
-0.0178402
-0.0173078
-0.0164259
-0.0152862
-0.0137409
-0.0119713
-0.00975295
-0.00740895
-0.00459054
-0.00180508
0.0272708
0.0243444
0.0222671
0.0205018
0.0186645
0.0166974
0.0146764
0.0126608
0.0106641
0.00867971
0.00670245
0.00473428
0.00278088
0.000848255
-0.00105809
-0.00293279
-0.0047698
-0.00656251
-0.00830313
-0.00998366
-0.0115942
-0.0131255
-0.0145648
-0.0159013
-0.0171181
-0.0182042
-0.0191358
-0.0199039
-0.0204746
-0.0208452
-0.0209663
-0.0208504
-0.0204242
-0.019732
-0.0186627
-0.0173182
-0.0155319
-0.0135055
-0.0109855
-0.00833299
-0.00515414
-0.00201976
0.0231294
0.0201335
0.0180685
0.0163387
0.0145277
0.0125781
0.0105743
0.00857979
0.00660775
0.00464994
0.00270072
0.000762124
-0.00115997
-0.00305951
-0.00493102
-0.00676919
-0.00856794
-0.0103206
-0.0120193
-0.0136559
-0.0152204
-0.016703
-0.0180907
-0.0193724
-0.0205301
-0.0215525
-0.0224141
-0.0231057
-0.0235902
-0.0238655
-0.0238769
-0.0236391
-0.0230699
-0.0222185
-0.0209609
-0.0194102
-0.0173787
-0.0150908
-0.0122603
-0.00929078
-0.00573796
-0.00224345
0.0188898
0.0158288
0.0137833
0.0120948
0.0103145
0.0083863
0.00640399
0.00443496
0.00249158
0.000564098
-0.00135366
-0.0032595
-0.00514736
-0.00701115
-0.00884549
-0.0106451
-0.0124039
-0.0141153
-0.0157711
-0.0173633
-0.0188814
-0.0203158
-0.0216525
-0.0228805
-0.0239806
-0.0249413
-0.0257352
-0.0263528
-0.0267539
-0.0269367
-0.026841
-0.0264842
-0.0257736
-0.0247646
-0.0233184
-0.0215608
-0.0192804
-0.0167266
-0.0135774
-0.0102826
-0.00634215
-0.00247643
0.0145616
0.0114413
0.0094228
0.00778139
0.00603599
0.0041332
0.00217665
0.000237396
-0.00167331
-0.00356682
-0.00544978
-0.00731981
-0.00917063
-0.0109962
-0.0127912
-0.0145504
-0.0162678
-0.0179367
-0.019549
-0.0210964
-0.0225683
-0.0239549
-0.0252417
-0.0264175
-0.0274619
-0.0283632
-0.029092
-0.0296388
-0.0299596
-0.0300535
-0.0298539
-0.02938
-0.0285314
-0.0273672
-0.025733
-0.0237683
-0.0212359
-0.0184129
-0.0149366
-0.0113089
-0.00696692
-0.00271901
0.0101551
0.00698276
0.00499912
0.0034102
0.0017036
-0.000169863
-0.00209636
-0.00400158
-0.00587571
-0.00773176
-0.00957677
-0.0114081
-0.0132192
-0.0150042
-0.0167578
-0.018475
-0.0201498
-0.0217753
-0.0233435
-0.0248461
-0.0262721
-0.0276117
-0.0288499
-0.0299752
-0.0309662
-0.0318109
-0.0324777
-0.0329571
-0.0332014
-0.0332103
-0.0329108
-0.0323246
-0.0313399
-0.0300234
-0.0282025
-0.0260313
-0.0232445
-0.020149
-0.0163381
-0.0123699
-0.00761247
-0.0029715
0.00568195
0.00246648
0.00052533
-0.00100638
-0.00267076
-0.00451115
-0.0064034
-0.00827045
-0.0101043
-0.0119196
-0.0137237
-0.0155135
-0.0172826
-0.0190248
-0.0207353
-0.0224091
-0.0240401
-0.0256216
-0.0271454
-0.0286032
-0.029984
-0.0312777
-0.0324688
-0.0335457
-0.0344858
-0.0352769
-0.0358852
-0.0363012
-0.0364732
-0.0364016
-0.0360066
-0.0353124
-0.0341957
-0.0327303
-0.0307244
-0.028348
-0.025305
-0.0219347
-0.0177817
-0.0134659
-0.00827906
-0.00323423
0.00115494
-0.00209365
-0.00398504
-0.00545559
-0.00707482
-0.00887864
-0.0107326
-0.0125576
-0.0143477
-0.0161192
-0.0178797
-0.0196256
-0.0213503
-0.023048
-0.0247138
-0.0263428
-0.0279292
-0.0294662
-0.0309455
-0.032359
-0.0336953
-0.0349445
-0.0360903
-0.0371211
-0.0380131
-0.038754
-0.0393076
-0.0396645
-0.0397689
-0.0396218
-0.039136
-0.038339
-0.0370946
-0.0354844
-0.0332962
-0.0307164
-0.0274162
-0.0237692
-0.0192674
-0.0145972
-0.00896691
-0.00350747
-0.00341225
-0.00668365
-0.00851847
-0.0099246
-0.0114962
-0.0132602
-0.015072
-0.0168513
-0.0185945
-0.0203196
-0.0220339
-0.0237337
-0.0254121
-0.0270636
-0.0286834
-0.0302668
-0.0318079
-0.0333001
-0.0347351
-0.0361048
-0.0373977
-0.0386037
-0.0397063
-0.0406936
-0.0415406
-0.0422349
-0.042738
-0.0430405
-0.0430821
-0.0428648
-0.0422938
-0.0413994
-0.0400324
-0.0382821
-0.0359148
-0.0331342
-0.0295765
-0.0256513
-0.0207948
-0.0157637
-0.00967624
-0.00379141
-0.00800663
-0.0112903
-0.013062
-0.0144008
-0.0159226
-0.0176439
-0.01941
-0.0211402
-0.0228337
-0.0245099
-0.026176
-0.0278278
-0.0294582
-0.031062
-0.0326348
-0.0341718
-0.0356672
-0.0371145
-0.0385055
-0.0398322
-0.0410828
-0.0422474
-0.0433089
-0.0442554
-0.0450607
-0.0457123
-0.0461693
-0.0464222
-0.0464065
-0.0461246
-0.0454743
-0.0444883
-0.0430043
-0.041119
-0.0385769
-0.0355984
-0.031784
-0.0275797
-0.0223633
-0.0169649
-0.0104072
-0.00408602
-0.0126166
-0.0159019
-0.0176034
-0.0188721
-0.0203424
-0.0220181
-0.0237354
-0.0254133
-0.0270547
-0.02868
-0.030296
-0.0318981
-0.0334792
-0.0350342
-0.036559
-0.0380491
-0.0394985
-0.040901
-0.0422485
-0.0435329
-0.0447426
-0.0458676
-0.0468903
-0.0477988
-0.0485658
-0.0491787
-0.0495941
-0.0498026
-0.049735
-0.0493946
-0.048671
-0.0475995
-0.0460049
-0.0439903
-0.0412782
-0.0381052
-0.0340359
-0.029552
-0.023972
-0.0182001
-0.0111599
-0.00439101
-0.0172306
-0.0205068
-0.022131
-0.0233268
-0.0247441
-0.026372
-0.0280373
-0.0296604
-0.0312474
-0.0328201
-0.0343845
-0.0359355
-0.0374661
-0.0389714
-0.0404476
-0.0418902
-0.0432935
-0.0446514
-0.0459558
-0.0471989
-0.0483689
-0.049456
-0.0504423
-0.0513157
-0.0520479
-0.052626
-0.0530045
-0.0531737
-0.05306
-0.052667
-0.0518766
-0.0507262
-0.0490276
-0.0468897
-0.0440134
-0.0406498
-0.0363286
-0.0315649
-0.025619
-0.0194677
-0.0119341
-0.00470567
-0.0218375
-0.0250926
-0.0266323
-0.0277535
-0.029117
-0.030695
-0.0323055
-0.0338713
-0.0354022
-0.0369208
-0.0384324
-0.0399312
-0.0414102
-0.0428651
-0.0442921
-0.0456869
-0.047044
-0.0483574
-0.0496191
-0.0508217
-0.0519533
-0.0530043
-0.0539563
-0.0547973
-0.055498
-0.0560454
-0.0563916
-0.0565266
-0.0563727
-0.0559332
-0.0550827
-0.0538598
-0.0520646
-0.0498096
-0.0467757
-0.0432259
-0.0386571
-0.033614
-0.0273017
-0.020765
-0.0127294
-0.00502882
-0.0264297
-0.0296465
-0.0310945
-0.0321408
-0.0334506
-0.0349769
-0.03653
-0.0380363
-0.0395098
-0.0409732
-0.0424309
-0.0438763
-0.045303
-0.0467067
-0.0480839
-0.0494305
-0.0507411
-0.05201
-0.0532295
-0.0543922
-0.0554865
-0.0565028
-0.0574225
-0.0582337
-0.0589062
-0.0594265
-0.0597449
-0.0598507
-0.0596623
-0.0591824
-0.0582786
-0.0569901
-0.0551059
-0.0527406
-0.0495565
-0.0458255
-0.0410148
-0.0356932
-0.0290164
-0.0220886
-0.013545
-0.00535875
-0.0309942
-0.0341534
-0.0355041
-0.0364774
-0.0377347
-0.0392075
-0.0407005
-0.0421456
-0.0435605
-0.0449679
-0.0463707
-0.0477619
-0.0491353
-0.050487
-0.0518138
-0.0531116
-0.0543753
-0.0555995
-0.0567767
-0.0578999
-0.0589576
-0.0599405
-0.0608297
-0.0616133
-0.0622603
-0.0627571
-0.0630521
-0.0631336
-0.0629163
-0.0624019
-0.0614517
-0.0601044
-0.0581395
-0.0556709
-0.0523451
-0.0484383
-0.0433932
-0.0377948
-0.0307578
-0.0234337
-0.0143794
-0.00569316
-0.035507
-0.0385916
-0.0398451
-0.0407519
-0.0419591
-0.0433763
-0.0448067
-0.046189
-0.0475445
-0.0488951
-0.050242
-0.051578
-0.0528971
-0.0541959
-0.0554712
-0.0567193
-0.0579353
-0.0591142
-0.0602489
-0.0613326
-0.0623541
-0.0633042
-0.0641642
-0.064922
-0.0655462
-0.0660227
-0.0662984
-0.0663603
-0.0661199
-0.0655766
-0.0645866
-0.0631878
-0.0611509
-0.0585865
-0.0551284
-0.0510522
-0.0457817
-0.0399092
-0.032519
-0.0247941
-0.0152308
-0.00602928
-0.0399591
-0.0429387
-0.0441014
-0.0449527
-0.0461126
-0.047472
-0.0488371
-0.0501553
-0.0514507
-0.0527436
-0.0540334
-0.0553129
-0.0565764
-0.0578208
-0.0590433
-0.0602404
-0.0614075
-0.06254
-0.0636313
-0.0646751
-0.0656604
-0.0665782
-0.0674099
-0.0681435
-0.0687472
-0.0692063
-0.0694664
-0.0695135
-0.0692557
-0.068689
-0.0676658
-0.0662229
-0.0641231
-0.0614711
-0.057891
-0.0536525
-0.0481675
-0.0420247
-0.0342916
-0.0261626
-0.0160963
-0.00636388
-0.0443438
-0.0471833
-0.0482641
-0.0490712
-0.050184
-0.0514811
-0.0527777
-0.0540306
-0.0552651
-0.056499
-0.0577302
-0.0589514
-0.0601576
-0.0613459
-0.0625137
-0.063658
-0.0647746
-0.0658594
-0.0669063
-0.0679094
-0.0688581
-0.0697438
-0.070548
-0.0712587
-0.0718438
-0.0722883
-0.0725365
-0.0725728
-0.0723036
-0.0717195
-0.0706698
-0.0691902
-0.067037
-0.064306
-0.060615
-0.0562226
-0.0505355
-0.0441278
-0.0360649
-0.0275301
-0.0169721
-0.00669314
-0.0485673
-0.0512994
-0.0523279
-0.0531005
-0.0541611
-0.0553881
-0.056612
-0.0577979
-0.0589705
-0.0601439
-0.0613147
-0.0624758
-0.0636226
-0.0647528
-0.0658639
-0.0669534
-0.0680178
-0.0690535
-0.0700549
-0.0710166
-0.0719285
-0.0727823
-0.0735597
-0.0742488
-0.0748173
-0.07525
-0.0754897
-0.0755192
-0.075242
-0.0746471
-0.0735787
-0.072071
-0.0698743
-0.0670737
-0.0632839
-0.0587469
-0.0528717
-0.046206
-0.037829
-0.0288884
-0.0178543
-0.00701318
-0.0525911
-0.0552473
-0.0562763
-0.0570348
-0.0580385
-0.0591847
-0.0603299
-0.0614473
-0.0625569
-0.0636682
-0.0647765
-0.0658752
-0.0669606
-0.0680304
-0.0690826
-0.0701154
-0.0711257
-0.0721108
-0.0730656
-0.0739852
-0.07486
-0.075682
-0.0764333
-0.0771021
-0.0776562
-0.0780802
-0.0783157
-0.0783441
-0.0780601
-0.0774564
-0.0763792
-0.0748535
-0.0726245
-0.0697643
-0.0658884
-0.0612171
-0.0551686
-0.048253
-0.039579
-0.0302342
-0.0187431
-0.00732257
-0.0567067
-0.0591033
-0.060106
-0.0608644
-0.0618137
-0.0628693
-0.0639274
-0.0649726
-0.066017
-0.0670634
-0.0681062
-0.0691398
-0.0701607
-0.0711672
-0.0721577
-0.073131
-0.074085
-0.0750174
-0.0759239
-0.0768001
-0.077637
-0.078427
-0.0791525
-0.079802
-0.0803435
-0.0807618
-0.0809987
-0.0810368
-0.0807569
-0.0801466
-0.0790574
-0.0775204
-0.0752684
-0.0723581
-0.0684082
-0.0636132
-0.057407
-0.0502516
-0.0413004
-0.0315569
-0.0196347
-0.00762102
-0.0610145
-0.0630356
-0.0638202
-0.0644904
-0.0653619
-0.0663184
-0.0672815
-0.0682513
-0.0692301
-0.0702114
-0.0711885
-0.0721567
-0.073113
-0.0740559
-0.0749845
-0.0758984
-0.076796
-0.0776758
-0.0785343
-0.0793672
-0.0801663
-0.080924
-0.0816234
-0.0822529
-0.0827814
-0.0831936
-0.0834333
-0.0834877
-0.0832484
-0.0826437
-0.0815126
-0.0799581
-0.077686
-0.0747306
-0.0707188
-0.0658125
-0.0594709
-0.0520946
-0.042901
-0.0327812
-0.0204801
-0.00788821
-0.0657687
-0.0666768
-0.0672077
-0.0675811
-0.068285
-0.0691661
-0.0700678
-0.0709856
-0.0719214
-0.0728588
-0.0737888
-0.0747087
-0.0756164
-0.0765111
-0.0773928
-0.0782617
-0.079117
-0.0799575
-0.0807803
-0.0815812
-0.0823526
-0.0830864
-0.0837666
-0.0843803
-0.0848975
-0.0853
-0.0855322
-0.085568
-0.085299
-0.0847236
-0.083645
-0.0821045
-0.0798383
-0.0768593
-0.0728133
-0.06782
-0.0613773
-0.0538052
-0.0444101
-0.0339282
-0.0212929
-0.00811102
-0.0687661
-0.0699054
-0.0708878
-0.0714469
-0.072181
-0.0730858
-0.0739725
-0.0748264
-0.0756784
-0.0765236
-0.0773539
-0.0781708
-0.0789766
-0.079772
-0.0805584
-0.0813368
-0.0821073
-0.0828691
-0.0836194
-0.0843543
-0.0850663
-0.0857471
-0.0863816
-0.0869562
-0.0874418
-0.0878178
-0.0880323
-0.088056
-0.0878031
-0.08722
-0.0860754
-0.0844879
-0.082181
-0.0791358
-0.0750184
-0.0699021
-0.0633319
-0.055536
-0.0459286
-0.0350626
-0.022095
-0.00830745
-0.0719883
-0.0733212
-0.0745289
-0.0751481
-0.0758072
-0.0766365
-0.0774566
-0.0782243
-0.0789816
-0.0797361
-0.0804781
-0.0812082
-0.0819303
-0.0826465
-0.0833581
-0.0840667
-0.0847726
-0.0854749
-0.0861709
-0.0868564
-0.0875241
-0.0881652
-0.0887648
-0.089308
-0.0897665
-0.0901169
-0.090309
-0.090307
-0.0900295
-0.0894051
-0.0882732
-0.0866672
-0.0843301
-0.0812263
-0.0770434
-0.0718109
-0.0651227
-0.057114
-0.0473167
-0.0360846
-0.0228309
-0.00846937
-0.075453
-0.0768478
-0.0780525
-0.0786436
-0.0791976
-0.0799112
-0.0806409
-0.0813183
-0.0819778
-0.0826377
-0.0832902
-0.0839336
-0.0845731
-0.0852121
-0.0858523
-0.0864952
-0.0871411
-0.0877892
-0.0884365
-0.0890786
-0.089708
-0.0903156
-0.0908866
-0.0914052
-0.0918438
-0.0921767
-0.0923554
-0.0923395
-0.0920599
-0.0914917
-0.0903031
-0.0886728
-0.0863115
-0.0831593
-0.0789227
-0.0735878
-0.066797
-0.0585906
-0.0486258
-0.0370395
-0.0235404
-0.00860607
-0.078795
-0.0802253
-0.0812928
-0.0818204
-0.0822985
-0.0829074
-0.083544
-0.0841356
-0.084703
-0.0852697
-0.0858337
-0.0863931
-0.0869531
-0.0875184
-0.0880911
-0.0886726
-0.089263
-0.089861
-0.0904636
-0.091066
-0.0916609
-0.0922387
-0.0927849
-0.0932831
-0.0937063
-0.0940271
-0.0941983
-0.0941737
-0.0938725
-0.0931396
-0.0921419
-0.0905002
-0.0881188
-0.0849269
-0.0806463
-0.0752215
-0.0683418
-0.0599541
-0.0498433
-0.0379186
-0.0242154
-0.00870832
-0.0818068
-0.0833302
-0.0842024
-0.084637
-0.0850624
-0.0855828
-0.0861225
-0.0866257
-0.0871042
-0.087581
-0.0880602
-0.0885416
-0.0890296
-0.0895291
-0.0900426
-0.0905706
-0.0911129
-0.0916678
-0.0922321
-0.0928007
-0.0933664
-0.0939195
-0.0944456
-0.0949278
-0.0953395
-0.0956523
-0.0958194
-0.0957922
-0.0954928
-0.0948556
-0.093787
-0.0921248
-0.0897284
-0.0865045
-0.0821883
-0.0766858
-0.0697294
-0.0611786
-0.0509419
-0.0387002
-0.0248369
-0.00876403
-0.0844034
-0.0861005
-0.0867683
-0.087084
-0.0874615
-0.087905
-0.0883463
-0.0887578
-0.0891509
-0.0895448
-0.089947
-0.0903594
-0.0907856
-0.0912296
-0.0916934
-0.092177
-0.0926793
-0.0931986
-0.0937312
-0.0942723
-0.0948144
-0.0953481
-0.095859
-0.0963297
-0.0967339
-0.0970422
-0.0972087
-0.0971838
-0.0968927
-0.0962703
-0.0951995
-0.0935299
-0.0911262
-0.0878773
-0.0835325
-0.077964
-0.0709412
-0.062247
-0.051902
-0.0393691
-0.0253903
-0.00876236
-0.0865935
-0.0885186
-0.0889904
-0.0891663
-0.0894848
-0.0898545
-0.0901999
-0.090521
-0.0908353
-0.0911574
-0.0914948
-0.0918503
-0.0922267
-0.0926266
-0.0930509
-0.0934991
-0.0939698
-0.0944607
-0.0949682
-0.0954874
-0.0960112
-0.0965299
-0.0970297
-0.0974927
-0.097893
-0.0981999
-0.0983685
-0.0983485
-0.0980658
-0.0974497
-0.0963784
-0.0947121
-0.0923063
-0.0890381
-0.0846701
-0.0790462
-0.0719657
-0.0631477
-0.0527092
-0.0399146
-0.0258636
-0.00869186
-0.0884601
-0.0905964
-0.0908706
-0.0908928
-0.0911351
-0.0914283
-0.0916844
-0.0919236
-0.0921704
-0.0924349
-0.092722
-0.0930344
-0.0933735
-0.0937406
-0.0941355
-0.0945572
-0.0950038
-0.0954729
-0.095961
-0.0964634
-0.0969731
-0.0974805
-0.0979722
-0.0984302
-0.0988287
-0.0991363
-0.0993083
-0.0992937
-0.0990181
-0.0984079
-0.0973185
-0.0956828
-0.0932705
-0.0899854
-0.0855978
-0.0799274
-0.0727956
-0.0638728
-0.0533521
-0.0403284
-0.0262444
-0.00853978
-0.0900983
-0.0923395
-0.0924
-0.0922687
-0.092425
-0.0926412
-0.09282
-0.092993
-0.0931879
-0.0934108
-0.093663
-0.0939456
-0.0942593
-0.0946036
-0.0949776
-0.0953798
-0.0958084
-0.096261
-0.0967343
-0.0972237
-0.0977225
-0.0982215
-0.0987071
-0.0991614
-0.0995589
-0.0998678
-0.100043
-0.100033
-0.0997631
-0.0991531
-0.0980766
-0.096449
-0.0940248
-0.0907225
-0.0863169
-0.0806064
-0.0734281
-0.0644178
-0.0538229
-0.0406041
-0.0265207
-0.00829254
-0.0915449
-0.0937284
-0.0935645
-0.093303
-0.0933796
-0.0935266
-0.0936459
-0.0937728
-0.0939337
-0.0941306
-0.0943616
-0.0946262
-0.0949237
-0.0952529
-0.0956123
-0.0960004
-0.0964154
-0.0968552
-0.0973168
-0.0977959
-0.0982859
-0.0987778
-0.0992582
-0.099709
-0.100105
-0.100414
-0.100591
-0.100583
-0.100317
-0.0997098
-0.0986512
-0.0970273
-0.0945761
-0.091256
-0.0868319
-0.0810859
-0.0738636
-0.0647808
-0.054117
-0.0407375
-0.0266811
-0.00793655
-0.0927635
-0.0947356
-0.0943673
-0.0940209
-0.0940391
-0.0941332
-0.094214
-0.0943156
-0.0944593
-0.0946435
-0.0948641
-0.0951192
-0.0954072
-0.0957265
-0.0960755
-0.0964529
-0.0968573
-0.0972867
-0.0977384
-0.0982085
-0.0986906
-0.0991756
-0.0996504
-0.100097
-0.10049
-0.100796
-0.100972
-0.100963
-0.100696
-0.100085
-0.0990117
-0.0973084
-0.0949282
-0.091595
-0.0871499
-0.0813706
-0.0741056
-0.0649622
-0.0542331
-0.0407257
-0.0267149
-0.00745947
-0.0936955
-0.0953588
-0.0948443
-0.0944685
-0.0944554
-0.0945173
-0.0945801
-0.0946743
-0.0948142
-0.0949955
-0.0952131
-0.095464
-0.0957465
-0.096059
-0.0964
-0.0967687
-0.0971639
-0.097584
-0.0980268
-0.0984881
-0.0989621
-0.0994395
-0.0999072
-0.100347
-0.100734
-0.101034
-0.101205
-0.101189
-0.100916
-0.100295
-0.0992114
-0.0975227
-0.0950974
-0.0917493
-0.0872794
-0.0814666
-0.0741591
-0.0649641
-0.0541725
-0.0405665
-0.0266136
-0.00685205
-0.0943147
-0.0956414
-0.095058
-0.0947031
-0.0946839
-0.0947333
-0.0947956
-0.0948954
-0.0950405
-0.0952251
-0.0954436
-0.0956932
-0.0959722
-0.0962792
-0.0966134
-0.0969742
-0.0973609
-0.0977721
-0.0982057
-0.0986578
-0.0991225
-0.0995906
-0.100049
-0.100479
-0.100856
-0.101146
-0.101306
-0.101279
-0.100992
-0.100357
-0.0992586
-0.0975653
-0.0951117
-0.0917363
-0.0872292
-0.0813813
-0.0740304
-0.0647906
-0.0539394
-0.0402585
-0.0263725
-0.00611064
-0.0946481
-0.0956607
-0.09508
-0.0947812
-0.0947748
-0.094828
-0.0949019
-0.0950152
-0.0951704
-0.095361
-0.0955822
-0.0958315
-0.0961076
-0.0964097
-0.0967374
-0.0970905
-0.0974686
-0.0978707
-0.0982945
-0.0987363
-0.0991901
-0.0996467
-0.100093
-0.10051
-0.100873
-0.101147
-0.10129
-0.101245
-0.100938
-0.100281
-0.0991593
-0.097438
-0.0949448
-0.0915558
-0.0870092
-0.0811225
-0.0737272
-0.0644476
-0.0535404
-0.0398018
-0.0259927
-0.00524167
-0.0947612
-0.095502
-0.0949749
-0.0947506
-0.0947687
-0.0948367
-0.0949294
-0.0950596
-0.0952264
-0.0954236
-0.0956476
-0.0958966
-0.0961698
-0.096467
-0.0967882
-0.0971336
-0.0975028
-0.0978951
-0.0983082
-0.0987383
-0.0991792
-0.0996217
-0.100052
-0.100452
-0.100796
-0.10105
-0.10117
-0.101099
-0.100766
-0.100078
-0.0989254
-0.0971762
-0.0946734
-0.0912254
-0.0866266
-0.0806996
-0.0732586
-0.0639436
-0.0529853
-0.0392015
-0.0254829
-0.00426699
-0.0947233
-0.0952313
-0.0947907
-0.0946477
-0.0946953
-0.0947838
-0.0948979
-0.0950452
-0.0952228
-0.0954261
-0.0956524
-0.0959007
-0.0961708
-0.096463
-0.0967777
-0.0971152
-0.0974753
-0.097857
-0.0982582
-0.098675
-0.0991009
-0.0995265
-0.0999381
-0.100317
-0.100637
-0.100864
-0.100955
-0.100853
-0.100485
-0.0997602
-0.0985678
-0.0967768
-0.0942226
-0.0907432
-0.0860922
-0.0801235
-0.0726364
-0.0632904
-0.0522885
-0.038469
-0.0248667
-0.00320639
-0.0946402
-0.0948801
-0.094554
-0.0944979
-0.094575
-0.0946845
-0.0948193
-0.0949819
-0.0951691
-0.0953773
-0.0956053
-0.0958526
-0.0961196
-0.0964069
-0.0967151
-0.0970445
-0.097395
-0.0977656
-0.0981539
-0.0985556
-0.0989644
-0.0993704
-0.0997597
-0.100113
-0.100405
-0.100601
-0.100657
-0.100517
-0.100107
-0.0993374
-0.0980977
-0.0962561
-0.0936452
-0.090052
-0.0854189
-0.0794087
-0.0718763
-0.0625045
-0.0514733
-0.0376117
-0.0242063
-0.00201407
-0.0947664
-0.0944792
-0.0942772
-0.0943112
-0.0944177
-0.0945473
-0.0947005
-0.0948765
-0.0950716
-0.095284
-0.0955132
-0.0957595
-0.0960235
-0.0963061
-0.0966079
-0.0969293
-0.09727
-0.0976287
-0.0980029
-0.0983883
-0.098778
-0.0991619
-0.099526
-0.0998508
-0.10011
-0.10027
-0.100286
-0.100102
-0.0996439
-0.0988236
-0.0975301
-0.0956324
-0.0929682
-0.0893454
-0.0846341
-0.0785753
-0.0709986
-0.0616105
-0.0505666
-0.0366603
-0.0235471
-0.000743601
-0.0939133
-0.0941057
-0.0940033
-0.094081
-0.0942224
-0.0943775
-0.0945481
-0.0947352
-0.0949371
-0.0951531
-0.0953834
-0.0956287
-0.0958901
-0.0961683
-0.096464
-0.0967773
-0.097108
-0.0974544
-0.0978138
-0.0981816
-0.0985506
-0.0989104
-0.0992468
-0.09954
-0.0997638
-0.0998837
-0.0998555
-0.0996223
-0.0991121
-0.0982355
-0.096883
-0.0949246
-0.0922032
-0.0885326
-0.0837548
-0.0776469
-0.0700285
-0.0606392
-0.0495601
-0.0358557
-0.0225829
-0.000789865
-0.0934978
-0.0937633
-0.0937447
-0.0938542
-0.0940161
-0.0941881
-0.0943712
-0.0945666
-0.0947737
-0.0949926
-0.095224
-0.0954687
-0.0957278
-0.096002
-0.0962918
-0.0965973
-0.0969179
-0.0972517
-0.0975958
-0.0979452
-0.0982925
-0.098627
-0.0989341
-0.0991937
-0.0993795
-0.0994569
-0.0993817
-0.0990968
-0.0985306
-0.0975942
-0.0961793
-0.0941569
-0.0913725
-0.0876425
-0.0828064
-0.0766549
-0.069003
-0.0596243
-0.0485446
-0.0350659
-0.0217786
-0.00194405
-0.0931954
-0.093448
-0.0934915
-0.0936281
-0.0938032
-0.0939865
-0.0941783
-0.0943799
-0.0945912
-0.0948127
-0.0950451
-0.0952894
-0.0955465
-0.0958171
-0.0961014
-0.0963993
-0.09671
-0.0970313
-0.0973601
-0.0976909
-0.0980161
-0.0983247
-0.0986018
-0.0988272
-0.0989741
-0.099008
-0.0988844
-0.0985464
-0.0979228
-0.0969254
-0.0954467
-0.0933593
-0.0905113
-0.0867233
-0.0818293
-0.0756377
-0.0679619
-0.0586073
-0.0475622
-0.0343419
-0.0211519
-0.00313579
-0.0929243
-0.0931587
-0.0932493
-0.0934065
-0.0935907
-0.0937817
-0.0939799
-0.0941862
-0.094401
-0.0946247
-0.0948582
-0.0951023
-0.0953578
-0.095625
-0.0959042
-0.096195
-0.0964962
-0.0968055
-0.0971193
-0.0974321
-0.0977357
-0.098019
-0.0982666
-0.0984583
-0.098567
-0.0985581
-0.0983869
-0.0979967
-0.0973166
-0.0962591
-0.0947178
-0.092567
-0.089657
-0.0858125
-0.080866
-0.0746397
-0.0669508
-0.0576336
-0.0466551
-0.0337229
-0.0206739
-0.00413542
-0.0926814
-0.0929013
-0.0930269
-0.0931986
-0.0933891
-0.0935854
-0.0937882
-0.0939983
-0.0942159
-0.0944416
-0.0946761
-0.0949201
-0.0951741
-0.0954385
-0.0957131
-0.0959974
-0.0962898
-0.096588
-0.0968879
-0.0971838
-0.0974672
-0.0977268
-0.0979469
-0.0981069
-0.0981798
-0.0981307
-0.0979148
-0.0974756
-0.0967425
-0.0956286
-0.0940289
-0.0918188
-0.0888514
-0.0849548
-0.0799626
-0.0737088
-0.0660175
-0.0567485
-0.0458615
-0.0332211
-0.0203346
-0.00493549
-0.0924703
-0.092681
-0.0928328
-0.0930147
-0.0932096
-0.0934099
-0.0936162
-0.0938291
-0.094049
-0.0942764
-0.0945118
-0.0947557
-0.0950086
-0.0952705
-0.0955412
-0.0958197
-0.0961046
-0.0963929
-0.0966807
-0.0969616
-0.0972273
-0.097466
-0.0976617
-0.0977938
-0.0978351
-0.0977503
-0.0974948
-0.0970122
-0.0962323
-0.0950687
-0.0934173
-0.0911553
-0.0881377
-0.0841962
-0.0791666
-0.0728929
-0.0652078
-0.0559925
-0.0452085
-0.0328368
-0.0201114
-0.00553279
-0.0923
-0.0925059
-0.0926766
-0.0928657
-0.0930638
-0.093267
-0.093476
-0.0936911
-0.0939128
-0.0941415
-0.0943776
-0.0946216
-0.0948735
-0.0951335
-0.095401
-0.095675
-0.0959536
-0.0962341
-0.0965119
-0.0967808
-0.097032
-0.0972535
-0.0974295
-0.0975388
-0.0975542
-0.0974404
-0.0971526
-0.0966347
-0.0958165
-0.0946124
-0.0929192
-0.0906151
-0.0875571
-0.08358
-0.0785223
-0.0722358
-0.0645616
-0.0553978
-0.0447119
-0.032563
-0.0199742
-0.00593846
-0.0921811
-0.092385
-0.0925681
-0.0927618
-0.0929622
-0.0931675
-0.0933783
-0.093595
-0.093818
-0.0940477
-0.0942843
-0.0945283
-0.0947796
-0.0950381
-0.0953034
-0.0955741
-0.0958484
-0.0961231
-0.0963938
-0.096654
-0.0968949
-0.0971042
-0.0972659
-0.0973589
-0.0973557
-0.0972211
-0.0969102
-0.0963669
-0.0955215
-0.0942885
-0.0925654
-0.0902315
-0.0871453
-0.0831434
-0.0780671
-0.0717732
-0.0641102
-0.0549873
-0.0443781
-0.0323883
-0.0198969
-0.00618184
-0.0921222
-0.0923256
-0.092515
-0.0927111
-0.0929127
-0.0931192
-0.0933311
-0.0935487
-0.0937724
-0.0940025
-0.0942395
-0.0944835
-0.0947345
-0.0949923
-0.0952563
-0.0955252
-0.0957971
-0.0960688
-0.0963356
-0.0965911
-0.0968262
-0.0970288
-0.0971827
-0.0972668
-0.0972534
-0.0971074
-0.0967839
-0.0962268
-0.0953666
-0.0941181
-0.092379
-0.0900293
-0.0869282
-0.0829134
-0.0778266
-0.0715305
-0.0638747
-0.0547749
-0.0442082
-0.0323016
-0.0198611
-0.00629383
)
;

boundaryField
{
    inlet
    {
        type            zeroGradient;
    }
    outlet
    {
        type            fixedValue;
        value           uniform 0;
    }
    cylinder
    {
        type            zeroGradient;
    }
    top
    {
        type            symmetryPlane;
    }
    bottom
    {
        type            symmetryPlane;
    }
    defaultFaces
    {
        type            empty;
    }
    procBoundary1to0
    {
        type            processor;
        value           nonuniform List<scalar> 
163
(
-0.0985925
-0.0985925
-0.100188
-0.101863
-0.103637
-0.10387
-0.10387
-0.105522
-0.107291
-0.109196
-0.107218
-0.107218
-0.109067
-0.105535
-0.105535
-0.107262
-0.109171
-0.104849
-0.104849
-0.106542
-0.100591
-0.100591
-0.091853
-0.091853
-0.0914452
-0.0774904
-0.0774904
-0.0609279
-0.0609279
-0.0433113
-0.0433113
-0.025578
-0.025578
-0.00848088
-0.00848088
0.00819941
0.00819941
0.0232567
0.0232886
0.0232886
-0.00332956
0.00823049
0.00823049
-0.0208842
-0.0208842
-0.039193
-0.0432872
-0.0432872
-0.0609081
-0.0609081
-0.077476
-0.077476
-0.0914366
-0.0918453
-0.0918453
-0.100588
-0.100588
-0.106542
-0.104849
-0.104849
-0.109172
-0.107264
-0.107264
-0.111095
-0.109068
-0.107218
-0.107218
-0.109195
-0.10729
-0.105521
-0.105521
-0.105525
-0.103633
-0.101859
-0.100183
-0.0985868
-0.0985868
0.0292322
0.0325808
0.0362776
0.0397341
0.0430422
0.046315
0.0495611
0.0527612
0.0559058
0.0589929
0.0620208
0.0649868
0.0678881
0.0707223
0.0734868
0.0761793
0.0787976
0.0813399
0.0838043
0.0861891
0.0884929
0.0907144
0.0928523
0.0949055
0.0968731
0.098754
0.100547
0.102252
0.103868
0.105393
0.106826
0.108167
0.109413
0.110563
0.111615
0.112566
0.113412
0.11415
0.114777
0.115279
0.113396
0.113396
0.113669
0.115933
0.115678
0.115299
0.114797
0.114171
0.113433
0.112587
0.111636
0.110585
0.109435
0.108189
0.106849
0.105416
0.103891
0.102276
0.100571
0.0987785
0.0968979
0.0949308
0.092878
0.0907405
0.0885195
0.0862161
0.0838317
0.0813677
0.0788259
0.0762079
0.0735158
0.0707516
0.0679178
0.0650168
0.0620511
0.0590236
0.0559368
0.0527924
0.0495926
0.0495926
0.0516297
0.0484488
0.0452266
0.0418684
0.0382947
0.0350171
)
;
    }
}


// ************************************************************************* //
