/*--------------------------------*- C++ -*----------------------------------*\
  =========                 |
  \\      /  F ield         | OpenFOAM: The Open Source CFD Toolbox
   \\    /   O peration     | Website:  https://openfoam.org
    \\  /    A nd           | Version:  7
     \\/     M anipulation  |
\*---------------------------------------------------------------------------*/
FoamFile
{
    version     2.0;
    format      ascii;
    class       volScalarField;
    location    "30";
    object      p;
}
// * * * * * * * * * * * * * * * * * * * * * * * * * * * * * * * * * * * * * //

dimensions      [0 2 -2 0 0 0 0];

internalField   nonuniform List<scalar> 
8330
(
-0.00175433
-0.00329242
-0.0049109
-0.00662569
-0.00845507
-0.00699694
-0.010419
-0.00859245
-0.0125405
-0.0102973
-0.0148412
-0.0121262
-0.017322
-0.0141112
-0.0102952
-0.0200195
-0.0162558
-0.0120595
-0.0229564
-0.018575
-0.0139877
-0.00865645
-0.0261513
-0.0210866
-0.0160972
-0.010275
-0.0296226
-0.0238074
-0.0184052
-0.0120629
-0.0333875
-0.0267535
-0.0209276
-0.0140284
-0.0077644
-0.0374617
-0.029941
-0.0236789
-0.0161764
-0.00933303
-0.0418585
-0.0333854
-0.0266707
-0.0185104
-0.0110423
-0.00346532
-0.0465894
-0.0371015
-0.029911
-0.021034
-0.0128902
-0.00441654
0.00485324
-0.0516628
-0.0411024
-0.0334033
-0.0237517
-0.014864
-0.00534217
0.00517976
-0.0570845
-0.0453986
-0.0371471
-0.026668
-0.0169369
-0.00619943
0.00567675
0.0182736
-0.0628566
-0.0499957
-0.0411391
-0.0297829
-0.0190677
-0.00694529
0.00636715
0.0201957
0.0338228
-0.0689773
-0.0548937
-0.0453745
-0.0330864
-0.0212045
-0.00753835
0.00727134
0.0223272
0.0368671
0.0503763
-0.0754398
-0.0600844
-0.0498477
-0.0365525
-0.0232894
-0.0079395
0.00840794
0.0246758
0.0400985
0.0542433
0.0670338
-0.0822312
-0.0655516
-0.054551
-0.0401364
-0.0252623
-0.00811207
0.00979455
0.0272507
0.0435241
0.0582762
0.0714766
0.0830584
-0.089331
-0.0712706
-0.0594714
-0.0437754
-0.0270641
-0.00802158
0.0114484
0.0300619
0.0471528
0.0624841
0.0760765
0.087967
0.0986527
-0.0967092
-0.0772097
-0.0645851
-0.0473933
-0.0286372
-0.00763543
0.0133868
0.0331211
0.050995
0.066877
0.080843
0.0930262
0.103868
0.112685
-0.104325
-0.0833308
-0.0698525
-0.0509055
-0.0299257
-0.0069225
0.0156275
0.0364413
0.0550621
0.0714659
0.0857859
0.0982439
0.109225
0.118206
-0.112125
-0.0895904
-0.075214
-0.0542251
-0.0308752
-0.00585278
0.0181888
0.0400365
0.0593668
0.0762624
0.0909153
0.103628
0.114731
0.123867
-0.120041
-0.0959397
-0.0805884
-0.0572657
-0.031433
-0.00439691
0.0210896
0.0439219
0.0639224
0.0812781
0.0962409
0.109185
0.120391
0.129671
-0.127994
-0.102323
-0.0858745
-0.0599439
-0.0315486
-0.00252604
0.0243492
0.0481135
0.0687426
0.0865248
0.101772
0.114922
0.126212
0.135622
-0.13589
-0.108678
-0.0909548
-0.0621794
-0.0311734
-0.000211699
0.0279876
0.0526275
0.0738414
0.0920142
0.107519
0.120847
0.132198
0.141724
-0.143626
-0.114931
-0.0957018
-0.0638951
-0.0302615
0.00257412
0.032025
0.0574806
0.0792325
0.0977577
0.113489
0.126965
0.138355
0.147979
-0.15109
-0.120999
-0.0999839
-0.0650169
-0.0287694
0.00585883
0.0364816
0.0626893
0.0849296
0.103766
0.11969
0.133282
0.144687
0.154388
-0.158164
-0.126785
-0.103672
-0.0654737
-0.0266565
0.00966901
0.0413773
0.0682699
0.0909454
0.110049
0.12613
0.139803
0.151198
0.160955
-0.164729
-0.132182
-0.106643
-0.065198
-0.0238846
0.0140302
0.0467317
0.0742378
0.0972923
0.116617
0.132816
0.146532
0.157892
0.167679
-0.170662
-0.13707
-0.108783
-0.0641265
-0.0204185
0.0189664
0.0525634
0.0806079
0.103982
0.123477
0.139753
0.153475
0.16477
0.17456
-0.175843
-0.141322
-0.10999
-0.0622006
-0.0162257
0.0245004
0.0588897
0.0873936
0.111023
0.130637
0.146946
0.160633
0.171836
0.181596
-0.180155
-0.144805
-0.110174
-0.0593673
-0.0112766
0.0306528
0.0657269
0.0946073
0.118427
0.138104
0.154399
0.168009
0.179088
0.188784
-0.183483
-0.147385
-0.109256
-0.0555796
-0.00554464
0.0374422
0.0730894
0.10226
0.126199
0.145882
0.162114
0.175606
0.186526
0.196117
-0.185719
-0.148929
-0.107167
-0.0507973
0.000993327
0.0448849
0.0809896
0.11036
0.134347
0.153975
0.170094
0.183425
0.194151
0.20359
-0.186758
-0.14931
-0.103851
-0.0449868
0.00835705
0.0529949
0.089438
0.118915
0.142875
0.162385
0.17834
0.191467
0.201964
0.211224
-0.186505
-0.148411
-0.0992598
-0.0381214
0.0165626
0.0617832
0.0984425
0.12793
0.151784
0.171112
0.186851
0.199729
0.209954
0.219075
-0.184868
-0.146128
-0.0933537
-0.0301807
0.025622
0.0712581
0.108009
0.137409
0.161076
0.180159
0.195629
0.208207
0.2181
0.227165
-0.181767
-0.142371
-0.0860996
-0.0211504
0.0355438
0.0814245
0.118139
0.147351
0.170753
0.189523
0.204673
0.216895
0.226406
0.235369
-0.177127
-0.137066
-0.0774736
-0.0110223
0.0463318
0.0922841
0.128834
0.157758
0.180811
0.199201
0.213973
0.225767
0.234936
0.243638
-0.170885
-0.130151
-0.0674609
0.000205743
0.0579853
0.103837
0.140095
0.168627
0.191245
0.20918
0.223504
0.234839
0.243657
0.252005
-0.162985
-0.121583
-0.0560554
0.0125292
0.070498
0.116081
0.15192
0.179948
0.202037
0.219454
0.233277
0.244107
0.25254
0.260486
-0.153382
-0.11133
-0.0432595
0.0259382
0.0838616
0.129013
0.164298
0.191699
0.213186
0.230021
0.243282
0.253564
0.26157
0.269081
-0.142042
-0.0993774
-0.0290838
0.0404202
0.0980738
0.142613
0.177197
0.203883
0.224685
0.240868
0.253509
0.2632
0.270737
0.277783
-0.128941
-0.085723
-0.0135467
0.0559605
0.113143
0.156834
0.190605
0.216491
0.236521
0.251984
0.263948
0.273004
0.280034
0.286582
-0.114068
-0.070379
0.00332611
0.0725352
0.129051
0.171643
0.20452
0.229504
0.248679
0.263354
0.274585
0.282964
0.28945
0.295466
-0.0974216
-0.0533701
0.0215022
0.0901048
0.145649
0.187134
0.218921
0.242903
0.261143
0.274962
0.285407
0.293068
0.298975
0.304422
-0.0790154
-0.0347313
0.0409388
0.10863
0.162979
0.203218
0.233789
0.256665
0.273892
0.286793
0.296398
0.303301
0.308597
0.313436
-0.058873
-0.0145074
0.0615843
0.128068
0.181022
0.219857
0.249094
0.270769
0.286908
0.298827
0.307542
0.31365
0.318302
0.322494
-0.0370323
0.00723351
0.0833994
0.148378
0.199741
0.237015
0.264809
0.285189
0.300167
0.311046
0.318821
0.3241
0.328076
0.331578
-0.0135476
0.0303684
0.106397
0.169517
0.21909
0.254659
0.280901
0.299899
0.313646
0.323428
0.330217
0.334633
0.337901
0.340668
0.0115115
0.0547362
0.130589
0.19146
0.239021
0.272748
0.297335
0.314868
0.327319
0.335951
0.34171
0.345234
0.347759
0.34974
0.0380733
0.0803451
0.155808
0.214146
0.25948
0.291239
0.314076
0.330066
0.341161
0.348591
0.35328
0.355885
0.357633
0.358768
0.0660654
0.107565
0.181528
0.237474
0.280417
0.310087
0.331084
0.34546
0.355141
0.361323
0.364904
0.36657
0.367511
0.367735
0.095383
0.135999
0.207929
0.26136
0.301776
0.329245
0.348319
0.361016
0.369232
0.374122
0.376561
0.377274
0.377383
0.376616
0.12593
0.165489
0.235005
0.28573
0.323496
0.348663
0.365739
0.376698
0.383402
0.38696
0.38823
0.38799
0.38722
0.385303
0.157671
0.195815
0.262691
0.310511
0.345514
0.36829
0.383301
0.392469
0.39762
0.39981
0.399896
0.39871
0.396951
0.393517
0.190427
0.226875
0.290896
0.335627
0.367768
0.388071
0.400957
0.40829
0.41185
0.412646
0.411549
0.409416
0.40646
0.401049
0.224051
0.25857
0.319524
0.361002
0.39019
0.407953
0.418663
0.42412
0.42606
0.425443
0.423169
0.420053
0.415678
0.408445
0.258406
0.290784
0.348471
0.386556
0.412713
0.427877
0.436369
0.439921
0.440216
0.438176
0.434721
0.430536
0.424616
0.417125
0.293351
0.323389
0.377633
0.412205
0.435267
0.447786
0.454028
0.455649
0.454282
0.450813
0.446162
0.440831
0.433613
0.426124
0.328736
0.356257
0.406902
0.437865
0.457781
0.467622
0.471589
0.471263
0.468225
0.463325
0.457458
0.450962
0.442664
0.435003
0.364411
0.389255
0.43617
0.46345
0.480185
0.487323
0.489001
0.486721
0.482009
0.475679
0.468584
0.460933
0.451692
0.443705
0.400221
0.422252
0.465327
0.488872
0.502405
0.506831
0.506215
0.501979
0.495596
0.487841
0.479514
0.470735
0.460621
0.452168
0.43601
0.455111
0.494266
0.514046
0.52437
0.526084
0.52318
0.516996
0.508952
0.499781
0.490226
0.480347
0.469398
0.460383
0.471623
0.487699
0.522878
0.538882
0.546008
0.545023
0.539845
0.531728
0.522039
0.511466
0.500695
0.489745
0.477983
0.468343
0.506904
0.519882
0.551054
0.563295
0.567245
0.563587
0.556159
0.546133
0.534822
0.522865
0.510897
0.498904
0.486345
0.476041
0.541699
0.551525
0.578689
0.587197
0.588012
0.581716
0.572073
0.560169
0.547265
0.533949
0.520807
0.507799
0.494461
0.48347
0.575853
0.5825
0.605677
0.610505
0.608237
0.599354
0.587538
0.573796
0.559332
0.544689
0.5304
0.516406
0.502308
0.490617
0.609216
0.612677
0.631917
0.633134
0.627853
0.616441
0.602506
0.586971
0.57099
0.555054
0.539651
0.524703
0.509866
0.497474
0.64164
0.641934
0.657309
0.655004
0.646791
0.632922
0.61693
0.599657
0.582205
0.565016
0.548535
0.532668
0.517116
0.504028
0.67298
0.67015
0.681755
0.676036
0.664986
0.648744
0.630765
0.611814
0.592944
0.574549
0.557029
0.540281
0.524041
0.510267
0.703099
0.69721
0.705163
0.696155
0.682377
0.663853
0.643966
0.623406
0.603177
0.583625
0.565111
0.547521
0.530623
0.516179
0.731861
0.723002
0.727444
0.715286
0.698901
0.678199
0.656491
0.634398
0.612872
0.592219
0.572759
0.554369
0.536847
0.521754
0.75914
0.74742
0.748512
0.733361
0.714502
0.691734
0.668301
0.644754
0.622002
0.600307
0.579952
0.560808
0.542696
0.526979
0.784815
0.770366
0.768286
0.750314
0.729126
0.704413
0.679357
0.654444
0.63054
0.607866
0.58667
0.566821
0.548157
0.531844
0.80877
0.791745
0.786691
0.766082
0.74272
0.716193
0.689624
0.663437
0.63846
0.614874
0.592896
0.572392
0.553214
0.53634
0.830902
0.81147
0.803658
0.780609
0.755238
0.727035
0.699068
0.671706
0.645738
0.621311
0.598612
0.577505
0.557854
0.540457
0.85111
0.829459
0.819119
0.793841
0.766634
0.736901
0.707658
0.679224
0.652352
0.627159
0.603802
0.582148
0.562067
0.544186
0.869306
0.845641
0.833017
0.805729
0.776869
0.745758
0.715367
0.685968
0.658284
0.6324
0.608453
0.586306
0.565839
0.54752
0.885409
0.859949
0.845298
0.81623
0.785907
0.753576
0.722169
0.691916
0.663513
0.63702
0.61255
0.58997
0.569163
0.550452
0.899348
0.872324
0.855915
0.825305
0.793715
0.760329
0.728043
0.697051
0.668026
0.641005
0.616084
0.593129
0.572027
0.552975
0.911061
0.882716
0.864827
0.83292
0.800266
0.765993
0.732968
0.701356
0.671809
0.644344
0.619044
0.595775
0.574426
0.555086
0.920497
0.891083
0.872
0.839048
0.805536
0.770549
0.736929
0.704816
0.674849
0.647028
0.621422
0.5979
0.576353
0.556779
0.927613
0.897391
0.877406
0.843666
0.809507
0.773981
0.739912
0.707423
0.677138
0.649047
0.623211
0.599499
0.577801
0.55805
0.932378
0.901613
0.881024
0.846756
0.812164
0.776277
0.741907
0.709166
0.678669
0.650398
0.624407
0.600568
0.57877
0.558898
0.934772
0.903733
0.88284
0.848308
0.813498
0.777429
0.742909
0.71004
0.679436
0.651075
0.625007
0.601104
0.579258
0.559337
0.934782
0.903742
0.882848
0.848314
0.813503
0.777433
0.742912
0.710042
0.679438
0.651076
0.625008
0.601105
0.579259
0.559343
0.932409
0.90164
0.881047
0.846776
0.81218
0.776289
0.741917
0.709172
0.678673
0.6504
0.624408
0.600568
0.578769
0.558898
0.927664
0.897434
0.877443
0.843697
0.809532
0.774001
0.739927
0.707433
0.677144
0.64905
0.623211
0.599498
0.577798
0.558043
0.920567
0.891143
0.872051
0.839091
0.805571
0.770575
0.736948
0.704829
0.674856
0.64703
0.62142
0.597896
0.576346
0.556767
0.911149
0.882791
0.864891
0.832973
0.800308
0.766025
0.73299
0.701369
0.671815
0.644345
0.619039
0.595768
0.574416
0.555069
0.899452
0.872413
0.855991
0.825366
0.793764
0.760365
0.728067
0.697065
0.668032
0.641003
0.616077
0.593119
0.572013
0.552954
0.885527
0.86005
0.845384
0.816299
0.785961
0.753615
0.722195
0.69193
0.663517
0.637015
0.61254
0.589957
0.569146
0.550426
0.869437
0.845753
0.833111
0.805804
0.776927
0.745799
0.715392
0.68598
0.658285
0.632393
0.60844
0.586291
0.56582
0.54749
0.851251
0.82958
0.81922
0.79392
0.766694
0.736942
0.707683
0.679234
0.652351
0.627149
0.603787
0.58213
0.562046
0.544153
0.831051
0.811597
0.803764
0.780692
0.755299
0.727076
0.699091
0.671714
0.645735
0.621299
0.598595
0.577487
0.557833
0.54042
0.808926
0.791877
0.786801
0.766167
0.742782
0.716233
0.689645
0.663444
0.638455
0.614861
0.592878
0.572373
0.553192
0.536301
0.784974
0.770502
0.768398
0.750399
0.729187
0.704452
0.679377
0.654449
0.630533
0.607852
0.586651
0.566802
0.548134
0.531803
0.759301
0.747558
0.748624
0.733446
0.714562
0.691771
0.668319
0.644757
0.621994
0.600292
0.579932
0.560789
0.542674
0.526935
0.732022
0.723139
0.727556
0.715369
0.698959
0.678234
0.656507
0.634399
0.612863
0.592204
0.572739
0.55435
0.536825
0.521708
0.703257
0.697345
0.705273
0.696236
0.682432
0.663885
0.64398
0.623407
0.603167
0.583609
0.565092
0.547502
0.530602
0.516132
0.673134
0.670282
0.681862
0.676115
0.665039
0.648774
0.630777
0.611814
0.592934
0.574533
0.55701
0.540263
0.52402
0.510217
0.641787
0.642062
0.657412
0.655079
0.64684
0.632951
0.616941
0.599656
0.582195
0.565001
0.548517
0.532651
0.517096
0.503977
0.609357
0.612799
0.632016
0.633205
0.627899
0.616467
0.602516
0.58697
0.570981
0.555039
0.539633
0.524687
0.509847
0.497422
0.575985
0.582615
0.60577
0.610571
0.608281
0.599378
0.587547
0.573794
0.559323
0.544675
0.530383
0.516391
0.502291
0.490564
0.541821
0.551634
0.578776
0.587259
0.588053
0.581739
0.572081
0.560167
0.547256
0.533936
0.520792
0.507785
0.494445
0.483416
0.507017
0.519982
0.551135
0.563352
0.567283
0.563607
0.556166
0.546131
0.534814
0.522853
0.510882
0.498891
0.486332
0.475988
0.471725
0.487791
0.522952
0.538935
0.546042
0.545041
0.539851
0.531726
0.522032
0.511454
0.500681
0.489733
0.477971
0.46829
0.436101
0.455194
0.494334
0.514094
0.524402
0.526101
0.523186
0.516994
0.508945
0.49977
0.490213
0.480337
0.469389
0.460331
0.4003
0.422325
0.465389
0.488916
0.502434
0.506846
0.506221
0.501978
0.49559
0.487832
0.479502
0.470726
0.460616
0.452118
0.364478
0.38932
0.436224
0.463488
0.48021
0.487337
0.489006
0.486719
0.482003
0.475671
0.468572
0.460926
0.451693
0.443662
0.328791
0.356312
0.406949
0.437899
0.457804
0.467634
0.471593
0.471262
0.46822
0.463318
0.457448
0.450954
0.442671
0.434974
0.293394
0.323434
0.377673
0.412234
0.435286
0.447797
0.454032
0.455648
0.454278
0.450807
0.446152
0.440823
0.433626
0.426122
0.258438
0.29082
0.348505
0.38658
0.41273
0.427886
0.436373
0.439919
0.440212
0.43817
0.434714
0.430527
0.424631
0.417171
0.224072
0.258597
0.319551
0.361023
0.390204
0.40796
0.418666
0.424119
0.426056
0.425438
0.423163
0.420045
0.415689
0.408531
0.190438
0.226893
0.290917
0.335643
0.367779
0.388077
0.400959
0.408288
0.411846
0.412641
0.411544
0.409409
0.406465
0.401113
0.157671
0.195824
0.262705
0.310522
0.345523
0.368294
0.383302
0.392467
0.397615
0.399805
0.399892
0.398703
0.39695
0.393549
0.125921
0.16549
0.235013
0.285738
0.323502
0.348666
0.36574
0.376696
0.383398
0.386955
0.388225
0.387983
0.387215
0.385318
0.0953643
0.135992
0.207931
0.261364
0.301779
0.329246
0.348318
0.361013
0.369227
0.374116
0.376555
0.377268
0.377376
0.376623
0.0660382
0.10755
0.181525
0.237474
0.280418
0.310087
0.331082
0.345456
0.355136
0.361317
0.364897
0.366562
0.367503
0.367737
0.0380384
0.080323
0.155799
0.214142
0.259479
0.291237
0.314073
0.330061
0.341154
0.348583
0.353272
0.355876
0.357623
0.358765
0.0114694
0.0547073
0.130575
0.191453
0.239016
0.272744
0.297331
0.314862
0.327312
0.335942
0.341701
0.345224
0.347748
0.349733
-0.0135962
0.0303334
0.106378
0.169506
0.219083
0.254654
0.280895
0.299892
0.313638
0.323419
0.330207
0.334622
0.337888
0.340659
-0.0370867
0.00719285
0.0833758
0.148364
0.199732
0.237008
0.264802
0.285182
0.300157
0.311036
0.31881
0.324087
0.328062
0.331566
-0.0589327
-0.0145532
0.0615564
0.12805
0.181011
0.219848
0.249086
0.27076
0.286897
0.298816
0.30753
0.313637
0.318287
0.32248
-0.0790796
-0.0347818
0.0409068
0.10861
0.162965
0.203208
0.233779
0.256655
0.273881
0.28678
0.296385
0.303286
0.30858
0.31342
-0.0974898
-0.0534248
0.0214665
0.0900813
0.145633
0.187123
0.218911
0.242891
0.26113
0.274948
0.285392
0.293052
0.298957
0.304404
-0.114139
-0.0704373
0.00328708
0.0725091
0.129033
0.17163
0.204507
0.229492
0.248666
0.263339
0.274569
0.282947
0.289431
0.295446
-0.129015
-0.0857845
-0.0135888
0.0559319
0.113123
0.156819
0.190592
0.216477
0.236506
0.251968
0.263931
0.272986
0.280014
0.286561
-0.142119
-0.0994416
-0.0291286
0.0403893
0.0980523
0.142597
0.177182
0.203868
0.224669
0.240851
0.253491
0.263181
0.270716
0.277761
-0.153461
-0.111397
-0.0433068
0.0259052
0.0838383
0.128994
0.164282
0.191683
0.213168
0.230002
0.243262
0.253543
0.261547
0.269057
-0.163065
-0.121651
-0.0561048
0.0124943
0.0704731
0.116061
0.151902
0.179931
0.202019
0.219435
0.233256
0.244085
0.252517
0.260461
-0.170965
-0.13022
-0.0675121
0.000169119
0.0579588
0.103816
0.140076
0.168608
0.191225
0.20916
0.223482
0.234816
0.243632
0.251979
-0.177208
-0.137135
-0.0775262
-0.0110604
0.0463039
0.0922618
0.128814
0.157738
0.18079
0.199179
0.21395
0.225742
0.234911
0.24361
-0.181847
-0.142441
-0.0861534
-0.0211899
0.0355146
0.081401
0.118118
0.14733
0.170731
0.1895
0.204649
0.21687
0.226379
0.23534
-0.184947
-0.146197
-0.0934084
-0.0302212
0.0255917
0.0712335
0.107986
0.137387
0.161054
0.180135
0.195604
0.20818
0.218072
0.227135
-0.186583
-0.14848
-0.0993151
-0.0381628
0.0165312
0.0617575
0.0984193
0.127908
0.15176
0.171087
0.186824
0.199701
0.209925
0.219043
-0.186835
-0.149378
-0.103906
-0.045029
0.00832475
0.0529683
0.0894138
0.118891
0.14285
0.162358
0.178312
0.191438
0.201934
0.211192
-0.185794
-0.148996
-0.107222
-0.05084
0.000960274
0.0448575
0.0809646
0.110335
0.134321
0.153948
0.170066
0.183395
0.194119
0.203556
-0.183557
-0.147451
-0.109311
-0.0556226
-0.00557831
0.037414
0.0730635
0.102234
0.126173
0.145854
0.162084
0.175575
0.186493
0.196082
-0.180226
-0.144869
-0.110229
-0.0594103
-0.0113107
0.0306239
0.0657004
0.0945808
0.118399
0.138075
0.154368
0.167976
0.179054
0.188748
-0.175912
-0.141383
-0.110044
-0.0622435
-0.0162602
0.024471
0.0588625
0.0873663
0.110995
0.130607
0.146914
0.160599
0.1718
0.181558
-0.170728
-0.137129
-0.108836
-0.0641691
-0.0204532
0.0189366
0.0525355
0.0805799
0.103952
0.123446
0.13972
0.15344
0.164734
0.17452
-0.164792
-0.132238
-0.106694
-0.0652401
-0.0239194
0.0139999
0.0467034
0.0742092
0.0972621
0.116584
0.132782
0.146496
0.157853
0.167638
-0.158225
-0.126839
-0.103721
-0.0655151
-0.0266912
0.00963852
0.0413485
0.0682406
0.0909145
0.110016
0.126095
0.139765
0.151159
0.160913
-0.151148
-0.12105
-0.100032
-0.0650574
-0.0288039
0.0058282
0.0364524
0.0626595
0.0848978
0.103732
0.119653
0.133243
0.144646
0.154344
-0.143681
-0.11498
-0.0957475
-0.0639346
-0.0302956
0.00254345
0.0319955
0.0574503
0.0792001
0.0977225
0.113451
0.126924
0.138312
0.147933
-0.135942
-0.108724
-0.0909985
-0.0622177
-0.031207
-0.000242302
0.0279579
0.0525967
0.0738082
0.0919781
0.107479
0.120805
0.132154
0.141676
-0.128043
-0.102367
-0.0859159
-0.0599809
-0.0315816
-0.00255646
0.0243193
0.0480822
0.0687088
0.0864877
0.101732
0.114879
0.126166
0.135573
-0.120087
-0.0959812
-0.0806276
-0.0573013
-0.0314652
-0.00442703
0.0210596
0.0438904
0.0638879
0.08124
0.0961992
0.10914
0.120343
0.129619
-0.112168
-0.0896297
-0.0752509
-0.0542591
-0.0309065
-0.00588249
0.0181589
0.0400046
0.0593317
0.0762233
0.0908723
0.103581
0.114681
0.123813
-0.104366
-0.0833678
-0.0698872
-0.0509379
-0.0299559
-0.00695168
0.0155977
0.0364092
0.0550264
0.0714259
0.0857415
0.0981953
0.109173
0.11815
-0.0967474
-0.0772446
-0.0646176
-0.0474239
-0.0286663
-0.00766395
0.0133572
0.0330888
0.0509587
0.066836
0.0807971
0.0929758
0.103813
0.112627
-0.0893667
-0.0713035
-0.0595019
-0.0438043
-0.0270919
-0.00804932
0.0114191
0.0300295
0.047116
0.0624421
0.0760292
0.0879146
0.0985961
-0.0822647
-0.0655824
-0.0545797
-0.0401634
-0.0252887
-0.00813889
0.00976572
0.0272182
0.0434867
0.0582332
0.0714278
-0.0754711
-0.0601134
-0.0498745
-0.0365777
-0.0233143
-0.00796527
0.00837966
0.0246434
0.0400606
0.0541992
-0.0690066
-0.0549209
-0.0453997
-0.0331099
-0.0212278
-0.00756293
0.00724374
0.0222948
0.0368287
0.0503311
-0.062884
-0.0500213
-0.0411627
-0.0298046
-0.0190894
-0.00696857
0.00634035
0.0201636
0.033784
-0.0571102
-0.0454226
-0.0371691
-0.0266881
-0.0169568
-0.0062213
0.00565088
0.0182418
-0.051687
-0.0411251
-0.0334239
-0.0237702
-0.0148823
-0.00536252
0.00515495
-0.0466121
-0.0371229
-0.0299302
-0.0210511
-0.0129068
-0.00443531
0.00482961
-0.04188
-0.0334056
-0.0266887
-0.0185261
-0.0110573
-0.00348248
-0.0374821
-0.0299602
-0.0236957
-0.0161908
-0.00934653
-0.0334071
-0.0267719
-0.0209434
-0.0140416
-0.00777651
-0.0296415
-0.0238251
-0.0184201
-0.0120751
-0.0261697
-0.0211038
-0.0161115
-0.0102862
-0.0229745
-0.0185918
-0.0140014
-0.0200376
-0.0162723
-0.012073
-0.0173403
-0.0141277
-0.0103085
-0.0148599
-0.0121428
-0.0125598
-0.0103142
-0.010439
-0.00860974
-0.00847588
-0.00664744
-0.00493363
-0.00331616
-0.00177907
0.179711
0.172973
0.16636
0.159875
0.153517
0.147288
0.141185
0.135209
0.129358
0.123629
0.118022
0.181782
0.175187
0.168709
0.162347
0.156103
0.149976
0.143966
0.138073
0.132296
0.126633
0.121084
0.183784
0.177365
0.171055
0.164853
0.158762
0.15278
0.146907
0.141144
0.13549
0.129944
0.124505
0.185743
0.179484
0.173325
0.167266
0.161308
0.155452
0.149697
0.144043
0.13849
0.133038
0.127685
0.187644
0.181537
0.175521
0.169597
0.163764
0.158024
0.152376
0.146821
0.141359
0.135988
0.130709
0.189479
0.183524
0.177651
0.171861
0.166155
0.160534
0.154997
0.149544
0.144176
0.138892
0.133693
0.191252
0.185447
0.179717
0.174063
0.168486
0.162985
0.157562
0.152216
0.146948
0.141758
0.136646
0.192963
0.187308
0.18172
0.176201
0.170752
0.165373
0.160065
0.154829
0.149664
0.14457
0.139549
0.194614
0.189105
0.183658
0.178273
0.172952
0.167695
0.162503
0.157376
0.152315
0.14732
0.142392
0.196203
0.190839
0.18553
0.180279
0.175085
0.16995
0.164874
0.159858
0.154902
0.150007
0.145174
0.197731
0.192509
0.187338
0.182219
0.177151
0.172137
0.167177
0.162272
0.157423
0.152629
0.147893
0.199198
0.194117
0.189081
0.184091
0.179149
0.174256
0.169412
0.164618
0.159875
0.155184
0.150546
0.200605
0.195661
0.190758
0.185897
0.181079
0.176305
0.171576
0.166894
0.162258
0.15767
0.153131
0.201952
0.197143
0.19237
0.187636
0.18294
0.178285
0.17367
0.169098
0.16457
0.160085
0.155646
0.20324
0.198562
0.193918
0.189307
0.184732
0.180194
0.175693
0.171231
0.166809
0.162428
0.158088
0.20447
0.19992
0.195401
0.190912
0.186456
0.182032
0.177643
0.17329
0.168974
0.164695
0.160456
0.205641
0.201217
0.19682
0.19245
0.18811
0.1838
0.179521
0.175276
0.171064
0.166887
0.162747
0.206754
0.202453
0.198174
0.193921
0.189695
0.185496
0.181326
0.177187
0.173078
0.169002
0.16496
0.207809
0.203627
0.199465
0.195326
0.191211
0.187121
0.183058
0.179022
0.175016
0.171039
0.167094
0.208809
0.204742
0.200694
0.196666
0.192659
0.188676
0.184716
0.180783
0.176876
0.172997
0.169148
0.209753
0.205798
0.20186
0.19794
0.194039
0.190159
0.186302
0.182468
0.178659
0.174876
0.171121
0.210642
0.206796
0.202965
0.199149
0.195351
0.191573
0.187814
0.184077
0.180364
0.176675
0.173011
0.211479
0.207738
0.204009
0.200295
0.196597
0.192916
0.189254
0.185612
0.181991
0.178393
0.174819
0.212263
0.208623
0.204995
0.201379
0.197777
0.194191
0.190622
0.187071
0.183541
0.180032
0.176545
0.212997
0.209455
0.205922
0.2024
0.198891
0.195397
0.191918
0.188456
0.185013
0.18159
0.178188
0.213681
0.210232
0.206792
0.203361
0.199942
0.196535
0.193144
0.189767
0.186408
0.183068
0.179748
0.214318
0.210958
0.207606
0.204262
0.200929
0.197607
0.194299
0.191005
0.187727
0.184467
0.181225
0.214907
0.211633
0.208365
0.205105
0.201854
0.198614
0.195385
0.19217
0.18897
0.185786
0.18262
0.215451
0.212259
0.209071
0.205891
0.202718
0.199555
0.196403
0.193264
0.190138
0.187027
0.183933
0.215951
0.212836
0.209725
0.20662
0.203522
0.200433
0.197354
0.194286
0.191231
0.18819
0.185164
0.216407
0.213366
0.210328
0.207294
0.204267
0.201248
0.198238
0.195238
0.19225
0.189275
0.186314
0.216822
0.21385
0.21088
0.207915
0.204954
0.202001
0.199056
0.19612
0.193195
0.190282
0.187383
0.217198
0.21429
0.211384
0.208482
0.205584
0.202693
0.199809
0.196933
0.194068
0.191213
0.188372
0.217533
0.214686
0.21184
0.208997
0.206158
0.203324
0.200497
0.197678
0.194867
0.192068
0.18928
0.217831
0.21504
0.21225
0.209461
0.206676
0.203896
0.201121
0.198354
0.195595
0.192846
0.190107
0.218093
0.215353
0.212613
0.209875
0.207139
0.204408
0.201682
0.198962
0.19625
0.193546
0.190853
0.218318
0.215624
0.21293
0.210238
0.207547
0.20486
0.202178
0.199501
0.196831
0.19417
0.191517
0.218504
0.215852
0.2132
0.210548
0.207898
0.205251
0.202608
0.19997
0.197338
0.194713
0.192097
0.218657
0.216041
0.213425
0.210809
0.208195
0.205582
0.202973
0.200369
0.19777
0.195177
0.192592
0.218766
0.216182
0.213596
0.211011
0.208427
0.205844
0.203264
0.200689
0.198118
0.195553
0.192994
0.218851
0.216292
0.213732
0.211171
0.20861
0.206051
0.203494
0.20094
0.19839
0.195845
0.193306
0.190773
0.218865
0.216327
0.213788
0.211249
0.208711
0.206174
0.203639
0.201107
0.198578
0.196053
0.193533
0.191019
0.402712
0.394674
0.386933
0.379161
0.370926
0.362527
0.354106
0.345645
0.33715
0.328646
0.320154
0.311685
0.303254
0.29487
0.286545
0.278286
0.270103
0.262004
0.253996
0.246096
0.238316
0.230636
0.222768
0.215217
0.207883
0.20067
0.193564
0.186575
0.399351
0.391038
0.382829
0.37516
0.36712
0.358908
0.350723
0.342526
0.334304
0.326083
0.317878
0.309699
0.301557
0.29346
0.285418
0.277436
0.269523
0.261683
0.253923
0.246249
0.238672
0.231221
0.223723
0.216422
0.20928
0.202248
0.195316
0.188492
0.395192
0.386955
0.378453
0.370923
0.363172
0.355187
0.347239
0.339308
0.331357
0.32341
0.315483
0.307585
0.299723
0.291906
0.28414
0.276432
0.268788
0.261213
0.25371
0.24628
0.238914
0.231587
0.224558
0.217486
0.210522
0.20368
0.196944
0.190311
0.390667
0.38274
0.374155
0.366756
0.359322
0.351593
0.343882
0.336217
0.328543
0.32087
0.313221
0.305601
0.298017
0.290475
0.282981
0.27554
0.268159
0.260841
0.25359
0.246407
0.239298
0.232289
0.22542
0.218544
0.211765
0.20511
0.198558
0.192102
0.386017
0.378466
0.369929
0.362648
0.355515
0.348064
0.34059
0.333184
0.325784
0.318384
0.311006
0.303659
0.296346
0.289072
0.281843
0.274664
0.267538
0.260471
0.253464
0.246521
0.23965
0.232862
0.226203
0.219543
0.212965
0.206497
0.200126
0.193841
0.381348
0.374166
0.365769
0.358614
0.351761
0.344599
0.337368
0.330214
0.323083
0.315951
0.308838
0.301755
0.294706
0.287692
0.28072
0.273793
0.266915
0.26009
0.253322
0.246612
0.239969
0.233401
0.226942
0.220491
0.21411
0.207828
0.201633
0.195516
0.376702
0.369863
0.361674
0.354664
0.348071
0.3412
0.334219
0.327311
0.320441
0.313572
0.306718
0.299893
0.293099
0.286338
0.279615
0.272933
0.266296
0.259707
0.253169
0.246686
0.240264
0.23391
0.227646
0.221394
0.215205
0.209103
0.203081
0.197131
0.372105
0.365586
0.357648
0.350804
0.344455
0.33787
0.331143
0.324476
0.317859
0.311248
0.304647
0.298071
0.291526
0.28501
0.278528
0.272084
0.26568
0.25932
0.253006
0.246741
0.240533
0.234384
0.228312
0.222252
0.21625
0.210326
0.204473
0.198686
0.367579
0.361358
0.353697
0.347038
0.34092
0.334611
0.32814
0.32171
0.315339
0.308978
0.302624
0.296291
0.289986
0.283708
0.27746
0.271246
0.265067
0.258928
0.252831
0.246778
0.240775
0.234826
0.228941
0.223066
0.217246
0.211496
0.20581
0.200183
0.363139
0.357197
0.349827
0.343367
0.337471
0.331426
0.325209
0.319015
0.312881
0.306763
0.300649
0.294552
0.288479
0.282431
0.27641
0.270418
0.264458
0.258532
0.252644
0.246796
0.240992
0.235235
0.229533
0.223838
0.218195
0.212614
0.207091
0.201621
0.358796
0.353116
0.346044
0.339793
0.334111
0.328319
0.322353
0.316391
0.310486
0.304603
0.298721
0.292853
0.287005
0.281179
0.275377
0.269599
0.26385
0.258131
0.252446
0.246795
0.241183
0.235613
0.230089
0.224568
0.219095
0.213681
0.208318
0.203001
0.354557
0.349126
0.342353
0.336316
0.330842
0.325292
0.31957
0.313836
0.308155
0.302497
0.296841
0.291194
0.285563
0.279952
0.274361
0.268791
0.263245
0.257726
0.252235
0.246775
0.241349
0.235959
0.230608
0.225256
0.21995
0.214697
0.20949
0.204323
0.350427
0.345232
0.338756
0.332938
0.327666
0.322347
0.316862
0.311351
0.305886
0.300446
0.295008
0.289574
0.284154
0.278749
0.273361
0.267992
0.262642
0.257315
0.252012
0.246736
0.24149
0.236275
0.231092
0.225903
0.220758
0.215663
0.210608
0.205588
0.346412
0.341442
0.335258
0.329659
0.324583
0.319486
0.314229
0.308936
0.303681
0.298451
0.293222
0.287995
0.282776
0.277571
0.272379
0.267202
0.262041
0.256899
0.251778
0.24668
0.241607
0.23656
0.231541
0.226509
0.221521
0.21658
0.211674
0.206797
0.342515
0.337759
0.331861
0.32648
0.321595
0.316708
0.311672
0.30659
0.301538
0.296509
0.291482
0.286454
0.28143
0.276416
0.271413
0.266421
0.261442
0.256478
0.251531
0.246604
0.241699
0.236818
0.231959
0.227076
0.222241
0.217449
0.212687
0.207949
0.338738
0.334186
0.328566
0.323402
0.318702
0.314015
0.309191
0.304313
0.299457
0.294623
0.289789
0.284952
0.280116
0.275286
0.270464
0.265649
0.260845
0.256052
0.251272
0.246507
0.241762
0.237039
0.232339
0.227618
0.22293
0.218276
0.21365
0.209047
0.335084
0.330726
0.325375
0.320423
0.315902
0.311407
0.306785
0.302105
0.297439
0.29279
0.288142
0.283488
0.278832
0.274179
0.269531
0.264887
0.26025
0.255621
0.251002
0.246392
0.241792
0.237202
0.232625
0.228117
0.223587
0.219062
0.214563
0.21009
0.331553
0.32738
0.322289
0.317545
0.313198
0.308885
0.304456
0.299966
0.295481
0.291011
0.286541
0.282063
0.27758
0.273096
0.268614
0.264135
0.259659
0.255188
0.250723
0.246265
0.241816
0.237379
0.232963
0.228585
0.224189
0.219796
0.215424
0.211078
0.328147
0.32415
0.319308
0.314766
0.310587
0.306447
0.302202
0.297894
0.293585
0.289286
0.284986
0.280676
0.276358
0.272037
0.267715
0.263393
0.259072
0.254752
0.250436
0.246126
0.241822
0.237528
0.23325
0.229
0.224738
0.220477
0.216233
0.212011
0.324866
0.321037
0.316433
0.312087
0.308069
0.304094
0.300024
0.295891
0.291749
0.287614
0.283476
0.279327
0.275168
0.271003
0.266834
0.262662
0.258489
0.254315
0.250143
0.245973
0.241808
0.237651
0.233506
0.229381
0.225247
0.221114
0.216994
0.212893
0.321711
0.31804
0.313664
0.309507
0.305645
0.301826
0.297922
0.293955
0.289974
0.285996
0.282012
0.278016
0.274009
0.269992
0.26597
0.261943
0.257911
0.253877
0.249842
0.245808
0.241776
0.23775
0.233732
0.229729
0.225718
0.221707
0.217707
0.213722
0.31868
0.315161
0.311
0.307026
0.303312
0.299642
0.295895
0.292086
0.288259
0.28443
0.280594
0.276744
0.272881
0.269007
0.265124
0.261235
0.257339
0.253439
0.249536
0.245631
0.241726
0.237825
0.233929
0.230044
0.226151
0.222258
0.218374
0.214502
0.315775
0.312398
0.308443
0.304642
0.301072
0.297542
0.293943
0.290284
0.286604
0.282917
0.279222
0.275511
0.271785
0.268046
0.264297
0.260539
0.256773
0.253001
0.249223
0.245442
0.241659
0.237877
0.234099
0.230327
0.226548
0.222768
0.218995
0.215231
0.312995
0.309753
0.30599
0.302356
0.298922
0.295525
0.292067
0.28855
0.285009
0.281458
0.277895
0.274317
0.270721
0.267112
0.263489
0.259857
0.256214
0.252563
0.248905
0.245243
0.241576
0.237909
0.234242
0.23058
0.22691
0.223239
0.219572
0.215913
0.310339
0.307224
0.303643
0.300167
0.296863
0.293592
0.290266
0.286883
0.283473
0.280051
0.276615
0.273161
0.26969
0.266203
0.262701
0.259187
0.255662
0.252127
0.248584
0.245034
0.241479
0.23792
0.234361
0.230804
0.227239
0.223671
0.220106
0.216548
0.307807
0.304812
0.301402
0.298075
0.294895
0.291743
0.28854
0.285284
0.281999
0.278697
0.275381
0.272046
0.268692
0.265321
0.261934
0.258533
0.255119
0.251695
0.24826
0.244817
0.241367
0.237913
0.234457
0.231
0.227535
0.224066
0.2206
0.217138
0.3054
0.302517
0.299266
0.296079
0.293016
0.289976
0.286889
0.283752
0.280584
0.277398
0.274194
0.270971
0.267728
0.264466
0.261188
0.257894
0.254586
0.251266
0.247934
0.244593
0.241244
0.237889
0.23453
0.231169
0.2278
0.224426
0.221053
0.217683
0.303116
0.300338
0.297235
0.294181
0.291229
0.288293
0.285315
0.282289
0.279231
0.276153
0.273055
0.269938
0.266799
0.26364
0.260464
0.257271
0.254063
0.250842
0.247608
0.244364
0.24111
0.237849
0.234583
0.231313
0.228035
0.224752
0.221468
0.218186
0.300957
0.298277
0.295311
0.29238
0.289532
0.286694
0.283817
0.280895
0.27794
0.274963
0.271965
0.268946
0.265906
0.262844
0.259764
0.256666
0.253553
0.250425
0.247283
0.24413
0.240966
0.237795
0.234617
0.231434
0.228242
0.225044
0.221845
0.218647
0.298924
0.296333
0.293494
0.290678
0.287926
0.28518
0.282397
0.279571
0.276712
0.273829
0.270925
0.267998
0.265049
0.262079
0.259089
0.256081
0.253056
0.250015
0.246961
0.243893
0.240815
0.237728
0.234633
0.231532
0.228422
0.225306
0.222187
0.219068
0.297016
0.294509
0.291786
0.289075
0.286413
0.283752
0.281056
0.278318
0.275548
0.272754
0.269936
0.267095
0.264232
0.261346
0.258441
0.255516
0.252574
0.249615
0.246642
0.243656
0.240658
0.23765
0.234633
0.23161
0.228577
0.225537
0.222495
0.219451
0.295235
0.292804
0.290187
0.287573
0.284994
0.282411
0.279795
0.277139
0.274451
0.271737
0.269
0.266239
0.263454
0.260648
0.25782
0.254973
0.252108
0.249227
0.24633
0.243419
0.240496
0.237562
0.234619
0.231668
0.228708
0.225741
0.222769
0.219796
0.293584
0.291222
0.2887
0.286174
0.283671
0.28116
0.278616
0.276035
0.273422
0.270782
0.268118
0.265431
0.262719
0.259985
0.25723
0.254455
0.251662
0.248851
0.246025
0.243184
0.240331
0.237466
0.234592
0.231709
0.228816
0.225917
0.223013
0.220106
0.292065
0.289765
0.287328
0.284881
0.282447
0.28
0.277522
0.275008
0.272463
0.269891
0.267294
0.264673
0.262028
0.259361
0.256672
0.253963
0.251235
0.24849
0.245729
0.242953
0.240164
0.237364
0.234553
0.231734
0.228903
0.226066
0.223225
0.22038
0.290682
0.288436
0.286074
0.283698
0.281324
0.278935
0.276516
0.274062
0.271578
0.269066
0.26653
0.263969
0.261385
0.258777
0.256148
0.253499
0.250832
0.248146
0.245445
0.242728
0.239999
0.237258
0.234507
0.231747
0.228974
0.226194
0.22341
0.220622
0.28944
0.28724
0.284943
0.282628
0.280308
0.277969
0.275601
0.2732
0.270769
0.268311
0.265829
0.263321
0.26079
0.258237
0.255662
0.253067
0.250453
0.247821
0.245173
0.24251
0.239832
0.237142
0.234442
0.231733
0.229025
0.226304
0.223571
0.220833
0.288343
0.286182
0.28394
0.281677
0.279402
0.277107
0.274782
0.272426
0.270042
0.26763
0.265194
0.262733
0.26025
0.257743
0.255216
0.252668
0.250102
0.247518
0.244918
0.242303
0.239675
0.237034
0.234384
0.231725
0.229062
0.226387
0.223702
0.221011
0.2874
0.28527
0.283072
0.28085
0.278613
0.276353
0.274065
0.271746
0.2694
0.267028
0.26463
0.26221
0.259766
0.2573
0.254813
0.252307
0.249782
0.24724
0.244682
0.242109
0.239523
0.236925
0.234316
0.231699
0.229078
0.226445
0.223803
0.221155
0.28662
0.284511
0.282346
0.280157
0.277948
0.275715
0.273454
0.271165
0.268849
0.266508
0.264143
0.261754
0.259343
0.25691
0.254457
0.251986
0.249496
0.246989
0.244467
0.241931
0.239382
0.236821
0.23425
0.23167
0.229083
0.226487
0.223881
0.221271
0.286012
0.283916
0.281774
0.279606
0.277416
0.275202
0.272961
0.270692
0.268398
0.266079
0.263737
0.261371
0.258985
0.256577
0.25415
0.251705
0.249242
0.246763
0.244269
0.241761
0.239241
0.236708
0.234167
0.231617
0.229063
0.2265
0.223927
0.221349
0.285589
0.283496
0.281364
0.279206
0.277026
0.274822
0.272592
0.270336
0.268056
0.265752
0.263426
0.261078
0.258709
0.256321
0.253914
0.25149
0.249049
0.246592
0.244122
0.241638
0.239142
0.236635
0.234118
0.231592
0.229056
0.226513
0.223963
0.221408
0.285374
0.283276
0.281139
0.278976
0.276789
0.274578
0.272343
0.270084
0.267801
0.265496
0.26317
0.260824
0.258459
0.256077
0.253677
0.251261
0.24883
0.246385
0.243927
0.241457
0.238977
0.236487
0.23399
0.231487
0.228981
0.226464
0.223937
0.221403
0.408501
0.40921
0.410482
0.412222
0.414319
0.416699
0.419247
0.421894
0.424504
0.427008
0.429242
0.431156
0.432545
0.433409
0.433474
0.432857
0.431122
0.428648
0.42457
0.419749
0.411481
0.407827
0.408498
0.409705
0.411353
0.41333
0.415562
0.417933
0.420372
0.422742
0.424975
0.426906
0.428484
0.429509
0.429975
0.429625
0.42855
0.426374
0.423364
0.418871
0.413289
0.40575
0.407118
0.40775
0.408886
0.410433
0.412279
0.41435
0.416531
0.418749
0.420869
0.422822
0.424447
0.425693
0.426369
0.426465
0.425746
0.424285
0.421762
0.418369
0.413658
0.407866
0.400966
0.406371
0.406962
0.408024
0.409464
0.411174
0.413077
0.415059
0.417048
0.41891
0.420576
0.421889
0.422798
0.423123
0.422852
0.421773
0.419942
0.4171
0.413377
0.408506
0.402632
0.395967
0.405586
0.406135
0.40712
0.408451
0.410019
0.41175
0.41353
0.415286
0.416886
0.418261
0.419261
0.419834
0.419813
0.419181
0.417753
0.415567
0.412427
0.408417
0.403398
0.397468
0.390908
0.404762
0.405267
0.406173
0.407391
0.408815
0.41037
0.411943
0.413462
0.414798
0.415882
0.41657
0.416811
0.416451
0.415469
0.41371
0.411194
0.407781
0.403528
0.398378
0.392423
0.385961
0.403898
0.404358
0.405182
0.406284
0.40756
0.408934
0.410297
0.411576
0.412646
0.413438
0.413817
0.413731
0.413041
0.411723
0.40965
0.40683
0.403172
0.398716
0.393459
0.387506
0.381141
0.402992
0.403406
0.404146
0.405129
0.406252
0.407443
0.408592
0.409628
0.410431
0.410932
0.411005
0.410598
0.409588
0.407949
0.40558
0.402483
0.398605
0.39398
0.38864
0.382703
0.376431
0.402043
0.402411
0.403064
0.403925
0.404892
0.405895
0.406829
0.40762
0.408155
0.408366
0.408138
0.407417
0.406099
0.404154
0.401508
0.39816
0.394086
0.389322
0.383919
0.378004
0.371824
0.40105
0.401371
0.401936
0.402671
0.40348
0.404293
0.405007
0.405552
0.40582
0.405745
0.40522
0.404194
0.40258
0.400347
0.397444
0.393869
0.389622
0.384744
0.379295
0.37341
0.36732
0.400014
0.400285
0.40076
0.401368
0.402016
0.402635
0.40313
0.403428
0.403431
0.403072
0.402257
0.400937
0.399039
0.396536
0.393394
0.389617
0.38522
0.380248
0.374772
0.368921
0.362924
0.398933
0.399154
0.399537
0.400014
0.400499
0.400924
0.401197
0.40125
0.400989
0.400352
0.399255
0.397652
0.395484
0.392729
0.389368
0.38541
0.380884
0.375839
0.37035
0.36454
0.358636
0.397806
0.397977
0.398266
0.398612
0.398931
0.39916
0.399212
0.39902
0.398499
0.397589
0.396219
0.394345
0.391922
0.388933
0.385373
0.381256
0.376621
0.371519
0.366032
0.360271
0.354461
0.396634
0.396754
0.396948
0.39716
0.397313
0.397345
0.397176
0.396742
0.395965
0.39479
0.393156
0.391023
0.388361
0.385156
0.381416
0.37716
0.372435
0.367293
0.36182
0.356114
0.350401
0.395417
0.395486
0.395583
0.39566
0.395646
0.395481
0.395092
0.394419
0.393392
0.39196
0.390072
0.387695
0.384809
0.381407
0.377506
0.37313
0.368332
0.363164
0.357715
0.352072
0.346457
0.394155
0.394171
0.394172
0.394113
0.393931
0.393571
0.392965
0.392056
0.390785
0.389104
0.386975
0.384367
0.381273
0.377692
0.373648
0.36917
0.364317
0.359136
0.353722
0.348148
0.342632
0.392849
0.392813
0.392716
0.392521
0.392172
0.391617
0.390796
0.389657
0.38815
0.386231
0.383871
0.381048
0.377762
0.374018
0.36985
0.365287
0.360392
0.355213
0.349841
0.344343
0.338928
0.3915
0.391411
0.391217
0.390886
0.390371
0.389623
0.388592
0.387228
0.385492
0.383345
0.380767
0.377744
0.374283
0.370394
0.366118
0.361486
0.356564
0.351397
0.346076
0.340658
0.335346
0.39011
0.389968
0.389676
0.38921
0.38853
0.387593
0.386355
0.384775
0.382818
0.380454
0.377673
0.374463
0.370843
0.366827
0.362459
0.357772
0.352836
0.347691
0.342428
0.337095
0.331887
0.38868
0.388486
0.388097
0.387497
0.386654
0.385532
0.384093
0.382303
0.380135
0.377567
0.374594
0.371215
0.367451
0.363323
0.358878
0.354151
0.349212
0.344098
0.338899
0.333656
0.328551
0.387213
0.386967
0.386482
0.38575
0.384748
0.383444
0.38181
0.379818
0.37745
0.374689
0.371539
0.368005
0.364113
0.359888
0.355381
0.350627
0.345695
0.340621
0.335492
0.33034
0.32534
0.385713
0.385414
0.384835
0.383973
0.382815
0.381335
0.379514
0.377329
0.374771
0.37183
0.368517
0.364842
0.360837
0.35653
0.351974
0.347205
0.34229
0.337262
0.332206
0.327149
0.322252
0.384182
0.383833
0.383161
0.382172
0.380861
0.379211
0.37721
0.374841
0.372105
0.368997
0.365535
0.361734
0.357631
0.353255
0.348662
0.343888
0.338998
0.334024
0.329044
0.324083
0.319289
0.382626
0.382226
0.381463
0.380351
0.378893
0.377079
0.374906
0.372364
0.369461
0.366199
0.362601
0.358688
0.3545
0.350069
0.345451
0.340681
0.335824
0.330907
0.326007
0.321142
0.316451
0.381048
0.3806
0.379749
0.378517
0.376917
0.374946
0.37261
0.369906
0.366847
0.363444
0.359724
0.355713
0.351453
0.346979
0.342345
0.337589
0.332769
0.327915
0.323096
0.318328
0.313737
0.379455
0.37896
0.378023
0.376676
0.37494
0.372821
0.37033
0.367474
0.364272
0.360741
0.356912
0.352815
0.348496
0.343989
0.33935
0.334614
0.329838
0.325049
0.320312
0.31564
0.311147
0.377854
0.377314
0.376294
0.374837
0.372971
0.370711
0.368076
0.365079
0.361746
0.358099
0.354174
0.350004
0.345636
0.341107
0.33647
0.33176
0.327033
0.322311
0.317657
0.31308
0.308683
0.376252
0.375668
0.37457
0.373008
0.371019
0.368627
0.365857
0.362731
0.359278
0.355527
0.351518
0.347286
0.34288
0.338338
0.333711
0.329033
0.324356
0.319704
0.315131
0.310647
0.306343
0.374657
0.374031
0.372859
0.371197
0.369093
0.366578
0.363684
0.360438
0.356878
0.353035
0.348953
0.344671
0.340236
0.335688
0.331076
0.326435
0.321812
0.317229
0.312737
0.308344
0.30413
0.373079
0.372414
0.37117
0.369416
0.367204
0.364574
0.361566
0.358213
0.354556
0.350633
0.346489
0.342165
0.33771
0.333163
0.328573
0.323971
0.319403
0.314889
0.310477
0.306171
0.302043
0.371527
0.370825
0.369516
0.367674
0.365363
0.362628
0.359516
0.356065
0.352323
0.34833
0.344134
0.339778
0.335311
0.330771
0.326205
0.321645
0.317132
0.312688
0.308352
0.30413
0.300084
0.370014
0.369278
0.367907
0.365985
0.363582
0.360751
0.357545
0.354008
0.350191
0.346138
0.3419
0.337519
0.333045
0.328517
0.323979
0.319462
0.315005
0.310627
0.306365
0.302223
0.298256
0.368551
0.367783
0.366356
0.364361
0.361874
0.358957
0.355667
0.352054
0.348171
0.344068
0.339795
0.335396
0.330922
0.326409
0.321901
0.317428
0.313025
0.308711
0.30452
0.300453
0.29656
0.367153
0.366356
0.364878
0.362816
0.360254
0.357259
0.353894
0.350215
0.346277
0.342131
0.33783
0.333421
0.328949
0.324455
0.319978
0.315548
0.311198
0.306945
0.30282
0.298825
0.294999
0.365834
0.365011
0.363486
0.361365
0.358736
0.355673
0.352243
0.348506
0.344521
0.340341
0.336019
0.331602
0.327138
0.322663
0.318218
0.31383
0.30953
0.305335
0.301271
0.297341
0.293578
0.36461
0.363764
0.362198
0.360024
0.357337
0.354214
0.350729
0.346943
0.342918
0.33871
0.334373
0.329953
0.325498
0.321044
0.31663
0.312281
0.308028
0.303886
0.299878
0.296007
0.292301
0.363499
0.362633
0.361031
0.358812
0.356074
0.3529
0.349367
0.345541
0.341484
0.337254
0.332906
0.328487
0.324042
0.319609
0.315223
0.310911
0.306701
0.302606
0.298648
0.294831
0.291176
0.362519
0.361636
0.360004
0.357746
0.354965
0.35175
0.348177
0.344318
0.340235
0.335989
0.331633
0.327216
0.322782
0.318368
0.314009
0.30973
0.305557
0.301504
0.297591
0.29382
0.290208
0.36169
0.360793
0.359136
0.356847
0.354032
0.350782
0.347179
0.343293
0.339191
0.334932
0.330572
0.326158
0.321734
0.317338
0.313002
0.308751
0.30461
0.300592
0.296716
0.292983
0.289408
0.361034
0.360125
0.358449
0.356136
0.353295
0.350019
0.346392
0.342487
0.338371
0.334103
0.329741
0.32533
0.320916
0.316533
0.312216
0.307987
0.303872
0.299882
0.296035
0.292333
0.288787
0.360572
0.359655
0.357966
0.355636
0.352778
0.349485
0.345842
0.341923
0.337798
0.333525
0.329161
0.324753
0.320345
0.315973
0.311669
0.307457
0.30336
0.29939
0.295564
0.291884
0.288359
0.360329
0.359408
0.357712
0.355374
0.352505
0.349203
0.345552
0.341628
0.337497
0.333222
0.328857
0.324451
0.320047
0.31568
0.311383
0.30718
0.303092
0.299133
0.295319
0.291652
0.28814
0.420832
0.421863
0.423821
0.426577
0.430035
0.434147
0.438867
0.444168
0.449889
0.456093
0.462734
0.46979
0.477217
0.484991
0.493067
0.501422
0.510003
0.518798
0.52773
0.536812
0.545899
0.420799
0.421827
0.423774
0.426507
0.429927
0.433981
0.438601
0.443777
0.449568
0.455776
0.462409
0.469457
0.476877
0.484646
0.492716
0.501067
0.509638
0.518417
0.527323
0.53638
0.545477
0.420729
0.421752
0.423691
0.426415
0.429831
0.433891
0.438553
0.443801
0.449495
0.455654
0.462249
0.469257
0.476634
0.484356
0.492375
0.500671
0.509184
0.517906
0.526754
0.535757
0.544774
0.420626
0.421645
0.423578
0.426296
0.429704
0.433753
0.438388
0.443579
0.449273
0.455415
0.461981
0.468952
0.476284
0.483954
0.491911
0.500137
0.50857
0.517203
0.52595
0.534841
0.543719
0.420488
0.421503
0.423429
0.426137
0.429531
0.43356
0.438177
0.443353
0.449
0.455099
0.461619
0.468536
0.475805
0.483402
0.491276
0.499409
0.507734
0.516249
0.52486
0.533605
0.542305
0.420317
0.421327
0.423243
0.425937
0.429313
0.433321
0.437914
0.443055
0.448656
0.454706
0.461169
0.468018
0.475208
0.482715
0.490485
0.498499
0.506691
0.515057
0.5235
0.532063
0.54054
0.420111
0.421116
0.42302
0.425698
0.429054
0.433036
0.4376
0.442701
0.448245
0.454237
0.46063
0.467399
0.474495
0.481893
0.489538
0.497412
0.505442
0.513631
0.521871
0.530217
0.538427
0.419873
0.42087
0.422761
0.425421
0.428752
0.432706
0.437232
0.442286
0.447768
0.453691
0.460004
0.46668
0.473665
0.480938
0.488436
0.496146
0.503988
0.511972
0.519974
0.528067
0.535967
0.419602
0.420591
0.422467
0.425106
0.42841
0.432331
0.436823
0.441815
0.447225
0.45307
0.459292
0.465861
0.472721
0.47985
0.487182
0.494705
0.502333
0.510081
0.517813
0.525618
0.533165
0.419299
0.42028
0.422138
0.424755
0.428027
0.431912
0.436325
0.441278
0.446617
0.452376
0.458495
0.464944
0.471664
0.478632
0.485778
0.493091
0.500478
0.507961
0.51539
0.522871
0.530023
0.418964
0.419935
0.421776
0.424366
0.427605
0.431461
0.435873
0.440684
0.445944
0.45161
0.457615
0.463932
0.470496
0.477286
0.484225
0.491306
0.498426
0.505616
0.512708
0.519831
0.526547
0.418598
0.419559
0.42138
0.423942
0.427145
0.430959
0.435279
0.440034
0.44521
0.450773
0.456654
0.462826
0.469219
0.475813
0.482526
0.489352
0.496179
0.503047
0.50977
0.516501
0.522741
0.418201
0.419152
0.420951
0.423483
0.426648
0.430413
0.434673
0.439336
0.444416
0.449867
0.455613
0.461627
0.467835
0.474217
0.480683
0.487232
0.493741
0.50026
0.50658
0.512887
0.51861
0.417776
0.418715
0.420492
0.422991
0.426114
0.429824
0.43401
0.438586
0.443564
0.448893
0.454493
0.460338
0.466346
0.472499
0.4787
0.484949
0.491114
0.497256
0.503143
0.508992
0.514162
0.417321
0.418249
0.420001
0.422466
0.425549
0.429186
0.433296
0.437785
0.442654
0.447853
0.453297
0.458961
0.464755
0.470663
0.476578
0.482507
0.488303
0.494041
0.499462
0.504823
0.509401
0.416838
0.417754
0.419481
0.42191
0.424955
0.428563
0.432535
0.436935
0.441689
0.44675
0.452028
0.457497
0.463063
0.46871
0.47432
0.479907
0.48531
0.490617
0.495543
0.500385
0.504337
0.416328
0.417232
0.418932
0.421323
0.424323
0.427838
0.431734
0.436038
0.44067
0.445584
0.450686
0.45595
0.461274
0.466643
0.47193
0.477155
0.482139
0.486991
0.491389
0.495685
0.498975
0.415792
0.416683
0.418356
0.420709
0.423616
0.427088
0.430896
0.435097
0.439598
0.444357
0.449274
0.454322
0.45939
0.464466
0.469411
0.474253
0.478794
0.483165
0.487008
0.490728
0.493325
0.415231
0.416109
0.417753
0.420075
0.42299
0.426297
0.430019
0.434111
0.438476
0.443072
0.447794
0.452615
0.457413
0.462181
0.466766
0.471205
0.47528
0.479145
0.482402
0.485521
0.487394
0.414646
0.41551
0.417125
0.419404
0.422224
0.425473
0.429106
0.433083
0.437305
0.441731
0.446248
0.450831
0.455346
0.459791
0.463998
0.468015
0.4716
0.474935
0.477579
0.480071
0.48119
0.414037
0.414887
0.416476
0.418695
0.421454
0.424624
0.428159
0.432014
0.436088
0.440335
0.444639
0.448973
0.453193
0.4573
0.46111
0.464686
0.467758
0.470542
0.472543
0.474386
0.474721
0.413405
0.414242
0.415803
0.418008
0.420654
0.423744
0.427177
0.430907
0.434825
0.438888
0.44297
0.447043
0.450956
0.45471
0.458107
0.461223
0.463758
0.465968
0.467298
0.46847
0.467991
0.412753
0.413578
0.415093
0.417239
0.419829
0.422836
0.426163
0.429761
0.433519
0.43739
0.441241
0.445044
0.448638
0.452025
0.454993
0.457629
0.459606
0.461221
0.46185
0.462332
0.461006
0.41208
0.412894
0.414407
0.416458
0.418981
0.421901
0.425118
0.42858
0.432171
0.435843
0.439456
0.442979
0.446241
0.449248
0.45177
0.453909
0.455306
0.456303
0.456199
0.455973
0.453761
0.411389
0.412185
0.413651
0.415658
0.418111
0.420939
0.424042
0.427363
0.430783
0.434248
0.437615
0.440847
0.443766
0.446379
0.448439
0.450063
0.450859
0.451218
0.45035
0.449398
0.446241
0.410679
0.411471
0.412886
0.414842
0.417222
0.419957
0.422943
0.42612
0.429364
0.432617
0.43573
0.438663
0.441229
0.443433
0.445018
0.446108
0.446283
0.445976
0.444312
0.442613
0.438432
0.409952
0.410726
0.412108
0.414009
0.416317
0.41896
0.421829
0.424862
0.427928
0.430968
0.433823
0.436451
0.438654
0.440438
0.441532
0.442067
0.441597
0.440587
0.438076
0.43558
0.430275
0.409209
0.409957
0.411296
0.413131
0.415351
0.417883
0.420617
0.423485
0.426353
0.429157
0.431731
0.434032
0.435851
0.437194
0.437777
0.43774
0.436612
0.434888
0.431498
0.428072
0.421322
0.409209
0.409941
0.411277
0.413113
0.415335
0.417866
0.420594
0.42345
0.426298
0.429075
0.431616
0.433876
0.43565
0.436949
0.437487
0.437414
0.436257
0.434523
0.431143
0.427759
0.421096
0.409956
0.410732
0.412138
0.414072
0.416419
0.4191
0.422004
0.425065
0.428149
0.431194
0.434037
0.436639
0.438798
0.440526
0.441548
0.442012
0.441465
0.440401
0.43785
0.435368
0.43014
0.410684
0.411492
0.412942
0.414945
0.41738
0.420168
0.423202
0.426419
0.429689
0.432953
0.436057
0.438964
0.441483
0.443626
0.445135
0.446145
0.44624
0.445865
0.444163
0.442447
0.438331
0.411392
0.412203
0.413708
0.41576
0.418267
0.421148
0.424299
0.42766
0.431108
0.434587
0.43795
0.441162
0.444042
0.4466
0.448593
0.450142
0.450866
0.451154
0.450249
0.449261
0.446155
0.412083
0.412913
0.414474
0.416563
0.41914
0.422114
0.425381
0.428887
0.432511
0.436202
0.439817
0.443326
0.446556
0.449514
0.451975
0.454042
0.455369
0.456291
0.456145
0.45587
0.453689
0.412755
0.413597
0.415143
0.417349
0.419994
0.423058
0.426439
0.430085
0.43388
0.437774
0.441634
0.445428
0.448994
0.452338
0.455249
0.457815
0.459724
0.461259
0.461839
0.46226
0.460945
0.413407
0.414262
0.415864
0.418118
0.420825
0.423974
0.427464
0.431245
0.435204
0.439295
0.44339
0.447459
0.451351
0.455066
0.458411
0.461458
0.463926
0.466055
0.467328
0.468429
0.467941
0.414038
0.414909
0.416541
0.41882
0.421629
0.424861
0.428456
0.432366
0.436484
0.440765
0.445086
0.44942
0.453625
0.457697
0.46146
0.464969
0.467974
0.470674
0.472611
0.474373
0.474681
0.414647
0.415532
0.417192
0.419523
0.422405
0.425718
0.429414
0.433448
0.437719
0.442181
0.446721
0.451309
0.455814
0.460228
0.464391
0.468344
0.471862
0.475111
0.477684
0.480087
0.48116
0.415233
0.416132
0.417821
0.4202
0.423175
0.426548
0.430336
0.434489
0.438906
0.443543
0.448291
0.453122
0.457914
0.462656
0.4672
0.471578
0.475585
0.479363
0.482542
0.485563
0.487374
0.415794
0.416708
0.418425
0.420838
0.423815
0.427346
0.431222
0.435487
0.440044
0.444847
0.449794
0.454857
0.459923
0.464977
0.469885
0.474668
0.479141
0.483423
0.487181
0.490795
0.493316
0.41633
0.417257
0.419003
0.421454
0.424518
0.428104
0.432068
0.43644
0.44113
0.446092
0.451229
0.456512
0.461838
0.467189
0.472441
0.477609
0.482525
0.487286
0.491594
0.495776
0.498976
0.41684
0.417781
0.419554
0.422044
0.425157
0.428824
0.432876
0.437347
0.442164
0.447275
0.452592
0.458084
0.463656
0.469288
0.474866
0.480399
0.485733
0.490949
0.495778
0.5005
0.504347
0.417323
0.418276
0.420076
0.422602
0.425758
0.429488
0.433645
0.438208
0.443142
0.448396
0.453882
0.459571
0.465375
0.471271
0.477157
0.483033
0.488761
0.494406
0.499726
0.50496
0.509421
0.417778
0.418744
0.420568
0.42313
0.426325
0.430099
0.434367
0.439019
0.444064
0.449451
0.455096
0.46097
0.466992
0.473137
0.47931
0.485509
0.491605
0.497653
0.503434
0.50915
0.51419
0.418204
0.419182
0.421029
0.423625
0.426861
0.430705
0.435039
0.439778
0.444929
0.450439
0.456233
0.46228
0.468504
0.474881
0.481323
0.487822
0.494263
0.500686
0.506897
0.513064
0.518648
0.4186
0.419589
0.421459
0.424086
0.427362
0.431254
0.435659
0.440485
0.445733
0.451359
0.457291
0.463498
0.46991
0.476502
0.483193
0.48997
0.496729
0.503501
0.51011
0.516697
0.522787
0.418966
0.419966
0.421856
0.424512
0.427826
0.431762
0.436233
0.441139
0.446477
0.452209
0.458268
0.464622
0.471208
0.477998
0.484916
0.49195
0.499002
0.506094
0.513069
0.520044
0.526601
0.419302
0.420311
0.42222
0.424902
0.42825
0.432224
0.436751
0.441741
0.447158
0.452986
0.459161
0.465651
0.472394
0.479365
0.486492
0.49376
0.501078
0.508463
0.515772
0.5231
0.530085
0.419605
0.420624
0.42255
0.425256
0.428636
0.43264
0.4372
0.442285
0.447776
0.453691
0.459971
0.466582
0.473468
0.480602
0.487917
0.495396
0.502955
0.510604
0.518213
0.525862
0.533234
0.419877
0.420903
0.422846
0.425573
0.428981
0.433018
0.437634
0.442767
0.448327
0.454321
0.460694
0.467414
0.474428
0.481707
0.489189
0.496856
0.50463
0.512514
0.520391
0.528325
0.536044
0.420116
0.421149
0.423106
0.425851
0.429284
0.433352
0.438002
0.443187
0.448811
0.454875
0.46133
0.468146
0.475271
0.482677
0.490307
0.498139
0.506101
0.51419
0.522303
0.530487
0.538511
0.420321
0.421361
0.423329
0.426092
0.429546
0.433639
0.438321
0.443548
0.449228
0.455352
0.461877
0.468776
0.475996
0.483513
0.491269
0.499242
0.507365
0.515632
0.523945
0.532345
0.540631
0.420493
0.421539
0.423517
0.426293
0.429765
0.43388
0.438587
0.443849
0.449576
0.455751
0.462336
0.469302
0.476603
0.484211
0.492073
0.500165
0.508423
0.516837
0.525318
0.533897
0.542402
0.420632
0.421681
0.423667
0.426453
0.429941
0.434075
0.438802
0.444087
0.449856
0.456072
0.462704
0.469725
0.477091
0.484772
0.492718
0.500905
0.50927
0.517803
0.526418
0.535142
0.543824
0.420736
0.421789
0.42378
0.426574
0.43007
0.434216
0.438965
0.44428
0.450067
0.456309
0.462973
0.470034
0.477446
0.485182
0.49319
0.501448
0.509894
0.518515
0.527233
0.536068
0.544886
0.420805
0.421863
0.423863
0.426666
0.43017
0.434316
0.439046
0.444357
0.450192
0.456468
0.463165
0.470262
0.477714
0.485493
0.49355
0.501859
0.51036
0.519037
0.527808
0.536699
0.545596
0.420839
0.421898
0.423905
0.426723
0.430252
0.43444
0.439229
0.444565
0.4504
0.456694
0.463409
0.470523
0.477991
0.485786
0.493857
0.502183
0.510703
0.519404
0.528208
0.537124
0.546024
0.360304
0.359383
0.357686
0.355347
0.352478
0.349175
0.345523
0.341597
0.337466
0.33319
0.328824
0.324417
0.320012
0.315645
0.311347
0.307143
0.303054
0.299095
0.29528
0.291612
0.2881
0.360547
0.35963
0.35794
0.35561
0.35275
0.349456
0.345813
0.341893
0.337767
0.333493
0.329128
0.324719
0.320311
0.315938
0.311633
0.30742
0.303322
0.299352
0.295525
0.291845
0.288319
0.361009
0.3601
0.358423
0.356109
0.353267
0.349991
0.346363
0.342457
0.33834
0.334072
0.329708
0.325296
0.320881
0.316498
0.31218
0.30795
0.303834
0.299844
0.295996
0.292293
0.288747
0.361665
0.360767
0.35911
0.35682
0.354005
0.350754
0.34715
0.343263
0.33916
0.3349
0.330539
0.326124
0.3217
0.317303
0.312966
0.308714
0.304572
0.300554
0.296677
0.292944
0.289368
0.362495
0.361611
0.359978
0.35772
0.354938
0.351722
0.348149
0.344288
0.340205
0.335957
0.331601
0.327183
0.322748
0.318333
0.313973
0.309694
0.30552
0.301466
0.297552
0.29378
0.290168
0.363475
0.362608
0.361006
0.358786
0.356047
0.352873
0.349339
0.345511
0.341453
0.337223
0.332874
0.328453
0.324008
0.319574
0.315187
0.310875
0.306663
0.302568
0.29861
0.294792
0.291136
0.364586
0.36374
0.362174
0.359999
0.35731
0.354187
0.3507
0.346913
0.342888
0.338679
0.334341
0.32992
0.325464
0.32101
0.316594
0.312245
0.307991
0.303848
0.299839
0.295968
0.292262
0.36581
0.364987
0.363462
0.36134
0.35871
0.355646
0.352215
0.348477
0.344491
0.34031
0.335987
0.331569
0.327104
0.322629
0.318183
0.313794
0.309493
0.305297
0.301232
0.297302
0.293538
0.36713
0.366333
0.364854
0.362791
0.360228
0.357232
0.353867
0.350186
0.346247
0.3421
0.337799
0.333388
0.328915
0.32442
0.319943
0.315512
0.311161
0.306908
0.302782
0.298786
0.29496
0.368528
0.36776
0.366332
0.364336
0.361849
0.35893
0.355639
0.352025
0.348142
0.344037
0.339763
0.335364
0.330888
0.326374
0.321866
0.317392
0.312989
0.308674
0.304482
0.300415
0.29652
0.369991
0.369255
0.367884
0.365961
0.363557
0.360725
0.357518
0.35398
0.350162
0.346108
0.341868
0.337486
0.333012
0.328482
0.323944
0.319426
0.314969
0.31059
0.306327
0.302185
0.298217
0.371505
0.370803
0.369493
0.367651
0.365338
0.362602
0.359489
0.356037
0.352294
0.3483
0.344103
0.339746
0.335277
0.330737
0.32617
0.321609
0.317096
0.312651
0.308314
0.304091
0.300046
0.373057
0.372392
0.371148
0.369392
0.36718
0.364549
0.361539
0.358185
0.354527
0.350603
0.346458
0.342133
0.337677
0.333129
0.328538
0.323935
0.319367
0.314853
0.31044
0.306133
0.302005
0.374636
0.37401
0.372837
0.371174
0.369069
0.366553
0.363657
0.360411
0.356849
0.353005
0.348922
0.344639
0.340203
0.335654
0.331042
0.3264
0.321776
0.317193
0.3127
0.308306
0.304092
0.376232
0.375647
0.374549
0.372985
0.370996
0.368602
0.365831
0.362703
0.359249
0.355497
0.351487
0.347255
0.342847
0.338304
0.333676
0.328998
0.324321
0.319668
0.315095
0.31061
0.306306
0.377835
0.377294
0.376274
0.374815
0.372948
0.370687
0.368051
0.365052
0.361718
0.358069
0.354143
0.349972
0.345603
0.341073
0.336436
0.331725
0.326997
0.322275
0.31762
0.313043
0.308645
0.379436
0.378941
0.378003
0.376655
0.374918
0.372797
0.370305
0.367448
0.364244
0.360711
0.356882
0.352784
0.348463
0.343956
0.339316
0.334579
0.329803
0.325013
0.320276
0.315603
0.31111
0.38103
0.380581
0.379729
0.378496
0.376895
0.374923
0.372585
0.369879
0.366819
0.363414
0.359694
0.355681
0.35142
0.346945
0.342311
0.337554
0.332734
0.327879
0.32306
0.318291
0.3137
0.382608
0.382208
0.381444
0.380331
0.378871
0.377056
0.374881
0.372338
0.369433
0.36617
0.362571
0.358656
0.354467
0.350036
0.345417
0.340647
0.335788
0.330872
0.325971
0.321106
0.316415
0.384165
0.383815
0.383142
0.382152
0.38084
0.379188
0.377185
0.374816
0.372077
0.368968
0.365505
0.361702
0.357598
0.353222
0.348628
0.343853
0.338963
0.333988
0.329008
0.324047
0.319254
0.385697
0.385398
0.384817
0.383954
0.382794
0.381313
0.37949
0.377303
0.374743
0.371801
0.368487
0.36481
0.360805
0.356497
0.35194
0.34717
0.342255
0.337227
0.332171
0.327113
0.322217
0.387198
0.386951
0.386465
0.385732
0.384728
0.383422
0.381787
0.379793
0.377423
0.37466
0.371509
0.367973
0.36408
0.359854
0.355347
0.350592
0.34566
0.340586
0.335456
0.330305
0.325305
0.388665
0.38847
0.38808
0.387479
0.386635
0.385511
0.38407
0.382278
0.380108
0.377538
0.374564
0.371183
0.367418
0.363289
0.358843
0.354116
0.349177
0.344063
0.338865
0.333621
0.328517
0.390096
0.389953
0.38966
0.389193
0.388511
0.387573
0.386333
0.38475
0.382791
0.380426
0.377642
0.374432
0.37081
0.366793
0.362424
0.357737
0.352801
0.347656
0.342393
0.337061
0.331853
0.391487
0.391397
0.391202
0.39087
0.390353
0.389603
0.38857
0.387204
0.385465
0.383316
0.380737
0.377712
0.374249
0.37036
0.366083
0.36145
0.356529
0.351362
0.346041
0.340624
0.335313
0.392837
0.392799
0.392702
0.392505
0.392155
0.391597
0.390775
0.389633
0.388123
0.386202
0.38384
0.381015
0.377728
0.373983
0.369814
0.365251
0.360357
0.355178
0.349807
0.344309
0.338896
0.394144
0.394159
0.394158
0.394098
0.393914
0.393552
0.392943
0.392032
0.390759
0.389076
0.386944
0.384335
0.381239
0.377656
0.373612
0.369134
0.364281
0.359101
0.353687
0.348115
0.3426
0.395406
0.395474
0.39557
0.395645
0.395629
0.395463
0.395072
0.394396
0.393367
0.391932
0.390042
0.387662
0.384774
0.381371
0.377469
0.373093
0.368296
0.363129
0.357681
0.352039
0.346426
0.396624
0.396743
0.396936
0.397146
0.397297
0.397327
0.397156
0.396719
0.39594
0.394762
0.393125
0.39099
0.388326
0.38512
0.381379
0.377123
0.372398
0.367257
0.361785
0.356081
0.35037
0.397797
0.397967
0.398254
0.398598
0.398916
0.399143
0.399192
0.398998
0.398474
0.397561
0.396188
0.394311
0.391886
0.388896
0.385335
0.381217
0.376583
0.371483
0.365997
0.360238
0.354431
0.398925
0.399144
0.399526
0.400002
0.400485
0.400907
0.401178
0.401228
0.400964
0.400324
0.399224
0.397618
0.395448
0.392691
0.389329
0.385371
0.380845
0.375802
0.370315
0.364508
0.358607
0.400007
0.400276
0.400749
0.401355
0.402002
0.402619
0.403111
0.403407
0.403406
0.403044
0.402226
0.400903
0.399002
0.396497
0.393354
0.389576
0.38518
0.38021
0.374737
0.368889
0.362895
0.401044
0.401362
0.401926
0.402659
0.403467
0.404278
0.404989
0.405532
0.405796
0.405717
0.405189
0.40416
0.402542
0.400307
0.397402
0.393827
0.389581
0.384705
0.379259
0.373378
0.367292
0.402038
0.402402
0.403055
0.403914
0.40488
0.405881
0.406811
0.407599
0.408131
0.408338
0.408106
0.407381
0.40606
0.404113
0.401465
0.398117
0.394043
0.389281
0.383881
0.377972
0.371796
0.402987
0.403399
0.404137
0.405119
0.40624
0.407429
0.408576
0.409608
0.410407
0.410904
0.410974
0.410562
0.409549
0.407906
0.405535
0.402437
0.39856
0.393938
0.388601
0.38267
0.376405
0.403895
0.404351
0.405174
0.406274
0.407548
0.408921
0.410281
0.411557
0.412623
0.413411
0.413786
0.413695
0.413001
0.411679
0.409603
0.406782
0.403125
0.398671
0.393419
0.387473
0.381116
0.40476
0.405261
0.406165
0.407382
0.408805
0.410357
0.411928
0.413444
0.414776
0.415855
0.416539
0.416775
0.41641
0.415424
0.413661
0.411143
0.407731
0.40348
0.398336
0.392389
0.385936
0.405585
0.406129
0.407112
0.408442
0.410009
0.411738
0.413515
0.415268
0.416864
0.418234
0.419229
0.419797
0.41977
0.419133
0.417701
0.415513
0.412373
0.408364
0.403351
0.397431
0.390883
0.406371
0.406956
0.408016
0.409456
0.411164
0.413065
0.415044
0.417029
0.418887
0.420547
0.421854
0.422757
0.423076
0.4228
0.421716
0.419881
0.417039
0.413318
0.408452
0.402589
0.395941
0.407119
0.407744
0.408879
0.410425
0.41227
0.414338
0.416515
0.41873
0.420845
0.422793
0.424413
0.425653
0.426323
0.426414
0.425691
0.424227
0.421705
0.418312
0.413609
0.407826
0.400946
0.407829
0.408495
0.409702
0.41135
0.413328
0.415559
0.417929
0.420367
0.422736
0.424966
0.426894
0.428468
0.42949
0.429952
0.429599
0.428521
0.426345
0.423334
0.418848
0.413271
0.405754
0.408504
0.409207
0.410483
0.412229
0.414334
0.41672
0.419274
0.421925
0.424536
0.427039
0.429269
0.431175
0.432554
0.433404
0.433455
0.43282
0.431075
0.42859
0.424515
0.419701
0.411467
0.285333
0.283235
0.281098
0.278934
0.276747
0.274536
0.2723
0.27004
0.267757
0.265452
0.263126
0.26078
0.258415
0.256031
0.253631
0.251215
0.248783
0.246338
0.24388
0.24141
0.238929
0.236439
0.233941
0.231438
0.228932
0.226415
0.223888
0.221353
0.285548
0.283455
0.281323
0.279164
0.276984
0.274779
0.272549
0.270293
0.268012
0.265708
0.263381
0.261033
0.258664
0.256276
0.253869
0.251444
0.249002
0.246546
0.244075
0.24159
0.239094
0.236587
0.23407
0.231543
0.229007
0.226463
0.223913
0.221358
0.285971
0.283875
0.281733
0.279564
0.277374
0.27516
0.272918
0.270649
0.268355
0.266035
0.263692
0.261327
0.25894
0.256532
0.254105
0.251659
0.249196
0.246717
0.244222
0.241714
0.239193
0.23666
0.234118
0.231569
0.229014
0.226451
0.223878
0.221299
0.286579
0.28447
0.282305
0.280115
0.277906
0.275673
0.273412
0.271122
0.268806
0.266464
0.264098
0.261709
0.259298
0.256865
0.254412
0.25194
0.24945
0.246943
0.24442
0.241884
0.239334
0.236773
0.234202
0.231621
0.229034
0.226437
0.223832
0.221221
0.28736
0.285229
0.283031
0.280809
0.278571
0.276311
0.274022
0.271703
0.269357
0.266984
0.264586
0.262165
0.259721
0.257255
0.254768
0.252261
0.249736
0.247194
0.244635
0.242062
0.239476
0.236877
0.234268
0.231651
0.229028
0.226396
0.223753
0.221105
0.288303
0.286141
0.283899
0.281635
0.27936
0.277065
0.27474
0.272384
0.269998
0.267587
0.26515
0.262689
0.260205
0.257698
0.25517
0.252623
0.250056
0.247472
0.244871
0.242256
0.239627
0.236986
0.234335
0.231676
0.229013
0.226337
0.223652
0.220961
0.289399
0.287199
0.284902
0.282587
0.280266
0.277927
0.275559
0.273157
0.270726
0.268268
0.265785
0.263277
0.260746
0.258192
0.255617
0.253021
0.250407
0.247775
0.245126
0.242462
0.239785
0.237095
0.234394
0.231685
0.228976
0.226254
0.223522
0.220783
0.290642
0.288395
0.286034
0.283657
0.281283
0.278894
0.276473
0.274019
0.271535
0.269023
0.266486
0.263925
0.26134
0.258732
0.256103
0.253454
0.250786
0.2481
0.245398
0.242681
0.239951
0.23721
0.234458
0.231697
0.228925
0.226145
0.22336
0.220572
0.292025
0.289724
0.287288
0.284841
0.282405
0.279958
0.27748
0.274966
0.27242
0.269848
0.267251
0.264629
0.261984
0.259316
0.256627
0.253918
0.25119
0.248444
0.245682
0.242906
0.240117
0.237316
0.234505
0.231685
0.228854
0.226017
0.223175
0.22033
0.293544
0.291182
0.28866
0.286134
0.28363
0.281118
0.278574
0.275993
0.273379
0.270739
0.268075
0.265387
0.262675
0.259941
0.257185
0.25441
0.251616
0.248805
0.245978
0.243137
0.240283
0.237418
0.234543
0.231661
0.228767
0.225867
0.222963
0.220055
0.295196
0.292764
0.290147
0.287533
0.284953
0.28237
0.279753
0.277097
0.274409
0.271695
0.268957
0.266195
0.263411
0.260604
0.257776
0.254928
0.252063
0.249181
0.246283
0.243372
0.240448
0.237514
0.234571
0.23162
0.228659
0.225691
0.222719
0.219746
0.296976
0.294469
0.291746
0.289035
0.286372
0.283711
0.281015
0.278277
0.275507
0.272711
0.269893
0.267052
0.264188
0.261302
0.258396
0.255471
0.252528
0.24957
0.246596
0.243609
0.24061
0.237602
0.234585
0.231561
0.228528
0.225488
0.222445
0.2194
0.298885
0.296294
0.293455
0.290638
0.287886
0.28514
0.282356
0.279529
0.27667
0.273787
0.270882
0.267955
0.265006
0.262035
0.259045
0.256036
0.253011
0.24997
0.246914
0.243847
0.240768
0.23768
0.234585
0.231484
0.228373
0.225256
0.222137
0.219018
0.300919
0.298238
0.295272
0.292341
0.289492
0.286654
0.283777
0.280854
0.277899
0.274921
0.271923
0.268904
0.265863
0.262801
0.25972
0.256622
0.253508
0.250379
0.247237
0.244083
0.24092
0.237747
0.234569
0.231385
0.228193
0.224995
0.221795
0.218596
0.303078
0.3003
0.297197
0.294142
0.291189
0.288253
0.285275
0.282248
0.27919
0.276111
0.273014
0.269895
0.266756
0.263597
0.26042
0.257227
0.254019
0.250797
0.247562
0.244317
0.241063
0.237802
0.234535
0.231265
0.227986
0.224702
0.221418
0.218135
0.305362
0.302479
0.299227
0.296041
0.292977
0.289937
0.28685
0.283712
0.280544
0.277357
0.274153
0.270929
0.267686
0.264424
0.261144
0.25785
0.254542
0.251221
0.247889
0.244547
0.241198
0.237842
0.234483
0.231121
0.227751
0.224377
0.221003
0.217633
0.30777
0.304774
0.301364
0.298036
0.294856
0.291704
0.2885
0.285244
0.281958
0.278657
0.27534
0.272005
0.26865
0.265278
0.261891
0.258489
0.255075
0.25165
0.248215
0.244771
0.241321
0.237867
0.234409
0.230952
0.227486
0.224017
0.22055
0.217087
0.310302
0.307187
0.303606
0.300129
0.296825
0.293554
0.290227
0.286844
0.283434
0.280011
0.276574
0.27312
0.269649
0.266161
0.262659
0.259144
0.255619
0.252083
0.248539
0.244989
0.241433
0.237874
0.234314
0.230756
0.22719
0.223622
0.220057
0.216498
0.312958
0.309716
0.305953
0.302319
0.298884
0.295487
0.292028
0.288512
0.28497
0.281418
0.277855
0.274276
0.27068
0.26707
0.263447
0.259814
0.256171
0.252519
0.248861
0.245198
0.241531
0.237863
0.234196
0.230533
0.226862
0.22319
0.219522
0.215863
0.315739
0.312362
0.308406
0.304605
0.301035
0.297504
0.293905
0.290246
0.286565
0.282878
0.279182
0.275471
0.271745
0.268005
0.264256
0.260497
0.256731
0.252957
0.249179
0.245397
0.241614
0.237832
0.234052
0.23028
0.2265
0.22272
0.218945
0.215181
0.318645
0.315125
0.310965
0.30699
0.303276
0.299605
0.295858
0.292048
0.288221
0.284392
0.280555
0.276705
0.272841
0.268966
0.265083
0.261193
0.257297
0.253396
0.249492
0.245587
0.241682
0.237779
0.233883
0.229997
0.226103
0.22221
0.218325
0.214452
0.321676
0.318005
0.313629
0.309472
0.305609
0.30179
0.297885
0.293918
0.289937
0.285958
0.281974
0.277978
0.273969
0.269953
0.26593
0.261902
0.25787
0.253835
0.2498
0.245765
0.241732
0.237705
0.233686
0.229682
0.225671
0.221659
0.217659
0.213673
0.324832
0.321003
0.316399
0.312053
0.308034
0.304059
0.299988
0.295854
0.291713
0.287577
0.283438
0.279289
0.275129
0.270963
0.266794
0.262622
0.258448
0.254274
0.2501
0.24593
0.241765
0.237607
0.23346
0.229335
0.2252
0.221066
0.216946
0.212843
0.328114
0.324117
0.319275
0.314732
0.310552
0.306412
0.302167
0.297859
0.293549
0.28925
0.284949
0.280638
0.27632
0.271999
0.267676
0.263353
0.259031
0.254711
0.250394
0.246083
0.241778
0.237484
0.233205
0.228954
0.224692
0.22043
0.216185
0.211962
0.33152
0.327348
0.322256
0.317512
0.313164
0.308851
0.304421
0.299931
0.295446
0.290976
0.286505
0.282026
0.277542
0.273058
0.268576
0.264096
0.259619
0.255147
0.250681
0.246223
0.241773
0.237336
0.232919
0.228539
0.224143
0.219749
0.215376
0.211029
0.335052
0.330694
0.325343
0.320391
0.31587
0.311374
0.306752
0.302071
0.297404
0.292755
0.288107
0.283452
0.278795
0.274142
0.269493
0.264849
0.260211
0.255581
0.250961
0.246351
0.24175
0.237159
0.232582
0.228073
0.223541
0.219016
0.214515
0.210041
0.338707
0.334155
0.328535
0.32337
0.31867
0.313983
0.309158
0.30428
0.299424
0.294589
0.289755
0.284916
0.28008
0.275249
0.270426
0.265612
0.260806
0.256013
0.251232
0.246467
0.24172
0.236996
0.232295
0.227574
0.222885
0.21823
0.213603
0.208999
0.342485
0.337729
0.331831
0.32645
0.321564
0.316677
0.31164
0.306558
0.301505
0.296476
0.291449
0.286419
0.281395
0.276381
0.271377
0.266384
0.261404
0.25644
0.251492
0.246564
0.241658
0.236776
0.231917
0.227033
0.222196
0.217404
0.21264
0.207902
0.346383
0.341414
0.335229
0.32963
0.324553
0.319455
0.314198
0.308905
0.303649
0.298418
0.293189
0.287961
0.282742
0.277536
0.272344
0.267166
0.262004
0.256861
0.251739
0.24664
0.241566
0.236519
0.231499
0.226465
0.221477
0.216535
0.211627
0.20675
0.350399
0.345205
0.338729
0.33291
0.327637
0.322318
0.316832
0.311321
0.305856
0.300415
0.294977
0.289542
0.284121
0.278715
0.273327
0.267956
0.262606
0.257278
0.251975
0.246698
0.241451
0.236234
0.231051
0.225861
0.220715
0.215619
0.210562
0.205541
0.35453
0.3491
0.342327
0.336289
0.330814
0.325264
0.319542
0.313807
0.308125
0.302467
0.296811
0.291162
0.285531
0.279919
0.274327
0.268756
0.26321
0.25769
0.252198
0.246737
0.24131
0.235919
0.230568
0.225215
0.219907
0.214653
0.209445
0.204277
0.358771
0.353093
0.34602
0.339767
0.334085
0.328293
0.322326
0.316363
0.310458
0.304574
0.298692
0.292822
0.286973
0.281147
0.275344
0.269566
0.263816
0.258096
0.252409
0.246758
0.241145
0.235574
0.230049
0.224527
0.219053
0.213638
0.208273
0.202955
0.363116
0.357175
0.349805
0.343343
0.337446
0.331401
0.325184
0.318989
0.312854
0.306735
0.30062
0.294522
0.288449
0.2824
0.276378
0.270385
0.264424
0.258498
0.252609
0.24676
0.240955
0.235197
0.229494
0.223798
0.218153
0.212572
0.207048
0.201576
0.367558
0.361339
0.353677
0.347016
0.340897
0.334587
0.328116
0.321686
0.315313
0.308952
0.302597
0.296263
0.289957
0.283678
0.277429
0.271214
0.265035
0.258895
0.252796
0.246743
0.240739
0.234788
0.228903
0.223027
0.217205
0.211454
0.205767
0.200138
0.372086
0.36557
0.35763
0.350784
0.344434
0.337848
0.331121
0.324452
0.317835
0.311223
0.304621
0.298044
0.291498
0.284981
0.278499
0.272053
0.265648
0.259287
0.252972
0.246707
0.240497
0.234348
0.228274
0.222213
0.21621
0.210285
0.204431
0.198642
0.376686
0.36985
0.361659
0.354645
0.348052
0.341181
0.334199
0.327289
0.320418
0.313548
0.306693
0.299867
0.293072
0.28631
0.279586
0.272903
0.266265
0.259675
0.253136
0.246652
0.240229
0.233874
0.227609
0.221355
0.215166
0.209063
0.203039
0.197087
0.381335
0.374157
0.365757
0.358598
0.351744
0.344582
0.33735
0.330194
0.323062
0.315928
0.308814
0.301731
0.29468
0.287665
0.280692
0.273764
0.266885
0.260059
0.25329
0.246579
0.239935
0.233366
0.226906
0.220454
0.214072
0.207788
0.201591
0.195474
0.386008
0.378463
0.36992
0.362634
0.355501
0.348049
0.340573
0.333166
0.325765
0.318363
0.310984
0.303636
0.296322
0.289047
0.281817
0.274636
0.26751
0.260441
0.253433
0.246489
0.239617
0.232827
0.226167
0.219506
0.212927
0.206458
0.200085
0.193799
0.390663
0.382744
0.374151
0.366745
0.35931
0.351581
0.343867
0.336201
0.328525
0.320851
0.3132
0.30558
0.297994
0.29045
0.282955
0.275514
0.268131
0.260812
0.25356
0.246375
0.239266
0.232256
0.225386
0.218508
0.211728
0.205071
0.198518
0.192061
0.395198
0.386968
0.378452
0.370914
0.363164
0.355177
0.347226
0.339293
0.331341
0.323392
0.315464
0.307565
0.299701
0.291882
0.284115
0.276406
0.268761
0.261185
0.253681
0.24625
0.238882
0.231556
0.224525
0.217451
0.210485
0.203643
0.196905
0.19027
0.399379
0.391066
0.382835
0.375156
0.367114
0.358901
0.350713
0.342513
0.33429
0.326067
0.31786
0.30968
0.301536
0.293438
0.285394
0.277412
0.269497
0.261656
0.253895
0.246219
0.238641
0.231187
0.22369
0.216387
0.209244
0.202211
0.195278
0.188453
0.402773
0.394725
0.386952
0.379165
0.370927
0.362524
0.354099
0.345635
0.337137
0.328632
0.320137
0.311668
0.303235
0.29485
0.286523
0.278263
0.270078
0.261977
0.253969
0.246067
0.238286
0.230605
0.222736
0.215184
0.207848
0.200633
0.193526
0.186536
0.218815
0.216276
0.213737
0.211198
0.20866
0.206122
0.203587
0.201055
0.198526
0.196001
0.193481
0.218801
0.216241
0.213681
0.21112
0.208559
0.205999
0.203442
0.200888
0.198338
0.195793
0.193253
0.218716
0.216131
0.213546
0.21096
0.208375
0.205792
0.203212
0.200636
0.198065
0.1955
0.192941
0.218606
0.215991
0.213374
0.210758
0.208143
0.20553
0.202921
0.200317
0.197717
0.195125
0.192539
0.218454
0.215802
0.213149
0.210497
0.207847
0.205199
0.202556
0.199917
0.197285
0.19466
0.192043
0.218267
0.215573
0.212879
0.210186
0.207495
0.204808
0.202125
0.199448
0.196778
0.194117
0.191464
0.218043
0.215302
0.212562
0.209823
0.207088
0.204356
0.201629
0.198909
0.196197
0.193493
0.190799
0.217781
0.214989
0.212198
0.20941
0.206624
0.203843
0.201068
0.198301
0.195541
0.192792
0.190053
0.217483
0.214635
0.211789
0.208945
0.206106
0.203271
0.200444
0.197624
0.194814
0.192014
0.189225
0.217147
0.214239
0.211333
0.20843
0.205532
0.20264
0.199755
0.196879
0.194013
0.191159
0.188317
0.216772
0.213799
0.210829
0.207862
0.204902
0.201948
0.199002
0.196066
0.193141
0.190228
0.187328
0.216356
0.213314
0.210276
0.207242
0.204214
0.201194
0.198184
0.195183
0.192195
0.189219
0.186259
0.215899
0.212784
0.209673
0.206568
0.203469
0.200379
0.1973
0.194231
0.191176
0.188134
0.185108
0.2154
0.212207
0.209019
0.205838
0.202665
0.199501
0.196349
0.193209
0.190082
0.186971
0.183876
0.214856
0.211582
0.208313
0.205052
0.201801
0.19856
0.195331
0.192115
0.188914
0.18573
0.182563
0.214267
0.210907
0.207554
0.204209
0.200876
0.197553
0.194244
0.19095
0.187671
0.18441
0.181168
0.21363
0.210181
0.206739
0.203308
0.199888
0.196481
0.193088
0.189712
0.186352
0.183011
0.17969
0.212946
0.209403
0.205869
0.202347
0.198838
0.195342
0.191863
0.1884
0.184956
0.181532
0.178129
0.212212
0.208572
0.204942
0.201325
0.197723
0.194136
0.190566
0.187015
0.183484
0.179974
0.176486
0.211428
0.207686
0.203957
0.200242
0.196543
0.192861
0.189198
0.185555
0.181934
0.178335
0.17476
0.210592
0.206745
0.202912
0.199096
0.195297
0.191518
0.187758
0.184021
0.180306
0.176616
0.172952
0.209702
0.205747
0.201808
0.197887
0.193985
0.190104
0.186246
0.182411
0.178601
0.174817
0.171061
0.208758
0.204691
0.200642
0.196613
0.192605
0.188621
0.18466
0.180726
0.176818
0.172938
0.169088
0.207759
0.203576
0.199414
0.195273
0.191157
0.187066
0.183002
0.178965
0.174957
0.17098
0.167034
0.206704
0.202402
0.198123
0.193869
0.189641
0.185441
0.18127
0.177129
0.17302
0.168943
0.164899
0.205592
0.201167
0.196768
0.192398
0.188056
0.183745
0.179465
0.175218
0.171006
0.166828
0.162686
0.204421
0.19987
0.19535
0.19086
0.186402
0.181978
0.177588
0.173233
0.168915
0.164635
0.160394
0.203192
0.198513
0.193867
0.189255
0.184679
0.180139
0.175637
0.171174
0.16675
0.162367
0.158026
0.201904
0.197094
0.19232
0.187584
0.182887
0.17823
0.173615
0.169041
0.164511
0.160025
0.155584
0.200557
0.195612
0.190708
0.185845
0.181026
0.176251
0.171521
0.166837
0.162199
0.15761
0.153069
0.199151
0.194068
0.189031
0.18404
0.179097
0.174202
0.169356
0.164561
0.159817
0.155124
0.150484
0.197684
0.192461
0.187289
0.182168
0.177099
0.172083
0.167122
0.162215
0.157364
0.152569
0.147831
0.196156
0.190791
0.185482
0.180229
0.175033
0.169897
0.164819
0.159801
0.154844
0.149947
0.145112
0.194568
0.189058
0.183609
0.178223
0.172901
0.167642
0.162448
0.15732
0.152257
0.147261
0.14233
0.192918
0.187261
0.181672
0.176152
0.170701
0.165321
0.160011
0.154773
0.149606
0.14451
0.139487
0.191207
0.185401
0.17967
0.174014
0.168435
0.162933
0.157508
0.152161
0.146891
0.141699
0.136584
0.189435
0.183478
0.177604
0.171813
0.166105
0.160482
0.154943
0.149489
0.144119
0.138833
0.187601
0.181492
0.175475
0.169549
0.163715
0.157973
0.152323
0.146766
0.141302
0.135929
0.185701
0.17944
0.173279
0.167219
0.16126
0.155401
0.149644
0.143989
0.138434
0.132979
0.183742
0.177321
0.17101
0.164807
0.158713
0.15273
0.146855
0.14109
0.135434
0.129886
0.181741
0.175145
0.168664
0.162301
0.156055
0.149926
0.143915
0.13802
0.13224
0.126575
0.17967
0.17293
0.166316
0.15983
0.15347
0.147239
0.141134
0.135156
0.129303
0.123572
)
;

boundaryField
{
    inlet
    {
        type            zeroGradient;
    }
    outlet
    {
        type            fixedValue;
        value           nonuniform 0();
    }
    cylinder
    {
        type            zeroGradient;
    }
    top
    {
        type            symmetryPlane;
    }
    bottom
    {
        type            symmetryPlane;
    }
    defaultFaces
    {
        type            empty;
    }
    procBoundary0to1
    {
        type            processor;
        value           nonuniform List<scalar> 
163
(
-0.000283176
-0.00146285
-0.0027459
-0.0040853
-0.00549851
-0.00549851
-0.00453422
-0.00581319
-0.00718893
-0.00867728
-0.00867728
-0.00588098
-0.00719633
-0.00719633
-0.00386598
-0.00503494
-0.00633314
-0.00633314
-0.00163576
-0.0025278
-0.0025278
0.0046711
0.0046711
0.0150277
0.0165534
0.0165534
0.0309606
0.0309606
0.0466675
0.0466675
0.0627389
0.0627389
0.0782927
0.0782927
0.0935736
0.0935736
0.107299
0.107299
0.107238
0.117962
0.0830041
0.107238
0.0935146
0.0830041
0.0669834
0.0669834
0.0626869
0.0466213
0.0466213
0.0309214
0.0309214
0.0165219
0.0165219
0.0149968
0.00464873
0.00464873
-0.00254338
-0.00254338
-0.0016498
-0.006344
-0.006344
-0.00504472
-0.00866698
-0.00866698
-0.00720636
-0.00589073
-0.00869068
-0.00869068
-0.00720259
-0.00582729
-0.00701477
-0.00701477
-0.00551695
-0.00410436
-0.00276555
-0.0014834
-0.000308822
0.112534
0.115646
0.119172
0.122431
0.125521
0.128577
0.13161
0.134599
0.13753
0.140402
0.143213
0.145961
0.148641
0.151252
0.153791
0.156256
0.158643
0.160953
0.163182
0.165329
0.167394
0.169375
0.171271
0.173082
0.174808
0.176448
0.178003
0.179472
0.180856
0.182155
0.18337
0.184499
0.185544
0.186505
0.18738
0.188171
0.188875
0.189489
0.190015
0.190443
0.190443
0.188248
0.18851
0.190966
0.19072
0.19039
0.189962
0.189436
0.188821
0.188117
0.187326
0.18645
0.185489
0.184443
0.183313
0.182099
0.180799
0.179415
0.177945
0.17639
0.174749
0.173023
0.171211
0.169314
0.167333
0.165268
0.16312
0.160891
0.158581
0.156193
0.153728
0.151189
0.148578
0.145897
0.143149
0.140338
0.137466
0.134535
0.131546
0.133631
0.133631
0.130648
0.127624
0.124444
0.121024
0.117962
)
;
    }
}


// ************************************************************************* //
