/*--------------------------------*- C++ -*----------------------------------*\
  =========                 |
  \\      /  F ield         | OpenFOAM: The Open Source CFD Toolbox
   \\    /   O peration     | Website:  https://openfoam.org
    \\  /    A nd           | Version:  7
     \\/     M anipulation  |
\*---------------------------------------------------------------------------*/
FoamFile
{
    version     2.0;
    format      ascii;
    class       volScalarField;
    location    "20";
    object      p;
}
// * * * * * * * * * * * * * * * * * * * * * * * * * * * * * * * * * * * * * //

dimensions      [0 2 -2 0 0 0 0];

internalField   nonuniform List<scalar> 
6386
(
-0.362411
-0.371927
-0.381801
-0.391986
-0.379689
-0.40243
-0.388428
-0.413077
-0.397349
-0.385124
-0.423864
-0.406402
-0.39307
-0.379548
-0.434725
-0.415536
-0.401108
-0.386619
-0.44559
-0.424695
-0.409191
-0.393749
-0.378426
-0.456387
-0.433817
-0.417265
-0.400891
-0.384721
-0.369145
-0.467035
-0.442832
-0.42527
-0.407991
-0.390977
-0.374602
-0.35898
-0.47745
-0.451664
-0.433135
-0.414982
-0.397129
-0.37992
-0.363385
-0.34726
-0.487534
-0.460229
-0.440783
-0.421788
-0.403101
-0.385021
-0.367487
-0.35014
-0.332519
-0.497181
-0.468429
-0.448121
-0.428321
-0.408803
-0.389816
-0.371201
-0.352527
-0.333304
-0.32219
-0.506274
-0.476159
-0.45505
-0.434482
-0.414137
-0.394203
-0.374434
-0.354347
-0.333469
-0.319183
-0.514683
-0.4833
-0.461457
-0.440161
-0.41899
-0.398072
-0.377082
-0.355512
-0.332954
-0.315624
-0.522265
-0.489727
-0.467219
-0.445235
-0.42324
-0.401303
-0.379033
-0.355931
-0.331683
-0.311474
-0.528867
-0.4953
-0.472205
-0.449574
-0.426757
-0.403766
-0.380169
-0.355501
-0.329576
-0.306674
-0.534329
-0.499874
-0.476273
-0.453038
-0.429401
-0.405329
-0.380367
-0.354118
-0.326546
-0.301153
-0.538479
-0.503296
-0.479274
-0.45548
-0.431028
-0.405851
-0.379501
-0.351675
-0.322506
-0.294832
-0.541144
-0.505407
-0.481056
-0.456748
-0.43149
-0.405193
-0.377443
-0.348065
-0.317367
-0.28763
-0.542147
-0.506046
-0.481459
-0.456686
-0.430634
-0.403214
-0.374072
-0.343186
-0.311047
-0.279469
-0.541312
-0.50505
-0.480326
-0.45514
-0.428313
-0.399776
-0.369267
-0.33694
-0.303468
-0.270274
-0.538464
-0.502258
-0.477499
-0.451954
-0.424379
-0.394747
-0.362917
-0.329238
-0.294562
-0.25998
-0.533439
-0.497513
-0.472825
-0.44698
-0.418694
-0.388005
-0.354921
-0.320003
-0.284272
-0.248533
-0.526078
-0.490668
-0.466156
-0.440077
-0.411127
-0.379438
-0.34519
-0.309169
-0.27255
-0.235887
-0.516238
-0.481583
-0.457358
-0.431115
-0.401561
-0.368948
-0.333651
-0.296685
-0.259363
-0.222012
-0.503791
-0.470133
-0.446305
-0.419976
-0.389893
-0.356453
-0.320243
-0.282513
-0.244691
-0.206887
-0.488627
-0.456209
-0.432891
-0.40656
-0.37604
-0.34189
-0.304928
-0.266633
-0.228527
-0.190504
-0.470659
-0.439721
-0.417025
-0.390786
-0.359934
-0.325214
-0.287681
-0.249039
-0.210878
-0.17287
-0.449824
-0.420601
-0.398641
-0.372595
-0.341534
-0.306402
-0.268501
-0.229742
-0.191767
-0.154008
-0.426084
-0.398803
-0.377694
-0.351952
-0.320819
-0.285455
-0.247402
-0.208769
-0.171225
-0.133943
-0.399429
-0.374308
-0.354164
-0.328845
-0.297795
-0.262394
-0.224422
-0.186163
-0.149292
-0.112636
-0.369882
-0.347125
-0.328058
-0.30329
-0.272491
-0.237265
-0.199618
-0.161997
-0.126047
-0.0900132
-0.337491
-0.317289
-0.299413
-0.275331
-0.244963
-0.210135
-0.173068
-0.136353
-0.101615
-0.0664579
-0.302338
-0.284867
-0.268292
-0.245039
-0.215293
-0.181096
-0.144866
-0.109299
-0.0758386
-0.0422716
-0.264536
-0.249953
-0.234788
-0.212512
-0.183587
-0.15026
-0.115127
-0.0809642
-0.0490104
-0.0171655
-0.224226
-0.212671
-0.199023
-0.177875
-0.149976
-0.117761
-0.0839816
-0.0514617
-0.0212534
0.0087515
-0.181581
-0.173172
-0.161146
-0.14128
-0.11461
-0.0837538
-0.0515795
-0.020929
0.00732567
0.0353239
-0.136798
-0.131636
-0.121332
-0.102891
-0.0776714
-0.0484104
-0.0180841
0.0104817
0.0365955
0.0623899
-0.090085
-0.0882798
-0.0797694
-0.0629237
-0.039351
-0.0119177
0.0163257
0.0426082
0.0664158
0.0897613
-0.0416922
-0.0433327
-0.0366951
-0.0215862
0.000141374
0.0255228
0.0514598
0.0752883
0.0966546
0.117142
0.00805858
0.00299046
0.00765336
0.0208862
0.0405799
0.063698
0.0871211
0.108369
0.127161
0.143996
0.058915
0.0503953
0.0530151
0.0642423
0.0817276
0.102387
0.123112
0.141693
0.157631
0.169587
0.110574
0.098594
0.0991149
0.10822
0.123339
0.141367
0.15925
0.175064
0.187482
0.193161
0.162714
0.147288
0.145666
0.152545
0.165163
0.180422
0.195366
0.208275
0.216136
0.215874
0.215005
0.196169
0.192369
0.196939
0.206942
0.219327
0.231259
0.241234
0.246129
0.244248
0.267108
0.244916
0.238922
0.241113
0.248412
0.25784
0.266688
0.273613
0.27577
0.272446
0.318683
0.293209
0.285015
0.284781
0.289309
0.295718
0.301432
0.305226
0.304553
0.299475
0.369387
0.340722
0.33034
0.327654
0.329371
0.332727
0.335285
0.335927
0.332406
0.325327
0.418882
0.387134
0.374591
0.36945
0.368345
0.368643
0.36805
0.365558
0.359219
0.34999
0.466833
0.432127
0.417467
0.409891
0.405982
0.403248
0.399542
0.393965
0.384862
0.373416
0.512916
0.475391
0.458675
0.448709
0.442042
0.436335
0.429587
0.421004
0.409218
0.395538
0.556815
0.516626
0.497932
0.485644
0.476297
0.467707
0.458017
0.446541
0.432177
0.416293
0.598229
0.555544
0.534966
0.520451
0.50853
0.497177
0.484676
0.470448
0.453637
0.435614
0.636873
0.591874
0.569523
0.552896
0.538536
0.524569
0.509419
0.492604
0.473501
0.453437
0.67248
0.625359
0.601362
0.582763
0.566123
0.549722
0.532107
0.512897
0.491674
0.469697
0.704803
0.655763
0.630261
0.609851
0.591118
0.572484
0.552617
0.531222
0.508071
0.484332
0.733615
0.682872
0.65602
0.633977
0.61336
0.592719
0.570832
0.547483
0.522612
0.497284
0.758715
0.706491
0.678456
0.65498
0.632708
0.610307
0.586652
0.561597
0.535225
0.508498
0.779927
0.726454
0.697414
0.672718
0.649037
0.625142
0.599986
0.573486
0.545845
0.517926
0.7971
0.742615
0.712759
0.68707
0.662243
0.637133
0.61076
0.583089
0.55442
0.525524
0.810113
0.75486
0.724383
0.697938
0.67224
0.646208
0.618911
0.590354
0.560902
0.531254
0.818871
0.7631
0.732203
0.705248
0.678963
0.652309
0.624392
0.595239
0.565262
0.535106
0.823312
0.767273
0.736163
0.708949
0.682367
0.6554
0.62717
0.597718
0.567488
0.537113
0.823402
0.76735
0.736233
0.709014
0.682428
0.655457
0.627225
0.597771
0.567549
0.537206
0.819139
0.763327
0.732412
0.705442
0.679145
0.65248
0.624554
0.595393
0.565422
0.535306
0.810551
0.755232
0.724725
0.698256
0.672537
0.646485
0.61917
0.590595
0.56113
0.531481
0.797697
0.743123
0.713226
0.687503
0.662646
0.637507
0.611104
0.583403
0.554702
0.525768
0.780667
0.727084
0.697994
0.673256
0.649535
0.6256
0.600403
0.573859
0.546169
0.518187
0.75958
0.70723
0.679136
0.655609
0.633287
0.610836
0.587127
0.562014
0.535579
0.508772
0.734584
0.683702
0.656783
0.634683
0.614007
0.593306
0.571353
0.547934
0.522987
0.497563
0.705854
0.656667
0.631093
0.610618
0.591819
0.573115
0.553171
0.531694
0.508457
0.484611
0.673591
0.626318
0.602245
0.583577
0.566865
0.550385
0.532684
0.513382
0.492065
0.46997
0.638022
0.592869
0.57044
0.553741
0.539303
0.525253
0.510008
0.493095
0.47389
0.453699
0.599395
0.556559
0.535902
0.521313
0.509312
0.49787
0.48527
0.470937
0.454021
0.435861
0.557977
0.517642
0.498871
0.48651
0.477082
0.4684
0.458607
0.447023
0.43255
0.416521
0.514058
0.476394
0.459603
0.449566
0.442819
0.437019
0.430167
0.421474
0.409578
0.395746
0.467938
0.433102
0.418373
0.410729
0.406741
0.403916
0.400107
0.39442
0.385208
0.373601
0.419937
0.38807
0.375463
0.370258
0.369079
0.369289
0.368596
0.365995
0.359549
0.350154
0.37038
0.341609
0.331169
0.328425
0.330074
0.333347
0.335809
0.336346
0.332721
0.325473
0.319606
0.294038
0.285793
0.285508
0.289974
0.296307
0.301933
0.305627
0.304857
0.299614
0.267954
0.245682
0.239643
0.241791
0.249036
0.258397
0.267165
0.273998
0.276069
0.272605
0.21577
0.196866
0.19303
0.197564
0.207522
0.21985
0.231711
0.241604
0.246432
0.244488
0.163396
0.147915
0.146263
0.153115
0.165697
0.180909
0.195796
0.208634
0.216455
0.216238
0.111171
0.0991477
0.0996475
0.108733
0.123826
0.141818
0.159655
0.175416
0.187808
0.193654
0.0594278
0.0508766
0.0534825
0.0646979
0.0821661
0.102799
0.123492
0.142034
0.157947
0.169997
0.00848956
0.0034006
0.00805625
0.0212847
0.0409701
0.0640721
0.0874722
0.108692
0.127458
0.144324
-0.0413401
-0.0429916
-0.0363551
-0.0212437
0.000483629
0.0258579
0.0517807
0.0755893
0.0969355
0.117429
-0.0898079
-0.0880048
-0.0794899
-0.0626356
-0.0390556
-0.0116212
0.0166162
0.0428868
0.0666803
0.0900243
-0.136591
-0.131424
-0.12111
-0.102654
-0.0774213
-0.0481517
-0.0178235
0.0107378
0.0368435
0.0626347
-0.18144
-0.173018
-0.160977
-0.141093
-0.114403
-0.0835314
-0.0513481
-0.0206952
0.00755719
0.0355537
-0.224145
-0.21257
-0.198905
-0.177734
-0.14981
-0.117574
-0.0837785
-0.0512496
-0.0210379
0.00896824
-0.264509
-0.249902
-0.234716
-0.212413
-0.183459
-0.150106
-0.114951
-0.0807732
-0.0488105
-0.0169606
-0.30236
-0.28486
-0.268261
-0.244979
-0.2152
-0.180972
-0.144716
-0.109128
-0.0756538
-0.0420785
-0.337556
-0.317321
-0.299419
-0.275307
-0.244903
-0.21004
-0.172942
-0.136202
-0.101443
-0.0662777
-0.369984
-0.347191
-0.328097
-0.303296
-0.27246
-0.237196
-0.199515
-0.161865
-0.125892
-0.0898451
-0.399563
-0.374404
-0.354231
-0.328878
-0.29779
-0.26235
-0.22434
-0.18605
-0.149152
-0.112479
-0.426244
-0.398924
-0.377785
-0.352009
-0.320838
-0.285433
-0.24734
-0.208672
-0.171099
-0.133797
-0.450005
-0.420742
-0.398753
-0.372673
-0.341572
-0.306399
-0.268457
-0.229662
-0.191655
-0.153872
-0.470858
-0.439879
-0.417154
-0.39088
-0.359989
-0.325228
-0.287654
-0.248973
-0.210779
-0.172745
-0.488838
-0.45638
-0.433032
-0.406667
-0.376109
-0.341918
-0.304915
-0.266581
-0.228441
-0.19039
-0.504011
-0.470313
-0.446456
-0.420094
-0.389974
-0.356494
-0.320243
-0.282474
-0.244617
-0.206784
-0.516464
-0.481769
-0.457515
-0.431241
-0.401651
-0.368999
-0.333662
-0.296657
-0.2593
-0.221919
-0.526306
-0.490857
-0.466318
-0.440209
-0.411224
-0.379498
-0.345211
-0.309152
-0.272497
-0.235805
-0.533666
-0.497704
-0.472988
-0.447115
-0.418795
-0.388072
-0.35495
-0.319995
-0.284229
-0.248459
-0.538689
-0.502447
-0.477662
-0.45209
-0.424484
-0.394818
-0.362953
-0.329238
-0.294528
-0.259916
-0.541532
-0.505236
-0.480488
-0.455275
-0.428419
-0.39985
-0.369308
-0.336946
-0.303442
-0.270217
-0.542362
-0.506228
-0.481617
-0.45682
-0.43074
-0.40329
-0.374117
-0.343198
-0.311027
-0.27942
-0.541351
-0.505583
-0.481209
-0.456878
-0.431594
-0.40527
-0.377491
-0.348082
-0.317354
-0.287589
-0.538677
-0.503465
-0.479422
-0.455606
-0.431131
-0.405928
-0.37955
-0.351696
-0.322498
-0.294797
-0.534517
-0.500036
-0.476414
-0.453159
-0.4295
-0.405404
-0.380417
-0.354142
-0.326543
-0.301124
-0.529045
-0.495453
-0.47234
-0.44969
-0.426852
-0.40384
-0.38022
-0.355527
-0.329576
-0.306651
-0.522432
-0.489872
-0.467347
-0.445345
-0.423331
-0.401373
-0.379083
-0.355958
-0.331686
-0.311456
-0.51484
-0.483437
-0.461577
-0.440264
-0.419076
-0.39814
-0.37713
-0.35554
-0.332959
-0.31561
-0.506421
-0.476286
-0.455162
-0.434579
-0.414218
-0.394267
-0.374481
-0.354374
-0.333477
-0.319174
-0.497317
-0.468548
-0.448226
-0.428412
-0.408879
-0.389876
-0.371246
-0.352554
-0.333313
-0.322186
-0.487659
-0.460339
-0.44088
-0.421872
-0.403171
-0.385078
-0.367529
-0.350166
-0.477565
-0.451766
-0.433226
-0.41506
-0.397195
-0.379973
-0.363424
-0.347285
-0.467141
-0.442926
-0.425353
-0.408063
-0.391038
-0.374651
-0.359017
-0.456484
-0.433903
-0.417342
-0.400958
-0.384777
-0.36919
-0.445678
-0.424774
-0.409261
-0.39381
-0.378478
-0.434805
-0.415608
-0.401172
-0.386675
-0.423936
-0.406468
-0.393129
-0.379599
-0.413143
-0.397408
-0.385178
-0.402489
-0.388482
-0.392039
-0.379738
-0.381848
-0.37197
-0.217664
-0.227654
-0.236566
-0.244434
-0.251305
-0.257241
-0.262319
-0.26663
-0.270278
-0.273381
-0.276069
-0.193955
-0.203846
-0.212931
-0.221244
-0.228832
-0.235753
-0.242073
-0.247873
-0.253242
-0.25828
-0.263098
-0.172664
-0.182327
-0.191404
-0.199921
-0.207911
-0.215413
-0.222472
-0.229138
-0.235468
-0.241526
-0.247381
-0.153371
-0.16261
-0.171409
-0.17979
-0.187777
-0.195398
-0.202684
-0.209675
-0.216412
-0.222946
-0.229332
-0.135993
-0.144757
-0.153195
-0.161324
-0.169165
-0.17674
-0.184078
-0.191209
-0.19817
-0.205001
-0.211749
-0.120366
-0.128632
-0.136657
-0.144457
-0.152049
-0.159453
-0.166692
-0.17379
-0.180777
-0.187686
-0.194556
-0.106277
-0.114034
-0.121612
-0.129026
-0.13629
-0.14342
-0.150435
-0.157356
-0.164207
-0.171015
-0.177811
-0.093541
-0.10079
-0.107908
-0.114904
-0.121792
-0.128585
-0.135299
-0.14195
-0.148559
-0.155147
-0.161742
-0.0819965
-0.0887494
-0.0954041
-0.10197
-0.108457
-0.114876
-0.12124
-0.127563
-0.133861
-0.140151
-0.146456
-0.0715006
-0.0777734
-0.0839728
-0.0901063
-0.096182
-0.102209
-0.108197
-0.114157
-0.120103
-0.126047
-0.132008
-0.061933
-0.0677462
-0.0735039
-0.0792122
-0.0848776
-0.0905072
-0.0961088
-0.101691
-0.107264
-0.112838
-0.118426
-0.0531934
-0.0585696
-0.0639034
-0.0691997
-0.0744636
-0.0797006
-0.0849167
-0.0901184
-0.0953133
-0.100509
-0.105716
-0.045196
-0.0501595
-0.0550903
-0.0599921
-0.064869
-0.0697251
-0.0745649
-0.0793934
-0.0842159
-0.0890387
-0.0938686
-0.0378665
-0.0424432
-0.0469942
-0.0515224
-0.0560307
-0.0605225
-0.065001
-0.0694699
-0.0739332
-0.0783952
-0.0828608
-0.0311437
-0.0353596
-0.0395549
-0.0437318
-0.0478926
-0.0520397
-0.0561756
-0.0603029
-0.0644245
-0.0685434
-0.0726631
-0.024973
-0.028854
-0.0327182
-0.0365674
-0.0404031
-0.0442271
-0.0480412
-0.0518473
-0.0556475
-0.059444
-0.0632391
-0.0193083
-0.0228796
-0.026437
-0.0299818
-0.033515
-0.0370381
-0.0405522
-0.0440588
-0.0475593
-0.0510552
-0.0545482
-0.0141074
-0.0173933
-0.0206676
-0.023931
-0.0271844
-0.0304288
-0.0336648
-0.0368937
-0.0401163
-0.0433337
-0.046547
-0.00933282
-0.0123566
-0.0153704
-0.0183747
-0.0213702
-0.0243574
-0.0273368
-0.0303093
-0.0332754
-0.0362358
-0.0391913
-0.00495114
-0.00773453
-0.0105093
-0.0132757
-0.016034
-0.0187847
-0.0215281
-0.0242646
-0.0269946
-0.0297186
-0.0324371
-0.000931587
-0.00349505
-0.00605089
-0.0085992
-0.0111401
-0.0136738
-0.0162005
-0.0187204
-0.0212337
-0.0237407
-0.0262418
0.00275346
0.000390954
-0.00196469
-0.00431345
-0.00665531
-0.00899029
-0.0113185
-0.0136399
-0.0159546
-0.0182628
-0.0205645
-0.02286
0.00612929
0.0039502
0.00177741
-0.000388989
-0.00254886
-0.00470211
-0.00684866
-0.00898846
-0.0111215
-0.0132477
-0.0153672
-0.0174799
0.0092188
0.00720705
0.00520111
0.00320119
0.00120752
-0.00077971
-0.00276033
-0.0047342
-0.00670118
-0.00866117
-0.0106141
-0.0125599
0.0120431
0.0101838
0.00833001
0.00648193
0.00463988
0.00280413
0.000974911
-0.000847533
-0.002663
-0.0044713
-0.00627226
-0.00806574
0.0146217
0.0129013
0.011186
0.00947619
0.00777226
0.00607452
0.00438327
0.00269881
0.0010214
-0.000648709
-0.00231127
-0.00396608
0.0169721
0.0153779
0.0137886
0.0122047
0.0106265
0.00905433
0.00748863
0.00592972
0.0043779
0.00283349
0.00129677
-0.000231993
0.0191103
0.0176308
0.0161561
0.0146865
0.0132225
0.0117645
0.0103129
0.00886801
0.00743026
0.00599997
0.00457745
0.00316302
0.0210511
0.0196756
0.0183048
0.0169389
0.0155786
0.0142241
0.0128759
0.0115345
0.0102001
0.0088732
0.00755411
0.00624315
0.0228075
0.0215263
0.0202496
0.0189777
0.0177111
0.0164504
0.0151959
0.013948
0.0127071
0.0114736
0.010248
0.00903042
0.0243918
0.0231958
0.022004
0.020817
0.0196352
0.0184591
0.0172891
0.0161256
0.0149691
0.0138198
0.0126783
0.0115448
0.0258148
0.0246954
0.0235803
0.0224697
0.0213642
0.0202643
0.0191703
0.0180827
0.017002
0.0159284
0.0148623
0.0138042
0.0270862
0.0260358
0.0249893
0.0239473
0.0229102
0.0218786
0.0208528
0.0198331
0.0188202
0.0178142
0.0168156
0.0158248
0.0282148
0.0272257
0.0262406
0.0252598
0.0242838
0.023313
0.0223479
0.0213888
0.0204362
0.0194903
0.0185517
0.0176205
0.029208
0.0282735
0.0273427
0.0264161
0.0254942
0.0245773
0.0236659
0.0227603
0.0218609
0.0209681
0.0200822
0.0192036
0.030072
0.0291853
0.0283023
0.0274234
0.0265489
0.0256793
0.0248149
0.0239561
0.0231033
0.0222569
0.0214171
0.0205843
0.0308123
0.0299671
0.0291255
0.0282878
0.0274543
0.0266255
0.0258018
0.0249834
0.0241708
0.0233642
0.0225639
0.0217704
0.0314318
0.030622
0.0298156
0.029013
0.0282145
0.0274204
0.0266311
0.025847
0.0250682
0.0242953
0.0235284
0.0227678
0.0319338
0.0311532
0.0303758
0.029602
0.0288321
0.0280665
0.0273055
0.0265493
0.0257982
0.0250526
0.0243127
0.0235788
0.0323164
0.031559
0.0308048
0.030054
0.029307
0.028564
0.0278253
0.0270912
0.0263619
0.0256377
0.0249188
0.0242054
0.0325802
0.0318391
0.0311011
0.0303664
0.0296353
0.028908
0.0281847
0.0274658
0.0267514
0.0260418
0.0253372
0.0246377
0.0327153
0.0319859
0.0312594
0.030536
0.0298159
0.0290993
0.0283865
0.0276775
0.0269726
0.0262719
0.0255756
0.0248839
0.186433
0.158753
0.131373
0.106314
0.081386
0.0565874
0.0322977
0.00862302
-0.0143879
-0.0366763
-0.0581371
-0.0783746
-0.0982074
-0.116929
-0.134541
-0.15111
-0.166624
-0.181048
-0.194367
-0.206571
0.17327
0.148101
0.121622
0.0985236
0.0760742
0.0537434
0.0319519
0.0108286
-0.00963089
-0.0294105
-0.0485288
-0.0670028
-0.0841133
-0.100872
-0.116761
-0.131758
-0.145912
-0.159215
-0.171653
-0.18323
0.155763
0.132212
0.10797
0.0872734
0.0675422
0.0479847
0.0289239
0.0104918
-0.0073381
-0.0245683
-0.0411794
-0.0570963
-0.0719868
-0.0872354
-0.101512
-0.114975
-0.127787
-0.139964
-0.151498
-0.162394
0.139487
0.118387
0.0970074
0.0787614
0.0614306
0.0442526
0.0274853
0.0112624
-0.00444275
-0.019651
-0.0343682
-0.0486748
-0.0627088
-0.0753689
-0.0879361
-0.100096
-0.111733
-0.122866
-0.133512
-0.143677
0.125424
0.106674
0.0879517
0.0718913
0.0566228
0.0414947
0.026715
0.0124029
-0.0014633
-0.0149066
-0.0279257
-0.0405218
-0.0527083
-0.0643472
-0.0757673
-0.0867918
-0.0973913
-0.107596
-0.117424
-0.126887
0.113484
0.0967808
0.0803913
0.0662487
0.0527673
0.0394158
0.0263633
0.0137079
0.0014301
-0.0104941
-0.0220703
-0.0332995
-0.0441783
-0.0546735
-0.0650094
-0.0749948
-0.0846449
-0.093994
-0.103058
-0.111845
0.103317
0.0884322
0.0740907
0.0616391
0.0497206
0.0379132
0.0263589
0.0151356
0.00422471
-0.00639734
-0.0167397
-0.0268101
-0.0366319
-0.0462368
-0.055411
-0.0644355
-0.0732485
-0.0818276
-0.0901843
-0.0983308
0.0946694
0.0814139
0.068856
0.057882
0.0473259
0.0368588
0.0266035
0.0166218
0.00689652
-0.00259303
-0.0118552
-0.0208953
-0.0297216
-0.0383442
-0.0467285
-0.0549682
-0.0630273
-0.0709022
-0.0786058
-0.0861492
0.0873373
0.0755316
0.064517
0.0548263
0.0454558
0.0361527
0.0270252
0.0181223
0.00942803
0.000924706
-0.00739544
-0.0155377
-0.0235086
-0.0313109
-0.038933
-0.0464686
-0.053842
-0.0610674
-0.0681627
-0.0751368
0.0811266
0.0706047
0.0609227
0.0523452
0.0440071
0.035717
0.0275711
0.0196082
0.0118137
0.00417228
-0.00332311
-0.0106776
-0.0178975
-0.024991
-0.0319631
-0.0388
-0.0455379
-0.0521726
-0.0587068
-0.0651472
0.0758659
0.0664781
0.0579471
0.0503362
0.0428988
0.0354927
0.0282039
0.0210634
0.014058
0.00717448
0.000407062
-0.00624865
-0.0127978
-0.0192486
-0.0256104
-0.0318422
-0.0380096
-0.0441027
-0.0501172
-0.0560585
0.0714102
0.0630227
0.0554872
0.048717
0.0420672
0.0354348
0.0288972
0.0224793
0.0161689
0.00995537
0.00383397
-0.00219883
-0.008147
-0.0140153
-0.0198086
-0.0255195
-0.0311728
-0.0367647
-0.0422957
-0.0477703
0.0676371
0.0601313
0.0534583
0.0474211
0.0414618
0.0355088
0.0296317
0.0238506
0.0181547
0.0125352
0.00698832
0.00151127
-0.00389929
-0.00924701
-0.0145349
-0.0197618
-0.0249437
-0.0300743
-0.0351568
-0.0401962
0.0644435
0.0577152
0.051791
0.0463946
0.0410424
0.0356875
0.0303932
0.0251754
0.0200246
0.0149337
0.00989979
0.00492082
-5.80185e-06
-0.00488277
-0.00971116
-0.014489
-0.0192459
-0.0239559
-0.0286255
-0.0332613
0.061743
0.0557009
0.0504282
0.0455933
0.0407762
0.0359495
0.0311705
0.0264522
0.0217862
0.0171665
0.0125912
0.00805842
0.00356635
-0.000887315
-0.00530544
-0.00969049
-0.0140342
-0.0183517
-0.0226419
-0.0269052
0.0594627
0.0540269
0.0493225
0.0449808
0.0406365
0.0362773
0.0319555
0.0276814
0.0234477
0.0192496
0.0150856
0.0109547
0.00685543
0.00278618
-0.00125554
-0.00527274
-0.00925123
-0.0132124
-0.0171538
-0.0210736
0.0575409
0.0526421
0.048434
0.0445265
0.040601
0.0366566
0.0327412
0.0288631
0.0250158
0.0211956
0.0174014
0.0136327
0.0098886
0.00616792
0.00246948
-0.00120805
-0.00486199
-0.00849919
-0.0121192
-0.0157219
0.0559251
0.0515027
0.0477291
0.0442044
0.0406505
0.037075
0.0335215
0.0299969
0.0264955
0.0230142
0.0195526
0.0161104
0.012687
0.00928162
0.00589358
0.00252217
-0.000831929
-0.00417184
-0.00749746
-0.0108091
0.0545704
0.0505715
0.0471788
0.0439923
0.0407686
0.0375215
0.0342908
0.0310824
0.0278909
0.0247141
0.0215518
0.0184041
0.0152707
0.0121511
0.00904481
0.00595162
0.00287176
-0.000196718
-0.00325341
-0.0062986
0.0534379
0.0498164
0.0467581
0.0438706
0.0409407
0.0379865
0.0350442
0.0321186
0.0292052
0.0263021
0.0234095
0.0205276
0.0176564
0.0147955
0.011945
0.00910468
0.00627487
0.00345372
0.000642603
-0.00215886
0.052494
0.0492094
0.0464451
0.0438223
0.0411543
0.0384616
0.0357771
0.033105
0.0304412
0.0277844
0.0251348
0.022493
0.0198589
0.0172327
0.0146143
0.0120042
0.00940286
0.00680593
0.0042184
0.00163951
0.0517094
0.0487261
0.0462207
0.0438325
0.041398
0.0389389
0.0364852
0.0340404
0.0316008
0.0291656
0.0267351
0.02431
0.0218903
0.0194764
0.0170683
0.0146663
0.0122705
0.00988156
0.00749889
0.0051228
0.0510586
0.0483454
0.0460681
0.0438881
0.041662
0.039412
0.037165
0.034924
0.0326861
0.0304504
0.0282175
0.025988
0.0237623
0.0215407
0.0193235
0.0171106
0.0149019
0.012702
0.0105059
0.0083146
0.0505195
0.0480487
0.0459729
0.0439776
0.0419378
0.0398749
0.0378132
0.0357554
0.0336988
0.0316429
0.0295884
0.0275359
0.0254858
0.0234386
0.0213946
0.0193542
0.0173176
0.0152861
0.0132588
0.0112361
0.0500729
0.04782
0.0459223
0.0440912
0.0422179
0.0403226
0.0384272
0.0365339
0.0346405
0.0327466
0.030853
0.0289603
0.0270691
0.0251797
0.0232926
0.0214083
0.0195272
0.0176499
0.0157765
0.0139074
0.0497022
0.0476453
0.0459052
0.0442203
0.0424959
0.0407509
0.0390047
0.0372592
0.0355128
0.033765
0.0320166
0.0302684
0.0285208
0.0267743
0.0250295
0.0232868
0.0215468
0.0198099
0.0180764
0.0163469
0.0493932
0.0475128
0.0459124
0.0443576
0.0427665
0.0411563
0.039544
0.0379315
0.0363173
0.0347012
0.0330839
0.0314661
0.0298485
0.0282314
0.0266155
0.0250013
0.0233892
0.0217798
0.0201735
0.0185707
0.0491337
0.0474122
0.0459359
0.044497
0.0430253
0.041536
0.040044
0.0385511
0.0370559
0.0355585
0.0340595
0.0325596
0.0310594
0.0295594
0.0280602
0.0265623
0.0250663
0.0235726
0.0220817
0.0205941
0.0489135
0.0473352
0.0459691
0.0446336
0.0432687
0.0418879
0.0405039
0.0391185
0.0377304
0.0363399
0.0349476
0.0335542
0.0321601
0.030766
0.0293724
0.0279798
0.0265889
0.0252
0.0238137
0.0224306
0.0487242
0.0472747
0.0460066
0.0447633
0.043494
0.0422105
0.0409235
0.0396346
0.0383429
0.0370487
0.0357525
0.034455
0.0331567
0.0318582
0.0305601
0.0292628
0.0279668
0.0266729
0.0253813
0.0240927
0.048559
0.0472251
0.0460443
0.0448831
0.0436994
0.0425029
0.0413029
0.0401006
0.0388955
0.0376879
0.0364782
0.0352671
0.0340551
0.0328428
0.0316307
0.0304193
0.0292092
0.0280009
0.0267949
0.0255917
0.0484124
0.0471822
0.0460788
0.0449909
0.0438835
0.0427648
0.0416426
0.0405179
0.0393904
0.0382604
0.0371283
0.0359948
0.0348604
0.0337256
0.032591
0.031457
0.0303242
0.0291931
0.0280641
0.0269378
0.0482806
0.0471428
0.0461081
0.0450852
0.0440457
0.0429964
0.0419435
0.0408881
0.03983
0.0387694
0.0377068
0.0366428
0.0355779
0.0345126
0.0334474
0.0323828
0.0313193
0.0302576
0.0291976
0.0281403
0.0481605
0.0471046
0.0461306
0.0451652
0.0441859
0.043198
0.0422067
0.0412129
0.0402164
0.0392175
0.0382167
0.0372146
0.0362116
0.0352083
0.034205
0.0332023
0.0322007
0.0312005
0.0302027
0.0292073
0.0480504
0.0470666
0.0461458
0.0452309
0.0443045
0.0433708
0.0424338
0.0414942
0.0405521
0.0396078
0.0386618
0.0377144
0.0367663
0.0358178
0.0348695
0.0339217
0.032975
0.0320297
0.0310867
0.0301459
0.0479496
0.0470283
0.0461536
0.0452827
0.0444023
0.0435157
0.042626
0.0417338
0.0408393
0.0399427
0.0390445
0.0381452
0.0372451
0.0363448
0.0354446
0.0345451
0.0336466
0.0327496
0.0318546
0.0309619
0.0478582
0.0469902
0.0461549
0.0453215
0.0444805
0.0436343
0.0427852
0.0419338
0.0410802
0.0402248
0.0393679
0.03851
0.0376516
0.0367929
0.0359345
0.0350767
0.03422
0.0333648
0.0325115
0.0316605
0.0477767
0.0469528
0.0461501
0.0453479
0.0445397
0.0437273
0.0429122
0.042095
0.0412758
0.0404551
0.0396332
0.0388104
0.0379871
0.0371638
0.0363409
0.0355186
0.0346975
0.0338779
0.0330601
0.0322447
0.0477073
0.0469185
0.0461418
0.0453645
0.0445827
0.0437974
0.0430098
0.0422204
0.0414293
0.0406368
0.0398434
0.0390493
0.038255
0.0374608
0.036667
0.0358741
0.0350823
0.034292
0.0335036
0.0327174
0.0476497
0.0468864
0.0461286
0.0453695
0.0446072
0.0438422
0.0430753
0.0423068
0.0415371
0.0407664
0.0399951
0.0392234
0.0384517
0.0376803
0.0369096
0.0361398
0.0353712
0.0346043
0.0338393
0.0330766
0.0476109
0.0468638
0.0461179
0.0453707
0.0446211
0.0438697
0.0431168
0.0423628
0.0416079
0.0408523
0.0400964
0.0393403
0.0385845
0.0378293
0.0370747
0.0363213
0.0355692
0.0348188
0.0340703
0.033324
0.0475847
0.0468419
0.0460986
0.0453543
0.0446088
0.0438622
0.043115
0.0423674
0.0416196
0.0408718
0.0401243
0.0393773
0.038631
0.0378858
0.0371417
0.0363991
0.0356582
0.0349191
0.0341821
0.0334475
0.202834
0.204219
0.207492
0.212028
0.217793
0.224552
0.23216
0.240422
0.249122
0.257989
0.26669
0.274811
0.281843
0.287174
0.290082
0.289752
0.285294
0.275803
0.260352
0.237782
0.200532
0.201488
0.202808
0.205915
0.210217
0.215648
0.221972
0.229022
0.236581
0.244411
0.252215
0.259636
0.266243
0.271519
0.274864
0.275601
0.272994
0.266283
0.254727
0.237667
0.2146
0.180958
0.200017
0.201272
0.204206
0.208255
0.213329
0.219194
0.225662
0.232504
0.239462
0.24623
0.25244
0.257663
0.261402
0.263098
0.262145
0.257918
0.249805
0.237256
0.219874
0.197742
0.167205
0.198407
0.199587
0.202329
0.206101
0.210789
0.216157
0.222
0.228078
0.234118
0.239801
0.244758
0.248566
0.250753
0.250807
0.2482
0.242414
0.232983
0.219539
0.20188
0.180265
0.151994
0.196655
0.197753
0.200292
0.20377
0.208053
0.212902
0.2181
0.223394
0.228502
0.2331
0.236823
0.239262
0.239979
0.238518
0.234432
0.227313
0.216831
0.202778
0.185105
0.164154
0.138119
0.194758
0.19577
0.198096
0.201267
0.205131
0.209447
0.213989
0.218495
0.222679
0.22622
0.228761
0.22992
0.229301
0.226511
0.221187
0.213027
0.201825
0.187501
0.170128
0.150087
0.126188
0.192711
0.193633
0.195739
0.198592
0.202025
0.205798
0.209677
0.213399
0.216676
0.219195
0.22062
0.220599
0.218785
0.21485
0.208517
0.19958
0.187936
0.173605
0.156743
0.137736
0.11582
0.190512
0.191341
0.19322
0.195745
0.198738
0.201962
0.205178
0.208125
0.21052
0.212064
0.212446
0.211351
0.208483
0.203583
0.196449
0.186962
0.175103
0.160964
0.144753
0.126842
0.106776
0.18816
0.188892
0.190538
0.192729
0.195277
0.197951
0.20051
0.202698
0.204246
0.204871
0.204291
0.202234
0.198456
0.192762
0.185021
0.175185
0.163299
0.149508
0.134045
0.117262
0.0989188
0.185653
0.186285
0.187696
0.189549
0.191651
0.193776
0.195691
0.197147
0.197889
0.197659
0.196206
0.193303
0.188758
0.182433
0.174259
0.164247
0.15249
0.139163
0.124512
0.108861
0.0921123
0.182992
0.183523
0.184697
0.186209
0.187868
0.189455
0.190744
0.1915
0.191486
0.190471
0.18824
0.184607
0.17943
0.172626
0.164176
0.154134
0.142629
0.129851
0.116044
0.101503
0.0862241
0.180179
0.180608
0.181545
0.182719
0.183941
0.185004
0.185691
0.185786
0.185072
0.183347
0.180433
0.176185
0.170507
0.16336
0.154768
0.144819
0.13366
0.121488
0.108534
0.0950655
0.0811353
0.177216
0.177544
0.178247
0.179087
0.179883
0.18044
0.180557
0.180034
0.178681
0.176325
0.172823
0.168071
0.162012
0.154645
0.146027
0.136268
0.125524
0.113991
0.101884
0.089438
0.0767407
0.174109
0.174336
0.174809
0.175324
0.175709
0.175784
0.175365
0.174274
0.172346
0.169438
0.165443
0.16029
0.15396
0.146481
0.137933
0.12844
0.118162
0.107283
0.0960005
0.0845207
0.0729476
0.170864
0.170992
0.171242
0.171442
0.171435
0.171056
0.170141
0.168534
0.166096
0.162717
0.158318
0.152862
0.146359
0.13886
0.130461
0.121292
0.111511
0.101288
0.0907994
0.0802255
0.0696748
0.167488
0.16752
0.167557
0.167456
0.167078
0.166277
0.164908
0.16284
0.159961
0.156187
0.15147
0.1458
0.13921
0.131769
0.123582
0.11478
0.105512
0.0959358
0.0862036
0.0764739
0.0668518
0.163991
0.163931
0.163765
0.16338
0.162657
0.161468
0.159691
0.157218
0.153963
0.14987
0.144914
0.139111
0.132509
0.12519
0.117263
0.108856
0.100108
0.0911597
0.0821438
0.073197
0.0644172
0.160384
0.160237
0.15988
0.159231
0.15819
0.15665
0.154512
0.151691
0.148125
0.143783
0.138662
0.132795
0.126245
0.1191
0.11147
0.103475
0.095244
0.0868997
0.0785573
0.0703342
0.0623179
0.15668
0.156451
0.155917
0.155025
0.153696
0.151845
0.149393
0.14628
0.142465
0.137939
0.132719
0.12685
0.120405
0.113475
0.106167
0.0985929
0.0908679
0.0831005
0.0753882
0.067832
0.0605078
0.152892
0.152587
0.151893
0.150781
0.149195
0.147072
0.144355
0.141003
0.136999
0.13235
0.127088
0.12127
0.114973
0.108289
0.101319
0.0941659
0.0869322
0.0797118
0.0725868
0.0656438
0.0589466
0.149037
0.148663
0.147825
0.146517
0.144707
0.142352
0.139415
0.135877
0.131738
0.12702
0.121767
0.116044
0.10993
0.103514
0.0968906
0.0901538
0.0833926
0.0766878
0.0701084
0.0637282
0.0575993
0.145131
0.144695
0.14373
0.142251
0.14025
0.137703
0.134592
0.130916
0.126691
0.121952
0.116753
0.111161
0.105256
0.0991232
0.0928493
0.0865185
0.0802083
0.0739877
0.0679136
0.0620492
0.0564355
0.141192
0.140703
0.139628
0.138004
0.135844
0.133142
0.1299
0.126132
0.121866
0.117149
0.112039
0.106607
0.100931
0.0950894
0.0891626
0.0832246
0.0773425
0.0715744
0.0659673
0.0605751
0.0554284
0.137239
0.136704
0.135538
0.133794
0.131506
0.128687
0.125354
0.121533
0.117267
0.112607
0.107618
0.102368
0.0969328
0.0913865
0.0858003
0.0802395
0.0747615
0.0694151
0.0642387
0.0592781
0.0545549
0.133293
0.132719
0.131479
0.12964
0.127255
0.124353
0.120964
0.117129
0.112896
0.108325
0.103478
0.0984275
0.0932418
0.0879896
0.0827344
0.0775332
0.072435
0.0674804
0.0627004
0.058134
0.0537949
0.129374
0.128769
0.127471
0.125561
0.123107
0.120154
0.116743
0.112925
0.108755
0.104296
0.0996121
0.0947709
0.0898379
0.0848752
0.079939
0.0750788
0.0703361
0.0657443
0.0613286
0.0571218
0.053131
0.125502
0.124875
0.123535
0.121575
0.119078
0.116102
0.112699
0.108926
0.104844
0.100516
0.0960079
0.091383
0.0867021
0.0820214
0.0773905
0.0728518
0.0684405
0.0641839
0.0601024
0.0562232
0.0525482
0.1217
0.121056
0.119689
0.1177
0.115185
0.112212
0.108841
0.105136
0.101161
0.0969795
0.0926555
0.0882494
0.0838169
0.0794084
0.0750675
0.0708306
0.066727
0.0627794
0.0590037
0.0554226
0.0520338
0.117989
0.117335
0.115955
0.113954
0.111442
0.108493
0.105176
0.101558
0.0977045
0.0936797
0.0895449
0.0853566
0.081166
0.0770181
0.072951
0.0689958
0.0651772
0.0615134
0.058017
0.0547067
0.0515771
0.11439
0.113732
0.11235
0.110355
0.107863
0.104957
0.101711
0.0981944
0.0944732
0.0906112
0.0866666
0.0826923
0.0787349
0.0748344
0.0710242
0.0673308
0.0637749
0.0603711
0.0571291
0.0540644
0.0511691
0.110925
0.110268
0.108895
0.106919
0.104462
0.101615
0.0984527
0.0950473
0.0914655
0.0877686
0.0840122
0.0802454
0.0765105
0.0728432
0.0692726
0.0658213
0.0625065
0.0593399
0.0563292
0.0534864
0.0508026
0.107617
0.106965
0.105608
0.103662
0.101253
0.0984749
0.0954065
0.0921195
0.08868
0.0851475
0.0815745
0.0780065
0.0744819
0.0710326
0.0676839
0.0644551
0.0613605
0.0584097
0.0556081
0.0529654
0.0504719
0.104485
0.103842
0.102509
0.100602
0.098249
0.0955481
0.0925791
0.0894136
0.0861163
0.0827444
0.0793475
0.0759677
0.0726399
0.0693926
0.0662479
0.0632223
0.0603278
0.0575719
0.0549586
0.0524955
0.0501726
0.101553
0.100922
0.0996171
0.0977546
0.0954637
0.0928446
0.0899775
0.0869332
0.0837747
0.080557
0.0773267
0.0741229
0.0709773
0.0679153
0.0649565
0.0621151
0.0594009
0.0568201
0.0543754
0.0520724
0.0499017
0.0988423
0.0982238
0.0969507
0.0951365
0.0929109
0.090375
0.087609
0.0846827
0.0816571
0.0785847
0.0755095
0.0724678
0.0694887
0.0665949
0.0638038
0.0611276
0.0585746
0.0561496
0.0538546
0.0516933
0.0496571
0.0963748
0.0957702
0.0945299
0.0927653
0.0906052
0.088151
0.0854825
0.0826679
0.0797665
0.0768283
0.073895
0.0710003
0.068171
0.0654277
0.0627858
0.0602559
0.0578451
0.0555573
0.0533936
0.0513564
0.049438
0.0941738
0.0935833
0.0923754
0.0906593
0.0885623
0.0861855
0.0836079
0.0808964
0.078108
0.0752909
0.0724845
0.0697204
0.0670233
0.0644121
0.0619006
0.0594982
0.0572109
0.0550417
0.0529914
0.0510612
0.0492444
0.0922638
0.0916866
0.0905093
0.0888385
0.0867996
0.0844931
0.0819974
0.0793774
0.0766888
0.0739777
0.0712816
0.0686303
0.0660469
0.0635488
0.0611484
0.0588543
0.0566717
0.0546029
0.0526483
0.0508082
0.0490769
0.0906709
0.0901056
0.0889555
0.0873246
0.0853364
0.0830908
0.0806652
0.0781233
0.0755189
0.0728967
0.0702927
0.0677351
0.0652457
0.0628407
0.0605317
0.0583264
0.0562293
0.0542425
0.052366
0.0505993
0.0489378
0.0894237
0.0888681
0.0877404
0.0861422
0.0841952
0.0819985
0.0796289
0.077149
0.0746112
0.072059
0.069527
0.0670425
0.0646262
0.0622935
0.0600551
0.0579183
0.0558871
0.0539633
0.0521467
0.0504362
0.0488279
0.0885544
0.0880053
0.0868939
0.0853195
0.0834018
0.0812399
0.0789099
0.0764736
0.0739826
0.0714793
0.0689975
0.0665638
0.0641982
0.0619155
0.059726
0.0576365
0.0556509
0.0537706
0.0519955
0.050324
0.0487531
0.0880997
0.0875529
0.0864504
0.0848891
0.0829871
0.0808435
0.0785344
0.0761212
0.0736548
0.0711771
0.0687217
0.0663146
0.0639754
0.0617188
0.0595547
0.0574897
0.0555275
0.0536695
0.0519154
0.0502635
0.0487109
0.211236
0.212692
0.216383
0.221495
0.228188
0.236164
0.245504
0.256143
0.268077
0.281303
0.29583
0.311668
0.328823
0.347296
0.367072
0.388119
0.410373
0.433791
0.458239
0.483504
0.509063
0.211196
0.212643
0.216315
0.221389
0.228
0.235993
0.245312
0.255924
0.267827
0.281019
0.295508
0.311303
0.328409
0.346825
0.366537
0.38751
0.409678
0.432955
0.457177
0.482175
0.507504
0.211114
0.212551
0.216206
0.221262
0.227867
0.235818
0.2451
0.255669
0.267523
0.280657
0.295076
0.310786
0.32779
0.346082
0.365642
0.38643
0.408369
0.43135
0.455187
0.479724
0.504466
0.210993
0.212428
0.216078
0.221132
0.227735
0.235665
0.244925
0.255467
0.267282
0.280363
0.294711
0.310326
0.327203
0.345327
0.364667
0.385168
0.406736
0.429247
0.452485
0.47629
0.50006
0.210833
0.212267
0.215913
0.220961
0.227553
0.235467
0.244705
0.255213
0.266981
0.279996
0.294254
0.309746
0.326457
0.34436
0.363407
0.383527
0.404602
0.426486
0.448924
0.471756
0.494246
0.210632
0.212066
0.215705
0.220741
0.22732
0.235213
0.244421
0.254885
0.266592
0.279523
0.293665
0.309001
0.325503
0.343129
0.361811
0.381457
0.40192
0.423027
0.444477
0.466108
0.48703
0.210392
0.211824
0.215455
0.220475
0.227041
0.234908
0.244078
0.254489
0.266122
0.278951
0.292955
0.308103
0.324354
0.341648
0.359894
0.378973
0.398707
0.41889
0.439164
0.459374
0.478441
0.210113
0.211543
0.215166
0.220185
0.226717
0.234555
0.243681
0.254031
0.265578
0.278289
0.292131
0.307061
0.323021
0.339928
0.357667
0.376089
0.394977
0.414089
0.433006
0.451578
0.468515
0.209795
0.211224
0.214836
0.219844
0.22635
0.234154
0.24323
0.25351
0.26496
0.277536
0.291195
0.305877
0.321505
0.337973
0.355135
0.372809
0.390737
0.408637
0.426017
0.442744
0.457288
0.209438
0.210866
0.214467
0.219456
0.225939
0.233705
0.242727
0.252929
0.264269
0.276695
0.290148
0.304553
0.319809
0.335785
0.352302
0.369141
0.385996
0.402544
0.418214
0.432898
0.444801
0.209043
0.210471
0.214059
0.219031
0.225486
0.233211
0.242172
0.252288
0.263508
0.275768
0.288994
0.303092
0.317938
0.333369
0.349174
0.36509
0.380763
0.395823
0.409616
0.422067
0.431095
0.20861
0.210039
0.213612
0.218568
0.224993
0.232672
0.241567
0.251589
0.262678
0.274756
0.287734
0.301497
0.315894
0.330731
0.345757
0.360665
0.375048
0.388488
0.400242
0.41028
0.416211
0.20814
0.209571
0.213136
0.218067
0.224459
0.23209
0.240913
0.250834
0.261781
0.273663
0.286373
0.299772
0.313683
0.327875
0.342058
0.355874
0.368863
0.380553
0.390111
0.397564
0.400188
0.207634
0.209067
0.212619
0.21753
0.223887
0.231466
0.240214
0.250026
0.260821
0.272493
0.284914
0.297923
0.31131
0.32481
0.338086
0.35073
0.362222
0.372033
0.379245
0.383945
0.38306
0.207091
0.208528
0.212066
0.216957
0.223277
0.230801
0.239468
0.249165
0.259798
0.271244
0.283358
0.29595
0.308778
0.321538
0.333844
0.345236
0.355132
0.362941
0.36766
0.369442
0.364857
0.206514
0.207956
0.211478
0.216348
0.222629
0.230093
0.238673
0.248247
0.258706
0.269911
0.281695
0.293839
0.306069
0.318038
0.329311
0.339368
0.347568
0.353249
0.355334
0.354034
0.345569
0.205902
0.207353
0.210859
0.215708
0.221947
0.22935
0.237839
0.247282
0.257556
0.268506
0.279938
0.291607
0.303201
0.314327
0.324499
0.333138
0.339537
0.342962
0.342273
0.337707
0.325165
0.205257
0.206721
0.210218
0.21505
0.221255
0.228605
0.237011
0.246332
0.256432
0.267135
0.278224
0.289422
0.300377
0.310649
0.319696
0.32687
0.331391
0.332439
0.328831
0.320799
0.303946
0.20458
0.206061
0.209554
0.214377
0.220556
0.227864
0.236203
0.245422
0.255371
0.265853
0.276627
0.287383
0.297727
0.30717
0.315104
0.320804
0.323403
0.321959
0.315239
0.303441
0.282265
0.20386
0.205336
0.208788
0.213557
0.219651
0.226845
0.235026
0.244032
0.253693
0.263789
0.27405
0.284127
0.293583
0.301877
0.308344
0.312192
0.312487
0.308188
0.298034
0.281874
0.255895
0.203795
0.205189
0.208574
0.21327
0.21928
0.226368
0.234417
0.243259
0.252718
0.262574
0.272555
0.282319
0.291437
0.299385
0.305528
0.309118
0.309283
0.305065
0.295276
0.279887
0.25494
0.204558
0.206059
0.209607
0.214503
0.22077
0.228174
0.236614
0.245933
0.255973
0.266534
0.277363
0.288142
0.298467
0.307837
0.315636
0.321133
0.323465
0.321712
0.314703
0.302801
0.281727
0.205251
0.206775
0.21038
0.215347
0.221709
0.229229
0.237814
0.247311
0.257574
0.268417
0.27961
0.29086
0.3018
0.311979
0.320841
0.327735
0.331897
0.332539
0.328558
0.320338
0.3035
0.205895
0.207404
0.211015
0.215994
0.222386
0.229953
0.23861
0.248216
0.258639
0.26971
0.281226
0.292926
0.304487
0.315506
0.325493
0.33387
0.33995
0.343034
0.342057
0.337365
0.324829
0.206506
0.208001
0.211622
0.216617
0.223044
0.230665
0.239407
0.249137
0.25974
0.271067
0.282937
0.295123
0.307338
0.319226
0.330347
0.340186
0.348114
0.353498
0.355319
0.353878
0.345354
0.207085
0.208574
0.21221
0.217226
0.223693
0.231375
0.240207
0.250066
0.260851
0.272429
0.284643
0.297294
0.310128
0.322832
0.335015
0.346216
0.355865
0.36339
0.367843
0.369451
0.364747
0.207628
0.209114
0.212767
0.217804
0.22431
0.23205
0.240967
0.250947
0.261901
0.273712
0.286246
0.299327
0.312736
0.326199
0.339371
0.351844
0.363109
0.372649
0.379595
0.384094
0.383046
0.208136
0.209619
0.213289
0.218344
0.224886
0.232681
0.241676
0.251769
0.26288
0.274909
0.28774
0.301223
0.315169
0.329341
0.343439
0.357105
0.369885
0.381317
0.390611
0.39784
0.40026
0.208607
0.210089
0.21376
0.218847
0.225423
0.233268
0.242338
0.252535
0.263792
0.276024
0.289132
0.302989
0.317435
0.332267
0.347227
0.362004
0.376196
0.38939
0.40088
0.410672
0.416362
0.209041
0.210522
0.21421
0.219312
0.22592
0.233812
0.24295
0.253245
0.264638
0.277058
0.290421
0.304624
0.319532
0.334973
0.350728
0.36653
0.382027
0.396852
0.410381
0.422565
0.431316
0.209437
0.210919
0.214622
0.219739
0.226376
0.234311
0.243512
0.253896
0.265414
0.278006
0.291604
0.306122
0.321452
0.337451
0.353934
0.370673
0.387366
0.403689
0.419093
0.433491
0.445086
0.209795
0.211278
0.214992
0.220131
0.22679
0.234764
0.244023
0.254487
0.266119
0.278866
0.292676
0.307481
0.323193
0.339696
0.356838
0.374427
0.392205
0.409887
0.427
0.443423
0.45763
0.210114
0.211599
0.215323
0.220488
0.227161
0.23517
0.24448
0.255017
0.26675
0.279636
0.293636
0.308697
0.324751
0.341705
0.359436
0.377785
0.396533
0.415435
0.434082
0.452334
0.468907
0.210395
0.211881
0.215614
0.220756
0.227488
0.235528
0.244883
0.255484
0.267306
0.280315
0.294482
0.309769
0.326122
0.343473
0.361721
0.380739
0.400343
0.42032
0.440323
0.460197
0.478876
0.210636
0.212124
0.215865
0.221029
0.22777
0.235836
0.24523
0.255887
0.267785
0.280901
0.295211
0.310691
0.327304
0.344995
0.36369
0.383284
0.403624
0.42453
0.445705
0.466987
0.487498
0.210837
0.212327
0.216075
0.221255
0.228005
0.236093
0.24552
0.256222
0.268185
0.281388
0.295819
0.311461
0.328289
0.346266
0.365334
0.385409
0.406367
0.428052
0.450211
0.472678
0.494737
0.210999
0.21249
0.216244
0.221431
0.228194
0.2363
0.245753
0.256493
0.268507
0.281781
0.296308
0.312079
0.32908
0.347286
0.366652
0.387114
0.408566
0.430875
0.453827
0.477252
0.50056
0.211121
0.212615
0.216374
0.22157
0.228345
0.23647
0.245948
0.25672
0.268777
0.282108
0.296712
0.312584
0.329718
0.348097
0.367688
0.388437
0.410257
0.433031
0.45657
0.480709
0.504948
0.211203
0.212699
0.216465
0.22167
0.228455
0.236599
0.2461
0.256901
0.268996
0.282374
0.297038
0.312987
0.330218
0.348721
0.36847
0.389421
0.411495
0.43457
0.45847
0.483042
0.507871
0.211241
0.212729
0.21648
0.221669
0.228436
0.236557
0.246039
0.256823
0.268905
0.282278
0.296945
0.312912
0.330178
0.348739
0.368576
0.389653
0.411902
0.43517
0.459266
0.484067
0.509242
0.0881053
0.0875585
0.0864563
0.0848953
0.0829937
0.0808505
0.0785419
0.0761291
0.0736631
0.0711859
0.068731
0.0663242
0.0639855
0.0617292
0.0595654
0.0575007
0.0555388
0.0536811
0.0519272
0.0502755
0.0487231
0.0885599
0.0880108
0.0868997
0.0853256
0.0834084
0.0812468
0.0789173
0.0764815
0.073991
0.0714881
0.0690068
0.0665735
0.0642083
0.0619259
0.0597368
0.0576476
0.0556622
0.0537822
0.0520073
0.0503361
0.0487654
0.089429
0.0888735
0.087746
0.0861482
0.0842016
0.0820054
0.0796362
0.0771568
0.0746195
0.0720677
0.0695362
0.0670521
0.0646363
0.0623039
0.0600659
0.0579295
0.0558986
0.0539751
0.0521587
0.0504484
0.0488403
0.0906759
0.0901107
0.0889609
0.0873303
0.0853426
0.0830975
0.0806723
0.0781309
0.0755271
0.0729054
0.0703019
0.0677447
0.0652558
0.0628512
0.0605426
0.0583376
0.0562409
0.0542543
0.0523781
0.0506117
0.0489504
0.0922685
0.0916914
0.0905144
0.088844
0.0868055
0.0844995
0.0820043
0.079385
0.0766969
0.0739863
0.0712908
0.06864
0.066057
0.0635594
0.0611594
0.0588657
0.0566834
0.0546149
0.0526607
0.0508208
0.0490897
0.0941781
0.0935877
0.0923801
0.0906645
0.0885679
0.0861916
0.0836147
0.0809037
0.0781159
0.0752994
0.0724936
0.06973
0.0670335
0.0644228
0.0619117
0.0595097
0.0572228
0.055054
0.053004
0.0510741
0.0492575
0.0963786
0.0957742
0.0945341
0.09277
0.0906104
0.0881568
0.0854889
0.082675
0.0797742
0.0768367
0.073904
0.07101
0.0681812
0.0654385
0.062797
0.0602676
0.0578573
0.0555698
0.0534065
0.0513696
0.0494515
0.0988456
0.0982273
0.0969544
0.0951407
0.0929157
0.0903804
0.0876151
0.0846895
0.0816646
0.0785929
0.0755185
0.0724774
0.0694989
0.0666058
0.0638152
0.0611395
0.058587
0.0561624
0.0538678
0.0517069
0.0496711
0.101556
0.100925
0.0996203
0.0977582
0.095468
0.0928495
0.0899832
0.0869396
0.083782
0.0805651
0.0773356
0.0741325
0.0709876
0.0679263
0.0649681
0.0621273
0.0594137
0.0568333
0.0543891
0.0520865
0.0499161
0.104487
0.103845
0.102512
0.100605
0.0982527
0.0955525
0.0925844
0.0894197
0.0861232
0.0827523
0.0793562
0.0759772
0.0726503
0.0694037
0.0662597
0.0632348
0.0603409
0.0575855
0.0549728
0.0525101
0.0501876
0.107618
0.106966
0.10561
0.103665
0.101256
0.0984787
0.0954112
0.0921251
0.0886866
0.0851551
0.0815831
0.078016
0.0744924
0.0710439
0.0676959
0.0644679
0.061374
0.0584238
0.0556228
0.0529806
0.0504876
0.110926
0.110269
0.108896
0.106921
0.104464
0.101618
0.0984569
0.0950525
0.0914717
0.0877759
0.0840206
0.0802548
0.076521
0.0728546
0.0692849
0.0658345
0.0625204
0.0593546
0.0563445
0.0535023
0.050819
0.114389
0.113732
0.11235
0.110356
0.107864
0.10496
0.101715
0.098199
0.094479
0.0906182
0.0866747
0.0827016
0.0787453
0.074846
0.0710368
0.0673444
0.0637893
0.0603863
0.0571451
0.054081
0.0511863
0.117987
0.117334
0.115954
0.113954
0.111442
0.108495
0.105179
0.101562
0.0977097
0.0936863
0.0895528
0.0853658
0.0811765
0.0770298
0.0729638
0.0690098
0.0651921
0.0615293
0.0580337
0.0547242
0.0515952
0.121698
0.121054
0.119688
0.117699
0.115185
0.112213
0.108843
0.10514
0.101165
0.0969856
0.0926631
0.0882584
0.0838274
0.0794203
0.0750807
0.070845
0.0667426
0.062796
0.0590212
0.055441
0.052053
0.125499
0.124872
0.123532
0.121573
0.119077
0.116102
0.112701
0.108929
0.104848
0.100522
0.0960151
0.0913917
0.0867125
0.0820334
0.077404
0.0728667
0.0684567
0.0642013
0.0601209
0.0562427
0.0525686
0.12937
0.128765
0.127468
0.125558
0.123105
0.120152
0.116743
0.112927
0.108759
0.104301
0.0996188
0.0947794
0.0898482
0.0848872
0.0799528
0.0750942
0.0703529
0.0657625
0.0613482
0.0571425
0.0531527
0.133288
0.132714
0.131474
0.129636
0.127252
0.124351
0.120964
0.11713
0.112899
0.108329
0.103485
0.0984356
0.0932519
0.0880017
0.0827485
0.0775492
0.0724527
0.0674996
0.0627211
0.058156
0.0538181
0.137233
0.136698
0.135532
0.133789
0.131502
0.128684
0.125352
0.121533
0.117268
0.112611
0.107623
0.102376
0.0969427
0.0913987
0.0858147
0.0802559
0.0747799
0.0694354
0.0642606
0.0593016
0.0545797
0.141185
0.140696
0.139621
0.137998
0.135838
0.133138
0.129897
0.12613
0.121866
0.117151
0.112044
0.106614
0.10094
0.0951016
0.0891772
0.0832416
0.0773618
0.0715958
0.0659907
0.0606002
0.055455
0.145123
0.144687
0.143722
0.142244
0.140243
0.137697
0.134587
0.130913
0.12669
0.121954
0.116757
0.111168
0.105265
0.0991353
0.0928642
0.0865361
0.0802286
0.0740103
0.0679384
0.0620761
0.0564641
0.149028
0.148654
0.147816
0.146508
0.144699
0.142345
0.139409
0.135872
0.131735
0.127019
0.12177
0.11605
0.109939
0.103526
0.0969057
0.090172
0.0834138
0.0767118
0.0701349
0.0637571
0.0576302
0.152882
0.152577
0.151883
0.150771
0.149186
0.147063
0.144347
0.140997
0.136995
0.132348
0.127089
0.121274
0.114981
0.108301
0.101334
0.0941847
0.0869545
0.0797372
0.0726152
0.0656749
0.05898
0.156669
0.156439
0.155906
0.155014
0.153685
0.151834
0.149384
0.146272
0.142459
0.137936
0.132719
0.126854
0.120412
0.113486
0.106182
0.0986122
0.0908912
0.0831276
0.0754187
0.0678656
0.060544
0.160372
0.160225
0.159868
0.159218
0.158177
0.156638
0.154501
0.151681
0.148117
0.143777
0.13866
0.132797
0.126251
0.11911
0.111485
0.103495
0.0952684
0.0869284
0.07859
0.0703705
0.0623573
0.163978
0.163918
0.163751
0.163366
0.162643
0.161454
0.159678
0.157206
0.153953
0.149862
0.14491
0.139111
0.132513
0.125199
0.117278
0.108877
0.100134
0.0911902
0.0821789
0.0732364
0.06446
0.167474
0.167506
0.167542
0.167441
0.167062
0.166261
0.164893
0.162826
0.159948
0.156177
0.151463
0.145798
0.139213
0.131777
0.123596
0.114801
0.105539
0.0959682
0.0862415
0.0765166
0.0668984
0.170849
0.170977
0.171227
0.171426
0.171418
0.171039
0.170124
0.168517
0.166081
0.162704
0.158309
0.152858
0.146359
0.138867
0.130475
0.121313
0.111539
0.101323
0.0908402
0.0802719
0.0697257
0.174094
0.174321
0.174793
0.175307
0.17569
0.175765
0.175346
0.174255
0.172328
0.169423
0.16543
0.160282
0.153958
0.146486
0.137946
0.128461
0.118191
0.10732
0.0960445
0.0845714
0.0730032
0.1772
0.177528
0.17823
0.179069
0.179863
0.180419
0.180535
0.180012
0.17866
0.176306
0.172807
0.168059
0.162007
0.154648
0.146038
0.136288
0.125554
0.11403
0.101932
0.0894933
0.0768016
0.180162
0.180591
0.181527
0.1827
0.18392
0.184981
0.185667
0.185761
0.185047
0.183324
0.180413
0.17617
0.170499
0.16336
0.154778
0.144839
0.133691
0.121529
0.108586
0.0951261
0.0812022
0.182975
0.183506
0.184679
0.186189
0.187846
0.189431
0.190718
0.191472
0.191458
0.190444
0.188215
0.184587
0.179418
0.172622
0.164182
0.154153
0.14266
0.129895
0.1161
0.101569
0.086298
0.185636
0.186267
0.187677
0.189528
0.191627
0.19375
0.195662
0.197116
0.197857
0.197627
0.196177
0.193278
0.18874
0.182424
0.174262
0.164264
0.152521
0.13921
0.124573
0.108934
0.0921946
0.188142
0.188873
0.190519
0.192708
0.195253
0.197923
0.200479
0.202664
0.20421
0.204834
0.204256
0.202202
0.198432
0.192748
0.185019
0.175198
0.16333
0.149556
0.134111
0.117343
0.0990115
0.190494
0.191322
0.1932
0.195723
0.198713
0.201933
0.205145
0.208088
0.21048
0.212023
0.212404
0.211312
0.208451
0.203561
0.196441
0.186971
0.175132
0.161014
0.144825
0.126932
0.106882
0.192693
0.193614
0.195719
0.19857
0.201998
0.205768
0.209642
0.213359
0.216632
0.219148
0.220572
0.220553
0.218744
0.21482
0.208501
0.199583
0.187962
0.173657
0.156821
0.137836
0.115943
0.194739
0.19575
0.198076
0.201244
0.205104
0.209416
0.213951
0.218452
0.222631
0.226167
0.228705
0.229865
0.229251
0.22647
0.221161
0.213022
0.201847
0.187554
0.170213
0.150201
0.126334
0.196637
0.197733
0.200271
0.203746
0.208024
0.212867
0.218058
0.223344
0.228444
0.233036
0.236752
0.239189
0.239908
0.238454
0.234381
0.227283
0.216832
0.202816
0.185185
0.164276
0.138291
0.198388
0.199567
0.202307
0.206074
0.210756
0.216116
0.22195
0.228016
0.234045
0.239716
0.244663
0.248464
0.250647
0.250704
0.248106
0.24234
0.232939
0.219538
0.201932
0.180374
0.152182
0.2
0.201255
0.20419
0.208235
0.213305
0.219162
0.225622
0.232455
0.239405
0.246164
0.252368
0.257588
0.261329
0.263033
0.262097
0.257895
0.249819
0.237315
0.219984
0.197908
0.167451
0.201474
0.202803
0.205922
0.210232
0.21567
0.222003
0.229062
0.236633
0.244477
0.252298
0.259741
0.266374
0.271682
0.275067
0.27585
0.273295
0.266638
0.255135
0.23811
0.215063
0.181438
0.202811
0.204197
0.207484
0.212033
0.217813
0.224587
0.23221
0.240483
0.24919
0.25806
0.266757
0.274868
0.281884
0.287195
0.290086
0.289749
0.285304
0.275859
0.26049
0.238073
0.201015
0.0475971
0.0468544
0.0461111
0.0453669
0.0446215
0.043875
0.0431279
0.0423803
0.0416326
0.0408849
0.0401374
0.0393905
0.0386444
0.0378992
0.0371552
0.0364126
0.0356717
0.0349327
0.0341958
0.0334612
0.0476233
0.0468763
0.0461305
0.0453834
0.0446339
0.0438826
0.0431298
0.0423758
0.041621
0.0408655
0.0401096
0.0393537
0.0385979
0.0378427
0.0370883
0.0363349
0.0355829
0.0348325
0.034084
0.0333378
0.0476623
0.046899
0.0461413
0.0453824
0.0446201
0.0438552
0.0430884
0.04232
0.0415504
0.0407798
0.0400085
0.0392369
0.0384652
0.0376939
0.0369232
0.0361535
0.0353851
0.0346182
0.0338533
0.0330906
0.0477201
0.0469313
0.0461548
0.0453776
0.0445958
0.0438107
0.0430231
0.0422338
0.0414427
0.0406504
0.039857
0.0390631
0.0382688
0.0374747
0.036681
0.0358881
0.0350963
0.0343061
0.0335178
0.0327317
0.0477897
0.0469659
0.0461634
0.0453612
0.0445532
0.0437408
0.0429258
0.0421087
0.0412896
0.040469
0.0396471
0.0388244
0.0380012
0.037178
0.0363551
0.035533
0.0347119
0.0338923
0.0330747
0.0322592
0.0478716
0.0470037
0.0461685
0.0453352
0.0444943
0.0436482
0.0427992
0.0419478
0.0410943
0.040239
0.0393822
0.0385244
0.0376661
0.0368075
0.0359491
0.0350915
0.0342348
0.0333797
0.0325265
0.0316755
0.0479634
0.0470422
0.0461676
0.0452968
0.0444165
0.04353
0.0426404
0.0417483
0.0408539
0.0399574
0.0390593
0.03816
0.0372601
0.0363598
0.0354598
0.0345603
0.0336619
0.0327649
0.03187
0.0309774
0.0480647
0.047081
0.0461603
0.0452455
0.0443192
0.0433856
0.0424487
0.0415092
0.0405672
0.039623
0.0386771
0.0377298
0.0367818
0.0358334
0.0348851
0.0339375
0.0329908
0.0320456
0.0311026
0.030162
0.0481752
0.0471195
0.0461456
0.0451803
0.0442011
0.0432134
0.0422222
0.0412285
0.0402321
0.0392333
0.0382327
0.0372306
0.0362278
0.0352245
0.0342213
0.0332187
0.0322172
0.0312171
0.0302194
0.029224
0.048296
0.0471583
0.0461237
0.045101
0.0440616
0.0430124
0.0419597
0.0409044
0.0398464
0.0387859
0.0377234
0.0366595
0.0355947
0.0345295
0.0334644
0.0323999
0.0313366
0.0302749
0.029215
0.0281578
0.0484286
0.0471985
0.0460952
0.0450074
0.0439001
0.0427816
0.0416595
0.0405349
0.0394076
0.0382777
0.0371457
0.0360124
0.0348781
0.0337434
0.0326088
0.0314749
0.0303422
0.0292112
0.0280823
0.0269561
0.0485759
0.0472423
0.0460615
0.0449005
0.0437169
0.0425205
0.0413207
0.0401185
0.0389136
0.0377061
0.0364965
0.0352855
0.0340736
0.0328614
0.0316495
0.0304382
0.0292282
0.02802
0.0268141
0.025611
0.048742
0.0472927
0.0460248
0.0447816
0.0435125
0.0422291
0.0409423
0.0396535
0.038362
0.0370679
0.0357718
0.0344745
0.0331763
0.0318779
0.0305799
0.0292827
0.0279869
0.026693
0.0254015
0.024113
0.0489324
0.0473543
0.0459884
0.044653
0.0432882
0.0419076
0.0405238
0.0391385
0.0377506
0.0363602
0.0349681
0.0335747
0.0321808
0.0307868
0.0293934
0.0280009
0.0266101
0.0252213
0.0238352
0.0224521
0.0491537
0.0474325
0.0459563
0.0445176
0.043046
0.0415569
0.0400651
0.0385723
0.0370773
0.03558
0.0340812
0.0325814
0.0310814
0.0295815
0.0280825
0.0265847
0.0250888
0.0235952
0.0221044
0.020617
0.0494145
0.0475344
0.0459342
0.0443795
0.0427886
0.0411786
0.0395665
0.0379541
0.0363401
0.0347241
0.033107
0.0314894
0.0298719
0.028255
0.0266392
0.0250251
0.0234131
0.0218039
0.0201977
0.0185951
0.0497249
0.0476684
0.0459285
0.0442437
0.0425195
0.0407747
0.0390286
0.0372834
0.0355371
0.0337894
0.0320413
0.0302932
0.0285457
0.0267994
0.0250548
0.0233123
0.0215723
0.0198356
0.0181023
0.0163728
0.0500972
0.0478447
0.0459471
0.0441163
0.0422431
0.0403481
0.0384528
0.0365597
0.0346665
0.0327728
0.0308794
0.0289869
0.0270958
0.0252066
0.0233197
0.0214355
0.0195545
0.0176774
0.0158041
0.0139351
0.0505456
0.0480753
0.0459997
0.0440045
0.0419649
0.0399022
0.0378408
0.0357831
0.0337267
0.031671
0.0296167
0.0275644
0.0255145
0.0234674
0.0214236
0.0193833
0.0173469
0.0153156
0.0132883
0.0112658
0.0510867
0.0483741
0.046097
0.0439171
0.0416912
0.0394414
0.0371946
0.0349539
0.0327161
0.0304806
0.0282479
0.0260187
0.0237931
0.0215717
0.0193546
0.0171419
0.0149334
0.0127336
0.0105376
0.00834644
0.0517398
0.0487572
0.0462519
0.0438638
0.0414296
0.0389707
0.0365173
0.0340726
0.0316333
0.0291982
0.026768
0.024343
0.0219235
0.0195097
0.0171018
0.0147
0.0123043
0.0099155
0.00753297
0.00515701
0.0525271
0.0492432
0.046479
0.0438563
0.0411885
0.038496
0.0358118
0.0331399
0.0304763
0.0278196
0.0251703
0.0225286
0.0198947
0.0172687
0.0146505
0.0120405
0.00943929
0.00684248
0.00425507
0.0016763
0.053474
0.0498533
0.0467951
0.0439076
0.0409779
0.038024
0.0350819
0.0321565
0.0292433
0.0263403
0.0234479
0.0205662
0.0176951
0.0148344
0.011984
0.00914383
0.00631414
0.00349312
0.000682114
-0.00211924
0.05461
0.050612
0.0472193
0.0440327
0.0408092
0.0375623
0.0343319
0.0311236
0.0279322
0.0247556
0.0215935
0.0184459
0.0153126
0.0121931
0.00908701
0.00599393
0.00291418
-0.000154201
-0.0032108
-0.0062559
0.0559687
0.0515474
0.0477736
0.0442488
0.040695
0.0371197
0.0335663
0.0300419
0.0265406
0.0230594
0.0195979
0.0161558
0.0127325
0.00932723
0.00593928
0.00256796
-0.000786071
-0.00412591
-0.00745147
-0.010763
0.0575891
0.0526917
0.0484832
0.0445753
0.0406499
0.0367057
0.0327903
0.0289123
0.0250651
0.0212448
0.0174508
0.0136822
0.00993807
0.00621744
0.00251904
-0.00115845
-0.00481236
-0.00844954
-0.0120696
-0.0156722
0.0595163
0.0540822
0.049377
0.0450348
0.0406905
0.0363313
0.0320095
0.0277354
0.0235017
0.0193035
0.0151395
0.0110086
0.00690932
0.00284006
-0.00120167
-0.00521887
-0.00919741
-0.0131587
-0.0171001
-0.0210199
0.0618029
0.0557627
0.050489
0.0456532
0.040836
0.0360092
0.03123
0.0265116
0.0218455
0.0172257
0.0126502
0.00811734
0.00362517
-0.000828616
-0.00524688
-0.00963212
-0.0139758
-0.0182934
-0.0225837
-0.0268472
0.0645105
0.0577845
0.0518588
0.0464612
0.0411087
0.0357536
0.030459
0.0252409
0.0200899
0.0149987
0.00996462
0.00498543
5.8598e-05
-0.00481858
-0.00964717
-0.0144252
-0.0191823
-0.0238926
-0.0285624
-0.0331985
0.067712
0.0602088
0.0535339
0.0474953
0.0415356
0.0355822
0.0297047
0.0239231
0.0182268
0.012607
0.00705971
0.00158229
-0.00382863
-0.00917671
-0.014465
-0.0196922
-0.0248745
-0.0300054
-0.0350883
-0.0401281
0.0714938
0.0631091
0.0555714
0.0487997
0.0421493
0.0355165
0.0289783
0.0225597
0.0162488
0.0100347
0.0039128
-0.00212054
-0.00806925
-0.0139381
-0.0197319
-0.0254434
-0.0310972
-0.0366897
-0.0422212
-0.0476963
0.0759584
0.0665736
0.0580405
0.0504282
0.0429903
0.0355836
0.0282941
0.0211529
0.0141467
0.00726247
0.000494314
-0.00616213
-0.012712
-0.0191635
-0.0255261
-0.0317587
-0.0379268
-0.0440207
-0.050036
-0.0559781
0.0812278
0.0707091
0.0610256
0.0524473
0.0441088
0.0358182
0.0276714
0.0197077
0.0119123
0.00426994
-0.0032264
-0.0105819
-0.0178027
-0.0248973
-0.0318705
-0.0387083
-0.0454472
-0.052083
-0.0586182
-0.0650596
0.0874466
0.075644
0.0646294
0.0549389
0.0455684
0.0362648
0.0271365
0.0182328
0.00953753
0.0010331
-0.00728823
-0.0154318
-0.0234038
-0.0312075
-0.0388308
-0.0463679
-0.0537427
-0.0609694
-0.0680661
-0.0750417
0.0947852
0.0815326
0.0689773
0.0580053
0.0474499
0.0369826
0.0267267
0.0167443
0.00701786
-0.00247299
-0.0117366
-0.0207782
-0.0296061
-0.0382303
-0.0466162
-0.0548577
-0.0629187
-0.0707955
-0.078501
-0.0860462
0.103437
0.088555
0.07422
0.061773
0.049856
0.038049
0.0264945
0.0152706
0.00435855
-0.006265
-0.0166091
-0.0266815
-0.0365056
-0.0461134
-0.0552888
-0.0643153
-0.0731308
-0.0817123
-0.0900714
-0.0982204
0.113609
0.0969063
0.0805283
0.066393
0.0529141
0.0395636
0.0265115
0.0138557
0.00157669
-0.0103492
-0.0219274
-0.0331586
-0.0440392
-0.0545357
-0.064876
-0.0748651
-0.0845183
-0.0938706
-0.102938
-0.111728
0.125551
0.106802
0.088097
0.0720464
0.0567812
0.0416549
0.0268759
0.0125633
-0.00130434
-0.0147499
-0.0277715
-0.0403703
-0.05256
-0.0641995
-0.0756231
-0.0866528
-0.097257
-0.107466
-0.117298
-0.126765
0.139609
0.118514
0.0971584
0.0789254
0.0615998
0.0444246
0.0276585
0.0114351
-0.00427199
-0.0194833
-0.0342051
-0.0485215
-0.0625774
-0.075221
-0.087788
-0.0999525
-0.111594
-0.122733
-0.133383
-0.143553
0.155896
0.132343
0.108124
0.0874415
0.0677179
0.0481652
0.0291066
0.0106746
-0.00715672
-0.0243891
-0.0410023
-0.056918
-0.0717932
-0.0870721
-0.101361
-0.114829
-0.127646
-0.139829
-0.15137
-0.162272
0.173523
0.148306
0.121817
0.0987153
0.0762662
0.0539362
0.0321444
0.0110193
-0.00944314
-0.0292273
-0.0483532
-0.0668403
-0.08395
-0.100715
-0.116611
-0.131615
-0.145776
-0.159085
-0.171531
-0.183115
0.186864
0.159109
0.131666
0.106575
0.0816283
0.0568162
0.0325156
0.00883182
-0.0141872
-0.0364836
-0.0579507
-0.0781868
-0.0980399
-0.116773
-0.134394
-0.150972
-0.166494
-0.180928
-0.194255
-0.206468
0.0327291
0.0319997
0.0312732
0.0305499
0.0298299
0.0291134
0.0284005
0.0276916
0.0269867
0.026286
0.0255898
0.0248981
0.032594
0.031853
0.0311151
0.0303804
0.0296493
0.0289221
0.0281989
0.02748
0.0267656
0.026056
0.0253514
0.024652
0.0323304
0.0315731
0.0308189
0.0300682
0.0293212
0.0285783
0.0278396
0.0271055
0.0263763
0.0256521
0.0249332
0.0242199
0.0319481
0.0311675
0.0303902
0.0296164
0.0288466
0.0280811
0.0273201
0.0265639
0.0258129
0.0250673
0.0243275
0.0235936
0.0314465
0.0306367
0.0298304
0.0290278
0.0282293
0.0274353
0.026646
0.0258619
0.0250833
0.0243103
0.0235434
0.0227829
0.0308273
0.0299822
0.0291406
0.028303
0.0274696
0.0266409
0.0258172
0.0249989
0.0241862
0.0233797
0.0225795
0.0217859
0.0300876
0.029201
0.028318
0.0274391
0.0265647
0.0256951
0.0248308
0.0239721
0.0231193
0.0222729
0.0214331
0.0206004
0.0292241
0.0282897
0.0273589
0.0264324
0.0255106
0.0245938
0.0236824
0.0227768
0.0218775
0.0209847
0.0200989
0.0192204
0.0282316
0.0272426
0.0262575
0.0252768
0.0243009
0.0233302
0.0223651
0.0214061
0.0204535
0.0195077
0.018569
0.017638
0.0271038
0.0260534
0.025007
0.0239651
0.0229281
0.0218965
0.0208707
0.0198512
0.0188383
0.0178323
0.0168338
0.015843
0.0258332
0.0247139
0.0235988
0.0224883
0.021383
0.0202831
0.0191892
0.0181017
0.017021
0.0159474
0.0148814
0.0138234
0.0244112
0.0232152
0.0220236
0.0208366
0.0196549
0.0184789
0.017309
0.0161455
0.014989
0.0138399
0.0126984
0.011565
0.022828
0.0215469
0.0202702
0.0189984
0.0177319
0.0164713
0.0152168
0.013969
0.0127282
0.0114948
0.0102692
0.00905171
0.0210727
0.0196974
0.0183266
0.0169609
0.0156006
0.0142462
0.0128981
0.0115567
0.0102225
0.00889562
0.00757658
0.0191333
0.0176539
0.0161793
0.0147098
0.0132459
0.011788
0.0103364
0.00889164
0.00745397
0.00602374
0.0046013
0.0169965
0.0154024
0.0138133
0.0122294
0.0106513
0.00907927
0.00751367
0.00595483
0.0044031
0.00285876
0.00132211
0.0146477
0.0129274
0.0112123
0.00950258
0.00779875
0.0061011
0.00440994
0.00272556
0.00104823
-0.000621799
-0.00228429
0.0120709
0.0102118
0.00835808
0.00651012
0.00466817
0.0028325
0.00100338
-0.000818983
-0.00263437
-0.00444259
-0.00624349
0.00924861
0.00723698
0.00523115
0.00323134
0.00123777
-0.000749369
-0.00272991
-0.00470369
-0.00667059
-0.00863051
-0.0105834
0.00616126
0.00398229
0.0018096
-0.00035669
-0.00251646
-0.00466962
-0.00681609
-0.00895581
-0.0110888
-0.0132149
-0.0153343
0.00278779
0.000425395
-0.00193014
-0.0042788
-0.00662057
-0.00895547
-0.0112836
-0.0136049
-0.0159195
-0.0182277
-0.0205294
-0.000894678
-0.00345803
-0.00601378
-0.008562
-0.0111028
-0.0136365
-0.0161631
-0.0186829
-0.0211962
-0.0237031
-0.0262041
-0.00491142
-0.00769472
-0.0104694
-0.0132357
-0.015994
-0.0187446
-0.0214879
-0.0242244
-0.0269543
-0.0296783
-0.0323968
-0.00929004
-0.0123137
-0.0153274
-0.0183317
-0.0213272
-0.0243143
-0.0272937
-0.0302661
-0.0332322
-0.0361926
-0.0391481
-0.0140613
-0.0173472
-0.0206214
-0.0238848
-0.0271382
-0.0303825
-0.0336186
-0.0368474
-0.04007
-0.0432874
-0.0465007
-0.0192586
-0.0228299
-0.0263873
-0.0299321
-0.0334653
-0.0369884
-0.0405026
-0.0440092
-0.0475097
-0.0510056
-0.0544985
-0.0249194
-0.0288004
-0.0326647
-0.0365139
-0.0403497
-0.0441737
-0.0479879
-0.051794
-0.0555943
-0.0593908
-0.0631859
-0.0310858
-0.0353018
-0.0394972
-0.0436743
-0.0478352
-0.0519824
-0.0561184
-0.0602458
-0.0643674
-0.0684864
-0.0726061
-0.0378039
-0.0423808
-0.046932
-0.0514604
-0.055969
-0.0604609
-0.0649396
-0.0694086
-0.073872
-0.0783341
-0.0827997
-0.0451282
-0.0500921
-0.0550232
-0.0599254
-0.0648025
-0.0696589
-0.0744989
-0.0793276
-0.0841504
-0.0889733
-0.0938032
-0.0531199
-0.0584966
-0.0638309
-0.0691277
-0.074392
-0.0796294
-0.0848459
-0.090048
-0.0952431
-0.100439
-0.105647
-0.0618532
-0.0676672
-0.0734256
-0.0791345
-0.0848006
-0.0904308
-0.0960329
-0.101616
-0.107189
-0.112763
-0.118352
-0.071414
-0.0776878
-0.0838882
-0.0900226
-0.0960992
-0.102127
-0.108116
-0.114077
-0.120023
-0.125968
-0.13193
-0.0819027
-0.0886569
-0.0953129
-0.10188
-0.108368
-0.114788
-0.121154
-0.127478
-0.133777
-0.140068
-0.146374
-0.0934398
-0.100691
-0.10781
-0.114809
-0.121698
-0.128493
-0.135208
-0.141861
-0.148471
-0.155061
-0.161658
-0.106169
-0.113928
-0.121509
-0.128925
-0.136191
-0.143324
-0.150341
-0.157264
-0.164117
-0.170927
-0.177726
-0.120252
-0.128521
-0.136549
-0.144353
-0.151948
-0.159355
-0.166596
-0.173697
-0.180687
-0.1876
-0.194472
-0.135875
-0.144644
-0.153085
-0.161218
-0.169062
-0.176642
-0.183983
-0.191118
-0.198082
-0.204917
-0.211669
-0.153253
-0.162496
-0.1713
-0.179686
-0.187678
-0.195302
-0.202594
-0.209589
-0.216331
-0.222869
-0.229259
-0.172549
-0.182217
-0.191299
-0.199822
-0.207818
-0.215325
-0.222389
-0.22906
-0.235395
-0.241457
-0.247318
-0.193846
-0.203745
-0.212836
-0.221155
-0.228749
-0.235675
-0.242001
-0.247806
-0.25318
-0.258223
-0.263045
-0.217568
-0.227567
-0.236486
-0.24436
-0.251238
-0.257179
-0.262262
-0.266578
-0.27023
-0.273337
-0.276028
)
;

boundaryField
{
    inlet
    {
        type            zeroGradient;
    }
    outlet
    {
        type            fixedValue;
        value           nonuniform 0();
    }
    cylinder
    {
        type            zeroGradient;
    }
    top
    {
        type            symmetryPlane;
    }
    bottom
    {
        type            symmetryPlane;
    }
    defaultFaces
    {
        type            empty;
    }
    procBoundary0to1
    {
        type            processor;
        value           nonuniform List<scalar> 
133
(
-0.353291
-0.354971
-0.362924
-0.371174
-0.371174
-0.369683
-0.377315
-0.377315
-0.372578
-0.372578
-0.365923
-0.372146
-0.372146
-0.363615
-0.363615
-0.354344
-0.354344
-0.343952
-0.343952
-0.331165
-0.331165
-0.32466
-0.32466
-0.278478
-0.332529
-0.324659
-0.278441
-0.332529
-0.331175
-0.343976
-0.343976
-0.354378
-0.354378
-0.363656
-0.363656
-0.372193
-0.372193
-0.365966
-0.372625
-0.372625
-0.377364
-0.377364
-0.369727
-0.371218
-0.371218
-0.362963
-0.362449
-0.278478
-0.267813
-0.253112
-0.235632
-0.218467
-0.201428
-0.184632
-0.168373
-0.1528
-0.138004
-0.124043
-0.110945
-0.0987133
-0.0873355
-0.0767874
-0.0670354
-0.0580399
-0.0497574
-0.0421427
-0.0351506
-0.0287371
-0.0287371
-0.0251495
-0.019586
-0.0144984
-0.00985161
-0.00561294
-0.00175256
0.00175696
0.00494065
0.00782133
0.0104197
0.0127544
0.014842
0.0166972
0.0183326
0.0197587
0.0209838
0.0220138
0.0228511
0.0234979
0.0239437
0.0241969
0.0242111
0.023958
0.0235124
0.0228659
0.0220289
0.0209994
0.0197749
0.0183494
0.0167147
0.0148603
0.0127736
0.0104399
0.00784268
0.00626569
0.00626569
0.00318692
-0.000206589
-0.00393904
-0.0080369
-0.0125291
-0.017447
-0.0228249
-0.0286994
-0.0351103
-0.0420995
-0.0497111
-0.0579902
-0.0669821
-0.0767303
-0.0872743
-0.0986478
-0.110875
-0.123969
-0.137926
-0.152719
-0.16829
-0.184549
-0.201347
-0.218391
-0.235564
-0.253053
-0.267765
-0.278441
)
;
    }
}


// ************************************************************************* //
