/*--------------------------------*- C++ -*----------------------------------*\
  =========                 |
  \\      /  F ield         | OpenFOAM: The Open Source CFD Toolbox
   \\    /   O peration     | Website:  https://openfoam.org
    \\  /    A nd           | Version:  7
     \\/     M anipulation  |
\*---------------------------------------------------------------------------*/
FoamFile
{
    version     2.0;
    format      ascii;
    class       volScalarField;
    location    "5";
    object      p;
}
// * * * * * * * * * * * * * * * * * * * * * * * * * * * * * * * * * * * * * //

dimensions      [0 2 -2 0 0 0 0];

internalField   nonuniform List<scalar> 
6386
(
-0.374308
-0.375813
-0.377445
-0.379385
-0.377138
-0.3818
-0.379498
-0.384828
-0.38235
-0.378483
-0.388565
-0.385785
-0.381567
-0.376246
-0.393089
-0.389856
-0.385243
-0.37954
-0.398448
-0.394593
-0.389534
-0.383427
-0.377173
-0.404654
-0.400015
-0.394449
-0.387898
-0.381173
-0.374848
-0.411703
-0.406135
-0.399999
-0.392947
-0.385663
-0.378513
-0.371251
-0.419583
-0.412959
-0.406196
-0.398572
-0.390605
-0.382447
-0.373653
-0.363942
-0.428276
-0.420493
-0.413052
-0.40477
-0.395965
-0.38657
-0.375942
-0.363739
-0.348648
-0.437762
-0.428741
-0.420577
-0.41153
-0.401696
-0.390777
-0.377992
-0.363152
-0.34569
-0.328411
-0.448007
-0.437694
-0.428763
-0.418821
-0.407724
-0.394935
-0.379683
-0.362125
-0.342378
-0.323109
-0.458963
-0.447326
-0.437581
-0.426584
-0.413935
-0.398891
-0.380908
-0.360607
-0.338697
-0.317625
-0.470556
-0.457585
-0.446963
-0.434721
-0.420173
-0.402483
-0.381568
-0.358558
-0.334619
-0.311899
-0.482681
-0.468385
-0.456807
-0.443087
-0.42624
-0.405546
-0.381574
-0.355935
-0.33011
-0.305873
-0.495196
-0.4796
-0.466963
-0.451488
-0.431914
-0.407922
-0.380844
-0.352689
-0.325124
-0.299487
-0.507918
-0.491062
-0.47724
-0.459681
-0.436961
-0.409459
-0.379295
-0.348769
-0.31961
-0.292682
-0.520623
-0.502561
-0.487399
-0.467386
-0.441147
-0.410013
-0.376848
-0.344116
-0.313509
-0.285399
-0.533049
-0.513843
-0.497159
-0.474301
-0.444245
-0.40945
-0.37342
-0.338668
-0.306758
-0.27758
-0.544897
-0.524619
-0.506202
-0.480116
-0.446039
-0.407643
-0.36893
-0.332357
-0.299296
-0.269171
-0.555839
-0.534567
-0.51418
-0.484527
-0.44633
-0.404472
-0.363297
-0.325116
-0.291058
-0.260126
-0.565525
-0.543344
-0.520736
-0.487244
-0.444939
-0.399828
-0.356443
-0.316876
-0.281986
-0.250402
-0.573593
-0.550589
-0.525511
-0.488001
-0.441702
-0.39361
-0.348293
-0.307574
-0.272027
-0.239964
-0.579678
-0.555936
-0.528164
-0.486561
-0.436479
-0.385726
-0.338776
-0.29715
-0.261137
-0.228788
-0.583423
-0.559027
-0.528379
-0.482719
-0.429151
-0.376098
-0.327828
-0.285546
-0.24928
-0.216851
-0.584492
-0.55952
-0.52588
-0.476304
-0.419622
-0.364661
-0.315393
-0.27271
-0.236403
-0.204091
-0.582573
-0.557103
-0.520434
-0.467186
-0.40782
-0.351368
-0.301434
-0.258603
-0.222437
-0.190334
-0.577394
-0.551504
-0.511858
-0.455271
-0.3937
-0.33619
-0.28593
-0.243214
-0.207332
-0.17532
-0.568726
-0.542499
-0.500015
-0.440503
-0.377238
-0.319112
-0.268872
-0.226556
-0.191156
-0.159025
-0.55639
-0.529924
-0.484815
-0.422863
-0.358438
-0.300135
-0.250258
-0.208636
-0.173995
-0.142228
-0.540262
-0.513669
-0.466219
-0.402364
-0.337327
-0.27928
-0.230118
-0.189498
-0.155633
-0.124989
-0.520273
-0.493681
-0.444235
-0.379056
-0.313958
-0.2566
-0.208544
-0.169167
-0.136238
-0.107056
-0.496412
-0.469969
-0.418927
-0.353031
-0.288401
-0.232186
-0.185574
-0.147651
-0.115928
-0.088377
-0.468724
-0.442601
-0.390429
-0.324417
-0.260727
-0.206109
-0.161253
-0.125033
-0.0947701
-0.0690058
-0.437306
-0.41171
-0.358932
-0.293314
-0.23104
-0.178449
-0.135674
-0.101401
-0.0728304
-0.0490457
-0.402317
-0.377495
-0.324562
-0.259688
-0.199603
-0.149349
-0.108943
-0.076847
-0.050188
-0.0286113
-0.363976
-0.340221
-0.287181
-0.224029
-0.166493
-0.118947
-0.0811821
-0.0514717
-0.0269237
-0.00778578
-0.322508
-0.300132
-0.247011
-0.186559
-0.131919
-0.0873989
-0.0525271
-0.0253811
-0.0031277
0.0133292
-0.278114
-0.257081
-0.205039
-0.147428
-0.0960767
-0.0548693
-0.0231071
0.00132661
0.0210401
0.0343296
-0.231117
-0.211637
-0.161486
-0.10691
-0.0591679
-0.0215225
0.00697365
0.0285802
0.0452857
0.0543044
-0.182096
-0.164107
-0.116465
-0.0652771
-0.021415
0.0124744
0.0376228
0.0563056
0.0693249
0.072763
-0.131275
-0.114976
-0.070235
-0.0228044
0.0169451
0.0469368
0.0686862
0.0842908
0.0931925
0.0918981
-0.0790492
-0.0646764
-0.0231304
0.0202238
0.0556678
0.0816538
0.0999032
0.112122
0.116915
0.116835
-0.0258577
-0.0136101
0.0244881
0.0635128
0.0945039
0.116397
0.130998
0.139634
0.141193
0.141853
0.0278583
0.0378191
0.0722537
0.106761
0.133198
0.150936
0.1618
0.166907
0.165718
0.165445
0.0816542
0.0892017
0.1198
0.149662
0.17149
0.185041
0.192133
0.193809
0.190035
0.188014
0.135085
0.140127
0.166765
0.191912
0.20912
0.218491
0.221829
0.220164
0.213801
0.209576
0.187707
0.190186
0.212791
0.233211
0.245834
0.25107
0.250711
0.245791
0.236834
0.230201
0.239088
0.238979
0.25753
0.273263
0.281381
0.282568
0.278599
0.270517
0.258987
0.249864
0.288803
0.286116
0.300646
0.311785
0.315521
0.312779
0.305317
0.294182
0.280139
0.268516
0.336443
0.33122
0.341813
0.348502
0.34802
0.341506
0.330695
0.31664
0.300173
0.286087
0.381617
0.373935
0.380726
0.383154
0.378658
0.368561
0.354572
0.337753
0.318978
0.302502
0.423958
0.413923
0.417092
0.415496
0.407225
0.393764
0.376797
0.35739
0.336448
0.317686
0.463118
0.450868
0.450642
0.445298
0.433527
0.41695
0.397226
0.375431
0.352482
0.331565
0.49878
0.484482
0.481127
0.47235
0.457384
0.437967
0.41573
0.391764
0.366984
0.344073
0.530655
0.514501
0.508322
0.496462
0.478635
0.456675
0.432192
0.406288
0.37987
0.355149
0.558483
0.540691
0.532027
0.517463
0.497134
0.472952
0.446506
0.418912
0.391061
0.364738
0.582041
0.562847
0.552065
0.535206
0.512756
0.486691
0.458583
0.429558
0.400492
0.372797
0.601136
0.580797
0.56829
0.549566
0.525395
0.497803
0.468345
0.43816
0.408107
0.379286
0.615612
0.5944
0.58058
0.56044
0.534964
0.506212
0.475731
0.444667
0.41386
0.384172
0.625353
0.603549
0.588844
0.56775
0.541396
0.511864
0.480694
0.449037
0.417723
0.38745
0.630276
0.608171
0.593018
0.571442
0.544644
0.514719
0.4832
0.451245
0.419682
0.389133
0.63034
0.608229
0.59307
0.571488
0.544684
0.514752
0.483228
0.451269
0.419705
0.389166
0.625542
0.603719
0.588997
0.567885
0.541512
0.511961
0.480772
0.449098
0.417771
0.387489
0.615918
0.594674
0.580827
0.560655
0.535146
0.506361
0.475846
0.44475
0.413915
0.384201
0.601544
0.581164
0.568619
0.54985
0.525632
0.497991
0.468485
0.438256
0.408162
0.379303
0.582536
0.563292
0.552462
0.535545
0.513034
0.486906
0.458737
0.429656
0.400542
0.372804
0.559047
0.541197
0.532476
0.517843
0.497439
0.473183
0.446666
0.419008
0.391104
0.364736
0.531267
0.515052
0.508809
0.496868
0.478956
0.456913
0.432352
0.406381
0.379907
0.35514
0.499421
0.48506
0.481636
0.472771
0.457712
0.438206
0.415888
0.391853
0.367019
0.344061
0.463769
0.451458
0.45116
0.445723
0.433855
0.417186
0.39738
0.375518
0.352515
0.331552
0.424603
0.41451
0.417607
0.415917
0.407547
0.393994
0.376947
0.357476
0.336483
0.317673
0.382243
0.374507
0.381229
0.383564
0.378971
0.368785
0.35472
0.337839
0.319015
0.302492
0.337036
0.331767
0.342297
0.348896
0.348322
0.341723
0.33084
0.316728
0.300213
0.286079
0.289356
0.286629
0.301103
0.31216
0.315809
0.312989
0.30546
0.294273
0.280184
0.26851
0.239594
0.239454
0.257957
0.273616
0.281655
0.28277
0.278741
0.270611
0.259038
0.24986
0.188163
0.190619
0.213184
0.23354
0.246093
0.251265
0.250852
0.24589
0.236891
0.230197
0.135487
0.140514
0.167123
0.192217
0.209365
0.21868
0.22197
0.220267
0.213866
0.209573
0.0820036
0.0895432
0.120123
0.149942
0.17172
0.185223
0.192274
0.193918
0.190114
0.188014
0.0281553
0.0381151
0.0725408
0.107016
0.133414
0.151113
0.161941
0.167021
0.165817
0.165463
-0.025611
-0.0133582
0.0247403
0.0637444
0.0947061
0.116569
0.131139
0.139753
0.14132
0.141925
-0.0788499
-0.0644667
-0.0229117
0.0204322
0.0558565
0.0818209
0.100046
0.112244
0.117067
0.117034
-0.131119
-0.114806
-0.0700481
-0.0226183
0.0171206
0.0470991
0.0688327
0.0844209
0.0933642
0.0922557
-0.181981
-0.163973
-0.116308
-0.0651124
-0.0212526
0.012631
0.0377719
0.0564444
0.0694935
0.0730801
-0.23104
-0.211537
-0.161358
-0.106766
-0.0590188
-0.0213735
0.00712072
0.0287198
0.0454352
0.05453
-0.278067
-0.257012
-0.204938
-0.147304
-0.0959413
-0.0547296
-0.0229667
0.0014605
0.0211722
0.0344981
-0.322489
-0.300089
-0.246934
-0.186453
-0.131798
-0.0872696
-0.0523956
-0.0252552
-0.00300712
0.0134705
-0.363981
-0.340202
-0.287126
-0.223941
-0.166384
-0.118828
-0.08106
-0.0513537
-0.0268117
-0.00766154
-0.402342
-0.377497
-0.324525
-0.259618
-0.199508
-0.149241
-0.10883
-0.0767368
-0.0500837
-0.0285009
-0.437349
-0.41173
-0.358913
-0.293259
-0.230956
-0.178352
-0.13557
-0.101298
-0.0727334
-0.0489462
-0.468781
-0.442636
-0.390425
-0.324375
-0.260656
-0.206022
-0.161159
-0.124938
-0.0946797
-0.0689142
-0.496481
-0.470016
-0.418937
-0.353001
-0.288341
-0.232108
-0.185487
-0.147563
-0.115844
-0.0882914
-0.52035
-0.493738
-0.444257
-0.379038
-0.313908
-0.256531
-0.208465
-0.169086
-0.136159
-0.106975
-0.540345
-0.513733
-0.46625
-0.402355
-0.337287
-0.279219
-0.230046
-0.189423
-0.155558
-0.124913
-0.556477
-0.529993
-0.484853
-0.422863
-0.358407
-0.300081
-0.250193
-0.208566
-0.173924
-0.142156
-0.568815
-0.542571
-0.500058
-0.44051
-0.377214
-0.319065
-0.268813
-0.22649
-0.191088
-0.158956
-0.577482
-0.551577
-0.511905
-0.455284
-0.393682
-0.33615
-0.285877
-0.243153
-0.207268
-0.175254
-0.58266
-0.557176
-0.520484
-0.467204
-0.407808
-0.351334
-0.301385
-0.258546
-0.222376
-0.190271
-0.584575
-0.559591
-0.52593
-0.476326
-0.419614
-0.364631
-0.315349
-0.272657
-0.236345
-0.204031
-0.583503
-0.559095
-0.528429
-0.482742
-0.429147
-0.376072
-0.327788
-0.285496
-0.249225
-0.216793
-0.579752
-0.556
-0.528212
-0.486586
-0.436478
-0.385704
-0.338739
-0.297104
-0.261085
-0.228732
-0.573662
-0.550648
-0.525558
-0.488027
-0.441703
-0.393591
-0.348259
-0.307531
-0.271977
-0.239911
-0.565588
-0.543399
-0.520779
-0.487269
-0.444942
-0.399812
-0.356412
-0.316836
-0.281939
-0.250351
-0.555896
-0.534616
-0.51422
-0.48455
-0.446335
-0.404459
-0.363269
-0.325078
-0.291013
-0.260077
-0.544948
-0.524662
-0.506237
-0.480138
-0.446044
-0.407631
-0.368904
-0.332322
-0.299253
-0.269124
-0.533093
-0.51388
-0.49719
-0.474321
-0.44425
-0.40944
-0.373396
-0.338635
-0.306718
-0.277534
-0.520661
-0.502593
-0.487425
-0.467403
-0.441152
-0.410004
-0.376826
-0.344085
-0.31347
-0.285355
-0.50795
-0.49109
-0.477262
-0.459695
-0.436966
-0.40945
-0.379275
-0.348739
-0.319573
-0.29264
-0.495223
-0.479622
-0.466981
-0.4515
-0.431917
-0.407914
-0.380825
-0.352661
-0.325089
-0.299446
-0.482703
-0.468403
-0.456821
-0.443096
-0.426242
-0.405539
-0.381557
-0.355908
-0.330076
-0.305833
-0.470573
-0.457599
-0.446974
-0.434728
-0.420174
-0.402476
-0.381551
-0.358534
-0.334587
-0.311861
-0.458976
-0.447336
-0.437588
-0.426588
-0.413935
-0.398884
-0.380893
-0.360584
-0.338666
-0.317588
-0.448016
-0.437701
-0.428768
-0.418823
-0.407721
-0.394927
-0.379669
-0.362103
-0.342349
-0.323074
-0.437768
-0.428745
-0.420579
-0.41153
-0.401692
-0.390769
-0.377978
-0.363132
-0.345662
-0.328377
-0.42828
-0.420495
-0.413052
-0.404768
-0.39596
-0.386562
-0.375929
-0.363719
-0.419584
-0.412959
-0.406194
-0.398569
-0.3906
-0.382439
-0.37364
-0.363924
-0.411702
-0.406133
-0.399996
-0.392943
-0.385656
-0.378504
-0.371239
-0.404651
-0.400012
-0.394445
-0.387893
-0.381166
-0.374839
-0.398443
-0.394588
-0.389528
-0.38342
-0.377165
-0.393083
-0.389849
-0.385237
-0.379532
-0.388557
-0.385778
-0.381559
-0.376237
-0.384819
-0.382341
-0.378475
-0.38179
-0.379488
-0.379374
-0.377128
-0.377433
-0.3758
-0.226785
-0.236334
-0.245379
-0.253951
-0.262086
-0.269823
-0.277204
-0.284273
-0.291074
-0.297649
-0.304044
-0.208911
-0.217965
-0.226636
-0.234956
-0.24296
-0.250688
-0.258178
-0.265471
-0.272612
-0.27965
-0.286642
-0.192683
-0.201197
-0.209426
-0.217401
-0.225158
-0.232732
-0.240162
-0.247488
-0.254754
-0.262013
-0.269317
-0.178017
-0.186006
-0.193793
-0.201405
-0.20887
-0.21622
-0.223486
-0.230702
-0.237902
-0.245126
-0.252396
-0.164747
-0.172229
-0.179566
-0.186781
-0.193896
-0.200935
-0.207923
-0.214884
-0.22184
-0.228817
-0.23582
-0.152668
-0.159646
-0.166518
-0.173303
-0.180018
-0.186682
-0.193313
-0.199932
-0.206554
-0.213206
-0.219899
-0.141603
-0.148087
-0.154491
-0.160832
-0.167125
-0.173386
-0.179628
-0.185873
-0.192134
-0.198438
-0.204797
-0.131438
-0.13744
-0.143382
-0.14928
-0.155147
-0.160995
-0.166836
-0.172688
-0.178563
-0.184478
-0.190442
-0.122073
-0.127608
-0.133102
-0.138566
-0.144009
-0.149441
-0.154875
-0.16032
-0.165789
-0.171293
-0.176841
-0.11339
-0.118488
-0.123555
-0.128601
-0.133632
-0.138657
-0.143686
-0.148729
-0.153794
-0.158893
-0.164036
-0.105317
-0.110014
-0.114679
-0.119324
-0.12396
-0.128593
-0.133231
-0.137883
-0.142556
-0.147261
-0.152005
-0.0978318
-0.10214
-0.106421
-0.110687
-0.114945
-0.119203
-0.123466
-0.127742
-0.132037
-0.136358
-0.140714
-0.0908812
-0.0948185
-0.0987359
-0.102642
-0.106543
-0.110444
-0.114351
-0.118268
-0.122201
-0.126158
-0.130144
-0.0843955
-0.0879893
-0.0915683
-0.0951387
-0.0987052
-0.102272
-0.105842
-0.109422
-0.113016
-0.116629
-0.120267
-0.078341
-0.0816176
-0.0848828
-0.088141
-0.0913955
-0.0946496
-0.0979069
-0.101171
-0.104447
-0.107738
-0.111049
-0.072676
-0.0756628
-0.0786397
-0.0816096
-0.0845754
-0.0875399
-0.0905065
-0.0934781
-0.0964582
-0.0994503
-0.102458
-0.0673796
-0.0701024
-0.0728141
-0.0755176
-0.0782163
-0.0809133
-0.083611
-0.0863119
-0.0890188
-0.0917344
-0.094462
-0.062436
-0.0649122
-0.0673782
-0.0698363
-0.0722896
-0.0747403
-0.0771904
-0.079642
-0.0820973
-0.0845586
-0.0870284
-0.0578182
-0.060067
-0.0623071
-0.0645401
-0.066768
-0.0689927
-0.0712157
-0.0734386
-0.0756632
-0.0778914
-0.0801253
-0.0535003
-0.0555425
-0.0575768
-0.0596043
-0.0616265
-0.0636446
-0.06566
-0.067674
-0.0696879
-0.0717033
-0.0737218
-0.0494668
-0.0513213
-0.053168
-0.0550081
-0.0568426
-0.0586724
-0.0604986
-0.0623221
-0.0641441
-0.0659658
-0.0677884
-0.0457021
-0.0473857
-0.0490619
-0.0507314
-0.0523951
-0.0540536
-0.0557077
-0.0573581
-0.0590058
-0.0606516
-0.0622966
-0.0639417
-0.0421917
-0.0437203
-0.0452415
-0.0467561
-0.0482646
-0.0497676
-0.0512655
-0.052759
-0.0542486
-0.0557351
-0.0572193
-0.0587019
-0.0389223
-0.0403104
-0.0416911
-0.0430653
-0.0444332
-0.0457953
-0.0471517
-0.048503
-0.0498497
-0.0511922
-0.0525311
-0.0538671
-0.0358793
-0.0371405
-0.0383947
-0.0396422
-0.0408833
-0.042118
-0.0433467
-0.0445697
-0.0457873
-0.0469999
-0.048208
-0.0494119
-0.0330555
-0.0342017
-0.0353416
-0.0364745
-0.0376005
-0.03872
-0.0398333
-0.0409404
-0.0420416
-0.0431372
-0.0442275
-0.0453127
-0.0304397
-0.0314823
-0.0325183
-0.0335476
-0.03457
-0.0355857
-0.036595
-0.0375978
-0.0385942
-0.0395846
-0.040569
-0.0415476
-0.0280221
-0.028971
-0.0299135
-0.0308493
-0.0317783
-0.0327006
-0.0336163
-0.0345252
-0.0354276
-0.0363234
-0.0372129
-0.0380961
-0.0257924
-0.0266572
-0.0275157
-0.0283676
-0.0292127
-0.0300512
-0.0308828
-0.0317076
-0.0325256
-0.0333368
-0.0341413
-0.0349391
-0.023743
-0.0245325
-0.0253156
-0.0260923
-0.0268622
-0.0276254
-0.0283818
-0.0291313
-0.0298738
-0.0306093
-0.0313379
-0.0320596
-0.0218667
-0.0225887
-0.0233044
-0.0240136
-0.0247163
-0.0254123
-0.0261014
-0.0267836
-0.0274587
-0.0281268
-0.0287878
-0.0294417
-0.0201568
-0.0208184
-0.0214739
-0.0221231
-0.0227658
-0.0234018
-0.024031
-0.0246533
-0.0252686
-0.0258767
-0.0264777
-0.0270714
-0.0186072
-0.0192153
-0.0198173
-0.0204131
-0.0210025
-0.0215853
-0.0221614
-0.0227306
-0.0232927
-0.0238478
-0.0243957
-0.0249363
-0.0172132
-0.0177738
-0.0183285
-0.0188771
-0.0194194
-0.0199552
-0.0204844
-0.0210067
-0.0215221
-0.0220305
-0.0225317
-0.0230256
-0.0159704
-0.0164893
-0.0170025
-0.0175097
-0.0180106
-0.0185052
-0.0189933
-0.0194747
-0.0199492
-0.0204167
-0.0208771
-0.0213303
-0.0148759
-0.0153585
-0.0158356
-0.0163067
-0.0167718
-0.0172306
-0.017683
-0.0181288
-0.0185679
-0.0190001
-0.0194253
-0.0198433
-0.0139278
-0.0143793
-0.0148253
-0.0152656
-0.0156999
-0.016128
-0.0165499
-0.0169653
-0.0173741
-0.0177761
-0.0181712
-0.0185594
-0.0131259
-0.0135512
-0.0139711
-0.0143854
-0.0147938
-0.0151963
-0.0155925
-0.0159825
-0.0163659
-0.0167427
-0.0171128
-0.0174761
-0.012471
-0.0128748
-0.0132734
-0.0136665
-0.0140538
-0.0144353
-0.0148107
-0.01518
-0.0155429
-0.0158994
-0.0162492
-0.0165924
-0.0119683
-0.0123555
-0.0127375
-0.013114
-0.0134849
-0.0138501
-0.0142094
-0.0145627
-0.0149098
-0.0152506
-0.015585
-0.0159128
-0.0116198
-0.0119952
-0.0123655
-0.0127304
-0.01309
-0.0134439
-0.0137921
-0.0141344
-0.0144707
-0.0148009
-0.0151249
-0.0154425
-0.0114438
-0.0118117
-0.0121745
-0.0125321
-0.0128843
-0.0132311
-0.0135722
-0.0139077
-0.0142374
-0.0145613
-0.0148791
-0.0151909
0.0841372
0.064795
0.0471101
0.0296198
0.0110103
-0.00792278
-0.026453
-0.0445168
-0.0621653
-0.0793392
-0.0959615
-0.112004
-0.127459
-0.142293
-0.156448
-0.170125
-0.182908
-0.194825
-0.206055
-0.216699
0.0752805
0.0565612
0.0376351
0.020873
0.00404208
-0.0131911
-0.0300201
-0.0461996
-0.0618761
-0.077107
-0.0918444
-0.106047
-0.119671
-0.132638
-0.144796
-0.156809
-0.168331
-0.179224
-0.189567
-0.199451
0.0646861
0.047185
0.0286041
0.0129228
-0.00184144
-0.0169598
-0.0319284
-0.046295
-0.0601305
-0.0735618
-0.0865775
-0.0991214
-0.111154
-0.122658
-0.133665
-0.144525
-0.15506
-0.165105
-0.174678
-0.183854
0.0536914
0.037793
0.0205526
0.00617931
-0.00680502
-0.0200136
-0.0332915
-0.0461103
-0.0584061
-0.0703152
-0.0818812
-0.093073
-0.103873
-0.114283
-0.124299
-0.133813
-0.143271
-0.15247
-0.1613
-0.169795
0.0435244
0.0293153
0.0137366
0.000710013
-0.0107982
-0.0223812
-0.0341344
-0.0455726
-0.056534
-0.0671227
-0.0774152
-0.0874025
-0.0970601
-0.106379
-0.115362
-0.124034
-0.132683
-0.141109
-0.149235
-0.157096
0.0345455
0.0218728
0.00797108
-0.00374607
-0.0140027
-0.0242162
-0.0346171
-0.0448141
-0.0546048
-0.0640498
-0.0732346
-0.0821718
-0.0908422
-0.0992332
-0.10735
-0.11522
-0.123118
-0.130822
-0.138291
-0.14556
0.0267226
0.0153948
0.00308323
-0.00738042
-0.0165381
-0.0255861
-0.0348
-0.0438846
-0.052639
-0.0610882
-0.0693115
-0.0773388
-0.0851655
-0.092794
-0.100234
-0.10749
-0.114444
-0.121404
-0.128282
-0.135012
0.0199558
0.00981683
-0.00103288
-0.0103243
-0.0185022
-0.0265489
-0.0347292
-0.042825
-0.0506587
-0.0582327
-0.065612
-0.0728305
-0.0798883
-0.086781
-0.0935072
-0.100066
-0.106457
-0.112838
-0.119153
-0.125351
0.0141524
0.00507696
-0.00445638
-0.0126784
-0.0199816
-0.0271601
-0.0344414
-0.0416632
-0.0486781
-0.055477
-0.06211
-0.0686086
-0.0749769
-0.0812128
-0.0873192
-0.0933063
-0.0991805
-0.10503
-0.110803
-0.116479
0.00922121
0.00109925
-0.00726486
-0.0145284
-0.0210525
-0.0274723
-0.0339696
-0.0404208
-0.0467081
-0.0528192
-0.0587916
-0.0646523
-0.0704063
-0.0760509
-0.0815835
-0.0870126
-0.092375
-0.0977602
-0.103056
-0.108253
0.00506909
-0.00219963
-0.00953416
-0.0159475
-0.0217788
-0.0275312
-0.0333416
-0.0391131
-0.0447539
-0.0502528
-0.0556381
-0.0609328
-0.0661445
-0.0712752
-0.0763305
-0.0813125
-0.0862022
-0.0909877
-0.0957846
-0.100574
0.00160626
-0.00490041
-0.0113337
-0.0169972
-0.0222125
-0.027375
-0.0325807
-0.0377514
-0.0428171
-0.0477693
-0.0526293
-0.0574152
-0.0621332
-0.0667838
-0.0713675
-0.0758834
-0.0803308
-0.0847142
-0.0891037
-0.093485
-0.00125068
-0.00707695
-0.0127246
-0.0177293
-0.022397
-0.0270356
-0.0317067
-0.0363452
-0.0408983
-0.0453607
-0.0497487
-0.0540761
-0.0583475
-0.062564
-0.0667268
-0.070838
-0.0749012
-0.0789158
-0.0829236
-0.086916
-0.00357734
-0.0087963
-0.0137606
-0.0181878
-0.0223683
-0.0265403
-0.030737
-0.0349028
-0.0389986
-0.043022
-0.0469859
-0.0509004
-0.0547693
-0.0585937
-0.062375
-0.0661154
-0.0698175
-0.0734834
-0.0771411
-0.0807803
-0.00544154
-0.0101185
-0.0144888
-0.0184105
-0.0221576
-0.0259128
-0.0296874
-0.0334328
-0.0371201
-0.0407498
-0.0443321
-0.0478743
-0.0513792
-0.0548475
-0.0582803
-0.0616795
-0.0650481
-0.0683903
-0.0717291
-0.0750468
-0.00690383
-0.011097
-0.0149513
-0.0184306
-0.0217918
-0.0251742
-0.0285725
-0.0319432
-0.0352655
-0.0385419
-0.0417809
-0.0449877
-0.0481639
-0.0513099
-0.0544262
-0.0575136
-0.0605734
-0.063609
-0.0666538
-0.0696753
-0.00801801
-0.0117793
-0.015185
-0.0182771
-0.0212948
-0.0243433
-0.0274053
-0.0304416
-0.0334374
-0.0363967
-0.0393267
-0.0422311
-0.0451112
-0.0479676
-0.0508017
-0.0536156
-0.0564105
-0.0591852
-0.0619141
-0.0646471
-0.00883193
-0.0122073
-0.015223
-0.0179761
-0.0206878
-0.0234369
-0.0261978
-0.0289351
-0.0316384
-0.0343124
-0.0369634
-0.039594
-0.0422045
-0.044795
-0.0473662
-0.0499188
-0.0524529
-0.0549678
-0.0574607
-0.0599504
-0.00938813
-0.0124186
-0.0150947
-0.0175508
-0.0199898
-0.0224703
-0.0249614
-0.0274312
-0.0298719
-0.0322892
-0.0346884
-0.0370711
-0.0394371
-0.0417863
-0.0441191
-0.0464362
-0.048738
-0.0510249
-0.0532959
-0.0555605
-0.00972461
-0.0124466
-0.0148269
-0.0170225
-0.0192186
-0.0214579
-0.0237072
-0.0259372
-0.0281426
-0.030329
-0.0325011
-0.0346599
-0.036805
-0.0389359
-0.041053
-0.0431568
-0.0452476
-0.0473259
-0.0493914
-0.0514496
-0.00987535
-0.0123214
-0.0144436
-0.0164108
-0.0183903
-0.0204133
-0.0224457
-0.024461
-0.0264552
-0.028434
-0.0304015
-0.0323583
-0.0343036
-0.0362371
-0.0381588
-0.040069
-0.0419681
-0.0438564
-0.0457339
-0.0476042
-0.00987079
-0.0120698
-0.0139667
-0.0157334
-0.01752
-0.0193489
-0.0211867
-0.0230095
-0.0248144
-0.0266067
-0.0283899
-0.0301644
-0.0319294
-0.0336843
-0.0354291
-0.0371639
-0.0388891
-0.0406048
-0.0423111
-0.0440104
-0.0097382
-0.0117161
-0.013416
-0.0150065
-0.0166212
-0.0182761
-0.0199395
-0.0215898
-0.0232248
-0.0248495
-0.0264668
-0.028077
-0.0296792
-0.0312727
-0.0328575
-0.0344336
-0.0360011
-0.0375602
-0.039111
-0.0406552
-0.009502
-0.011282
-0.0128095
-0.014245
-0.0157066
-0.0172056
-0.0187125
-0.0202082
-0.0216909
-0.023165
-0.0246331
-0.0260953
-0.0275506
-0.0289983
-0.0304383
-0.0318706
-0.0332952
-0.0347122
-0.0361218
-0.037526
-0.00918396
-0.0107869
-0.0121632
-0.0134623
-0.0147875
-0.0161468
-0.0175136
-0.0188708
-0.020217
-0.0215559
-0.0228898
-0.0242188
-0.0255418
-0.0268581
-0.0281676
-0.0294699
-0.030765
-0.0320527
-0.0333332
-0.0346104
-0.00880341
-0.0102479
-0.0114915
-0.0126703
-0.013874
-0.0151085
-0.0163497
-0.0175829
-0.0188066
-0.0200243
-0.0212378
-0.0224471
-0.0236513
-0.0248497
-0.0260421
-0.0272284
-0.0284086
-0.0295825
-0.0307493
-0.0319045
-0.00837745
-0.00968035
-0.0108072
-0.0118798
-0.0129754
-0.014098
-0.0152268
-0.0163488
-0.0174629
-0.0185718
-0.019677
-0.0207785
-0.0218754
-0.0229671
-0.0240532
-0.0251336
-0.026208
-0.0272761
-0.0283375
-0.0293914
-0.0079211
-0.00909748
-0.0101214
-0.0111002
-0.0120994
-0.0131222
-0.0141503
-0.0151729
-0.0161887
-0.0172
-0.018208
-0.0192127
-0.0202132
-0.0212089
-0.0221995
-0.0231848
-0.0241645
-0.0251383
-0.026106
-0.027067
-0.00744753
-0.00851103
-0.00944423
-0.0103399
-0.0112534
-0.0121869
-0.0131252
-0.0140588
-0.0149866
-0.0159105
-0.0168314
-0.0177492
-0.0186632
-0.0195729
-0.0204777
-0.0213776
-0.0222721
-0.0231612
-0.0240443
-0.0249213
-0.00696818
-0.00793115
-0.00878421
-0.00960632
-0.0104435
-0.0112975
-0.0121555
-0.0130096
-0.0138588
-0.0147045
-0.0155475
-0.0163875
-0.0172241
-0.0180565
-0.0188844
-0.0197077
-0.0205259
-0.0213388
-0.0221461
-0.0229475
-0.00649293
-0.00736656
-0.00814883
-0.00890573
-0.00967507
-0.0104582
-0.0112447
-0.012028
-0.0128071
-0.013583
-0.0143563
-0.0151269
-0.0158941
-0.0166575
-0.0174166
-0.0181712
-0.018921
-0.0196658
-0.0204051
-0.0211388
-0.00603023
-0.00682471
-0.00754446
-0.00824362
-0.00895278
-0.00967307
-0.010396
-0.0111163
-0.0118329
-0.0125466
-0.0132579
-0.0139665
-0.0146719
-0.0153737
-0.0160714
-0.0167648
-0.0174536
-0.0181374
-0.0188161
-0.0194892
-0.00558727
-0.00631191
-0.00697656
-0.00762467
-0.00828058
-0.00894522
-0.0096119
-0.0102763
-0.0109375
-0.011596
-0.0122522
-0.0129058
-0.0135563
-0.0142033
-0.0148464
-0.0154853
-0.0161198
-0.0167495
-0.0173741
-0.0179934
-0.00517013
-0.0058335
-0.00644976
-0.0070529
-0.00766189
-0.00827753
-0.00889461
-0.00950968
-0.010122
-0.0107318
-0.0113393
-0.0119442
-0.0125462
-0.0131447
-0.0137395
-0.0143302
-0.0149166
-0.0154984
-0.0160752
-0.0166469
-0.00478398
-0.00539403
-0.00596805
-0.00653182
-0.00709976
-0.00767254
-0.00824622
-0.0088181
-0.00938752
-0.0099546
-0.0105194
-0.0110816
-0.0116409
-0.0121968
-0.0127491
-0.0132975
-0.0138417
-0.0143813
-0.0149161
-0.0154459
-0.00443323
-0.00499741
-0.00553492
-0.00606456
-0.00659694
-0.00713262
-0.00766871
-0.00820315
-0.00873533
-0.00926526
-0.0097929
-0.010318
-0.0108402
-0.0113591
-0.0118744
-0.0123859
-0.0128933
-0.0133962
-0.0138945
-0.0143877
-0.00412174
-0.00464711
-0.00515356
-0.00565408
-0.00615614
-0.00666019
-0.0071642
-0.00766663
-0.00816696
-0.00866508
-0.00916089
-0.00965413
-0.0101445
-0.0106316
-0.0111152
-0.011595
-0.0120707
-0.0125421
-0.0130089
-0.0134709
-0.00385302
-0.00434637
-0.00482706
-0.00530333
-0.00578014
-0.00625786
-0.00673512
-0.0072108
-0.00768446
-0.00815592
-0.00862503
-0.00909152
-0.00955511
-0.0100155
-0.0104724
-0.0109255
-0.0113746
-0.0118195
-0.0122598
-0.0126953
-0.00363041
-0.00409841
-0.0045586
-0.00501548
-0.00547206
-0.00592864
-0.00638436
-0.00683846
-0.00729052
-0.00774035
-0.00818774
-0.00863245
-0.0090742
-0.00951273
-0.00994777
-0.0103791
-0.0108064
-0.0112294
-0.011648
-0.012062
-0.00345737
-0.00390673
-0.00435178
-0.00479426
-0.00523573
-0.00567646
-0.00611596
-0.00655372
-0.00698938
-0.0074227
-0.00785348
-0.00828148
-0.00870645
-0.00912813
-0.00954628
-0.00996068
-0.0103711
-0.0107772
-0.011179
-0.0115761
-0.00333758
-0.00377517
-0.00421056
-0.00464367
-0.00507514
-0.00550519
-0.00593363
-0.00636011
-0.00678434
-0.00720609
-0.00762513
-0.00804126
-0.00845426
-0.0088639
-0.00926997
-0.00967226
-0.0100705
-0.0104646
-0.0108543
-0.0112395
-0.00327529
-0.00370863
-0.00414089
-0.00457097
-0.0049989
-0.00542486
-0.00584877
-0.0062704
-0.00668946
-0.00710572
-0.00751897
-0.007929
-0.00833563
-0.00873866
-0.00913789
-0.00953315
-0.00992425
-0.010311
-0.0106933
-0.0110709
0.103775
0.105128
0.1076
0.111114
0.115457
0.120614
0.126381
0.132741
0.139429
0.146402
0.153269
0.159944
0.165818
0.170785
0.173885
0.175116
0.172865
0.167566
0.156061
0.139843
0.110709
0.102813
0.104103
0.106453
0.109783
0.113875
0.1187
0.124042
0.129865
0.135888
0.142044
0.147924
0.153416
0.157903
0.161252
0.162534
0.161692
0.157289
0.149524
0.136183
0.118156
0.0942257
0.101759
0.102978
0.10519
0.108312
0.112125
0.116581
0.121458
0.126701
0.132016
0.137319
0.142188
0.146499
0.149643
0.151481
0.151156
0.148594
0.14264
0.133427
0.119775
0.102386
0.081578
0.100606
0.101748
0.103812
0.106713
0.110227
0.114296
0.118687
0.12333
0.127923
0.132362
0.13623
0.139384
0.141256
0.141688
0.139955
0.135946
0.128869
0.118773
0.105214
0.0884919
0.0691567
0.0993522
0.100412
0.10232
0.104988
0.108193
0.111859
0.115752
0.119783
0.123653
0.127235
0.130133
0.13218
0.132875
0.132035
0.129097
0.123913
0.116017
0.105381
0.0919375
0.0758066
0.0576072
0.0979942
0.0989676
0.100713
0.103137
0.106021
0.109272
0.11266
0.116074
0.119226
0.121967
0.123936
0.124942
0.124566
0.122606
0.118657
0.112557
0.104073
0.0931555
0.0799128
0.0644781
0.0474543
0.0965296
0.0974123
0.0989894
0.10116
0.103713
0.106541
0.109418
0.112215
0.114663
0.11659
0.117678
0.117722
0.116386
0.113463
0.108684
0.101898
0.0930272
0.0820424
0.0691462
0.0545075
0.0386584
0.0949565
0.0957448
0.0971478
0.0990579
0.101275
0.103673
0.106039
0.108227
0.109989
0.111139
0.111405
0.110575
0.108393
0.104661
0.0992207
0.0919493
0.0828698
0.0719916
0.0595644
0.0457577
0.0310295
0.0932738
0.0939646
0.0951892
0.0968337
0.0987092
0.100677
0.102538
0.10413
0.105233
0.105652
0.10516
0.103551
0.100637
0.0962463
0.0903002
0.0827154
0.0735812
0.0629396
0.051059
0.038087
0.0244219
0.091481
0.0920719
0.0931151
0.094491
0.0960241
0.0975649
0.0989297
0.0999474
0.100424
0.100165
0.0989854
0.0966947
0.0931636
0.0882517
0.0819421
0.07419
0.0651269
0.0548157
0.0435281
0.0313832
0.0187294
0.0895785
0.090068
0.0909281
0.0920349
0.0932275
0.0943489
0.095232
0.0957021
0.0955913
0.0947129
0.0929201
0.0900452
0.0860072
0.0807008
0.0741543
0.0663562
0.0574638
0.0475508
0.036883
0.0255511
0.0138577
0.0875676
0.0879552
0.0886318
0.0894717
0.0903287
0.0910427
0.0914632
0.091418
0.0907639
0.0893284
0.0869987
0.0836348
0.0791948
0.0736077
0.0669345
0.0591905
0.050546
0.0410791
0.0310431
0.0205023
0.00971646
0.0854508
0.0857371
0.0862314
0.0868091
0.0873386
0.0876612
0.0876427
0.0871189
0.0859695
0.0840414
0.0812518
0.0774899
0.0727455
0.0669786
0.0602731
0.0526639
0.044326
0.0353367
0.0259323
0.0161538
0.00622169
0.0832316
0.0834181
0.0837329
0.0840558
0.0842691
0.08422
0.0837902
0.082828
0.0812346
0.0788792
0.0757053
0.0716311
0.0666715
0.0608128
0.0541542
0.0467441
0.0387554
0.0302616
0.0214793
0.0124293
0.00329699
0.0809144
0.081004
0.0811438
0.0812216
0.0811331
0.0807355
0.0799255
0.0785678
0.0765835
0.0738655
0.0703805
0.0660731
0.0609784
0.0551038
0.0485573
0.041396
0.0337858
0.0257944
0.0176175
0.00925903
0.000873616
0.0785053
0.0785016
0.0784727
0.0783175
0.0779446
0.0772242
0.0760683
0.0743597
0.0720383
0.0690208
0.0652938
0.0608257
0.0556664
0.0498401
0.0434584
0.0365829
0.0293694
0.0218788
0.0142854
0.00657987
-0.00111012
0.0760112
0.075919
0.0757294
0.0753551
0.0747178
0.0737031
0.0722374
0.0702236
0.0676186
0.0643622
0.0604576
0.0558937
0.0507311
0.0450065
0.0388309
0.0322675
0.0254599
0.0184616
0.0114266
0.00433459
-0.0027095
0.0734404
0.0732654
0.0729247
0.0723472
0.0714677
0.0701886
0.068451
0.0661776
0.0633414
0.0599029
0.0558798
0.0512776
0.0461641
0.0405845
0.0346465
0.0284124
0.0220126
0.0154932
0.00898902
0.00247146
-0.00397399
0.0708023
0.0705507
0.0700702
0.0693071
0.0682094
0.0666973
0.0647262
0.062238
0.0592207
0.0556532
0.0515648
0.0469743
0.0419538
0.0365536
0.0308761
0.0249809
0.0189851
0.0129276
0.00692524
0.000943698
-0.00494793
0.0681076
0.0677864
0.0671786
0.0662484
0.064958
0.0632448
0.0610784
0.0584192
0.055268
0.05162
0.0475134
0.0429776
0.038086
0.0328916
0.0274903
0.0219374
0.0163372
0.0107218
0.00519181
-0.000290969
-0.00567109
0.0653679
0.0649844
0.0642628
0.0631855
0.0617283
0.0598462
0.0575221
0.0547333
0.0514921
0.0478073
0.0437238
0.0392786
0.0345446
0.0295755
0.0244595
0.0192475
0.0140311
0.00883615
0.00374911
-0.00127075
-0.0061792
0.0625958
0.0621577
0.0613367
0.0601325
0.058535
0.0565156
0.0540701
0.0511905
0.0478994
0.0442164
0.0401914
0.0358663
0.0313123
0.0265818
0.0217552
0.0168784
0.0120312
0.00723432
0.00256104
-0.00203018
-0.00650437
0.0598047
0.0593198
0.0584143
0.0571039
0.0553921
0.0532661
0.0507333
0.047799
0.044494
0.0408466
0.0369097
0.0327284
0.0283707
0.0238869
0.0193494
0.014799
0.0103048
0.00588273
0.00159475
-0.00260045
-0.00667548
0.0570087
0.056485
0.0555098
0.0541137
0.0523131
0.0501098
0.0475217
0.0445652
0.0412779
0.0376949
0.0338704
0.0298511
0.025701
0.0214676
0.0172153
0.0129801
0.00882126
0.0047507
0.000820454
-0.00300968
-0.00671845
0.0542224
0.0536677
0.0526377
0.0511758
0.0493108
0.0470576
0.0444432
0.0414936
0.0382516
0.0347569
0.0310642
0.0272203
0.0232847
0.0193015
0.0153276
0.0113944
0.00755246
0.00381026
0.000211162
-0.00328317
-0.00665648
0.0514609
0.0508828
0.0498122
0.0483037
0.0463973
0.0441192
0.0415047
0.0385874
0.0354138
0.032027
0.0284808
0.0248212
0.021103
0.0173667
0.0136622
0.0100166
0.00647256
0.00303593
-0.000257467
-0.00344362
-0.00651028
0.0487394
0.0481453
0.0470474
0.0455104
0.0435836
0.0413034
0.0387117
0.0358483
0.0327622
0.0294984
0.0261093
0.0226391
0.0191381
0.0156428
0.0121968
0.0088233
0.005558
0.00240469
-0.000607315
-0.0035113
-0.00629826
0.0460733
0.0454699
0.0443574
0.0428084
0.0408802
0.0386177
0.0360685
0.0332769
0.0302934
0.027164
0.0239387
0.0206597
0.0173725
0.0141103
0.0109105
0.00779295
0.00478733
0.00189577
-0.000857974
-0.00350428
-0.0060367
0.0434779
0.0428714
0.0417557
0.0402094
0.0382966
0.0360689
0.0335785
0.030873
0.0280036
0.025016
0.0219578
0.0188688
0.0157901
0.0127511
0.00978418
0.00690605
0.00414123
0.00149057
-0.00102689
-0.00343852
-0.00573993
0.0409684
0.0403643
0.0392555
0.0377249
0.0358416
0.033663
0.0312444
0.0286358
0.0258883
0.0230467
0.020156
0.0172533
0.0143754
0.0115485
0.00880033
0.00614491
0.00360233
0.0011725
-0.00112954
-0.00332813
-0.00542051
0.0385598
0.0379629
0.0368695
0.0353653
0.0335233
0.031405
0.0290681
0.026564
0.0239429
0.0212486
0.0185231
0.0158006
0.0131143
0.0104872
0.00794315
0.00549368
0.00315517
0.000926862
-0.00117954
-0.00318543
-0.00508935
0.0362669
0.0356811
0.0346101
0.033141
0.0313494
0.0292998
0.0270513
0.0246561
0.0221631
0.0196144
0.0170493
0.0144993
0.0119939
0.00955362
0.00719847
0.00493824
0.00278605
0.000740741
-0.0011888
-0.00302115
-0.00475587
0.034104
0.0335324
0.0324891
0.0310616
0.029327
0.0273517
0.0251956
0.0229107
0.0205446
0.0181376
0.015726
0.013339
0.0110027
0.00873533
0.00655375
0.00446616
0.002483
0.000602869
-0.00116767
-0.00284454
-0.00442814
0.0320856
0.0315303
0.0305183
0.0291368
0.0274633
0.0255652
0.0235024
0.0213266
0.0190837
0.0168121
0.0145454
0.0123105
0.0101306
0.00802161
0.00599801
0.0040666
0.00223561
0.0005035
-0.00112506
-0.00266357
-0.00411306
0.0302255
0.0296878
0.0287093
0.027376
0.0257652
0.0239445
0.0219735
0.0199031
0.0177774
0.015633
0.013501
0.0114059
0.0093686
0.00740319
0.00552184
0.00373029
0.00203495
0.000434285
-0.0010686
-0.00248502
-0.0038165
0.0285381
0.0280184
0.0270738
0.0257889
0.0242402
0.0224947
0.0206115
0.0186404
0.0166238
0.0145964
0.0125872
0.0106188
0.00870958
0.00687232
0.0051173
0.00344938
0.00187349
0.000388145
-0.00100479
-0.0023147
-0.00354347
0.0270376
0.0265357
0.0256241
0.0243858
0.0228961
0.0212213
0.0194196
0.0175395
0.015622
0.0136999
0.0118003
0.00994401
0.00814771
0.00642275
0.00477795
0.00321743
0.00174495
0.000359151
-0.000939119
-0.00215754
-0.00329833
0.0257394
0.0252539
0.0243729
0.0231777
0.0217419
0.0201311
0.0184022
0.0166029
0.0147725
0.0129424
0.0111378
0.00937826
0.00767883
0.00604979
0.00449875
0.0030293
0.00164427
0.000342403
-0.000876207
-0.00201783
-0.00308491
0.0246595
0.0241885
0.0233345
0.0221768
0.0207879
0.0192322
0.0175657
0.0158348
0.0140777
0.0123246
0.0105992
0.00891988
0.00730044
0.00575031
0.00427617
0.00288118
0.00156748
0.000333926
-0.000819962
-0.00189932
-0.00290673
0.0238158
0.0233566
0.0225246
0.0213975
0.0200464
0.018535
0.0169181
0.0152415
0.0135423
0.0118495
0.0101861
0.00856923
0.0070119
0.00552288
0.00410813
0.00277052
0.00151168
0.000330578
-0.000773689
-0.00180538
-0.00276721
0.0232285
0.0227778
0.0219616
0.0208564
0.0195324
0.0180523
0.0164705
0.0148321
0.0131734
0.0115228
0.00990245
0.00832895
0.00681466
0.00536789
0.00399414
0.00269607
0.00147499
0.000329961
-0.000740214
-0.0017392
-0.00266981
0.022921
0.0224748
0.0216669
0.0205735
0.0192641
0.0178007
0.0162374
0.014619
0.0129816
0.0113531
0.0097553
0.00820448
0.00671265
0.0052879
0.00393549
0.002658
0.00145657
0.000330304
-0.00072211
-0.00170403
-0.00261833
0.109874
0.111385
0.1142
0.118268
0.123418
0.129727
0.136935
0.145265
0.154624
0.165135
0.176742
0.189578
0.203597
0.218935
0.235523
0.253507
0.27275
0.293418
0.315215
0.338377
0.362226
0.109845
0.111352
0.114149
0.118173
0.123228
0.129396
0.136648
0.144952
0.154276
0.16475
0.176318
0.189117
0.203094
0.218389
0.234924
0.252843
0.271992
0.292534
0.31415
0.337131
0.360806
0.109784
0.111284
0.114071
0.118089
0.123167
0.129398
0.136566
0.14483
0.154111
0.164536
0.176041
0.188762
0.20264
0.217814
0.234196
0.251933
0.270855
0.291138
0.312438
0.335053
0.358214
0.109694
0.111191
0.113975
0.11799
0.123063
0.12926
0.136422
0.144667
0.153915
0.164294
0.175733
0.18837
0.20213
0.217154
0.233333
0.250817
0.269408
0.289288
0.310065
0.332062
0.354386
0.109575
0.111069
0.113847
0.117854
0.122914
0.129092
0.136222
0.144433
0.153633
0.163948
0.175298
0.18782
0.201422
0.216246
0.232157
0.249305
0.267456
0.286799
0.306877
0.328055
0.349277
0.109426
0.110916
0.113687
0.117683
0.122729
0.128883
0.135976
0.144143
0.153281
0.163515
0.174752
0.187129
0.200533
0.215106
0.230682
0.247411
0.265012
0.283687
0.302896
0.323057
0.342912
0.109248
0.110733
0.113495
0.117479
0.12251
0.128632
0.135682
0.143797
0.152861
0.162999
0.174102
0.186305
0.199474
0.213747
0.228921
0.245151
0.262095
0.279973
0.298144
0.317092
0.335312
0.109041
0.110521
0.113273
0.117245
0.122232
0.128336
0.135342
0.143396
0.152375
0.162401
0.173349
0.185351
0.198246
0.212171
0.226881
0.242531
0.258714
0.275668
0.292634
0.310177
0.326503
0.108806
0.11028
0.113021
0.116983
0.121988
0.127997
0.134955
0.142941
0.151824
0.161722
0.172494
0.184269
0.196853
0.210384
0.224566
0.23956
0.254878
0.270784
0.286381
0.302333
0.316514
0.108543
0.110011
0.112739
0.116688
0.121641
0.12762
0.134525
0.142434
0.15121
0.160965
0.171541
0.183061
0.195299
0.20839
0.221983
0.236244
0.250596
0.265336
0.279404
0.293588
0.305381
0.108252
0.109713
0.112428
0.116355
0.12128
0.127209
0.134052
0.141876
0.150534
0.160132
0.170492
0.181732
0.193589
0.206195
0.219138
0.232594
0.245881
0.259339
0.271722
0.28397
0.293147
0.107934
0.109388
0.112092
0.115958
0.12088
0.126762
0.133537
0.141269
0.149798
0.159225
0.169351
0.180284
0.191726
0.203804
0.216039
0.228618
0.240744
0.25281
0.263357
0.273512
0.279858
0.107589
0.109037
0.111734
0.115651
0.120442
0.126279
0.132982
0.140614
0.149004
0.158247
0.168119
0.178722
0.189716
0.201222
0.212693
0.224327
0.235198
0.245768
0.254334
0.262248
0.265565
0.107219
0.10866
0.111341
0.115198
0.119976
0.125762
0.132388
0.139912
0.148156
0.1572
0.166802
0.177049
0.187564
0.198457
0.20911
0.21973
0.229257
0.23823
0.244675
0.250219
0.250321
0.106823
0.10826
0.110915
0.114742
0.119485
0.125213
0.131757
0.139167
0.147254
0.156087
0.165402
0.17527
0.185275
0.195514
0.205297
0.214839
0.222935
0.230218
0.234408
0.237464
0.234176
0.106403
0.107833
0.110496
0.114263
0.118964
0.124632
0.131088
0.138379
0.1463
0.15491
0.16392
0.173387
0.182853
0.192399
0.201262
0.209661
0.216248
0.221752
0.223558
0.224027
0.217173
0.105959
0.107377
0.110015
0.113757
0.118416
0.124019
0.130384
0.137547
0.145294
0.153668
0.162357
0.1714
0.180298
0.189112
0.197009
0.204205
0.209211
0.212853
0.21216
0.20996
0.199338
0.105493
0.106922
0.109517
0.113232
0.117847
0.123384
0.129656
0.136689
0.144255
0.152383
0.160738
0.169336
0.17764
0.185684
0.192571
0.198504
0.201862
0.203558
0.200261
0.195336
0.180687
0.105002
0.10642
0.109004
0.112692
0.117267
0.122743
0.128925
0.135832
0.14322
0.151104
0.159119
0.16726
0.174946
0.182184
0.188005
0.192598
0.19422
0.193859
0.187818
0.180116
0.161026
0.104491
0.10589
0.108448
0.112092
0.116607
0.121997
0.128062
0.13481
0.141982
0.149575
0.157201
0.164827
0.171834
0.178195
0.182884
0.186052
0.185894
0.183428
0.174698
0.163892
0.139627
0.104501
0.105894
0.108461
0.112121
0.116655
0.122064
0.128145
0.134904
0.142079
0.149662
0.157262
0.164844
0.171787
0.178065
0.182653
0.185716
0.185426
0.182823
0.173973
0.163092
0.139036
0.105019
0.106452
0.109082
0.112839
0.117498
0.123067
0.129345
0.136349
0.143823
0.151778
0.159835
0.167986
0.17563
0.182783
0.188448
0.192852
0.194211
0.193607
0.18733
0.179561
0.160627
0.10551
0.106977
0.109638
0.113448
0.118177
0.123837
0.130233
0.137389
0.145064
0.153281
0.161689
0.170301
0.178563
0.186514
0.193237
0.198963
0.202061
0.203494
0.19998
0.194925
0.180421
0.105975
0.10742
0.110135
0.11397
0.118741
0.124464
0.130951
0.138236
0.146091
0.154556
0.163306
0.172375
0.181249
0.189991
0.197756
0.20477
0.209553
0.212941
0.21205
0.209673
0.199162
0.106417
0.10788
0.110613
0.114473
0.119286
0.125073
0.131653
0.139068
0.147103
0.155813
0.164896
0.174404
0.183866
0.19336
0.202115
0.210351
0.216737
0.221991
0.223601
0.223861
0.217063
0.106837
0.108309
0.111039
0.114955
0.11981
0.125661
0.132332
0.139872
0.148079
0.157021
0.166419
0.176341
0.186358
0.196562
0.206256
0.215649
0.223563
0.2306
0.234592
0.237413
0.23412
0.107232
0.10871
0.111461
0.115412
0.120306
0.126217
0.132974
0.140631
0.149001
0.158161
0.167856
0.178168
0.18871
0.199582
0.210166
0.220653
0.230013
0.238747
0.244989
0.250275
0.250311
0.107602
0.109087
0.111856
0.115857
0.120775
0.126739
0.133576
0.141344
0.149867
0.159232
0.169207
0.179885
0.19092
0.20242
0.21384
0.225355
0.236073
0.246412
0.254766
0.262405
0.265596
0.107946
0.109439
0.112218
0.116196
0.121215
0.127227
0.134139
0.14201
0.150676
0.160232
0.170469
0.181489
0.192985
0.20507
0.21727
0.229745
0.24173
0.253573
0.263901
0.273761
0.279926
0.108264
0.109764
0.112554
0.116579
0.121619
0.12768
0.134661
0.142628
0.151427
0.16116
0.17164
0.182975
0.194898
0.207524
0.220446
0.233812
0.246969
0.260211
0.272367
0.284306
0.293249
0.108555
0.110062
0.112866
0.116914
0.121985
0.128096
0.135141
0.143196
0.152117
0.162013
0.172715
0.184339
0.196655
0.209777
0.223362
0.237547
0.251778
0.266309
0.280143
0.294002
0.305514
0.108818
0.110332
0.113148
0.117213
0.122322
0.128475
0.135577
0.143712
0.152745
0.162787
0.173693
0.185579
0.198251
0.211824
0.22601
0.240939
0.256144
0.271849
0.287206
0.30282
0.316676
0.109053
0.110573
0.113401
0.117478
0.122604
0.128816
0.135968
0.144175
0.153307
0.163482
0.174569
0.186691
0.199681
0.213659
0.228383
0.24398
0.260058
0.276815
0.293536
0.310729
0.326693
0.109259
0.110786
0.113624
0.117712
0.122853
0.129117
0.136314
0.144583
0.153803
0.164094
0.175342
0.187671
0.200942
0.215277
0.230475
0.246661
0.263507
0.281194
0.299116
0.317704
0.33553
0.109437
0.110969
0.113816
0.117916
0.123084
0.129373
0.136612
0.144935
0.154232
0.164623
0.176009
0.188517
0.202031
0.216674
0.232281
0.248975
0.266484
0.284974
0.30393
0.323723
0.343156
0.109586
0.111122
0.113977
0.118088
0.12327
0.129585
0.136862
0.145231
0.154592
0.165066
0.176569
0.189227
0.202945
0.217846
0.233795
0.250917
0.26898
0.288144
0.307965
0.32877
0.349548
0.109705
0.111244
0.114106
0.118225
0.123421
0.129756
0.137063
0.145467
0.154878
0.165419
0.177015
0.189792
0.203672
0.21878
0.235004
0.252469
0.270978
0.290683
0.311201
0.332822
0.354683
0.109795
0.111338
0.114204
0.118327
0.123529
0.129881
0.137209
0.145639
0.155087
0.165678
0.177343
0.190209
0.204212
0.219475
0.235906
0.253629
0.272472
0.292583
0.313622
0.335857
0.358536
0.109856
0.111404
0.114279
0.118412
0.123609
0.129964
0.137331
0.145794
0.155283
0.165922
0.177649
0.190593
0.204693
0.220077
0.236658
0.254562
0.273628
0.293997
0.315351
0.337956
0.361138
0.109884
0.111433
0.114315
0.118469
0.123711
0.130088
0.137461
0.145944
0.155456
0.166122
0.177881
0.190862
0.205008
0.220447
0.237102
0.255099
0.274291
0.29482
0.316366
0.339156
0.362531
0.0229273
0.0224811
0.0216732
0.0205798
0.0192703
0.0178069
0.0162436
0.0146252
0.0129877
0.0113592
0.00976142
0.00821057
0.00671872
0.00529396
0.00394153
0.00266402
0.00146257
0.000336284
-0.00071615
-0.00169809
-0.00261241
0.0232348
0.0227841
0.0219679
0.0208626
0.0195386
0.0180586
0.0164767
0.0148382
0.0131795
0.0115289
0.00990857
0.00833505
0.00682074
0.00537395
0.00400018
0.0027021
0.001481
0.00033595
-0.000734243
-0.00173325
-0.00266388
0.0238221
0.0233629
0.0225309
0.0214037
0.0200527
0.0185412
0.0169243
0.0152477
0.0135484
0.0118557
0.0101922
0.00857533
0.00701799
0.00552895
0.00411418
0.00277656
0.0015177
0.000336585
-0.0007677
-0.00179941
-0.00276126
0.0246658
0.0241948
0.0233408
0.0221831
0.0207942
0.0192384
0.0175719
0.015841
0.0140839
0.0123307
0.0106054
0.008926
0.00730654
0.0057564
0.00428224
0.00288724
0.00157352
0.000339957
-0.000813947
-0.00189331
-0.00290074
0.0257457
0.0252602
0.0243792
0.0231839
0.0217481
0.0201373
0.0184084
0.0166091
0.0147786
0.0129485
0.011144
0.00938439
0.00768494
0.00605589
0.00450485
0.00303538
0.00165034
0.000348464
-0.000870157
-0.00201179
-0.00307888
0.027044
0.026542
0.0256304
0.0243921
0.0229024
0.0212276
0.0194258
0.0175457
0.0156281
0.0137061
0.0118064
0.00995015
0.00815384
0.00642887
0.00478406
0.00322354
0.00175106
0.000365248
-0.000933029
-0.00215146
-0.00329226
0.0285444
0.0280248
0.0270802
0.0257952
0.0242465
0.022501
0.0206177
0.0186466
0.01663
0.0146026
0.0125934
0.0106249
0.00871572
0.00687845
0.00512344
0.00345552
0.00187963
0.000394283
-0.000998658
-0.00230856
-0.00353734
0.0302319
0.0296942
0.0287156
0.0273823
0.0257715
0.0239508
0.0219798
0.0199093
0.0177836
0.0156391
0.0135071
0.0114121
0.00937475
0.00740934
0.005528
0.00373646
0.00204113
0.000440467
-0.00106241
-0.00247883
-0.0038103
0.032092
0.0315367
0.0305246
0.0291431
0.0274696
0.0255714
0.0235086
0.0213327
0.0190898
0.0168182
0.0145516
0.0123167
0.0101367
0.00802777
0.00600419
0.0040728
0.00224182
0.000509729
-0.00111881
-0.00265731
-0.00410678
0.0341105
0.0335389
0.0324955
0.031068
0.0293334
0.027358
0.0252018
0.0229168
0.0205507
0.0181437
0.0157321
0.0133452
0.0110089
0.0087415
0.00655994
0.00447238
0.00248925
0.000609145
-0.00116137
-0.00283821
-0.00442179
0.0362734
0.0356876
0.0346165
0.0331474
0.0313557
0.029306
0.0270575
0.0246622
0.0221692
0.0196205
0.0170554
0.0145054
0.012
0.00955978
0.00720467
0.00494448
0.00279233
0.000747062
-0.00118244
-0.00301475
-0.00474943
0.0385664
0.0379694
0.036876
0.0353717
0.0335296
0.0314112
0.0290743
0.0265701
0.023949
0.0212546
0.0185291
0.0158067
0.0131204
0.0104934
0.00794934
0.00549993
0.00316147
0.000933222
-0.00117313
-0.00317896
-0.00508282
0.0409751
0.0403709
0.0392621
0.0377313
0.0358479
0.0336692
0.0312505
0.0286419
0.0258943
0.0230527
0.020162
0.0172593
0.0143814
0.0115546
0.00880649
0.00615115
0.00360865
0.00117889
-0.00112307
-0.00332158
-0.00541389
0.0434847
0.0428781
0.0417624
0.0402159
0.0383029
0.0360751
0.0335846
0.030879
0.0280095
0.0250218
0.0219637
0.0188748
0.015796
0.0127571
0.0097903
0.00691227
0.00414755
0.00149699
-0.00102038
-0.00343191
-0.00573322
0.0460802
0.0454767
0.0443641
0.0428149
0.0408865
0.0386239
0.0360745
0.0332828
0.0302992
0.0271697
0.0239444
0.0206655
0.0173784
0.0141162
0.0109166
0.00779913
0.00479364
0.0019022
-0.000851416
-0.00349759
-0.00602989
0.0487464
0.0481522
0.0470542
0.045517
0.0435899
0.0413095
0.0387177
0.0358541
0.0327679
0.0295041
0.026115
0.0226448
0.0191438
0.0156486
0.0122028
0.00882941
0.00556426
0.00241112
-0.000600728
-0.00350456
-0.00629136
0.051468
0.0508899
0.049819
0.0483103
0.0464036
0.0441253
0.0415106
0.0385931
0.0354194
0.0320325
0.0284863
0.0248267
0.0211086
0.0173724
0.0136681
0.0100227
0.00647877
0.00304233
-0.000250864
-0.00343682
-0.00650328
0.0542297
0.0536749
0.0526446
0.0511825
0.0493172
0.0470637
0.044449
0.0414992
0.038257
0.0347622
0.0310695
0.0272255
0.02329
0.0193069
0.0153333
0.0114003
0.00755857
0.00381661
0.000217764
-0.00327632
-0.00664938
0.0570161
0.0564923
0.0555169
0.0541204
0.0523195
0.0501159
0.0475274
0.0445706
0.0412831
0.0376999
0.0338754
0.0298561
0.0257061
0.0214729
0.0172208
0.0129858
0.00882724
0.00475698
0.000827033
-0.0030028
-0.00671126
0.0598123
0.0593273
0.0584215
0.0571107
0.0553985
0.0532721
0.050739
0.0478043
0.044499
0.0408514
0.0369143
0.032733
0.0283754
0.0238918
0.0193545
0.0148044
0.0103106
0.00588889
0.00160128
-0.00259355
-0.0066682
0.0626036
0.0621654
0.0613441
0.0601395
0.0585415
0.0565216
0.0540756
0.0511956
0.0479041
0.0442209
0.0401957
0.0358706
0.0313166
0.0265863
0.02176
0.0168835
0.0120368
0.00724032
0.00256749
-0.00202327
-0.006497
0.065376
0.0649923
0.0642704
0.0631926
0.0617349
0.0598522
0.0575276
0.0547381
0.0514966
0.0478114
0.0437276
0.0392823
0.0345485
0.0295796
0.0244639
0.0192523
0.0140363
0.00884195
0.00375546
-0.00126385
-0.00617174
0.068116
0.0677945
0.0671863
0.0662557
0.0649646
0.0632508
0.0610838
0.0584238
0.0552721
0.0516237
0.0475168
0.0429808
0.0380893
0.0328951
0.0274941
0.0219418
0.0163421
0.0107273
0.005198
-0.000284105
-0.00566354
0.0708109
0.0705591
0.0700782
0.0693145
0.0682162
0.0667033
0.0647314
0.0622425
0.0592245
0.0556564
0.0515676
0.0469769
0.0419564
0.0365564
0.0308793
0.0249847
0.0189896
0.0129328
0.00693123
0.000950507
-0.00494028
0.0734493
0.073274
0.0729329
0.0723548
0.0714746
0.0701947
0.0684562
0.0661818
0.0633448
0.0599056
0.0558819
0.0512794
0.0461659
0.0405865
0.0346489
0.0284154
0.0220165
0.015498
0.00899475
0.00247819
-0.00396624
0.0760204
0.075928
0.0757379
0.075363
0.0747249
0.0737092
0.0722425
0.0702277
0.0676217
0.0643643
0.060459
0.0558947
0.050732
0.0450075
0.0388323
0.0322697
0.025463
0.0184658
0.011432
0.00434122
-0.00270162
0.0785149
0.0785109
0.0784815
0.0783255
0.0779518
0.0772305
0.0760734
0.0743636
0.0720409
0.0690224
0.0652945
0.0608257
0.0556661
0.04984
0.0434587
0.0365841
0.0293716
0.0218823
0.0142904
0.00658636
-0.00110208
0.0809244
0.0810136
0.0811529
0.08123
0.0811406
0.0807419
0.0799306
0.0785715
0.0765857
0.0738664
0.0703802
0.0660721
0.0609768
0.0551023
0.0485563
0.0413959
0.033787
0.0257972
0.017622
0.00926538
0.000881867
0.0832419
0.0834281
0.0837423
0.0840645
0.0842769
0.0842266
0.0837953
0.0828316
0.0812365
0.0788795
0.0757042
0.0716288
0.0666685
0.0608098
0.0541516
0.0467425
0.0387553
0.0302634
0.0214832
0.0124355
0.00330553
0.0854616
0.0857475
0.0862412
0.0868182
0.0873467
0.087668
0.087648
0.0871224
0.0859711
0.0840411
0.0812497
0.0774863
0.072741
0.0669737
0.0602686
0.0526605
0.0443243
0.0353372
0.0259355
0.0161598
0.00623062
0.0875789
0.0879661
0.088642
0.0894812
0.0903372
0.0910498
0.0914687
0.0914215
0.0907651
0.0893274
0.0869955
0.0836298
0.0791884
0.0736007
0.0669277
0.0591849
0.0505423
0.0410781
0.0310452
0.020508
0.00972592
0.0895902
0.0900792
0.0909386
0.0920447
0.0932364
0.0943564
0.0952377
0.0957056
0.0955923
0.0947113
0.0929158
0.0900387
0.0859987
0.0806914
0.0741448
0.066348
0.0574577
0.0475479
0.0368839
0.0255565
0.0138678
0.0914932
0.0920835
0.093126
0.0945013
0.0960336
0.0975729
0.0989358
0.0999511
0.100425
0.100163
0.0989801
0.0966865
0.0931529
0.0882396
0.0819296
0.0741786
0.0651178
0.0548105
0.0435275
0.0313883
0.0187405
0.0932865
0.0939766
0.0952005
0.0968445
0.0987191
0.100686
0.102545
0.104134
0.105234
0.105649
0.105154
0.103541
0.100624
0.096231
0.0902839
0.0827002
0.0735685
0.0629315
0.0510564
0.0380916
0.0244339
0.0949698
0.0957572
0.0971595
0.0990692
0.101285
0.103682
0.106047
0.108231
0.10999
0.111136
0.111398
0.110563
0.108377
0.104642
0.0992001
0.0919293
0.0828525
0.0719799
0.0595594
0.045762
0.0310431
0.0965434
0.097425
0.0990015
0.101172
0.103725
0.106551
0.109426
0.11222
0.114664
0.116587
0.11767
0.117709
0.116368
0.11344
0.108658
0.101873
0.0930041
0.0820257
0.0691379
0.0545116
0.0386747
0.0980086
0.0989806
0.100726
0.103149
0.106033
0.109283
0.112669
0.11608
0.119229
0.121965
0.123928
0.124928
0.124546
0.122579
0.118627
0.112526
0.104043
0.0931314
0.0798982
0.0644797
0.0474733
0.0993673
0.100425
0.102333
0.105
0.108205
0.11187
0.115762
0.11979
0.123656
0.127233
0.130124
0.132164
0.132851
0.132003
0.129059
0.123873
0.115977
0.105345
0.0919099
0.0757973
0.057622
0.100622
0.101761
0.103824
0.106725
0.110239
0.114306
0.118694
0.123333
0.127921
0.132354
0.136215
0.139359
0.141221
0.141642
0.139902
0.135889
0.128816
0.118724
0.105173
0.0884663
0.0691604
0.101776
0.102992
0.105203
0.108324
0.112135
0.116589
0.121461
0.126699
0.132007
0.137303
0.142163
0.146464
0.149595
0.151421
0.151088
0.148522
0.142579
0.133381
0.119752
0.102378
0.0816009
0.102832
0.104121
0.106473
0.109805
0.1139
0.118725
0.124066
0.129887
0.135906
0.142059
0.147933
0.153418
0.157895
0.161232
0.162502
0.161646
0.157251
0.149505
0.136215
0.118231
0.0943481
0.103793
0.105149
0.107635
0.111167
0.11553
0.120707
0.126492
0.132868
0.139567
0.146548
0.153416
0.160083
0.16594
0.170875
0.173931
0.175096
0.172783
0.167433
0.155934
0.13978
0.110824
-0.00326939
-0.00370273
-0.00413501
-0.0045651
-0.00499304
-0.00541901
-0.00584294
-0.00626458
-0.00668366
-0.00709993
-0.00751319
-0.00792324
-0.00832989
-0.00873293
-0.00913218
-0.00952746
-0.00991858
-0.0103054
-0.0106877
-0.0110653
-0.00333166
-0.00376926
-0.00420466
-0.00463779
-0.00506927
-0.00549933
-0.00592778
-0.00635428
-0.00677852
-0.00720028
-0.00761934
-0.00803548
-0.0084485
-0.00885816
-0.00926424
-0.00966655
-0.0100649
-0.010459
-0.0108487
-0.0112338
-0.00345143
-0.0039008
-0.00434586
-0.00478835
-0.00522984
-0.00567058
-0.00611009
-0.00654786
-0.00698353
-0.00741687
-0.00784766
-0.00827568
-0.00870066
-0.00912235
-0.00954053
-0.00995493
-0.0103653
-0.0107715
-0.0111733
-0.0115704
-0.00362444
-0.00409244
-0.00455264
-0.00500954
-0.00546613
-0.00592272
-0.00637845
-0.00683256
-0.00728464
-0.00773448
-0.00818188
-0.0086266
-0.00906837
-0.00950691
-0.00994197
-0.0103733
-0.0108006
-0.0112237
-0.0116423
-0.0120562
-0.003847
-0.00434036
-0.00482106
-0.00529734
-0.00577416
-0.00625189
-0.00672916
-0.00720485
-0.00767852
-0.00815
-0.00861912
-0.00908562
-0.00954922
-0.0100096
-0.0104665
-0.0109197
-0.0113688
-0.0118137
-0.012254
-0.0126895
-0.00411567
-0.00464104
-0.00514751
-0.00564803
-0.0061501
-0.00665416
-0.00715818
-0.00766062
-0.00816096
-0.00865909
-0.00915491
-0.00964816
-0.0101385
-0.0106256
-0.0111093
-0.0115891
-0.0120648
-0.0125363
-0.0130031
-0.013465
-0.00442709
-0.00499128
-0.0055288
-0.00605845
-0.00659083
-0.00712652
-0.00766262
-0.00819706
-0.00872925
-0.0092592
-0.00978684
-0.0103119
-0.0108341
-0.0113531
-0.0118684
-0.0123799
-0.0128873
-0.0133902
-0.0138885
-0.0143818
-0.00477777
-0.00538783
-0.00596185
-0.00652562
-0.00709357
-0.00766635
-0.00824004
-0.00881193
-0.00938136
-0.00994844
-0.0105132
-0.0110754
-0.0116347
-0.0121907
-0.012743
-0.0132914
-0.0138356
-0.0143752
-0.0149101
-0.0154398
-0.00516384
-0.00582721
-0.00644348
-0.00704662
-0.00765561
-0.00827125
-0.00888834
-0.00950341
-0.0101157
-0.0107256
-0.0113331
-0.011938
-0.0125399
-0.0131385
-0.0137333
-0.014324
-0.0149104
-0.0154922
-0.0160691
-0.0166407
-0.0055809
-0.00630552
-0.00697018
-0.00761829
-0.0082742
-0.00893884
-0.00960552
-0.0102699
-0.0109311
-0.0115897
-0.0122459
-0.0128994
-0.0135499
-0.0141969
-0.01484
-0.015479
-0.0161134
-0.0167432
-0.0173678
-0.0179871
-0.00602377
-0.00681823
-0.00753798
-0.00823714
-0.00894629
-0.00966657
-0.0103895
-0.0111098
-0.0118264
-0.0125401
-0.0132514
-0.01396
-0.0146654
-0.0153672
-0.0160649
-0.0167583
-0.0174471
-0.0181309
-0.0188096
-0.0194828
-0.00648636
-0.00735997
-0.00814223
-0.00889913
-0.00966846
-0.0104516
-0.0112381
-0.0120214
-0.0128004
-0.0135763
-0.0143497
-0.0151202
-0.0158874
-0.0166508
-0.01741
-0.0181646
-0.0189144
-0.0196591
-0.0203985
-0.0211322
-0.00696151
-0.00792445
-0.00877749
-0.00959959
-0.0104367
-0.0112907
-0.0121487
-0.0130028
-0.013852
-0.0146977
-0.0155407
-0.0163807
-0.0172172
-0.0180497
-0.0188776
-0.0197008
-0.020519
-0.0213319
-0.0221392
-0.0229406
-0.00744074
-0.00850421
-0.00943738
-0.0103331
-0.0112465
-0.01218
-0.0131183
-0.0140518
-0.0149796
-0.0159035
-0.0168244
-0.0177422
-0.0186562
-0.0195658
-0.0204707
-0.0213705
-0.0222651
-0.0231541
-0.0240373
-0.0249142
-0.00791419
-0.00909052
-0.0101144
-0.0110932
-0.0120924
-0.0131151
-0.0141432
-0.0151658
-0.0161815
-0.0171928
-0.0182008
-0.0192054
-0.0202059
-0.0212017
-0.0221923
-0.0231775
-0.0241572
-0.025131
-0.0260987
-0.0270597
-0.00837042
-0.00967325
-0.0108
-0.0118726
-0.0129681
-0.0140907
-0.0152195
-0.0163415
-0.0174556
-0.0185644
-0.0196696
-0.020771
-0.0218679
-0.0229596
-0.0240457
-0.0251261
-0.0262005
-0.0272685
-0.0283299
-0.0293838
-0.00879626
-0.0102407
-0.0114842
-0.012663
-0.0138667
-0.015101
-0.0163422
-0.0175753
-0.018799
-0.0200167
-0.0212302
-0.0224394
-0.0236435
-0.0248419
-0.0260343
-0.0272206
-0.0284008
-0.0295746
-0.0307414
-0.0318966
-0.00917668
-0.0107795
-0.0121557
-0.0134548
-0.0147799
-0.0161392
-0.0175059
-0.018863
-0.0202091
-0.021548
-0.0228819
-0.0242108
-0.0255337
-0.02685
-0.0281594
-0.0294617
-0.0307568
-0.0320445
-0.0333249
-0.0346021
-0.00949458
-0.0112745
-0.0128019
-0.0142373
-0.0156988
-0.0171977
-0.0187046
-0.0202002
-0.0216828
-0.0231568
-0.0246248
-0.0260869
-0.0275422
-0.0289899
-0.0304298
-0.0318621
-0.0332866
-0.0347035
-0.0361132
-0.0375173
-0.00973064
-0.0117084
-0.0134082
-0.0149986
-0.0166131
-0.018268
-0.0199312
-0.0215814
-0.0232164
-0.0248409
-0.0264582
-0.0280684
-0.0296705
-0.0312639
-0.0328486
-0.0344246
-0.0359921
-0.0375511
-0.0391018
-0.0406461
-0.00986307
-0.0120619
-0.0139586
-0.0157252
-0.0175116
-0.0193404
-0.0211782
-0.0230008
-0.0248056
-0.0265978
-0.0283809
-0.0301553
-0.0319202
-0.033675
-0.0354197
-0.0371545
-0.0388796
-0.0405952
-0.0423015
-0.0440008
-0.00986746
-0.0123132
-0.0144353
-0.0164023
-0.0183817
-0.0204045
-0.0224368
-0.0244519
-0.026446
-0.0284247
-0.0303921
-0.0323487
-0.034294
-0.0362273
-0.0381489
-0.040059
-0.0419581
-0.0438463
-0.0457238
-0.047594
-0.00971654
-0.0124382
-0.0148183
-0.0170138
-0.0192097
-0.0214488
-0.0236979
-0.0259278
-0.028133
-0.0303192
-0.0324912
-0.0346499
-0.0367948
-0.0389256
-0.0410426
-0.0431462
-0.045237
-0.0473151
-0.0493806
-0.0514387
-0.00937985
-0.01241
-0.0150858
-0.0175416
-0.0199805
-0.0224607
-0.0249516
-0.0274212
-0.0298618
-0.0322789
-0.0346779
-0.0370604
-0.0394263
-0.0417754
-0.0441081
-0.046425
-0.0487267
-0.0510135
-0.0532844
-0.0555489
-0.00882339
-0.0121983
-0.0152137
-0.0179665
-0.020678
-0.0234268
-0.0261875
-0.0289246
-0.0316276
-0.0343014
-0.0369522
-0.0395826
-0.0421929
-0.0447834
-0.0473544
-0.0499069
-0.0524408
-0.0549556
-0.0574484
-0.059938
-0.00800917
-0.0117699
-0.0151753
-0.0182671
-0.0212845
-0.0243327
-0.0273943
-0.0304304
-0.0334259
-0.036385
-0.0393148
-0.042219
-0.0450989
-0.0479552
-0.050789
-0.0536028
-0.0563976
-0.0591721
-0.0619009
-0.0646338
-0.00689459
-0.0110871
-0.014941
-0.01842
-0.0217809
-0.0251629
-0.0285608
-0.0319312
-0.0352533
-0.0385294
-0.0417681
-0.0449747
-0.0481507
-0.0512964
-0.0544126
-0.0574998
-0.0605595
-0.063595
-0.0666395
-0.0696609
-0.00543179
-0.0101079
-0.0144778
-0.0183992
-0.0221459
-0.0259007
-0.0296749
-0.0334199
-0.0371069
-0.0407363
-0.0443183
-0.0478603
-0.051365
-0.054833
-0.0582656
-0.0616647
-0.0650331
-0.0683751
-0.0717138
-0.0750313
-0.00356691
-0.00878483
-0.0137486
-0.0181756
-0.0223557
-0.0265272
-0.0307235
-0.0348889
-0.0389843
-0.0430074
-0.046971
-0.0508852
-0.0547539
-0.058578
-0.0623591
-0.0660993
-0.0698012
-0.0734669
-0.0771245
-0.0807636
-0.00123935
-0.00706432
-0.0127115
-0.017716
-0.0223833
-0.0270214
-0.0316919
-0.0363299
-0.0408827
-0.0453447
-0.0497325
-0.0540595
-0.0583307
-0.0625469
-0.0667094
-0.0708205
-0.0748834
-0.0788978
-0.0829055
-0.0868978
0.00161882
-0.00488624
-0.0113191
-0.0169825
-0.0221975
-0.0273594
-0.0325645
-0.0377347
-0.0428
-0.0477518
-0.0526115
-0.0573971
-0.0621148
-0.0667652
-0.0713485
-0.0758642
-0.0803112
-0.0846945
-0.089084
-0.0934652
0.00508334
-0.00218336
-0.00951759
-0.0159311
-0.021762
-0.0275138
-0.0333235
-0.0390944
-0.0447349
-0.0502335
-0.0556186
-0.0609129
-0.0661244
-0.0712548
-0.0763099
-0.0812915
-0.0861805
-0.0909662
-0.0957632
-0.100552
0.0092377
0.00111835
-0.00724566
-0.0145097
-0.0210336
-0.0274526
-0.0339492
-0.0403999
-0.0466869
-0.0527978
-0.0587699
-0.0646304
-0.0703843
-0.0760287
-0.0815612
-0.0869903
-0.0923532
-0.097738
-0.103033
-0.10823
0.0141718
0.00509975
-0.00443376
-0.0126567
-0.0199599
-0.0271376
-0.0344181
-0.0416394
-0.0486541
-0.055453
-0.0620858
-0.0685842
-0.0749524
-0.0811883
-0.0872947
-0.0932818
-0.0991561
-0.105006
-0.110779
-0.116454
0.019979
0.00984436
-0.00100591
-0.010299
-0.0184772
-0.0265229
-0.0347022
-0.0427976
-0.0506314
-0.0582055
-0.0655848
-0.0728031
-0.0798609
-0.0867537
-0.0934799
-0.100039
-0.10643
-0.112811
-0.119125
-0.125324
0.0267514
0.0154289
0.00311608
-0.00735058
-0.0165091
-0.0255558
-0.0347684
-0.0438527
-0.0526076
-0.061057
-0.0692805
-0.0773078
-0.0851346
-0.0927632
-0.100204
-0.107459
-0.114414
-0.121374
-0.128252
-0.134982
0.0345822
0.0219172
0.00801285
-0.00370999
-0.0139685
-0.0241802
-0.0345795
-0.0447766
-0.0545682
-0.0640138
-0.0731988
-0.0821362
-0.090807
-0.0991985
-0.107316
-0.115186
-0.123084
-0.130789
-0.138258
-0.145527
0.043569
0.0293734
0.0137904
0.000754251
-0.0107567
-0.022337
-0.0340886
-0.0455278
-0.0564911
-0.0670808
-0.0773737
-0.0873613
-0.0970195
-0.106339
-0.115323
-0.123996
-0.132644
-0.141072
-0.149198
-0.157059
0.053741
0.0378637
0.0206162
0.00623043
-0.00675469
-0.0199581
-0.0332347
-0.0460561
-0.0583548
-0.0702656
-0.0818326
-0.0930254
-0.103827
-0.114238
-0.124254
-0.133769
-0.143227
-0.152427
-0.161258
-0.169754
0.0647558
0.0472704
0.0286694
0.0129716
-0.00178787
-0.0168957
-0.0318612
-0.0462302
-0.0600683
-0.0735011
-0.0865185
-0.0990642
-0.111099
-0.122604
-0.133613
-0.144475
-0.15501
-0.165057
-0.174631
-0.183808
0.075445
0.0567163
0.037728
0.0209273
0.00409705
-0.0131268
-0.0299535
-0.0461343
-0.0618114
-0.0770423
-0.0917803
-0.105984
-0.11961
-0.132579
-0.144738
-0.156753
-0.168277
-0.179171
-0.189516
-0.199401
0.084455
0.0651022
0.0473062
0.0297494
0.0111215
-0.00781982
-0.02636
-0.0444319
-0.0620853
-0.0792624
-0.0958875
-0.111933
-0.12739
-0.142226
-0.156384
-0.170064
-0.182849
-0.194768
-0.206
-0.216645
-0.0114382
-0.0118061
-0.0121689
-0.0125265
-0.0128788
-0.0132256
-0.0135668
-0.0139023
-0.014232
-0.0145559
-0.0148737
-0.0151855
-0.0116142
-0.0119896
-0.0123599
-0.0127249
-0.0130844
-0.0134384
-0.0137866
-0.0141289
-0.0144653
-0.0147955
-0.0151194
-0.0154371
-0.0119627
-0.0123499
-0.0127318
-0.0131084
-0.0134794
-0.0138446
-0.0142039
-0.0145572
-0.0149043
-0.0152451
-0.0155795
-0.0159074
-0.0124653
-0.0128692
-0.0132677
-0.0136608
-0.0140482
-0.0144297
-0.0148051
-0.0151744
-0.0155374
-0.0158938
-0.0162438
-0.016587
-0.0131201
-0.0135455
-0.0139654
-0.0143797
-0.0147881
-0.0151906
-0.0155869
-0.0159768
-0.0163603
-0.0167372
-0.0171073
-0.0174706
-0.0139219
-0.0143735
-0.0148195
-0.0152598
-0.0156941
-0.0161223
-0.0165442
-0.0169596
-0.0173684
-0.0177704
-0.0181656
-0.0185538
-0.0148699
-0.0153526
-0.0158297
-0.0163009
-0.016766
-0.0172248
-0.0176772
-0.018123
-0.0185621
-0.0189943
-0.0194195
-0.0198376
-0.0159643
-0.0164833
-0.0169965
-0.0175037
-0.0180047
-0.0184993
-0.0189874
-0.0194688
-0.0199433
-0.0204108
-0.0208713
-0.0213245
-0.017207
-0.0177676
-0.0183224
-0.018871
-0.0194133
-0.0199491
-0.0204783
-0.0210007
-0.0215161
-0.0220245
-0.0225257
-0.0230197
-0.018601
-0.019209
-0.019811
-0.0204069
-0.0209963
-0.0215791
-0.0221552
-0.0227244
-0.0232866
-0.0238417
-0.0243896
-0.0249302
-0.0201503
-0.020812
-0.0214675
-0.0221167
-0.0227594
-0.0233954
-0.0240246
-0.0246469
-0.0252622
-0.0258704
-0.0264714
-0.0270651
-0.0218601
-0.0225821
-0.0232978
-0.024007
-0.0247097
-0.0254057
-0.0260948
-0.026777
-0.0274522
-0.0281203
-0.0287813
-0.0294352
-0.0237362
-0.0245257
-0.0253088
-0.0260854
-0.0268554
-0.0276186
-0.028375
-0.0291245
-0.029867
-0.0306026
-0.0313312
-0.0320528
-0.0257853
-0.0266502
-0.0275087
-0.0283605
-0.0292057
-0.0300441
-0.0308757
-0.0317006
-0.0325186
-0.0333298
-0.0341343
-0.0280147
-0.0289637
-0.0299062
-0.0308419
-0.031771
-0.0326933
-0.0336089
-0.0345179
-0.0354203
-0.0363161
-0.0372056
-0.0304321
-0.0314747
-0.0325107
-0.0335399
-0.0345623
-0.0355781
-0.0365873
-0.0375901
-0.0385866
-0.0395769
-0.0405613
-0.0330475
-0.0341938
-0.0353336
-0.0364665
-0.0375925
-0.0387121
-0.0398253
-0.0409324
-0.0420336
-0.0431292
-0.0442194
-0.035871
-0.0371321
-0.0383863
-0.0396339
-0.0408749
-0.0421096
-0.0433383
-0.0445612
-0.0457788
-0.0469914
-0.0481995
-0.0389135
-0.0403016
-0.0416823
-0.0430565
-0.0444244
-0.0457864
-0.0471429
-0.0484942
-0.0498408
-0.0511832
-0.0525222
-0.0421826
-0.0437111
-0.0452322
-0.0467468
-0.0482553
-0.0497582
-0.0512561
-0.0527495
-0.0542391
-0.0557256
-0.0572098
-0.0456923
-0.047376
-0.0490521
-0.0507216
-0.0523852
-0.0540437
-0.0556977
-0.0573481
-0.0589957
-0.0606415
-0.0622865
-0.0494565
-0.0513109
-0.0531576
-0.0549976
-0.0568321
-0.0586618
-0.060488
-0.0623114
-0.0641334
-0.0659551
-0.0677777
-0.0534893
-0.0555315
-0.0575657
-0.0595931
-0.0616153
-0.0636334
-0.0656487
-0.0676626
-0.0696765
-0.0716919
-0.0737104
-0.0578065
-0.0600552
-0.0622952
-0.0645282
-0.0667561
-0.0689807
-0.0712036
-0.0734265
-0.075651
-0.0778792
-0.0801129
-0.0624234
-0.0648996
-0.0673655
-0.0698236
-0.0722767
-0.0747273
-0.0771774
-0.079629
-0.0820842
-0.0845454
-0.0870152
-0.0673662
-0.0700889
-0.0728005
-0.0755039
-0.0782025
-0.0808994
-0.0835971
-0.0862979
-0.0890047
-0.0917203
-0.0944478
-0.0726616
-0.0756482
-0.078625
-0.0815949
-0.0845605
-0.087525
-0.0904914
-0.093463
-0.0964431
-0.099435
-0.102443
-0.0783254
-0.0816019
-0.084867
-0.0881251
-0.0913795
-0.0946335
-0.0978907
-0.101155
-0.104431
-0.107722
-0.111032
-0.0843786
-0.0879723
-0.0915512
-0.0951215
-0.0986879
-0.102254
-0.105825
-0.109405
-0.112998
-0.116611
-0.120249
-0.0908629
-0.0948001
-0.0987174
-0.102623
-0.106524
-0.110425
-0.114332
-0.118249
-0.122182
-0.126139
-0.130125
-0.097812
-0.10212
-0.106401
-0.110667
-0.114925
-0.119183
-0.123446
-0.127721
-0.132016
-0.136337
-0.140693
-0.105296
-0.109993
-0.114657
-0.119303
-0.123938
-0.128571
-0.133209
-0.137861
-0.142534
-0.147238
-0.151982
-0.113367
-0.118465
-0.123532
-0.128577
-0.133608
-0.138634
-0.143663
-0.148705
-0.15377
-0.158869
-0.164012
-0.122048
-0.127583
-0.133077
-0.138541
-0.143983
-0.149416
-0.154849
-0.160294
-0.165763
-0.171266
-0.176814
-0.131411
-0.137412
-0.143354
-0.149253
-0.15512
-0.160967
-0.166809
-0.17266
-0.178535
-0.18445
-0.190413
-0.141573
-0.148057
-0.154461
-0.160802
-0.167095
-0.173355
-0.179598
-0.185842
-0.192103
-0.198407
-0.204765
-0.152635
-0.159613
-0.166485
-0.17327
-0.179985
-0.186649
-0.19328
-0.199898
-0.20652
-0.213172
-0.219865
-0.164711
-0.172192
-0.179529
-0.186744
-0.193859
-0.200899
-0.207886
-0.214848
-0.221803
-0.228779
-0.235782
-0.177976
-0.185965
-0.193752
-0.201365
-0.20883
-0.21618
-0.223446
-0.230662
-0.237862
-0.245086
-0.252355
-0.192638
-0.201153
-0.209382
-0.217357
-0.225115
-0.23269
-0.24012
-0.247446
-0.254712
-0.261971
-0.269276
-0.208862
-0.217917
-0.226589
-0.234909
-0.242915
-0.250643
-0.258134
-0.265429
-0.27257
-0.279609
-0.286601
-0.226733
-0.236284
-0.245331
-0.253905
-0.26204
-0.269778
-0.277161
-0.284231
-0.291033
-0.29761
-0.304006
)
;

boundaryField
{
    inlet
    {
        type            zeroGradient;
    }
    outlet
    {
        type            fixedValue;
        value           nonuniform 0();
    }
    cylinder
    {
        type            zeroGradient;
    }
    top
    {
        type            symmetryPlane;
    }
    bottom
    {
        type            symmetryPlane;
    }
    defaultFaces
    {
        type            empty;
    }
    procBoundary0to1
    {
        type            processor;
        value           nonuniform List<scalar> 
133
(
-0.372756
-0.371901
-0.373462
-0.375166
-0.375166
-0.373905
-0.375951
-0.375951
-0.373547
-0.373547
-0.370807
-0.373703
-0.373703
-0.371529
-0.371529
-0.368861
-0.368861
-0.363842
-0.363842
-0.351263
-0.351263
-0.333592
-0.333592
-0.310308
-0.348622
-0.333559
-0.31027
-0.348622
-0.351238
-0.363825
-0.363825
-0.368849
-0.368849
-0.371519
-0.371519
-0.373695
-0.373695
-0.370798
-0.373538
-0.373538
-0.375942
-0.375942
-0.373895
-0.375155
-0.375155
-0.37345
-0.374294
-0.310308
-0.293662
-0.276745
-0.259764
-0.242899
-0.22669
-0.21125
-0.196477
-0.182452
-0.169238
-0.156798
-0.145111
-0.134166
-0.123934
-0.114384
-0.105485
-0.0972045
-0.0895092
-0.0823667
-0.0757451
-0.0696133
-0.0696133
-0.0655884
-0.060184
-0.0552009
-0.0506123
-0.0463933
-0.0425208
-0.0389732
-0.0357304
-0.0327743
-0.0300884
-0.0276579
-0.0254696
-0.0235122
-0.0217763
-0.0202542
-0.0189405
-0.0178324
-0.0169289
-0.016234
-0.0157537
-0.0154965
-0.0154912
-0.0157483
-0.0162286
-0.0169234
-0.0178269
-0.0189349
-0.0202485
-0.0217705
-0.0235063
-0.0254635
-0.0276516
-0.0300819
-0.0327676
-0.0349321
-0.0349321
-0.0380888
-0.04154
-0.0453047
-0.0494035
-0.0538581
-0.0586924
-0.0639316
-0.0696026
-0.0757336
-0.0823544
-0.089496
-0.0971902
-0.10547
-0.114368
-0.123916
-0.134146
-0.14509
-0.156776
-0.169214
-0.182425
-0.196448
-0.211218
-0.226655
-0.242861
-0.259723
-0.276703
-0.293622
-0.31027
)
;
    }
}


// ************************************************************************* //
