/*--------------------------------*- C++ -*----------------------------------*\
  =========                 |
  \\      /  F ield         | OpenFOAM: The Open Source CFD Toolbox
   \\    /   O peration     | Website:  https://openfoam.org
    \\  /    A nd           | Version:  7
     \\/     M anipulation  |
\*---------------------------------------------------------------------------*/
FoamFile
{
    version     2.0;
    format      ascii;
    class       volScalarField;
    location    "15";
    object      p;
}
// * * * * * * * * * * * * * * * * * * * * * * * * * * * * * * * * * * * * * //

dimensions      [0 2 -2 0 0 0 0];

internalField   nonuniform List<scalar> 
8330
(
-0.231319
-0.232966
-0.234698
-0.236536
-0.238502
-0.236659
-0.240619
-0.238377
-0.24291
-0.240221
-0.24539
-0.242215
-0.248083
-0.244374
-0.240125
-0.251018
-0.246712
-0.242072
-0.254216
-0.249247
-0.244206
-0.238379
-0.257697
-0.251997
-0.246546
-0.240205
-0.261479
-0.254977
-0.249106
-0.242216
-0.265578
-0.258205
-0.251904
-0.244415
-0.23757
-0.270009
-0.261697
-0.254949
-0.246804
-0.239307
-0.274785
-0.265468
-0.258252
-0.249386
-0.241182
-0.232519
-0.279914
-0.269533
-0.261816
-0.252164
-0.243182
-0.233386
-0.2222
-0.285404
-0.273904
-0.26564
-0.255143
-0.245282
-0.234173
-0.221484
-0.291259
-0.278589
-0.269721
-0.258326
-0.24744
-0.234836
-0.220563
-0.205315
-0.297478
-0.283588
-0.274054
-0.261705
-0.249605
-0.235336
-0.21942
-0.202816
-0.186391
-0.304057
-0.288898
-0.278635
-0.265258
-0.251718
-0.235636
-0.218041
-0.200108
-0.182722
-0.166418
-0.310985
-0.294502
-0.283457
-0.268944
-0.253718
-0.235702
-0.216413
-0.197188
-0.178885
-0.161934
-0.146382
-0.318246
-0.30038
-0.288512
-0.272701
-0.255548
-0.235503
-0.214523
-0.194049
-0.174871
-0.157311
-0.141361
-0.127043
-0.325812
-0.306499
-0.29378
-0.276454
-0.257151
-0.235008
-0.212358
-0.19068
-0.170672
-0.152537
-0.136212
-0.121609
-0.108169
-0.333648
-0.312824
-0.299226
-0.280117
-0.258472
-0.23419
-0.209902
-0.187072
-0.166277
-0.147602
-0.130924
-0.116057
-0.102513
-0.0910398
-0.341703
-0.319312
-0.304797
-0.283602
-0.259458
-0.233022
-0.207139
-0.183211
-0.161672
-0.142492
-0.125486
-0.110378
-0.0967471
-0.0851562
-0.349913
-0.325917
-0.310416
-0.286823
-0.260059
-0.231476
-0.204054
-0.179083
-0.156845
-0.137194
-0.119885
-0.104561
-0.0908638
-0.0791672
-0.358202
-0.332584
-0.315984
-0.289696
-0.260225
-0.229526
-0.200626
-0.174672
-0.15178
-0.131695
-0.11411
-0.0985971
-0.0848542
-0.0730659
-0.366479
-0.339254
-0.321384
-0.292139
-0.259909
-0.227145
-0.196839
-0.169962
-0.146464
-0.125983
-0.10815
-0.0924773
-0.0787103
-0.0668461
-0.37464
-0.345857
-0.326487
-0.294075
-0.259065
-0.224306
-0.192671
-0.164936
-0.14088
-0.120043
-0.101995
-0.086193
-0.0724248
-0.060502
-0.382575
-0.352312
-0.331158
-0.29543
-0.257651
-0.220982
-0.188102
-0.159576
-0.135014
-0.113864
-0.0956339
-0.0797362
-0.0659906
-0.0540286
-0.390164
-0.358525
-0.335265
-0.296133
-0.255625
-0.217147
-0.183113
-0.153865
-0.128852
-0.107433
-0.0890576
-0.0730995
-0.0594013
-0.0474215
-0.397287
-0.364391
-0.33868
-0.296115
-0.252951
-0.212775
-0.177683
-0.147787
-0.12238
-0.10074
-0.0822577
-0.0662761
-0.052651
-0.0406769
-0.403819
-0.369791
-0.341283
-0.295312
-0.249593
-0.207841
-0.171792
-0.141325
-0.115585
-0.0937736
-0.0752262
-0.0592599
-0.0457346
-0.0337923
-0.409636
-0.374598
-0.342968
-0.293663
-0.245516
-0.202323
-0.165423
-0.134464
-0.108455
-0.0865249
-0.0679565
-0.0520456
-0.0386482
-0.0267665
-0.414619
-0.378675
-0.343641
-0.291112
-0.240692
-0.196197
-0.158556
-0.127191
-0.100979
-0.0789858
-0.0604426
-0.0446285
-0.0313888
-0.0196006
-0.418648
-0.381886
-0.343217
-0.287612
-0.235091
-0.189445
-0.151176
-0.119492
-0.0931478
-0.0711491
-0.0526794
-0.0370043
-0.0239546
-0.0122973
-0.42161
-0.384092
-0.341626
-0.28312
-0.22869
-0.182048
-0.14327
-0.111357
-0.0849531
-0.0630095
-0.0446634
-0.0291696
-0.0163432
-0.00485777
-0.423399
-0.38516
-0.338806
-0.277598
-0.221466
-0.17399
-0.134824
-0.102776
-0.0763888
-0.0545629
-0.0363921
-0.0211228
-0.00855282
0.00272856
-0.423912
-0.384966
-0.334707
-0.271018
-0.213402
-0.16526
-0.125828
-0.093743
-0.0674505
-0.0458064
-0.0278631
-0.012865
-0.000589905
0.0104934
-0.423055
-0.383399
-0.329285
-0.263357
-0.204484
-0.155845
-0.116276
-0.0842529
-0.0581358
-0.0367374
-0.0190741
-0.00439679
0.00752623
0.0184697
-0.420741
-0.380361
-0.322505
-0.254597
-0.1947
-0.145739
-0.106162
-0.0743029
-0.0484424
-0.0273541
-0.010025
0.0042838
0.0157869
0.0266211
-0.416891
-0.37577
-0.314337
-0.244729
-0.184045
-0.134939
-0.0954837
-0.0638903
-0.038367
-0.0176582
-0.000724139
0.0131681
0.0242539
0.0348379
-0.411436
-0.369559
-0.304763
-0.233747
-0.172516
-0.123443
-0.0842403
-0.0530122
-0.0279072
-0.00766093
0.00881499
0.0222272
0.0329327
0.0431475
-0.404315
-0.361674
-0.293774
-0.22165
-0.160116
-0.111253
-0.072429
-0.0416714
-0.0170753
0.00261618
0.018598
0.0314802
0.041783
0.0515713
-0.395477
-0.35208
-0.281368
-0.208447
-0.14685
-0.0983674
-0.0600504
-0.0298887
-0.00591406
0.0132051
0.0286162
0.0409266
0.0507852
0.0601142
-0.38488
-0.340753
-0.267551
-0.194149
-0.132724
-0.0847875
-0.0471278
-0.0176969
0.00561056
0.0240818
0.0388619
0.050559
0.0599298
0.0687712
-0.372495
-0.327686
-0.252338
-0.178772
-0.117744
-0.0705349
-0.0337166
-0.00505752
0.0174823
0.0352336
0.0493255
0.0603672
0.0692097
0.0775336
-0.358304
-0.312885
-0.235752
-0.162336
-0.101927
-0.055679
-0.0197665
0.00800002
0.0296874
0.0466478
0.0599958
0.0703402
0.0786173
0.0863911
-0.3423
-0.296368
-0.217822
-0.144869
-0.0853188
-0.0401958
-0.00531305
0.0214572
0.0422097
0.0583109
0.0708605
0.0804662
0.0881432
0.0953324
-0.324488
-0.278165
-0.198584
-0.126409
-0.0679648
-0.0240858
0.00962164
0.035294
0.055032
0.0702079
0.0819056
0.0907329
0.0977768
0.104345
-0.304885
-0.258319
-0.178085
-0.106997
-0.0498778
-0.0073897
0.0250132
0.0494891
0.0681352
0.0823223
0.0931161
0.101127
0.107506
0.113416
-0.283523
-0.236883
-0.156368
-0.0866753
-0.0310881
0.00985775
0.040835
0.0640193
0.0814988
0.0946356
0.104476
0.111634
0.117317
0.12253
-0.260445
-0.213951
-0.133454
-0.0654836
-0.0116344
0.0276213
0.0570577
0.0788591
0.0951002
0.107128
0.115966
0.122239
0.127196
0.131671
-0.235714
-0.189657
-0.109342
-0.0434544
0.00843807
0.0458629
0.0736491
0.0939809
0.108915
0.119779
0.12757
0.132927
0.137125
0.140818
-0.209398
-0.164084
-0.0841012
-0.0206354
0.0290799
0.0645411
0.0905746
0.109355
0.122919
0.132565
0.139268
0.143679
0.147086
0.149947
-0.181568
-0.137073
-0.0580537
0.0028953
0.0502399
0.0836118
0.107797
0.12495
0.137084
0.145464
0.151038
0.154479
0.157061
0.159032
-0.152314
-0.108641
-0.0313644
0.0270481
0.0718648
0.103029
0.125278
0.140734
0.151381
0.158449
0.162859
0.165311
0.16704
0.168057
-0.121751
-0.079001
-0.00397966
0.0517429
0.093897
0.122745
0.142975
0.15667
0.165782
0.171496
0.174709
0.17616
0.177012
0.176996
-0.0899725
-0.0483154
0.0240702
0.0769044
0.116276
0.142708
0.160847
0.172723
0.180254
0.184575
0.186567
0.187019
0.18695
0.185742
-0.0569612
-0.0168741
0.0527074
0.102459
0.138937
0.162867
0.178849
0.188856
0.194766
0.197661
0.198419
0.197881
0.196781
0.194012
-0.0229785
0.0152838
0.0818391
0.128331
0.161817
0.183168
0.196935
0.20503
0.209284
0.210728
0.210253
0.208728
0.206389
0.201589
0.0118433
0.048056
0.111366
0.154442
0.184848
0.203554
0.215057
0.221204
0.223774
0.223749
0.22205
0.219503
0.215697
0.209021
0.0473705
0.0813196
0.141185
0.180709
0.207962
0.223967
0.233168
0.237337
0.2382
0.236699
0.233775
0.230117
0.224716
0.217751
0.0834573
0.114946
0.17119
0.20705
0.231088
0.244351
0.251219
0.253387
0.252529
0.249548
0.245383
0.240538
0.233794
0.226809
0.119953
0.148803
0.201272
0.23338
0.254156
0.264645
0.269158
0.269313
0.266726
0.262265
0.256842
0.250791
0.242929
0.235749
0.156703
0.182758
0.231324
0.25961
0.277093
0.284788
0.286936
0.285071
0.280755
0.274817
0.268123
0.26088
0.252041
0.244512
0.193552
0.216675
0.261236
0.285653
0.299827
0.304721
0.304502
0.300619
0.294579
0.28717
0.279204
0.270796
0.261054
0.253033
0.230342
0.250419
0.290898
0.311423
0.322285
0.324383
0.321804
0.315914
0.308162
0.299293
0.290061
0.280518
0.269913
0.261304
0.266915
0.283855
0.320202
0.33683
0.344395
0.343713
0.338793
0.330913
0.321467
0.311154
0.30067
0.290022
0.278578
0.269318
0.303116
0.316847
0.349039
0.361787
0.366083
0.362651
0.355417
0.345573
0.334459
0.322723
0.311006
0.299284
0.287018
0.277068
0.338787
0.349262
0.377302
0.386209
0.387279
0.381137
0.371626
0.359853
0.347101
0.333968
0.321044
0.308278
0.295208
0.284546
0.373776
0.380968
0.404888
0.410009
0.407913
0.399113
0.387372
0.373711
0.359359
0.344861
0.330758
0.31698
0.303127
0.291741
0.40793
0.411839
0.431692
0.433106
0.427915
0.416521
0.402606
0.387106
0.371197
0.355373
0.340125
0.325367
0.310753
0.298643
0.441101
0.441749
0.457617
0.455416
0.447218
0.433306
0.417281
0.4
0.382582
0.365474
0.34912
0.333418
0.318068
0.305241
0.473145
0.470579
0.482564
0.476862
0.465757
0.449413
0.431352
0.412353
0.393482
0.375137
0.357718
0.341112
0.325055
0.311521
0.503922
0.498213
0.50644
0.497368
0.483469
0.464789
0.444775
0.424129
0.403866
0.384336
0.365898
0.348429
0.331696
0.317473
0.533298
0.524539
0.529157
0.51686
0.500293
0.479384
0.457508
0.435291
0.413702
0.393045
0.373638
0.35535
0.337975
0.323085
0.561146
0.549453
0.550628
0.53527
0.516172
0.493151
0.46951
0.445807
0.422964
0.40124
0.380916
0.361856
0.343875
0.328345
0.587345
0.572854
0.570775
0.552531
0.531052
0.506043
0.480744
0.455644
0.431623
0.408897
0.387714
0.367932
0.349383
0.333243
0.611781
0.59465
0.589521
0.568582
0.544881
0.518019
0.491173
0.464772
0.439654
0.415996
0.394013
0.37356
0.354485
0.337769
0.634348
0.614752
0.606796
0.583365
0.557611
0.529038
0.500764
0.473163
0.447033
0.422516
0.399795
0.378726
0.359166
0.341913
0.654948
0.633082
0.622535
0.596826
0.569199
0.539063
0.509488
0.480792
0.453739
0.428438
0.405046
0.383416
0.363415
0.345667
0.673491
0.649564
0.636679
0.608919
0.579604
0.548062
0.517315
0.487634
0.459751
0.433746
0.40975
0.387617
0.36722
0.349023
0.689898
0.664135
0.649175
0.619598
0.58879
0.556005
0.524221
0.493668
0.465052
0.438424
0.413894
0.391318
0.370572
0.351975
0.704097
0.676735
0.659976
0.628826
0.596725
0.562864
0.530182
0.498877
0.469626
0.442459
0.417468
0.394509
0.373461
0.354515
0.716027
0.687314
0.669041
0.636569
0.603382
0.568616
0.535182
0.503243
0.473459
0.44584
0.420462
0.397182
0.375881
0.356641
0.725635
0.695831
0.676336
0.642799
0.608737
0.573243
0.539201
0.506753
0.47654
0.448557
0.422866
0.399329
0.377824
0.358345
0.732881
0.70225
0.681834
0.647493
0.612772
0.576728
0.542229
0.509396
0.47886
0.450602
0.424676
0.400944
0.379286
0.359625
0.737733
0.706548
0.685513
0.650634
0.615471
0.579059
0.544254
0.511164
0.480411
0.451969
0.425886
0.402024
0.380263
0.360479
0.74017
0.708705
0.687361
0.652211
0.616827
0.580229
0.54527
0.512051
0.481189
0.452655
0.426493
0.402565
0.380755
0.360921
0.740181
0.708715
0.687369
0.652218
0.616832
0.580234
0.545274
0.512053
0.481191
0.452656
0.426494
0.402567
0.380757
0.360927
0.737766
0.706576
0.685538
0.650654
0.615488
0.579073
0.544264
0.511171
0.480416
0.451972
0.425888
0.402025
0.380264
0.36048
0.732935
0.702296
0.681874
0.647526
0.612799
0.576749
0.542245
0.509408
0.478868
0.450606
0.424678
0.400944
0.379285
0.35962
0.725709
0.695894
0.676391
0.642844
0.608774
0.573271
0.539223
0.506768
0.476549
0.448561
0.422867
0.399327
0.37782
0.358336
0.71612
0.687393
0.669109
0.636625
0.603428
0.568651
0.535207
0.50326
0.473469
0.445844
0.420461
0.397178
0.375874
0.356627
0.704207
0.676829
0.660057
0.628892
0.596778
0.562904
0.530211
0.498895
0.469635
0.442461
0.417465
0.394503
0.373452
0.354498
0.690024
0.664242
0.649267
0.619673
0.588849
0.556048
0.524251
0.493686
0.46506
0.438425
0.413889
0.39131
0.370561
0.351954
0.673631
0.649684
0.63678
0.609
0.579667
0.548109
0.517346
0.487651
0.459758
0.433745
0.409743
0.387607
0.367207
0.349
0.655099
0.633211
0.622644
0.596913
0.569266
0.539111
0.509519
0.480809
0.453744
0.428435
0.405037
0.383405
0.363401
0.345641
0.634509
0.61489
0.606911
0.583455
0.55768
0.529086
0.500795
0.473179
0.447037
0.422512
0.399786
0.378715
0.359152
0.341884
0.611949
0.594794
0.589641
0.568675
0.544951
0.518067
0.491203
0.464787
0.439657
0.415991
0.394003
0.373549
0.354471
0.337738
0.587518
0.573003
0.570898
0.552626
0.531122
0.506091
0.480772
0.455658
0.431625
0.408892
0.387704
0.367922
0.349371
0.33321
0.561322
0.549604
0.550753
0.535366
0.516242
0.493198
0.469538
0.44582
0.422966
0.401235
0.380907
0.361847
0.343863
0.328311
0.533475
0.524691
0.529282
0.516955
0.500362
0.47943
0.457535
0.435304
0.413704
0.39304
0.373629
0.355342
0.337964
0.323049
0.504097
0.498364
0.506564
0.497462
0.483536
0.464833
0.444801
0.424141
0.403868
0.384332
0.36589
0.348422
0.331686
0.317437
0.473317
0.470729
0.482686
0.476954
0.465823
0.449456
0.431378
0.412365
0.393485
0.375134
0.357712
0.341107
0.325047
0.311484
0.44127
0.441896
0.457736
0.455506
0.447282
0.433348
0.417306
0.400012
0.382586
0.365471
0.349114
0.333415
0.318061
0.305202
0.408093
0.411982
0.431809
0.433193
0.427977
0.416562
0.40263
0.387119
0.371201
0.355372
0.340121
0.325365
0.310748
0.298604
0.373932
0.381106
0.405
0.410093
0.407973
0.399153
0.387396
0.373724
0.359364
0.344862
0.330756
0.316979
0.303124
0.291702
0.338935
0.349393
0.37741
0.386289
0.387337
0.381176
0.37165
0.359867
0.347108
0.33397
0.321043
0.308279
0.295208
0.284507
0.303254
0.316972
0.349141
0.361864
0.366139
0.362688
0.355441
0.345587
0.334467
0.322726
0.311006
0.299287
0.28702
0.277029
0.267044
0.283972
0.320299
0.336903
0.344448
0.34375
0.338817
0.330928
0.321477
0.311159
0.300672
0.290027
0.278583
0.26928
0.230461
0.250528
0.290989
0.311492
0.322336
0.324419
0.321828
0.31593
0.308172
0.299299
0.290065
0.280525
0.269922
0.261269
0.193661
0.216776
0.261322
0.285719
0.299876
0.304756
0.304526
0.300636
0.294591
0.287178
0.27921
0.270804
0.261067
0.253001
0.156801
0.182851
0.231404
0.259671
0.27714
0.284822
0.28696
0.285088
0.280768
0.274826
0.26813
0.260891
0.252061
0.244487
0.12004
0.148888
0.201346
0.233437
0.2542
0.264678
0.269182
0.269331
0.26674
0.262277
0.25685
0.250802
0.242955
0.235739
0.083534
0.115022
0.171257
0.207104
0.23113
0.244383
0.251243
0.253406
0.252544
0.249561
0.245393
0.24055
0.233827
0.226829
0.0474367
0.0813871
0.141246
0.180759
0.208002
0.223999
0.233193
0.237356
0.238216
0.236714
0.233788
0.230128
0.224751
0.21782
0.0118992
0.0481151
0.111421
0.154488
0.184886
0.203584
0.215081
0.221223
0.22379
0.223765
0.222065
0.219515
0.215731
0.209132
-0.0229327
0.0153347
0.0818887
0.128374
0.161853
0.183197
0.196959
0.20505
0.209301
0.210744
0.210269
0.208742
0.206417
0.201677
-0.0569249
-0.0168313
0.0527513
0.102498
0.138971
0.162896
0.178873
0.188876
0.194784
0.197678
0.198436
0.197896
0.196803
0.194068
-0.0899454
-0.0482805
0.0241085
0.0769396
0.116307
0.142735
0.16087
0.172743
0.180272
0.184592
0.186584
0.187035
0.186968
0.18578
-0.121733
-0.0789735
-0.00394683
0.0517745
0.0939263
0.122771
0.142998
0.15669
0.1658
0.171512
0.174726
0.176177
0.177029
0.177027
-0.152304
-0.108621
-0.0313368
0.0270763
0.0718919
0.103054
0.1253
0.140753
0.151399
0.158466
0.162876
0.165327
0.167057
0.168084
-0.181565
-0.13706
-0.0580311
0.00292002
0.0502649
0.0836353
0.107818
0.124969
0.137101
0.14548
0.151054
0.154495
0.157077
0.159055
-0.209402
-0.164078
-0.0840834
-0.020614
0.0291027
0.0645632
0.090595
0.109374
0.122936
0.132581
0.139283
0.143694
0.1471
0.149966
-0.235725
-0.189656
-0.10933
-0.0434364
0.00845869
0.0458836
0.0736686
0.0939987
0.108932
0.119794
0.127585
0.132941
0.137138
0.140835
-0.260462
-0.213956
-0.133446
-0.0654687
-0.011616
0.0276405
0.0570762
0.0788761
0.0951158
0.107143
0.115981
0.122253
0.127208
0.131686
-0.283545
-0.236894
-0.156363
-0.0866635
-0.0310718
0.00987548
0.0408524
0.0640355
0.0815137
0.0946496
0.104489
0.111647
0.117329
0.122544
-0.304913
-0.258334
-0.178085
-0.106988
-0.0498637
-0.0073735
0.0250294
0.0495045
0.0681494
0.0823355
0.0931289
0.101139
0.107517
0.113428
-0.32452
-0.278186
-0.198588
-0.126403
-0.0679527
-0.0240711
0.00963673
0.0353084
0.0550454
0.0702205
0.0819177
0.0907445
0.0977874
0.104356
-0.342336
-0.296392
-0.217829
-0.144866
-0.0853088
-0.0401827
-0.00529915
0.0214706
0.0422222
0.0583227
0.0708718
0.0804772
0.0881533
0.0953424
-0.358344
-0.312913
-0.235763
-0.162335
-0.101919
-0.0556675
-0.0197539
0.00801241
0.0296991
0.0466588
0.0600064
0.0703505
0.0786269
0.0864004
-0.372538
-0.327717
-0.252352
-0.178774
-0.117738
-0.0705249
-0.0337052
-0.00504615
0.0174931
0.0352438
0.0493354
0.060377
0.0692189
0.0775422
-0.384925
-0.340787
-0.267568
-0.194154
-0.13272
-0.0847791
-0.0471176
-0.0176866
0.00562048
0.0240913
0.0388712
0.0505682
0.0599385
0.0687792
-0.395524
-0.352117
-0.281387
-0.208454
-0.146848
-0.0983605
-0.0600415
-0.0298794
-0.00590503
0.0132138
0.0286248
0.0409352
0.0507935
0.0601217
-0.404364
-0.361713
-0.293796
-0.221659
-0.160116
-0.111247
-0.0724212
-0.0416631
-0.0170672
0.00262415
0.0186059
0.0314883
0.0417909
0.0515783
-0.411486
-0.369599
-0.304788
-0.233758
-0.172518
-0.123439
-0.0842338
-0.0530049
-0.0278999
-0.00765373
0.00882225
0.0222347
0.0329402
0.0431541
-0.416942
-0.375812
-0.314363
-0.244742
-0.184048
-0.134936
-0.0954784
-0.063884
-0.0383605
-0.0176517
-0.000717498
0.013175
0.0242609
0.0348441
-0.420793
-0.380404
-0.322533
-0.254612
-0.194705
-0.145738
-0.106158
-0.0742976
-0.0484368
-0.0273484
-0.0100189
0.00429024
0.0157934
0.026627
-0.423107
-0.383443
-0.329315
-0.263373
-0.20449
-0.155845
-0.116273
-0.0842486
-0.058131
-0.0367324
-0.0190687
-0.00439087
0.00753236
0.0184753
-0.423964
-0.385011
-0.334738
-0.271036
-0.21341
-0.165261
-0.125826
-0.0937397
-0.0674466
-0.045802
-0.0278583
-0.0128596
-0.000584203
0.0104986
-0.423451
-0.385204
-0.338838
-0.277617
-0.221475
-0.173993
-0.134823
-0.102774
-0.0763856
-0.0545593
-0.0363879
-0.0211179
-0.00854754
0.00273341
-0.421662
-0.384136
-0.341659
-0.28314
-0.2287
-0.182052
-0.14327
-0.111355
-0.0849507
-0.0630065
-0.0446598
-0.0291652
-0.0163383
-0.00485325
-0.418699
-0.38193
-0.343251
-0.287634
-0.235103
-0.18945
-0.151178
-0.119491
-0.0931462
-0.0711468
-0.0526764
-0.0370004
-0.0239502
-0.0122931
-0.414669
-0.378719
-0.343675
-0.291135
-0.240705
-0.196203
-0.158558
-0.127191
-0.100978
-0.0789841
-0.0604401
-0.0446251
-0.0313848
-0.0195967
-0.409685
-0.37464
-0.343003
-0.293686
-0.24553
-0.20233
-0.165426
-0.134465
-0.108455
-0.0865239
-0.0679546
-0.0520427
-0.0386446
-0.0267629
-0.403867
-0.369833
-0.341318
-0.295336
-0.249608
-0.20785
-0.171797
-0.141327
-0.115586
-0.0937732
-0.0752249
-0.0592575
-0.0457315
-0.033789
-0.397333
-0.364432
-0.338714
-0.29614
-0.252967
-0.212784
-0.177688
-0.14779
-0.122382
-0.10074
-0.0822569
-0.0662742
-0.0526483
-0.040674
-0.390209
-0.358565
-0.3353
-0.296158
-0.255642
-0.217157
-0.183119
-0.153869
-0.128854
-0.107434
-0.0890574
-0.0730982
-0.059399
-0.0474188
-0.382618
-0.35235
-0.331192
-0.295456
-0.257668
-0.220994
-0.188109
-0.15958
-0.135017
-0.113865
-0.0956342
-0.0797355
-0.0659887
-0.0540262
-0.374682
-0.345894
-0.32652
-0.294101
-0.259083
-0.224318
-0.192679
-0.164941
-0.140883
-0.120045
-0.101996
-0.0861928
-0.0724234
-0.0605
-0.366519
-0.33929
-0.321416
-0.292165
-0.259928
-0.227158
-0.196847
-0.169968
-0.146467
-0.125985
-0.108152
-0.0924776
-0.0787094
-0.0668444
-0.358241
-0.332619
-0.316016
-0.289722
-0.260245
-0.22954
-0.200636
-0.174679
-0.151785
-0.131698
-0.114112
-0.0985979
-0.0848537
-0.0730645
-0.349951
-0.32595
-0.310447
-0.286849
-0.260079
-0.231491
-0.204064
-0.17909
-0.15685
-0.137198
-0.119887
-0.104562
-0.0908637
-0.0791662
-0.341739
-0.319345
-0.304827
-0.283628
-0.259479
-0.233037
-0.20715
-0.183219
-0.161678
-0.142496
-0.125489
-0.11038
-0.0967475
-0.0851556
-0.333682
-0.312856
-0.299255
-0.280142
-0.258493
-0.234206
-0.209914
-0.187081
-0.166284
-0.147607
-0.130928
-0.11606
-0.102513
-0.0910395
-0.325845
-0.30653
-0.293808
-0.276479
-0.257172
-0.235025
-0.212371
-0.19069
-0.17068
-0.152543
-0.136216
-0.121612
-0.10817
-0.318278
-0.300409
-0.28854
-0.272726
-0.255569
-0.23552
-0.214537
-0.194059
-0.17488
-0.157318
-0.141366
-0.311016
-0.294531
-0.283484
-0.268968
-0.25374
-0.23572
-0.216428
-0.1972
-0.178894
-0.161942
-0.304086
-0.288925
-0.278661
-0.265282
-0.251739
-0.235655
-0.218056
-0.200121
-0.182732
-0.166426
-0.297506
-0.283615
-0.274079
-0.261728
-0.249626
-0.235355
-0.219436
-0.202829
-0.186402
-0.291286
-0.278615
-0.269746
-0.258349
-0.247462
-0.234856
-0.22058
-0.205329
-0.285431
-0.27393
-0.265664
-0.255166
-0.245303
-0.234193
-0.221502
-0.27994
-0.269558
-0.261839
-0.252186
-0.243203
-0.233406
-0.222218
-0.27481
-0.265492
-0.258275
-0.249408
-0.241203
-0.232539
-0.270034
-0.26172
-0.254972
-0.246826
-0.239328
-0.265602
-0.258228
-0.251926
-0.244436
-0.237591
-0.261502
-0.255
-0.249128
-0.242237
-0.25772
-0.252019
-0.246567
-0.240226
-0.254239
-0.249269
-0.244228
-0.251041
-0.246734
-0.242093
-0.248105
-0.244395
-0.240146
-0.245411
-0.242236
-0.242932
-0.240241
-0.24064
-0.238398
-0.238522
-0.236557
-0.234718
-0.232985
-0.231338
-0.0203453
-0.0271663
-0.0338756
-0.0404742
-0.0469639
-0.053347
-0.0596267
-0.0658068
-0.0718914
-0.0778856
-0.0837947
-0.0177242
-0.0243771
-0.0309272
-0.0373758
-0.0437247
-0.0499761
-0.0561326
-0.0621975
-0.0681746
-0.0740682
-0.0798828
-0.0151659
-0.0216214
-0.0279809
-0.0342461
-0.0404186
-0.0465002
-0.0524933
-0.0584006
-0.0642255
-0.0699714
-0.0756422
-0.0126403
-0.0189143
-0.0251006
-0.0312005
-0.0372154
-0.0431469
-0.0489972
-0.0547687
-0.0604643
-0.0660871
-0.0716406
-0.0101642
-0.0162638
-0.0222841
-0.0282261
-0.0340911
-0.0398807
-0.0455967
-0.0512415
-0.0568177
-0.0623282
-0.0677762
-0.00774328
-0.0136697
-0.019524
-0.0253074
-0.0310209
-0.036666
-0.0422445
-0.0477585
-0.0532104
-0.0586028
-0.0639388
-0.00537474
-0.011129
-0.0168178
-0.0224419
-0.0280024
-0.0335005
-0.038938
-0.0443167
-0.0496386
-0.0549063
-0.0601223
-0.00305751
-0.00864144
-0.0141659
-0.0196313
-0.0250387
-0.0303892
-0.0356843
-0.0409256
-0.046115
-0.0512545
-0.0563465
-0.000792148
-0.00620763
-0.0115692
-0.0168769
-0.0221317
-0.0273346
-0.0324869
-0.0375898
-0.0426451
-0.0476546
-0.0526202
0.00142106
-0.003828
-0.0090282
-0.0141794
-0.0192823
-0.0243378
-0.0293469
-0.0343107
-0.0392308
-0.0441086
-0.048946
0.00358235
-0.00150263
-0.00654328
-0.0115393
-0.0164912
-0.0213996
-0.0262655
-0.0310898
-0.0358737
-0.0406186
-0.0453259
0.00569179
0.000768357
-0.00411476
-0.00895719
-0.0137592
-0.0185213
-0.0232443
-0.0279289
-0.0325761
-0.037187
-0.041763
0.00774946
0.00298485
-0.00174301
-0.00643367
-0.0110872
-0.0157041
-0.0202848
-0.0248299
-0.0293403
-0.0338168
-0.0382605
0.00975549
0.00514679
0.000571673
-0.00396932
-0.00847614
-0.012949
-0.0173884
-0.0217947
-0.0261684
-0.0305104
-0.0348215
0.01171
0.00725409
0.00282899
-0.00156468
-0.00592676
-0.0102574
-0.0145567
-0.0188251
-0.0230629
-0.0272707
-0.0314491
0.0136131
0.00930671
0.00502868
0.000779737
-0.00343986
-0.00763009
-0.011791
-0.0159228
-0.0200257
-0.0241
-0.0281464
0.015465
0.0113046
0.00717051
0.00306347
-0.00101616
-0.00506825
-0.00909273
-0.0130896
-0.0170589
-0.0210009
-0.024916
0.0172655
0.0132475
0.00925406
0.00528593
0.00134352
-0.00257292
-0.00646316
-0.0103271
-0.0141646
-0.0179758
-0.021761
0.0190147
0.0151355
0.0112791
0.00744664
0.00363842
-0.000145129
-0.00390365
-0.00763687
-0.0113447
-0.0150269
-0.0186838
0.0207129
0.0169684
0.0132456
0.00954518
0.00586785
0.00221415
-0.00141545
-0.00502059
-0.00860104
-0.0121566
-0.0156873
0.0223589
0.0187452
0.0151522
0.0115804
0.00803067
0.00450368
0.00100001
-0.00247989
-0.00593568
-0.00936708
-0.0127739
0.0239516
0.020465
0.0169981
0.0135514
0.0101258
0.00672218
0.00334127
-1.64523e-05
-0.00335052
-0.00666055
-0.00994627
0.0254913
0.0221276
0.0187828
0.0154573
0.0121522
0.00886853
0.00560693
0.00236808
-0.000847476
-0.00403924
-0.00720684
0.0269775
0.0237325
0.0205055
0.0172974
0.014109
0.0109414
0.00779548
0.00467195
0.00157146
-0.00150541
-0.00455817
0.0284095
0.0252787
0.0221655
0.0190704
0.0159947
0.0129394
0.0099053
0.00689334
0.00390424
0.000938659
-0.00200282
0.0297863
0.0267655
0.0237616
0.0207754
0.0178082
0.014861
0.0119347
0.00903037
0.00614875
0.0032906
0.0004566
0.0311072
0.0281917
0.0252927
0.022411
0.0195479
0.0167045
0.0138819
0.011081
0.00830273
0.00554795
0.00281738
0.0323711
0.0295562
0.0267573
0.0239756
0.0212121
0.0184681
0.0157447
0.013043
0.0103638
0.00770809
0.00507667
0.0335763
0.0308573
0.0281539
0.0254674
0.022799
0.0201498
0.0175211
0.0149139
0.0123293
0.0097682
0.00723145
0.0347214
0.0320933
0.0294806
0.0268845
0.0243063
0.0217472
0.0192085
0.0166912
0.0141964
0.0117252
0.00927848
0.0358042
0.033262
0.030735
0.0282244
0.0257315
0.0232577
0.020804
0.0183718
0.0159621
0.0135759
0.0112142
0.0368225
0.0343611
0.0319146
0.0294845
0.0270719
0.0246782
0.0223046
0.0199524
0.0176226
0.0153164
0.0130347
0.0377736
0.0353877
0.0330166
0.0306616
0.0283241
0.0260054
0.0237067
0.0214292
0.0191742
0.0169427
0.0147358
0.0386543
0.0363385
0.0340374
0.0317523
0.0294845
0.0272354
0.0250062
0.0227981
0.0206124
0.0184501
0.0163124
0.0394613
0.03721
0.0349734
0.0327525
0.0305489
0.0283638
0.0261984
0.0240542
0.0219321
0.0198335
0.0177592
0.04019
0.0379976
0.0358196
0.0336573
0.0315121
0.0293852
0.027278
0.0251917
0.0231275
0.0210865
0.0190698
0.0408362
0.0386965
0.0365712
0.0344615
0.0323687
0.0302942
0.0282391
0.0262047
0.0241922
0.0222027
0.0202373
0.0413947
0.0393011
0.037222
0.0351586
0.0331119
0.0310832
0.0290738
0.0270849
0.0251177
0.0231732
0.0212526
0.0418582
0.0398046
0.0377656
0.035742
0.033735
0.0317458
0.0297756
0.0278256
0.0258969
0.0239907
0.0221079
0.0422141
0.040194
0.0381881
0.0361975
0.0342233
0.0322667
0.0303288
0.0284108
0.0265139
0.024639
0.0227872
0.0424702
0.0404761
0.0384959
0.0365305
0.0345811
0.0326489
0.030735
0.0288405
0.0269665
0.0251141
0.0232842
0.0214778
0.0425801
0.0406051
0.0386448
0.0366999
0.0347711
0.0328592
0.0309653
0.0290905
0.0272355
0.0254015
0.0235892
0.0217996
0.203441
0.195341
0.187603
0.179802
0.171529
0.163098
0.154647
0.146157
0.137634
0.129105
0.120588
0.112098
0.103646
0.0952434
0.0868999
0.0786243
0.0704245
0.0623074
0.0542791
0.0463441
0.0385085
0.030771
0.0230988
0.0154841
0.00805611
0.00078522
-0.00636747
-0.0134121
0.200214
0.191838
0.183645
0.175959
0.167889
0.159655
0.151453
0.143239
0.135002
0.126768
0.118553
0.110367
0.102218
0.0941172
0.086072
0.0780897
0.0701768
0.0623385
0.0545793
0.0469008
0.0393052
0.031794
0.0244216
0.0171012
0.00990722
0.00284544
-0.00411024
-0.0109679
0.196198
0.187897
0.17942
0.171887
0.164118
0.156122
0.148169
0.140234
0.132282
0.124335
0.116412
0.10852
0.100667
0.0928601
0.085107
0.077414
0.0697867
0.0622298
0.0547476
0.0473428
0.0400216
0.0327924
0.0256763
0.0185842
0.0116158
0.00477438
-0.00196593
-0.00861351
0.191821
0.183833
0.175284
0.167896
0.160454
0.152726
0.14502
0.137365
0.129702
0.122043
0.114411
0.106811
0.0992493
0.0917321
0.0842658
0.076856
0.0695075
0.0622246
0.0550116
0.0478723
0.0408135
0.0338402
0.0269599
0.0200825
0.0133346
0.00670812
0.000173113
-0.00627742
0.187329
0.179724
0.171233
0.163975
0.156847
0.149406
0.14195
0.134566
0.12719
0.119817
0.112469
0.105156
0.0978792
0.0906447
0.0834581
0.0763242
0.0692471
0.0622305
0.0552788
0.0483957
0.0415875
0.0348566
0.0282064
0.0215489
0.0150232
0.00860958
0.00227528
-0.00398409
0.18283
0.1756
0.167262
0.160142
0.153305
0.146165
0.138964
0.131843
0.124749
0.117656
0.110587
0.103551
0.0965518
0.0895918
0.0826764
0.0758098
0.0689956
0.062237
0.0555379
0.0489021
0.0423361
0.0358462
0.0294357
0.022988
0.0166749
0.0104656
0.00432701
-0.00174404
0.178366
0.171488
0.163369
0.156406
0.149841
0.143003
0.136064
0.129201
0.12238
0.115564
0.108766
0.102001
0.0952707
0.0885774
0.0819252
0.0753178
0.0687585
0.06225
0.0557953
0.0493974
0.0430608
0.0367916
0.0305966
0.0244077
0.0183021
0.0122816
0.00633119
0.000445497
0.173965
0.167414
0.159559
0.152775
0.146464
0.139923
0.13325
0.12664
0.120085
0.113538
0.107006
0.100504
0.0940356
0.0876012
0.0812042
0.0748483
0.068536
0.0622698
0.0560519
0.0498843
0.0437668
0.0376974
0.0316721
0.0257919
0.0198976
0.014057
0.00828913
0.00258587
0.169649
0.163403
0.155838
0.149252
0.143182
0.136928
0.130522
0.124163
0.117865
0.111581
0.105308
0.0990614
0.0928461
0.0866627
0.0805132
0.0744008
0.0683278
0.0622964
0.0563082
0.050365
0.0444675
0.0386196
0.032833
0.0271409
0.0214415
0.0157864
0.0102006
0.00467683
0.165433
0.159474
0.152213
0.145838
0.140001
0.134022
0.127882
0.121769
0.11572
0.109691
0.103671
0.0976722
0.0917023
0.0857618
0.0798519
0.0739752
0.0681339
0.0623299
0.0565649
0.0508406
0.0451587
0.0395239
0.0339425
0.0284395
0.0229357
0.01747
0.0120657
0.0067184
0.161329
0.15564
0.148689
0.142536
0.136923
0.131207
0.125329
0.11946
0.113652
0.10787
0.102094
0.0963363
0.0906037
0.0848982
0.0792201
0.0735714
0.0679543
0.0623706
0.0568219
0.0513101
0.0458369
0.0404066
0.035024
0.0297057
0.0243911
0.0191114
0.0138855
0.00871116
0.157343
0.151911
0.145271
0.139345
0.133951
0.128487
0.122863
0.117234
0.111661
0.106116
0.100578
0.0950531
0.0895501
0.0840715
0.0786174
0.0731891
0.0677888
0.0624182
0.0570789
0.0517727
0.0465014
0.0412688
0.0360784
0.0309412
0.0258097
0.0207108
0.0156599
0.0106551
0.153483
0.148295
0.141962
0.136268
0.131087
0.125863
0.120487
0.115092
0.109746
0.10443
0.0991214
0.0938222
0.0885412
0.0832815
0.0780436
0.0728282
0.0676372
0.0624725
0.0573356
0.0522282
0.047152
0.0421104
0.0371059
0.032146
0.0271919
0.0222687
0.0173888
0.0125504
0.149752
0.144797
0.138767
0.133304
0.12833
0.123337
0.118199
0.113032
0.107908
0.102812
0.0977244
0.0926431
0.0875763
0.0825278
0.0774983
0.0724882
0.0674993
0.0625333
0.0575918
0.0526764
0.0477887
0.0429316
0.0381072
0.0333203
0.0285384
0.0237859
0.0190729
0.0143972
0.146154
0.141421
0.135687
0.130454
0.125681
0.120908
0.116
0.111056
0.106145
0.101262
0.0963865
0.0915152
0.0866549
0.0818099
0.0769811
0.072169
0.0673748
0.0626005
0.0578474
0.0531173
0.0484116
0.0437329
0.0390828
0.0344645
0.0298496
0.0252628
0.0207125
0.0161959
0.142691
0.138171
0.132724
0.127718
0.123141
0.118578
0.113891
0.109161
0.104457
0.0997784
0.0951071
0.090438
0.0857766
0.0811274
0.0764917
0.07187
0.0672634
0.0626737
0.0581023
0.0535509
0.0490208
0.0445145
0.0400332
0.035579
0.0311258
0.0266999
0.0223081
0.0179468
0.139365
0.135048
0.129879
0.125096
0.120709
0.116346
0.11187
0.107348
0.102843
0.098361
0.0938856
0.0894107
0.0849405
0.0804796
0.0760296
0.0715909
0.0671648
0.0627528
0.0583564
0.0539771
0.0496166
0.0452767
0.0409586
0.0366637
0.0323669
0.0280973
0.0238601
0.0196503
0.136178
0.132055
0.127152
0.122587
0.118384
0.114212
0.109938
0.105615
0.101302
0.0970089
0.0927213
0.0884327
0.0841462
0.079866
0.0755942
0.0713314
0.0670786
0.0628374
0.0586093
0.054396
0.0501989
0.0460201
0.0418602
0.0377191
0.0335728
0.029455
0.0253684
0.0213062
0.133129
0.129191
0.124545
0.120191
0.116165
0.112175
0.108094
0.103961
0.0998336
0.0957213
0.0916134
0.0875032
0.0833927
0.0792859
0.075185
0.0710909
0.0670045
0.0629272
0.0588607
0.0548065
0.0507667
0.0467436
0.0427391
0.0387522
0.0347496
0.0307775
0.0268355
0.0229152
0.130218
0.126456
0.122055
0.117907
0.114052
0.110234
0.106336
0.102387
0.0984362
0.0944972
0.0905611
0.0866214
0.0826795
0.0787388
0.0748016
0.0708691
0.0669421
0.063022
0.0591103
0.0552084
0.051318
0.047441
0.0435793
0.0397352
0.0358959
0.0320707
0.0282645
0.0244785
0.127445
0.123851
0.119683
0.115732
0.112042
0.108389
0.104665
0.10089
0.0971088
0.0933355
0.0895634
0.0857866
0.0820057
0.0782239
0.0744434
0.0706656
0.0668913
0.0631218
0.0593586
0.0556028
0.0518556
0.0481175
0.04439
0.0406767
0.0370061
0.0333257
0.0296501
0.0259935
0.124809
0.121375
0.117428
0.113666
0.110134
0.106638
0.103078
0.0994691
0.0958501
0.092235
0.0886193
0.0849979
0.0813707
0.0777406
0.0741099
0.07048
0.0668519
0.0632268
0.059606
0.055991
0.0523832
0.0487841
0.0451966
0.0416254
0.0380811
0.0345317
0.0309866
0.0274585
0.122308
0.119027
0.115289
0.111707
0.108326
0.104979
0.101575
0.0981235
0.0946589
0.0911946
0.0877279
0.0842542
0.0807735
0.0772882
0.0738005
0.0703119
0.0668235
0.0633367
0.0598527
0.0563731
0.0528996
0.0494337
0.0459781
0.042536
0.0391152
0.035693
0.032276
0.0288741
0.119942
0.116804
0.113264
0.109854
0.106617
0.103411
0.100154
0.0968518
0.0935338
0.090213
0.0868878
0.0835547
0.0802134
0.0768659
0.0735145
0.0701607
0.0668058
0.063451
0.0600979
0.056748
0.0534028
0.0500642
0.0467345
0.0434164
0.0401155
0.0368153
0.033521
0.0302406
0.117707
0.114706
0.111351
0.108104
0.105005
0.101932
0.0988133
0.0956525
0.0924736
0.0892889
0.0860981
0.0828984
0.0796893
0.0764729
0.0732511
0.0700257
0.0667979
0.0635691
0.0603409
0.0571147
0.0538922
0.0506751
0.0474657
0.0442664
0.0410811
0.0378978
0.0347211
0.0315572
0.115603
0.112731
0.109549
0.106456
0.103487
0.10054
0.0975522
0.0945243
0.0914768
0.088421
0.0853574
0.0822839
0.0792003
0.0761081
0.0730095
0.069906
0.0667991
0.0636902
0.0605808
0.0574725
0.0543669
0.0512658
0.0481711
0.0450852
0.0420113
0.03894
0.0358756
0.0328234
0.113627
0.110877
0.107856
0.104907
0.102062
0.0992338
0.0963686
0.0934656
0.090542
0.0876079
0.0846645
0.0817103
0.0787451
0.0757706
0.0727885
0.0698006
0.0668084
0.0638133
0.0608168
0.0578206
0.0548262
0.0518353
0.0488501
0.0458724
0.042905
0.0399409
0.0369838
0.0340383
0.111778
0.109141
0.106271
0.103457
0.100728
0.0980113
0.0952609
0.0924749
0.0896677
0.0868482
0.0840179
0.0811761
0.0783226
0.0754591
0.0725871
0.0697086
0.0668249
0.0639375
0.061048
0.058158
0.0552691
0.052383
0.0495017
0.0466271
0.0437615
0.0408995
0.0380446
0.035201
0.110052
0.107522
0.104791
0.102103
0.0994827
0.0968707
0.0942274
0.0915507
0.0888524
0.0861403
0.0834163
0.08068
0.0779316
0.0751724
0.0724042
0.0696287
0.0668473
0.0640617
0.0612733
0.0584837
0.0556946
0.0529078
0.050125
0.0473482
0.0445794
0.0418146
0.0390569
0.03631
0.108448
0.106018
0.103415
0.100843
0.0983246
0.09581
0.0932664
0.0906914
0.0880946
0.0854829
0.0828583
0.0802207
0.0775706
0.0749093
0.0722384
0.0695597
0.0668745
0.0641846
0.0614914
0.0587965
0.0561016
0.0534084
0.0507187
0.0480344
0.0453574
0.0426846
0.040019
0.0373638
0.106964
0.104626
0.10214
0.0996758
0.0972518
0.0948277
0.0923763
0.0898954
0.0873928
0.0848744
0.0823423
0.0797968
0.0772384
0.0746684
0.0720884
0.0695002
0.0669051
0.0643049
0.0617009
0.0590949
0.0564885
0.0538834
0.0512814
0.0486842
0.0460938
0.0435078
0.040929
0.0383604
0.105598
0.103345
0.100965
0.0985997
0.0962627
0.093922
0.0915556
0.0891613
0.0867455
0.0843134
0.081867
0.0794067
0.0769333
0.0744481
0.0719527
0.0694487
0.0669376
0.064421
0.0619004
0.0593774
0.0568538
0.0543311
0.0518112
0.0492958
0.0467867
0.0442822
0.041785
0.0392977
0.104349
0.102173
0.0998899
0.0976133
0.0953558
0.0930915
0.0908027
0.0884876
0.0861514
0.0837985
0.0814307
0.0790489
0.0766539
0.074247
0.0718297
0.0694036
0.0669703
0.0645312
0.0620879
0.0596422
0.0571955
0.0547496
0.0523062
0.049867
0.0474338
0.0450055
0.0425843
0.040173
0.103215
0.101109
0.0989119
0.0967156
0.09453
0.0923349
0.0901163
0.087873
0.085609
0.0833281
0.0810321
0.078722
0.0763987
0.0740634
0.0717177
0.0693632
0.0670013
0.0646336
0.0622617
0.0598871
0.0575115
0.0551365
0.0527639
0.0503954
0.0480325
0.0456748
0.0433243
0.0409835
0.102196
0.100152
0.098031
0.0959058
0.0937843
0.0916511
0.0894954
0.0873163
0.0851172
0.0829011
0.0806698
0.0784244
0.0761659
0.0738956
0.0716149
0.0693255
0.0670287
0.0647261
0.0624193
0.0601098
0.0577993
0.0554894
0.0531817
0.050878
0.0485799
0.046287
0.0440016
0.0417257
0.101292
0.0993013
0.0972468
0.0951835
0.0931183
0.0910395
0.0889392
0.0868167
0.0846748
0.0825161
0.0803424
0.0781547
0.0759541
0.0737418
0.0715195
0.0692884
0.0670502
0.0648063
0.0625583
0.0603077
0.0580562
0.0558052
0.0535565
0.0513117
0.0490723
0.0468384
0.0446121
0.0423953
0.100503
0.0985584
0.0965597
0.0945491
0.092532
0.0904999
0.0884472
0.0863735
0.0842811
0.0821724
0.0800487
0.0779114
0.0757615
0.0736003
0.0714292
0.0692498
0.0670634
0.0648715
0.0626758
0.0604777
0.0582787
0.0560806
0.0538849
0.0516933
0.0495072
0.0473261
0.0451526
0.0429888
0.0998321
0.0979243
0.0959711
0.0940035
0.092026
0.0900327
0.0880195
0.0859865
0.0839357
0.081869
0.0797878
0.0776933
0.0755867
0.0734692
0.0713423
0.0692074
0.0670658
0.0649191
0.0627687
0.0606161
0.0584629
0.0563105
0.0541605
0.0520147
0.049875
0.0477434
0.0456183
0.0435011
0.0992817
0.0974018
0.0954833
0.0935489
0.091602
0.0896388
0.0876567
0.0856559
0.0836383
0.0816053
0.0795585
0.0774989
0.0754278
0.0733465
0.0712562
0.0691584
0.0670545
0.0649458
0.0628339
0.0607202
0.0586062
0.0564934
0.0543832
0.0522774
0.0501776
0.0480871
0.0460022
0.0439248
0.0988563
0.0969947
0.0951001
0.0931888
0.0912634
0.0893214
0.0873615
0.0853841
0.0833906
0.0813825
0.0793612
0.0773278
0.0752836
0.0732298
0.0711677
0.0690986
0.0670241
0.0649453
0.0628637
0.0607807
0.0586978
0.0566162
0.0545376
0.0524637
0.0503969
0.0483406
0.0462903
0.0442471
0.0985624
0.096708
0.094825
0.0929254
0.0910115
0.0890817
0.0871351
0.0851725
0.0831949
0.0812038
0.0792004
0.0771858
0.0751613
0.0731279
0.0710871
0.06904
0.0669881
0.0649326
0.062875
0.0608167
0.0587589
0.0567032
0.0546507
0.0526028
0.0505602
0.048524
0.0464956
0.0444771
0.0984148
0.0965582
0.0946731
0.0927702
0.0908524
0.0889193
0.0869705
0.0850068
0.0830294
0.0810399
0.0790393
0.077029
0.0750102
0.072984
0.0709518
0.0689147
0.0668741
0.0648311
0.0627872
0.0607436
0.0587016
0.0566626
0.054628
0.0525995
0.0505792
0.0485698
0.0465659
0.0445681
0.213102
0.213776
0.214984
0.216636
0.218623
0.220874
0.223277
0.225766
0.228206
0.230533
0.232579
0.234301
0.23549
0.23615
0.236003
0.235172
0.233211
0.230508
0.226179
0.2211
0.212502
0.212454
0.213092
0.214236
0.215798
0.217667
0.219773
0.222002
0.224286
0.226491
0.228549
0.230296
0.231685
0.232512
0.232778
0.232218
0.230932
0.228531
0.225293
0.220555
0.214714
0.20688
0.211773
0.212372
0.213448
0.214911
0.216652
0.218602
0.220644
0.222712
0.224671
0.226454
0.2279
0.228961
0.229444
0.229345
0.228421
0.226752
0.224011
0.220394
0.215447
0.209405
0.202235
0.211056
0.211615
0.212618
0.213978
0.215586
0.217371
0.21922
0.221064
0.222769
0.22427
0.225409
0.226139
0.226278
0.225816
0.224539
0.222505
0.219452
0.215511
0.210413
0.204298
0.19738
0.210302
0.21082
0.211749
0.213002
0.214472
0.21609
0.217741
0.219356
0.220805
0.222021
0.222854
0.223254
0.223052
0.222235
0.220616
0.218233
0.21489
0.210669
0.205433
0.199272
0.192471
0.209511
0.209987
0.210838
0.211981
0.213311
0.214757
0.216206
0.21759
0.218781
0.219712
0.220239
0.220313
0.21978
0.21862
0.216676
0.213971
0.210364
0.205907
0.200552
0.194376
0.187685
0.208681
0.209114
0.209886
0.210916
0.212101
0.213371
0.214616
0.215766
0.216697
0.217343
0.217568
0.217322
0.216466
0.214977
0.212728
0.209727
0.205884
0.201234
0.195784
0.189621
0.183041
0.207812
0.2082
0.208891
0.209805
0.210842
0.211933
0.212971
0.213884
0.214554
0.214915
0.214842
0.214283
0.213116
0.211314
0.208778
0.205509
0.201456
0.196648
0.191126
0.184992
0.178519
0.206902
0.207245
0.207852
0.208647
0.209534
0.210443
0.21127
0.211945
0.212355
0.212434
0.212067
0.211202
0.209736
0.207637
0.204835
0.201324
0.197087
0.192151
0.186579
0.180481
0.174113
0.20595
0.206247
0.206768
0.207442
0.208176
0.2089
0.209515
0.209951
0.210102
0.209902
0.209248
0.208087
0.206333
0.203957
0.200907
0.197181
0.192783
0.187746
0.182143
0.176088
0.169824
0.204957
0.205206
0.20564
0.206191
0.206768
0.207305
0.207707
0.207904
0.207798
0.207323
0.206389
0.204943
0.202917
0.200281
0.197004
0.193087
0.188552
0.183436
0.177819
0.171814
0.165656
0.20392
0.204122
0.204467
0.204892
0.205311
0.20566
0.205848
0.205807
0.205446
0.204703
0.203496
0.201778
0.199493
0.196616
0.193134
0.189049
0.184399
0.179223
0.17361
0.167661
0.161612
0.202841
0.202994
0.203249
0.203546
0.203806
0.203966
0.20394
0.203663
0.203052
0.202046
0.200577
0.198598
0.19607
0.192972
0.189304
0.185074
0.18033
0.175113
0.169517
0.163633
0.157694
0.201719
0.201823
0.201986
0.202155
0.202254
0.202224
0.201986
0.201475
0.200619
0.199358
0.197636
0.195411
0.192657
0.189356
0.185522
0.181168
0.176349
0.171109
0.165542
0.159732
0.153904
0.200554
0.200608
0.200679
0.200718
0.200657
0.200437
0.199988
0.199248
0.198151
0.196645
0.194681
0.192225
0.18926
0.185777
0.181796
0.177338
0.172463
0.167214
0.161689
0.155959
0.150246
0.199347
0.199351
0.199328
0.199237
0.199015
0.198608
0.19795
0.196985
0.195655
0.193913
0.19172
0.189047
0.185888
0.18224
0.178133
0.17359
0.168675
0.163432
0.157959
0.152317
0.146721
0.198098
0.198052
0.197936
0.197714
0.197332
0.196739
0.195876
0.194691
0.193137
0.191168
0.188758
0.185884
0.182549
0.178755
0.174539
0.169928
0.164991
0.159766
0.154355
0.148807
0.143331
0.196809
0.196712
0.196503
0.196151
0.19561
0.194833
0.19377
0.192372
0.190601
0.188417
0.185804
0.182745
0.17925
0.175328
0.171022
0.16636
0.161413
0.15622
0.150879
0.145431
0.140076
0.195481
0.195333
0.195031
0.19455
0.193853
0.192896
0.191637
0.190033
0.188054
0.185668
0.182865
0.179636
0.175999
0.171966
0.167586
0.162889
0.157946
0.152795
0.147531
0.142189
0.136957
0.194116
0.193918
0.193523
0.192915
0.192063
0.19093
0.189481
0.18768
0.185504
0.182927
0.179949
0.176566
0.172803
0.168676
0.164238
0.15952
0.154594
0.149494
0.144315
0.139082
0.133974
0.192716
0.192469
0.191983
0.19125
0.190246
0.188942
0.18731
0.18532
0.182957
0.180203
0.177064
0.173543
0.169669
0.165464
0.160983
0.156257
0.151359
0.14632
0.14123
0.13611
0.131126
0.191285
0.190988
0.190413
0.189557
0.188406
0.186936
0.185128
0.182959
0.18042
0.177502
0.174217
0.170573
0.166604
0.162337
0.157826
0.153105
0.148245
0.143273
0.138277
0.133273
0.128414
0.189826
0.189481
0.188818
0.187842
0.186549
0.184919
0.182943
0.180604
0.177902
0.174833
0.171416
0.167664
0.163615
0.1593
0.154773
0.150068
0.145253
0.140356
0.135457
0.13057
0.125836
0.188343
0.187951
0.187203
0.186111
0.184679
0.182897
0.180762
0.178264
0.17541
0.172203
0.168668
0.164823
0.160709
0.156359
0.151826
0.147147
0.142386
0.137568
0.13277
0.128002
0.12339
0.186842
0.186404
0.185572
0.184368
0.182804
0.180877
0.178591
0.175945
0.172952
0.169622
0.165982
0.162058
0.157892
0.153518
0.148992
0.144347
0.139645
0.134911
0.130216
0.125566
0.121077
0.185326
0.184844
0.183933
0.182622
0.180932
0.178867
0.176441
0.173657
0.170537
0.167095
0.163365
0.159375
0.155169
0.150784
0.146273
0.14167
0.137033
0.132386
0.127795
0.123262
0.118894
0.183804
0.18328
0.182292
0.180878
0.179068
0.176875
0.174318
0.171408
0.168173
0.164633
0.160826
0.156781
0.152548
0.14816
0.143673
0.139118
0.134551
0.129994
0.125506
0.12109
0.11684
0.182282
0.181717
0.180656
0.179146
0.177223
0.17491
0.172231
0.169208
0.165869
0.162244
0.15837
0.154284
0.150033
0.145653
0.141196
0.136694
0.1322
0.127733
0.123348
0.119047
0.114912
0.180767
0.180164
0.179034
0.177433
0.175405
0.17298
0.170191
0.167064
0.163635
0.159935
0.156008
0.15189
0.14763
0.143265
0.138845
0.134401
0.129982
0.125606
0.121323
0.117133
0.11311
0.17927
0.17863
0.177436
0.175749
0.173624
0.171097
0.168207
0.164988
0.161478
0.157716
0.153745
0.149606
0.145346
0.141003
0.136624
0.132241
0.127897
0.123611
0.119428
0.115347
0.111432
0.177798
0.177125
0.17587
0.174105
0.17189
0.16927
0.16629
0.162989
0.15941
0.155595
0.151591
0.147438
0.143185
0.138869
0.134536
0.130215
0.125947
0.12175
0.117664
0.113688
0.109876
0.176364
0.17566
0.17435
0.172512
0.170216
0.167512
0.164451
0.161078
0.15744
0.153583
0.149553
0.145395
0.141155
0.13687
0.132585
0.128327
0.124134
0.120024
0.116031
0.112154
0.108442
0.174979
0.174247
0.172885
0.170982
0.168612
0.165833
0.162701
0.159266
0.155579
0.151687
0.147641
0.143483
0.13926
0.13501
0.130774
0.126579
0.12246
0.118432
0.114528
0.110747
0.107127
0.173656
0.172898
0.17149
0.169528
0.167092
0.164246
0.161053
0.157565
0.153837
0.149919
0.145862
0.14171
0.137509
0.133295
0.129108
0.124974
0.120926
0.116978
0.113157
0.109465
0.105933
0.172409
0.171627
0.170178
0.168164
0.16567
0.162766
0.15952
0.155987
0.152227
0.148289
0.144227
0.140084
0.135907
0.13173
0.127591
0.123517
0.119535
0.115661
0.111919
0.108309
0.104857
0.171252
0.17045
0.168965
0.166904
0.16436
0.161407
0.158116
0.154547
0.15076
0.146809
0.142746
0.138615
0.134462
0.130322
0.12623
0.122211
0.118292
0.114486
0.110816
0.10728
0.103902
0.170203
0.169382
0.167866
0.165766
0.163179
0.160184
0.156856
0.153257
0.14945
0.14549
0.141429
0.137313
0.133185
0.129079
0.12503
0.121062
0.1172
0.113456
0.10985
0.106381
0.103069
0.169277
0.168442
0.166899
0.164767
0.162144
0.159115
0.155756
0.152134
0.148312
0.144347
0.14029
0.136188
0.132083
0.12801
0.124
0.120077
0.116265
0.112575
0.109025
0.105615
0.10236
0.168495
0.167647
0.166083
0.163924
0.161272
0.158216
0.154834
0.151194
0.147362
0.143394
0.139343
0.135254
0.13117
0.127124
0.123148
0.119264
0.115494
0.11185
0.108347
0.104986
0.101778
0.167875
0.167018
0.165438
0.163258
0.160585
0.157508
0.154109
0.150456
0.146617
0.142648
0.138602
0.134525
0.130458
0.126435
0.122485
0.118632
0.114896
0.111288
0.107823
0.1045
0.10133
0.16744
0.166576
0.164984
0.162791
0.160103
0.157013
0.153601
0.149941
0.146097
0.142127
0.138086
0.134017
0.129963
0.125956
0.122026
0.118195
0.114482
0.1109
0.107462
0.104167
0.101023
0.167211
0.166343
0.164745
0.162545
0.159849
0.156752
0.153335
0.14967
0.145824
0.141855
0.137816
0.133752
0.129704
0.125706
0.121786
0.117966
0.114267
0.110699
0.107274
0.103996
0.100869
0.224981
0.225976
0.227865
0.230526
0.233867
0.237846
0.242415
0.247561
0.253135
0.259178
0.265657
0.272553
0.279824
0.287448
0.29538
0.303602
0.312059
0.320742
0.329574
0.338566
0.347578
0.224949
0.225941
0.22782
0.23046
0.233767
0.237691
0.242167
0.247174
0.252817
0.258867
0.265338
0.272224
0.279488
0.287106
0.295033
0.303249
0.311696
0.320362
0.329167
0.338133
0.347154
0.224882
0.225869
0.227739
0.230371
0.233672
0.2376
0.242115
0.247218
0.25275
0.258748
0.26518
0.272027
0.279247
0.286818
0.294693
0.302854
0.311242
0.31985
0.328596
0.337507
0.346446
0.224782
0.225765
0.22763
0.230255
0.233549
0.237466
0.241955
0.246983
0.252528
0.258511
0.264914
0.271724
0.278899
0.286416
0.294229
0.30232
0.310627
0.319145
0.327788
0.336587
0.345385
0.224649
0.225628
0.227486
0.2301
0.23338
0.237278
0.241748
0.246771
0.252261
0.258199
0.264556
0.271311
0.278422
0.285867
0.293596
0.301591
0.30979
0.318188
0.326695
0.335346
0.343964
0.224483
0.225458
0.227306
0.229907
0.233168
0.237045
0.241491
0.246476
0.251922
0.257811
0.26411
0.270797
0.277828
0.285182
0.292805
0.300682
0.308745
0.316994
0.325329
0.333797
0.34219
0.224285
0.225254
0.22709
0.229675
0.232916
0.236767
0.241184
0.246131
0.251518
0.257348
0.263577
0.270183
0.277119
0.284363
0.29186
0.299595
0.307495
0.315565
0.323695
0.331942
0.340066
0.224055
0.225017
0.22684
0.229406
0.232623
0.236444
0.240826
0.245726
0.251049
0.256809
0.262957
0.269469
0.276294
0.283411
0.290761
0.29833
0.30604
0.313901
0.321792
0.329783
0.337593
0.223793
0.224747
0.226555
0.2291
0.23229
0.236077
0.240416
0.245263
0.250515
0.256196
0.262253
0.268657
0.275355
0.282328
0.28951
0.29689
0.304384
0.312006
0.319624
0.327323
0.334777
0.223501
0.224446
0.226237
0.228759
0.231918
0.235668
0.239972
0.244748
0.249917
0.255511
0.261465
0.267748
0.274305
0.281115
0.288109
0.295277
0.302527
0.309882
0.317193
0.324564
0.331619
0.223177
0.224113
0.225886
0.228383
0.231507
0.235217
0.239423
0.244166
0.249257
0.254755
0.260594
0.266744
0.273144
0.279774
0.286559
0.293492
0.300473
0.307532
0.314503
0.321511
0.328125
0.222824
0.22375
0.225503
0.227972
0.23106
0.234739
0.238956
0.243528
0.248534
0.25393
0.259643
0.265647
0.271875
0.278308
0.284864
0.29154
0.298225
0.304958
0.311556
0.318167
0.3243
0.222442
0.223358
0.225089
0.227527
0.230577
0.234208
0.238317
0.242836
0.247753
0.253036
0.258613
0.264458
0.270499
0.276718
0.283026
0.289421
0.295785
0.302165
0.308356
0.314538
0.320149
0.222031
0.222936
0.224644
0.22705
0.230058
0.233638
0.237682
0.242102
0.246915
0.252076
0.257506
0.26318
0.26902
0.275008
0.281047
0.287141
0.293157
0.299156
0.304908
0.310627
0.315679
0.221593
0.222486
0.22417
0.226542
0.229506
0.233012
0.236987
0.241317
0.24602
0.251051
0.256324
0.261815
0.267439
0.273179
0.27893
0.2847
0.290344
0.295934
0.301216
0.30644
0.310895
0.221128
0.222008
0.223667
0.226003
0.228927
0.232392
0.236245
0.240483
0.245071
0.249962
0.255068
0.260365
0.265758
0.271235
0.276678
0.282103
0.287349
0.292504
0.297285
0.301984
0.305806
0.220636
0.221504
0.223137
0.225435
0.228314
0.231709
0.23546
0.239604
0.244069
0.248813
0.253741
0.258831
0.263981
0.269177
0.274295
0.279354
0.284177
0.288871
0.29312
0.297264
0.30042
0.22012
0.220975
0.22258
0.224839
0.227657
0.230977
0.23464
0.238681
0.243016
0.247604
0.252345
0.257218
0.262109
0.26701
0.271782
0.276455
0.280831
0.285038
0.288726
0.292287
0.294743
0.219579
0.220421
0.221997
0.224221
0.226987
0.23021
0.233784
0.237715
0.241913
0.246337
0.250883
0.255526
0.260145
0.264736
0.269144
0.27341
0.277315
0.281011
0.284108
0.28706
0.288784
0.219015
0.219844
0.22139
0.223575
0.226295
0.229409
0.232891
0.236708
0.240763
0.245016
0.249355
0.253758
0.258093
0.262357
0.266384
0.270223
0.273634
0.276795
0.279271
0.281589
0.282552
0.218428
0.219244
0.220762
0.222878
0.225539
0.228579
0.231965
0.235661
0.239566
0.243641
0.247765
0.251917
0.255954
0.259878
0.263505
0.266899
0.269791
0.272394
0.274222
0.275881
0.276054
0.217821
0.218622
0.220114
0.222229
0.224762
0.227722
0.231007
0.234576
0.238326
0.242214
0.246116
0.250006
0.253733
0.257301
0.260511
0.26344
0.265791
0.267814
0.268963
0.269942
0.269295
0.217192
0.217981
0.219437
0.221483
0.22396
0.226838
0.230017
0.233455
0.237043
0.240738
0.244408
0.248027
0.251431
0.25463
0.257406
0.259852
0.261638
0.26306
0.2635
0.26378
0.262279
0.216545
0.217321
0.218758
0.220729
0.223138
0.225928
0.228997
0.232299
0.23572
0.239215
0.242645
0.245981
0.249052
0.251867
0.254193
0.256138
0.257337
0.258136
0.257834
0.257398
0.255001
0.215879
0.21664
0.21804
0.219956
0.222294
0.224993
0.227947
0.231108
0.234357
0.237645
0.240826
0.243871
0.246596
0.249013
0.250874
0.252299
0.25289
0.253045
0.251969
0.250799
0.247447
0.215197
0.21595
0.217303
0.219166
0.221433
0.224038
0.226875
0.229892
0.232964
0.236039
0.238965
0.241709
0.244078
0.246084
0.247465
0.248351
0.248315
0.247797
0.245915
0.243991
0.239601
0.214497
0.215234
0.216551
0.218362
0.220556
0.223068
0.225788
0.22866
0.231555
0.234415
0.237082
0.239517
0.241521
0.243104
0.24399
0.244316
0.243628
0.242401
0.239656
0.236929
0.231392
0.213783
0.214495
0.215768
0.217513
0.21962
0.222022
0.224607
0.227314
0.23001
0.232632
0.235018
0.237123
0.23874
0.239878
0.240248
0.239998
0.238644
0.236699
0.233063
0.2294
0.222361
0.213793
0.214489
0.21576
0.217507
0.219614
0.222015
0.224594
0.227289
0.229965
0.232561
0.234912
0.236978
0.23855
0.239644
0.239969
0.239683
0.238301
0.236345
0.232721
0.229097
0.222151
0.214511
0.21525
0.21659
0.218432
0.220662
0.223211
0.225964
0.228862
0.231772
0.234635
0.237289
0.239698
0.241656
0.243183
0.243997
0.244253
0.243489
0.242212
0.239432
0.236726
0.231271
0.215211
0.215978
0.217366
0.219275
0.221592
0.224248
0.227131
0.230186
0.233283
0.236367
0.239285
0.242001
0.244324
0.24627
0.247576
0.248384
0.248269
0.247687
0.24577
0.243835
0.239515
0.215892
0.216666
0.218103
0.220064
0.222452
0.225201
0.228201
0.231401
0.234677
0.237977
0.241154
0.244178
0.246863
0.249228
0.251022
0.252374
0.252895
0.252982
0.251872
0.250672
0.247375
0.216556
0.217348
0.218824
0.220837
0.223298
0.22614
0.229257
0.232602
0.236054
0.239567
0.242998
0.24632
0.249358
0.252126
0.254392
0.256266
0.257398
0.258125
0.257783
0.257303
0.254942
0.217203
0.218009
0.219501
0.221596
0.224125
0.227059
0.230289
0.233774
0.237398
0.241116
0.244792
0.248401
0.25178
0.254935
0.257656
0.260034
0.261753
0.263099
0.263493
0.263717
0.26223
0.21783
0.21865
0.220183
0.222359
0.224933
0.22795
0.23129
0.23491
0.238699
0.242614
0.246527
0.250413
0.25412
0.25765
0.260809
0.263672
0.265956
0.267901
0.268996
0.269909
0.269256
0.218438
0.219272
0.22083
0.222988
0.225717
0.228815
0.232258
0.236008
0.239956
0.244062
0.248204
0.252356
0.256378
0.260268
0.263848
0.267178
0.270005
0.272527
0.274293
0.275876
0.276025
0.219024
0.219873
0.221459
0.2237
0.226475
0.229651
0.233193
0.237067
0.241169
0.245458
0.249819
0.254227
0.258551
0.262787
0.266771
0.270548
0.273893
0.276972
0.27938
0.281612
0.282534
0.219587
0.220451
0.222068
0.22435
0.227189
0.230459
0.234095
0.238087
0.242336
0.246799
0.251371
0.256024
0.260637
0.265203
0.269572
0.273778
0.277618
0.28123
0.284251
0.287109
0.288776
0.220128
0.221005
0.222652
0.224969
0.227845
0.231233
0.23496
0.239064
0.243454
0.248085
0.252857
0.257743
0.262633
0.267513
0.272249
0.276864
0.281175
0.285296
0.288902
0.292362
0.294744
0.220644
0.221535
0.223211
0.225566
0.228513
0.231965
0.235786
0.239998
0.244521
0.249311
0.254274
0.259383
0.264535
0.269714
0.274799
0.279803
0.28456
0.289167
0.293328
0.297363
0.30043
0.221135
0.22204
0.223743
0.226137
0.229132
0.23269
0.23658
0.240888
0.245537
0.250478
0.255622
0.260941
0.266341
0.271804
0.277217
0.28259
0.287769
0.292836
0.297523
0.302106
0.305826
0.2216
0.222518
0.224247
0.226678
0.229709
0.233267
0.237332
0.241732
0.246499
0.251583
0.256897
0.262415
0.268049
0.273778
0.279502
0.285221
0.290799
0.296299
0.301483
0.306583
0.310924
0.222038
0.222968
0.224722
0.227188
0.230264
0.233922
0.238037
0.242527
0.247406
0.252623
0.258098
0.263802
0.269655
0.275636
0.28165
0.287694
0.293645
0.299552
0.305201
0.31079
0.315715
0.222449
0.22339
0.225168
0.227668
0.230787
0.234493
0.238685
0.243272
0.248256
0.253598
0.259223
0.2651
0.271158
0.277373
0.283657
0.290006
0.296303
0.30259
0.308674
0.31472
0.320194
0.222831
0.223784
0.225584
0.228114
0.231273
0.235028
0.239299
0.243968
0.249047
0.254505
0.260269
0.266308
0.272555
0.278987
0.285522
0.292152
0.298771
0.305411
0.311897
0.318368
0.324353
0.223184
0.224147
0.225968
0.228527
0.231724
0.235518
0.239838
0.244612
0.249779
0.255343
0.261234
0.267423
0.273845
0.280476
0.287242
0.294131
0.301046
0.308009
0.314865
0.321728
0.328186
0.223507
0.22448
0.22632
0.228905
0.232137
0.235968
0.240337
0.2452
0.250449
0.25611
0.262118
0.268443
0.275024
0.281837
0.288814
0.295938
0.303123
0.310382
0.317576
0.324797
0.331687
0.2238
0.224782
0.226638
0.229248
0.232511
0.236379
0.240805
0.245728
0.251055
0.256805
0.262919
0.269366
0.276091
0.283069
0.290235
0.297573
0.305001
0.312527
0.320025
0.32757
0.334851
0.224061
0.225051
0.226924
0.229555
0.232846
0.236749
0.241215
0.246196
0.251596
0.257426
0.263634
0.270191
0.277044
0.284169
0.291504
0.299033
0.306677
0.314441
0.322209
0.330043
0.337675
0.224292
0.225289
0.227175
0.229825
0.233141
0.237074
0.241577
0.246606
0.252072
0.257973
0.264263
0.270916
0.277882
0.285136
0.29262
0.300314
0.308148
0.316121
0.324126
0.332214
0.340153
0.22449
0.225493
0.227391
0.230058
0.233395
0.237355
0.241888
0.246958
0.252482
0.258443
0.264804
0.27154
0.278603
0.285967
0.293579
0.301416
0.309414
0.317565
0.325774
0.33408
0.342284
0.224656
0.225664
0.227572
0.230253
0.233608
0.23759
0.242148
0.247253
0.252825
0.258837
0.265257
0.272062
0.279206
0.286663
0.294381
0.302338
0.310471
0.318772
0.32715
0.335638
0.344064
0.224789
0.225801
0.227717
0.230408
0.233778
0.237779
0.242357
0.247482
0.253099
0.259154
0.265621
0.272482
0.27969
0.287221
0.295024
0.303077
0.311319
0.319739
0.328254
0.336888
0.345492
0.224889
0.225905
0.227827
0.230525
0.233904
0.237916
0.242515
0.247681
0.25331
0.259388
0.265889
0.272789
0.280044
0.287629
0.295496
0.303621
0.311944
0.320454
0.329071
0.337817
0.346559
0.224956
0.225977
0.227907
0.230615
0.234001
0.238016
0.242596
0.24773
0.253424
0.259541
0.266075
0.273011
0.280308
0.287937
0.295853
0.30403
0.312409
0.320975
0.329647
0.338451
0.347272
0.224989
0.22601
0.227947
0.230669
0.234081
0.238134
0.242775
0.247968
0.253639
0.259769
0.26632
0.273272
0.280583
0.288228
0.296158
0.304351
0.31275
0.321341
0.330047
0.338876
0.347701
0.167209
0.166341
0.164744
0.162543
0.159847
0.15675
0.153333
0.149668
0.145822
0.141853
0.137813
0.13375
0.129702
0.125704
0.121784
0.117965
0.114265
0.110697
0.107273
0.103994
0.100867
0.167438
0.166574
0.164983
0.162789
0.160101
0.15701
0.153599
0.149938
0.146095
0.142125
0.138084
0.134015
0.129961
0.125954
0.122024
0.118193
0.114481
0.110899
0.10746
0.104166
0.101022
0.167874
0.167016
0.165436
0.163256
0.160583
0.157506
0.154106
0.150454
0.146615
0.142645
0.138599
0.134522
0.130456
0.126432
0.122483
0.11863
0.114894
0.111286
0.107821
0.104499
0.101329
0.168493
0.167645
0.166082
0.163922
0.16127
0.158214
0.154832
0.151192
0.14736
0.143391
0.13934
0.135252
0.131168
0.127122
0.123146
0.119262
0.115492
0.111848
0.108345
0.104985
0.101777
0.169276
0.16844
0.166898
0.164765
0.162142
0.159112
0.155754
0.152132
0.14831
0.144344
0.140288
0.136186
0.132081
0.128007
0.123998
0.120075
0.116263
0.112573
0.109023
0.105614
0.102358
0.170201
0.169381
0.167865
0.165765
0.163177
0.160182
0.156853
0.153255
0.149448
0.145488
0.141427
0.13731
0.133182
0.129077
0.125028
0.12106
0.117198
0.113454
0.109848
0.10638
0.103067
0.171251
0.170448
0.168963
0.166903
0.164358
0.161405
0.158113
0.154544
0.150757
0.146806
0.142743
0.138613
0.13446
0.13032
0.126228
0.122209
0.11829
0.114484
0.110814
0.107279
0.103901
0.172408
0.171626
0.170177
0.168162
0.165668
0.162764
0.159517
0.155985
0.152224
0.148287
0.144224
0.140082
0.135904
0.131727
0.127589
0.123514
0.119533
0.115659
0.111917
0.108307
0.104856
0.173655
0.172896
0.171489
0.169526
0.16709
0.164244
0.16105
0.157562
0.153834
0.149916
0.145859
0.141707
0.137506
0.133292
0.129105
0.124971
0.120923
0.116975
0.113155
0.109463
0.105931
0.174978
0.174246
0.172884
0.17098
0.16861
0.16583
0.162698
0.159263
0.155576
0.151684
0.147638
0.14348
0.139257
0.135007
0.130771
0.126576
0.122457
0.11843
0.114526
0.110744
0.107125
0.176364
0.175659
0.174348
0.172511
0.170214
0.167509
0.164448
0.161075
0.157437
0.153579
0.14955
0.145391
0.141151
0.136867
0.132581
0.128324
0.124131
0.120021
0.116028
0.112152
0.10844
0.177798
0.177125
0.175869
0.174104
0.171889
0.169268
0.166288
0.162986
0.159407
0.155592
0.151587
0.147435
0.143182
0.138866
0.134533
0.130212
0.125944
0.121747
0.117661
0.113685
0.109874
0.179269
0.17863
0.177435
0.175748
0.173622
0.171095
0.168205
0.164984
0.161475
0.157712
0.153741
0.149602
0.145342
0.140999
0.13662
0.132237
0.127894
0.123608
0.119425
0.115344
0.11143
0.180767
0.180164
0.179033
0.177431
0.175403
0.172978
0.170188
0.167061
0.163631
0.159931
0.156003
0.151886
0.147626
0.143261
0.138841
0.134397
0.129978
0.125602
0.12132
0.11713
0.113108
0.182282
0.181717
0.180655
0.179144
0.177221
0.174907
0.172228
0.169204
0.165865
0.162239
0.158366
0.154279
0.150028
0.145648
0.141191
0.13669
0.132196
0.12773
0.123345
0.119044
0.11491
0.183804
0.18328
0.182291
0.180877
0.179067
0.176873
0.174315
0.171405
0.168169
0.164629
0.160821
0.156776
0.152543
0.148155
0.143668
0.139113
0.134547
0.12999
0.125502
0.121087
0.116837
0.185327
0.184845
0.183933
0.182621
0.18093
0.178865
0.176437
0.173654
0.170533
0.167091
0.16336
0.159369
0.155164
0.150778
0.146267
0.141665
0.137029
0.132382
0.127791
0.123259
0.118891
0.186842
0.186404
0.185572
0.184368
0.182803
0.180875
0.178588
0.175941
0.172948
0.169616
0.165977
0.162052
0.157886
0.153512
0.148986
0.144341
0.13964
0.134907
0.130212
0.125562
0.121074
0.188344
0.187952
0.187203
0.18611
0.184678
0.182895
0.180758
0.17826
0.175405
0.172198
0.168662
0.164817
0.160703
0.156352
0.15182
0.147141
0.14238
0.137563
0.132766
0.127998
0.123387
0.189827
0.189482
0.188818
0.187842
0.186547
0.184917
0.18294
0.1806
0.177897
0.174827
0.171409
0.167657
0.163609
0.159293
0.154766
0.150061
0.145247
0.14035
0.135452
0.130566
0.125832
0.191287
0.190989
0.190414
0.189557
0.188405
0.186934
0.185125
0.182954
0.180415
0.177496
0.17421
0.170565
0.166597
0.16233
0.157819
0.153099
0.148238
0.143267
0.138272
0.133269
0.12841
0.192718
0.19247
0.191984
0.191249
0.190245
0.188939
0.187306
0.185315
0.182951
0.180196
0.177057
0.173535
0.169661
0.165456
0.160975
0.15625
0.151352
0.146314
0.141224
0.136106
0.131122
0.194118
0.193919
0.193524
0.192915
0.192062
0.190928
0.189478
0.187676
0.185498
0.18292
0.179942
0.176558
0.172794
0.168667
0.164229
0.159511
0.154587
0.149488
0.144309
0.139077
0.13397
0.195483
0.195335
0.195032
0.194551
0.193852
0.192893
0.191633
0.190028
0.188048
0.185661
0.182857
0.179627
0.175989
0.171957
0.167576
0.16288
0.157938
0.152788
0.147525
0.142184
0.136953
0.196812
0.196714
0.196504
0.196151
0.19561
0.194831
0.193767
0.192367
0.190594
0.18841
0.185795
0.182735
0.17924
0.175318
0.171011
0.16635
0.161404
0.156212
0.150872
0.145426
0.140072
0.198102
0.198054
0.197937
0.197714
0.197332
0.196737
0.195873
0.194687
0.19313
0.19116
0.188749
0.185874
0.182538
0.178744
0.174528
0.169918
0.164981
0.159758
0.154348
0.148802
0.143327
0.199351
0.199353
0.19933
0.199238
0.199015
0.198606
0.197947
0.19698
0.195649
0.193904
0.19171
0.189036
0.185876
0.182228
0.178121
0.173578
0.168665
0.163423
0.157952
0.152311
0.146718
0.200558
0.200611
0.200681
0.200719
0.200656
0.200436
0.199985
0.199243
0.198145
0.196636
0.194671
0.192213
0.189247
0.185763
0.181783
0.177325
0.172451
0.167204
0.161681
0.155953
0.150243
0.201724
0.201826
0.201988
0.202156
0.202254
0.202223
0.201983
0.20147
0.200612
0.199349
0.197625
0.195399
0.192643
0.189342
0.185507
0.181154
0.176337
0.171098
0.165533
0.159726
0.153901
0.202846
0.202998
0.203251
0.203548
0.203807
0.203965
0.203937
0.203658
0.203045
0.202037
0.200565
0.198585
0.196055
0.192956
0.189288
0.185059
0.180316
0.175101
0.169507
0.163627
0.15769
0.203926
0.204126
0.20447
0.204894
0.205312
0.205659
0.205845
0.205802
0.205439
0.204693
0.203484
0.201763
0.199477
0.196599
0.193116
0.189032
0.184383
0.17921
0.173599
0.167655
0.161608
0.204963
0.20521
0.205643
0.206193
0.206769
0.207304
0.207704
0.207899
0.20779
0.207313
0.206376
0.204928
0.202899
0.200262
0.196985
0.193069
0.188535
0.183421
0.177808
0.171807
0.165653
0.205957
0.206251
0.206771
0.207445
0.208177
0.208899
0.209512
0.209946
0.210094
0.209891
0.209234
0.208071
0.206315
0.203937
0.200886
0.197161
0.192764
0.18773
0.18213
0.17608
0.169821
0.206909
0.207249
0.207855
0.20865
0.209535
0.210442
0.211267
0.21194
0.212347
0.212423
0.212053
0.211185
0.209716
0.207616
0.204812
0.201301
0.197065
0.192133
0.186565
0.180473
0.17411
0.20782
0.208205
0.208894
0.209808
0.210844
0.211933
0.212969
0.213879
0.214547
0.214905
0.214828
0.214265
0.213095
0.21129
0.208753
0.205483
0.201432
0.196628
0.19111
0.184983
0.178516
0.20869
0.209119
0.20989
0.210919
0.212103
0.213372
0.214615
0.215762
0.21669
0.217332
0.217553
0.217303
0.216444
0.214952
0.212701
0.209699
0.205857
0.20121
0.195765
0.189611
0.183039
0.20952
0.209992
0.210842
0.211985
0.213313
0.214758
0.216205
0.217587
0.218774
0.219701
0.220224
0.220294
0.219757
0.218593
0.216647
0.21394
0.210334
0.20588
0.200531
0.194364
0.187684
0.210312
0.210825
0.211753
0.213005
0.214474
0.216091
0.217739
0.219352
0.220798
0.222009
0.222838
0.223233
0.223026
0.222205
0.220582
0.218198
0.214855
0.210636
0.205407
0.199256
0.192469
0.211067
0.21162
0.212622
0.213981
0.215588
0.217371
0.219218
0.221058
0.22276
0.224256
0.225391
0.226115
0.226248
0.225781
0.2245
0.222463
0.21941
0.215471
0.21038
0.204277
0.197376
0.211785
0.212378
0.213452
0.214915
0.216654
0.218602
0.220641
0.222706
0.224661
0.22644
0.227881
0.228937
0.229416
0.229311
0.228384
0.226712
0.223973
0.220357
0.215418
0.209386
0.202237
0.212467
0.213099
0.214244
0.215806
0.217675
0.219782
0.22201
0.224294
0.226498
0.228554
0.230299
0.231684
0.23251
0.232771
0.23221
0.23092
0.228521
0.225282
0.220551
0.214717
0.206906
0.213116
0.213783
0.214995
0.216654
0.218647
0.220905
0.223313
0.225807
0.228248
0.230574
0.232616
0.23433
0.235509
0.236157
0.235996
0.235148
0.233178
0.230465
0.226141
0.221071
0.21251
0.0984137
0.0965572
0.0946722
0.0927693
0.0908516
0.0889186
0.0869699
0.0850063
0.083029
0.0810396
0.0790391
0.077029
0.0750102
0.0729842
0.070952
0.068915
0.0668745
0.0648317
0.0627879
0.0607444
0.0587025
0.0566636
0.0546291
0.0526008
0.0505806
0.0485713
0.0465675
0.0445698
0.0985613
0.0967069
0.094824
0.0929245
0.0910107
0.089081
0.0871345
0.0851719
0.0831945
0.0812035
0.0792002
0.0771857
0.0751613
0.073128
0.0710873
0.0690404
0.0669885
0.0649332
0.0628757
0.0608175
0.0587598
0.0567042
0.0546519
0.0526041
0.0505616
0.0485255
0.0464973
0.0444789
0.0988551
0.0969936
0.0950991
0.0931879
0.0912625
0.0893207
0.0873609
0.0853835
0.0833901
0.0813822
0.079361
0.0773277
0.0752836
0.0732299
0.0711679
0.069099
0.0670245
0.0649458
0.0628644
0.0607815
0.0586987
0.0566173
0.0545388
0.052465
0.0503982
0.0483421
0.0462919
0.0442488
0.0992805
0.0974006
0.0954822
0.0935479
0.0916011
0.089638
0.087656
0.0856554
0.0836378
0.0816049
0.0795582
0.0774988
0.0754278
0.0733465
0.0712564
0.0691587
0.0670549
0.0649464
0.0628346
0.060721
0.0586071
0.0564944
0.0543844
0.0522787
0.050179
0.0480886
0.0460038
0.0439266
0.0998308
0.0979231
0.0959699
0.0940025
0.0920251
0.0900318
0.0880188
0.0859859
0.0839352
0.0818686
0.0797875
0.0776931
0.0755866
0.0734693
0.0713425
0.0692076
0.0670662
0.0649196
0.0627693
0.0606169
0.0584637
0.0563115
0.0541616
0.0520159
0.0498763
0.0477449
0.0456199
0.0435029
0.100502
0.0985571
0.0965585
0.094548
0.092531
0.090499
0.0884464
0.0863728
0.0842806
0.0821719
0.0800484
0.0779111
0.0757613
0.0736003
0.0714293
0.06925
0.0670637
0.064872
0.0626764
0.0604784
0.0582796
0.0560816
0.053886
0.0516946
0.0495086
0.0473276
0.0451543
0.0429905
0.10129
0.0992999
0.0972455
0.0951823
0.0931172
0.0910386
0.0889384
0.086816
0.0846742
0.0825156
0.080342
0.0781544
0.0759539
0.0737418
0.0715195
0.0692886
0.0670505
0.0648068
0.0625589
0.0603084
0.058057
0.0558062
0.0535576
0.0513129
0.0490736
0.0468399
0.0446137
0.0423971
0.102194
0.10015
0.0980296
0.0959045
0.0937831
0.0916501
0.0894945
0.0873155
0.0851165
0.0829005
0.0806694
0.0784241
0.0761657
0.0738955
0.071615
0.0693256
0.067029
0.0647265
0.0624198
0.0601105
0.0578001
0.0554903
0.0531828
0.0508793
0.0485813
0.0462885
0.0440032
0.0417274
0.103213
0.101107
0.0989104
0.0967142
0.0945287
0.0923337
0.0901153
0.0878721
0.0856083
0.0833275
0.0810316
0.0787216
0.0763984
0.0740633
0.0717177
0.0693633
0.0670015
0.064634
0.0622622
0.0598877
0.0575123
0.0551375
0.052765
0.0503966
0.0480339
0.0456762
0.0433259
0.0409852
0.104347
0.102171
0.0998883
0.0976119
0.0953545
0.0930903
0.0908016
0.0884866
0.0861506
0.0837978
0.0814302
0.0790485
0.0766536
0.0742468
0.0718297
0.0694037
0.0669705
0.0645315
0.0620885
0.0596428
0.0571963
0.0547505
0.0523072
0.0498682
0.0474351
0.0450069
0.0425859
0.0401748
0.105596
0.103343
0.100964
0.0985981
0.0962613
0.0939207
0.0915544
0.0891603
0.0867447
0.0843127
0.0818664
0.0794062
0.076933
0.0744479
0.0719527
0.0694488
0.0669378
0.0644213
0.0619009
0.059378
0.0568545
0.054332
0.0518122
0.049297
0.046788
0.0442837
0.0417866
0.0392994
0.106962
0.104624
0.102138
0.0996741
0.0972503
0.0948263
0.0923751
0.0898943
0.0873919
0.0848736
0.0823417
0.0797963
0.077238
0.0746681
0.0720883
0.0695002
0.0669053
0.0643052
0.0617014
0.0590955
0.0564893
0.0538843
0.0512824
0.0486854
0.0460951
0.0435093
0.0409306
0.0383621
0.108446
0.106016
0.103413
0.100841
0.098323
0.0958086
0.0932651
0.0906902
0.0880936
0.0854821
0.0828576
0.0802202
0.0775702
0.0749091
0.0722383
0.0695597
0.0668747
0.0641849
0.0614918
0.0587971
0.0561023
0.0534093
0.0507197
0.0480356
0.0453587
0.0426861
0.0400206
0.0373655
0.110049
0.10752
0.104789
0.102101
0.0994811
0.0968691
0.094226
0.0915495
0.0888513
0.0861394
0.0834156
0.0806794
0.0779312
0.0751721
0.0724041
0.0696287
0.0668475
0.064062
0.0612737
0.0584843
0.0556954
0.0529087
0.050126
0.0473493
0.0445807
0.041816
0.0390585
0.0363118
0.111775
0.109139
0.106269
0.103455
0.100726
0.0980097
0.0952595
0.0924737
0.0896666
0.0868472
0.0840172
0.0811755
0.0783222
0.0754588
0.072587
0.0697086
0.0668251
0.0639378
0.0610485
0.0581586
0.0552698
0.0523839
0.0495027
0.0466283
0.0437628
0.040901
0.0380463
0.0352027
0.113625
0.110875
0.107854
0.104905
0.10206
0.0992321
0.0963671
0.0934643
0.0905409
0.087607
0.0846637
0.0817097
0.0787447
0.0757703
0.0727884
0.0698007
0.0668086
0.0638137
0.0608173
0.0578212
0.0548269
0.0518362
0.0488511
0.0458736
0.0429064
0.0399424
0.0369854
0.0340401
0.1156
0.112729
0.109547
0.106454
0.103485
0.100538
0.0975507
0.094523
0.0914757
0.0884201
0.0853567
0.0822833
0.0791999
0.0761079
0.0730094
0.069906
0.0667993
0.0636906
0.0605813
0.0574731
0.0543677
0.0512667
0.0481722
0.0450865
0.0420126
0.0389415
0.0358772
0.0328252
0.117704
0.114704
0.111349
0.108102
0.105003
0.10193
0.0988119
0.0956513
0.0924725
0.089288
0.0860974
0.0828978
0.079689
0.0764727
0.0732511
0.0700258
0.0667982
0.0635695
0.0603414
0.0571153
0.053893
0.0506761
0.0474669
0.0442676
0.0410825
0.0378993
0.0347227
0.031559
0.119939
0.116802
0.113261
0.109852
0.106615
0.103409
0.100152
0.0968505
0.0935328
0.0902121
0.0868872
0.0835542
0.0802131
0.0768658
0.0735145
0.0701609
0.0668061
0.0634515
0.0600985
0.0567487
0.0534037
0.0500652
0.0467357
0.0434177
0.0401169
0.0368168
0.0335227
0.0302424
0.122305
0.119024
0.115287
0.111705
0.108324
0.104977
0.101573
0.0981223
0.0946579
0.0911938
0.0877272
0.0842538
0.0807733
0.0772881
0.0738006
0.0703121
0.0668239
0.0633372
0.0598534
0.0563739
0.0529005
0.0494348
0.0459793
0.0425373
0.0391167
0.0356946
0.0322777
0.0288759
0.124806
0.121372
0.117426
0.113664
0.110132
0.106636
0.103077
0.099468
0.0958492
0.0922343
0.0886188
0.0849975
0.0813705
0.0777406
0.0741101
0.0704803
0.0668523
0.0632273
0.0596068
0.0559919
0.0523842
0.0487852
0.0451979
0.0416268
0.0380826
0.0345334
0.0309883
0.0274604
0.127442
0.123849
0.119681
0.11573
0.11204
0.108388
0.104663
0.100889
0.097108
0.0933349
0.089563
0.0857864
0.0820057
0.078224
0.0744437
0.070666
0.0668918
0.0631225
0.0593594
0.0556037
0.0518566
0.0481187
0.0443914
0.0406782
0.0370077
0.0333274
0.0296519
0.0259954
0.130215
0.126454
0.122053
0.117905
0.11405
0.110233
0.106335
0.102386
0.0984356
0.0944968
0.0905609
0.0866214
0.0826796
0.078739
0.074802
0.0708696
0.0669428
0.0630228
0.0591112
0.0552095
0.0513192
0.0474422
0.0435806
0.0397364
0.0358976
0.0320725
0.0282663
0.0244804
0.133126
0.129188
0.124543
0.12019
0.116164
0.112174
0.108093
0.103961
0.0998331
0.0957211
0.0916134
0.0875033
0.083393
0.0792864
0.0751856
0.0710916
0.0670053
0.0629282
0.0588617
0.0548077
0.0507679
0.046745
0.0427406
0.0387539
0.0347513
0.0307793
0.0268373
0.0229172
0.136175
0.132052
0.127151
0.122586
0.118383
0.114211
0.109938
0.105614
0.101302
0.0970089
0.0927215
0.088433
0.0841466
0.0798666
0.0755949
0.0713323
0.0670796
0.0628385
0.0586105
0.0543973
0.0502003
0.0460216
0.0418618
0.0377208
0.0335745
0.0294568
0.0253704
0.0213082
0.139363
0.135046
0.129877
0.125095
0.120708
0.116345
0.11187
0.107347
0.102843
0.0983612
0.093886
0.0894113
0.0849413
0.0804805
0.0760305
0.071592
0.067166
0.0627541
0.0583577
0.0539786
0.0496181
0.0452783
0.0409603
0.0366655
0.0323688
0.0280992
0.0238621
0.0196524
0.142688
0.13817
0.132723
0.127717
0.123141
0.118578
0.113891
0.109161
0.104457
0.099779
0.0951078
0.0904389
0.0857776
0.0811285
0.0764929
0.0718713
0.0672648
0.0626752
0.0581038
0.0535525
0.0490225
0.0445163
0.040035
0.0355809
0.0311277
0.0267018
0.0223101
0.017949
0.146152
0.14142
0.135686
0.130453
0.125681
0.120908
0.116001
0.111056
0.106146
0.101263
0.0963876
0.0915165
0.0866563
0.0818114
0.0769826
0.0721705
0.0673765
0.0626022
0.0578492
0.0531191
0.0484135
0.0437348
0.0390848
0.0344665
0.0298516
0.0252648
0.0207146
0.0161981
0.14975
0.144797
0.138767
0.133304
0.12833
0.123337
0.1182
0.113034
0.107909
0.102814
0.0977259
0.0926447
0.087578
0.0825296
0.0775001
0.0724901
0.0675012
0.0625353
0.0575938
0.0526784
0.0477908
0.0429337
0.0381093
0.0333224
0.0285405
0.023788
0.0190751
0.0143994
0.153482
0.148296
0.141963
0.136268
0.131088
0.125865
0.120488
0.115093
0.109748
0.104432
0.0991234
0.0938243
0.0885432
0.0832837
0.0780457
0.0728304
0.0676394
0.0624747
0.0573378
0.0522304
0.0471543
0.0421126
0.0371082
0.0321483
0.0271941
0.022271
0.0173911
0.0125526
0.157343
0.151913
0.145273
0.139347
0.133953
0.128489
0.122866
0.117236
0.111663
0.106118
0.10058
0.0950556
0.0895527
0.084074
0.0786199
0.0731917
0.0677913
0.0624207
0.0570814
0.0517752
0.0465039
0.0412712
0.0360808
0.0309436
0.0258121
0.0207132
0.0156622
0.0106574
0.16133
0.155644
0.148692
0.142538
0.136926
0.13121
0.125332
0.119463
0.113655
0.107873
0.102098
0.0963393
0.0906067
0.0849011
0.079223
0.0735743
0.0679571
0.0623734
0.0568247
0.0513128
0.0458396
0.0404093
0.0350266
0.0297082
0.0243936
0.0191139
0.013888
0.00871357
0.165436
0.159479
0.152218
0.145842
0.140005
0.134026
0.127886
0.121773
0.115724
0.109695
0.103675
0.0976759
0.0917058
0.0857653
0.0798553
0.0739785
0.0681371
0.0623331
0.056568
0.0508436
0.0451617
0.0395268
0.0339454
0.0284422
0.0229383
0.0174726
0.0120683
0.0067209
0.169653
0.16341
0.155845
0.149257
0.143187
0.136933
0.130528
0.124168
0.117869
0.111586
0.105313
0.0990658
0.0928503
0.0866668
0.0805171
0.0744045
0.0683314
0.0622999
0.0563116
0.0503683
0.0444707
0.0386227
0.032836
0.0271438
0.0214443
0.0157892
0.0102032
0.00467942
0.173971
0.167423
0.159567
0.152781
0.14647
0.139929
0.133256
0.126646
0.12009
0.113544
0.107012
0.100509
0.0940404
0.0876058
0.0812087
0.0748525
0.0685401
0.0622737
0.0560557
0.0498879
0.0437703
0.0377008
0.0316756
0.0257951
0.0199006
0.0140599
0.00829191
0.00258855
0.178374
0.1715
0.16338
0.156414
0.149848
0.143011
0.136071
0.129208
0.122387
0.11557
0.108772
0.102007
0.0952762
0.0885827
0.0819301
0.0753226
0.068763
0.0622543
0.0557994
0.0494014
0.0430645
0.0367949
0.0305993
0.0244111
0.0183054
0.0122847
0.00633411
0.000448292
0.182841
0.175617
0.167275
0.160151
0.153314
0.146175
0.138973
0.131852
0.124757
0.117664
0.110594
0.103558
0.0965581
0.0895977
0.082682
0.0758151
0.0690006
0.0622418
0.0555424
0.0489064
0.0423402
0.0358501
0.0294396
0.0229916
0.0166783
0.0104689
0.00433007
-0.00174112
0.187344
0.179746
0.17125
0.163987
0.156858
0.149418
0.141961
0.134576
0.127199
0.119825
0.112477
0.105163
0.0978862
0.0906513
0.0834643
0.07633
0.0692526
0.0622358
0.0552837
0.0484004
0.0415919
0.0348609
0.0282104
0.0215526
0.0150268
0.00861298
0.0022785
-0.00398103
0.191841
0.183862
0.175305
0.16791
0.160468
0.15274
0.145033
0.137376
0.129712
0.122053
0.11442
0.10682
0.0992572
0.0917394
0.0842727
0.0768624
0.0695136
0.0622303
0.055017
0.0478773
0.0408183
0.0338447
0.0269642
0.0200865
0.0133384
0.00671172
0.000176508
-0.00627422
0.196228
0.187934
0.179444
0.171904
0.164135
0.156139
0.148183
0.140247
0.132294
0.124346
0.116423
0.10853
0.100676
0.0928682
0.0851145
0.077421
0.0697933
0.062236
0.0547534
0.0473482
0.0400268
0.0327973
0.0256809
0.0185885
0.0116198
0.00477818
-0.00196236
-0.00861016
0.200266
0.191891
0.183675
0.17598
0.167909
0.159674
0.151469
0.143254
0.135016
0.126781
0.118564
0.110377
0.102228
0.0941261
0.0860802
0.0780974
0.070184
0.0623452
0.0545855
0.0469067
0.0393108
0.0317993
0.0244265
0.0171057
0.00991149
0.00284944
-0.00410648
-0.0109643
0.203525
0.195418
0.187647
0.179831
0.171555
0.16312
0.154666
0.146174
0.137649
0.129118
0.120601
0.112109
0.103656
0.095253
0.0869088
0.0786326
0.0704322
0.0623146
0.0542858
0.0463504
0.0385144
0.0307766
0.023104
0.015489
0.00806061
0.000789425
-0.00636354
-0.0134084
0.042582
0.0406071
0.0386469
0.0367022
0.0347735
0.0328618
0.030968
0.0290933
0.0272385
0.0254045
0.0235924
0.0424721
0.0404782
0.0384981
0.0365328
0.0345835
0.0326514
0.0307376
0.0288433
0.0269695
0.0251172
0.0232874
0.042216
0.040196
0.0381902
0.0361998
0.0342257
0.0322692
0.0303315
0.0284136
0.0265168
0.0246421
0.0227904
0.0418601
0.0398067
0.0377677
0.0357443
0.0337374
0.0317483
0.0297782
0.0278284
0.0258999
0.0239938
0.0221112
0.0413966
0.0393032
0.0372242
0.0351609
0.0331144
0.0310858
0.0290765
0.0270878
0.0251207
0.0231763
0.0212558
0.0408381
0.0386986
0.0365734
0.0344638
0.0323712
0.0302968
0.0282418
0.0262075
0.0241952
0.0222058
0.0202405
0.0401919
0.0379996
0.0358218
0.0336596
0.0315145
0.0293878
0.0272808
0.0251946
0.0231305
0.0210897
0.0190731
0.0394632
0.0372121
0.0349755
0.0327548
0.0305513
0.0283664
0.0262012
0.0240571
0.0219352
0.0198366
0.0177625
0.0386562
0.0363406
0.0340396
0.0317547
0.029487
0.027238
0.0250089
0.022801
0.0206155
0.0184533
0.0163158
0.0377755
0.0353897
0.0330188
0.030664
0.0283266
0.026008
0.0237095
0.0214322
0.0191773
0.0169459
0.0147391
0.0368244
0.0343631
0.0319168
0.0294868
0.0270744
0.0246808
0.0223074
0.0199553
0.0176257
0.0153197
0.0130381
0.0358061
0.033264
0.0307372
0.0282267
0.025734
0.0232603
0.0208068
0.0183747
0.0159652
0.0135791
0.0112176
0.0347233
0.0320953
0.0294828
0.0268868
0.0243088
0.0217499
0.0192113
0.0166942
0.0141996
0.0117285
0.00928192
0.0335782
0.0308593
0.0281561
0.0254698
0.0228015
0.0201525
0.0175239
0.0149169
0.0123324
0.00977149
0.00723491
0.032373
0.0295582
0.0267596
0.023978
0.0212146
0.0184708
0.0157476
0.013046
0.0103669
0.00771139
0.00508014
0.0311092
0.0281938
0.0252949
0.0224134
0.0195504
0.0167072
0.0138847
0.011084
0.00830589
0.00555127
0.00282086
0.0297882
0.0267676
0.0237638
0.0207778
0.0178107
0.0148636
0.0119375
0.00903336
0.0061519
0.00329392
0.000460082
0.0284114
0.0252808
0.0221677
0.0190728
0.0159973
0.012942
0.00990813
0.00689633
0.00390739
0.000941971
-0.00199934
0.0269795
0.0237346
0.0205078
0.0172998
0.0141115
0.0109441
0.00779831
0.00467493
0.0015746
-0.00150211
-0.0045547
0.0254932
0.0221297
0.018785
0.0154597
0.0121548
0.00887121
0.00560976
0.00237105
-0.000844348
-0.00403596
-0.00720339
0.0239536
0.0204672
0.0170004
0.0135538
0.0101283
0.00672486
0.00334408
-1.34943e-05
-0.00334741
-0.00665729
-0.00994285
0.0223609
0.0187474
0.0151545
0.0115828
0.0080332
0.00450634
0.00100281
-0.00247695
-0.0059326
-0.00936385
-0.0127705
0.020715
0.0169706
0.0132479
0.00954758
0.00587037
0.0022168
-0.00141267
-0.00501769
-0.00859799
-0.0121534
-0.015684
0.0190168
0.0151376
0.0112814
0.00744905
0.00364093
-0.0001425
-0.0039009
-0.007634
-0.0113416
-0.0150238
-0.0186806
0.0172676
0.0132498
0.00925637
0.00528833
0.00134602
-0.00257032
-0.00646045
-0.0103242
-0.0141616
-0.0179727
-0.0217578
0.0154672
0.0113069
0.00717282
0.00306587
-0.00101367
-0.00506567
-0.00909005
-0.0130868
-0.017056
-0.0209979
-0.0249129
0.0136153
0.00930896
0.005031
0.000782127
-0.00343739
-0.00762754
-0.0117884
-0.0159201
-0.0200229
-0.0240971
-0.0281433
0.0117122
0.00725636
0.00283131
-0.0015623
-0.00592432
-0.0102549
-0.0145541
-0.0188224
-0.0230601
-0.0272678
-0.0314462
0.00975774
0.00514908
0.000574003
-0.00396695
-0.00847372
-0.0129466
-0.0173859
-0.0217921
-0.0261658
-0.0305077
-0.0348187
0.00775176
0.00298717
-0.00174067
-0.0064313
-0.0110848
-0.0157016
-0.0202823
-0.0248274
-0.0293377
-0.0338141
-0.0382578
0.00569413
0.000770699
-0.00411241
-0.00895483
-0.0137568
-0.0185189
-0.0232419
-0.0279265
-0.0325736
-0.0371845
-0.0417604
0.00358474
-0.00150026
-0.00654092
-0.011537
-0.0164888
-0.0213973
-0.0262631
-0.0310875
-0.0358713
-0.0406162
-0.0453234
0.00142351
-0.00382559
-0.00902583
-0.0141771
-0.01928
-0.0243355
-0.0293446
-0.0343084
-0.0392285
-0.0441063
-0.0489436
-0.000789632
-0.00620518
-0.0115668
-0.0168746
-0.0221294
-0.0273324
-0.0324846
-0.0375876
-0.0426429
-0.0476523
-0.052618
-0.00305491
-0.00863893
-0.0141634
-0.0196289
-0.0250364
-0.030387
-0.0356821
-0.0409234
-0.0461128
-0.0512523
-0.0563443
-0.00537206
-0.0111264
-0.0168153
-0.0224395
-0.0280001
-0.0334983
-0.0389358
-0.0443145
-0.0496366
-0.0549043
-0.0601203
-0.0077405
-0.013667
-0.0195215
-0.025305
-0.0310186
-0.0366638
-0.0422424
-0.0477564
-0.0532084
-0.0586009
-0.0101613
-0.0162611
-0.0222815
-0.0282237
-0.0340888
-0.0398785
-0.0455946
-0.0512395
-0.0568158
-0.0623263
-0.0126373
-0.0189115
-0.0250979
-0.031198
-0.037213
-0.0431447
-0.0489951
-0.0547667
-0.0604624
-0.0660854
-0.0151627
-0.0216184
-0.0279782
-0.0342436
-0.0404162
-0.046498
-0.0524912
-0.0583987
-0.0642237
-0.0699697
-0.0177209
-0.0243741
-0.0309243
-0.0373732
-0.0437223
-0.0499739
-0.0561306
-0.0621957
-0.068173
-0.0740667
-0.020342
-0.0271631
-0.0338727
-0.0404716
-0.0469615
-0.0533448
-0.0596248
-0.0658051
-0.07189
-0.0778844
)
;

boundaryField
{
    inlet
    {
        type            zeroGradient;
    }
    outlet
    {
        type            fixedValue;
        value           nonuniform 0();
    }
    cylinder
    {
        type            zeroGradient;
    }
    top
    {
        type            symmetryPlane;
    }
    bottom
    {
        type            symmetryPlane;
    }
    defaultFaces
    {
        type            empty;
    }
    procBoundary0to1
    {
        type            processor;
        value           nonuniform List<scalar> 
163
(
-0.22974
-0.230731
-0.232099
-0.233534
-0.23505
-0.23505
-0.233846
-0.235226
-0.23672
-0.238347
-0.238347
-0.235249
-0.236731
-0.236731
-0.233184
-0.234511
-0.235972
-0.235972
-0.230711
-0.231613
-0.231613
-0.222729
-0.222729
-0.209701
-0.20761
-0.20761
-0.189895
-0.189895
-0.170771
-0.170771
-0.151287
-0.151287
-0.13237
-0.13237
-0.113726
-0.113726
-0.0968253
-0.0968253
-0.0968253
-0.0837937
-0.127047
-0.0968253
-0.113727
-0.127047
-0.146388
-0.146388
-0.151294
-0.17078
-0.17078
-0.189907
-0.189907
-0.207625
-0.207625
-0.209718
-0.222748
-0.222748
-0.231634
-0.231634
-0.230731
-0.235993
-0.235993
-0.234532
-0.2384
-0.2384
-0.236751
-0.235269
-0.238368
-0.238368
-0.236741
-0.235246
-0.236679
-0.236679
-0.23507
-0.233554
-0.232118
-0.23075
-0.229759
-0.0896245
-0.0856235
-0.0812424
-0.0771286
-0.0731653
-0.0692216
-0.0652896
-0.0613935
-0.0575443
-0.0537448
-0.0499974
-0.0463054
-0.0426726
-0.0391027
-0.0355991
-0.0321654
-0.0288047
-0.0255204
-0.0223155
-0.0191931
-0.0161561
-0.0132075
-0.0103499
-0.00758641
-0.00491969
-0.00235268
0.000111668
0.00247027
0.00471987
0.00685702
0.00887795
0.0107786
0.0125543
0.0142002
0.0157104
0.0170784
0.018297
0.0193568
0.0202497
0.0209594
0.0209594
0.0196958
0.0200336
0.021803
0.0214812
0.0209627
0.020253
0.0193601
0.0183004
0.0170818
0.0157139
0.0142037
0.0125579
0.0107821
0.00888154
0.00686063
0.0047235
0.00247391
0.000115318
-0.00234903
-0.00491604
-0.00758277
-0.0103463
-0.0132039
-0.0161526
-0.0191896
-0.0223121
-0.025517
-0.0288015
-0.0321622
-0.0355961
-0.0390998
-0.0426698
-0.0463027
-0.0499948
-0.0537424
-0.057542
-0.0613913
-0.0652876
-0.0639369
-0.0639369
-0.0677745
-0.071639
-0.0756408
-0.0798815
-0.0837937
)
;
    }
}


// ************************************************************************* //
