/*--------------------------------*- C++ -*----------------------------------*\
  =========                 |
  \\      /  F ield         | OpenFOAM: The Open Source CFD Toolbox
   \\    /   O peration     | Website:  https://openfoam.org
    \\  /    A nd           | Version:  7
     \\/     M anipulation  |
\*---------------------------------------------------------------------------*/
FoamFile
{
    version     2.0;
    format      ascii;
    class       volScalarField;
    location    "25";
    object      p;
}
// * * * * * * * * * * * * * * * * * * * * * * * * * * * * * * * * * * * * * //

dimensions      [0 2 -2 0 0 0 0];

internalField   nonuniform List<scalar> 
8330
(
0.0219752
0.0204522
0.0188523
0.0171588
0.0153527
0.0168314
0.0134135
0.0152534
0.0113178
0.0135655
0.0090436
0.0117525
0.00658464
0.00978554
0.0136247
0.00390963
0.00765624
0.0118731
0.000994145
0.00535043
0.00995544
0.015285
-0.00218135
0.00285085
0.00785406
0.0136653
-0.00563529
0.000140633
0.00555197
0.0118718
-0.00938502
-0.00279646
0.00303312
0.0098964
0.0160467
-0.0134461
-0.00597634
0.000283107
0.00773406
0.0144406
-0.017832
-0.00941453
-0.00270986
0.00538141
0.0126874
0.019953
-0.0225539
-0.0131258
-0.00595388
0.00283506
0.0107892
0.0189146
0.0276779
-0.0276204
-0.0171232
-0.00945277
9.05574e-05
0.00875813
0.0178941
0.0278827
-0.0330371
-0.0214174
-0.0132063
-0.0028566
0.00662059
0.0169355
0.0282557
0.0402142
-0.0388063
-0.0260145
-0.0172112
-0.00600696
0.00441745
0.0160828
0.028821
0.0420092
0.0549636
-0.0449263
-0.0309146
-0.0214628
-0.00935117
0.0022008
0.0153788
0.0296002
0.0440165
0.0578944
0.0707314
-0.0513905
-0.0361104
-0.0259558
-0.0128642
2.91518e-05
0.0148635
0.0306126
0.0462445
0.0610169
0.0745061
0.0866384
-0.0581863
-0.0415861
-0.0306826
-0.0165022
-0.00203692
0.0145746
0.0318765
0.0487022
0.0643381
0.078451
0.0910119
0.101952
-0.0652936
-0.0473176
-0.0356308
-0.0202033
-0.00393741
0.0145473
0.0334094
0.0513999
0.0678664
0.0825749
0.095546
0.106815
0.116877
-0.0726831
-0.0532734
-0.0407773
-0.0238914
-0.00561392
0.0148149
0.0352289
0.054349
0.071612
0.0868875
0.10025
0.11183
0.122069
0.130287
-0.0803144
-0.0594159
-0.0460835
-0.0274819
-0.00700983
0.0154091
0.037353
0.0575623
0.0755861
0.0913995
0.105133
0.117007
0.127405
0.135806
-0.0881347
-0.065702
-0.0514911
-0.0308873
-0.00807019
0.0163603
0.0397999
0.0610539
0.0798011
0.0961221
0.110206
0.122352
0.132891
0.141466
-0.0960775
-0.072083
-0.0569197
-0.0340208
-0.00874182
0.017698
0.0425885
0.0648386
0.0842701
0.101067
0.115477
0.127872
0.138534
0.147271
-0.104063
-0.078504
-0.0622691
-0.0367981
-0.0089735
0.0194514
0.0457381
0.0689321
0.0890064
0.106245
0.120956
0.133574
0.144337
0.153223
-0.111999
-0.0849022
-0.0674223
-0.0391384
-0.00871633
0.021649
0.0492687
0.0733506
0.0940237
0.111668
0.126652
0.139465
0.150307
0.159326
-0.119782
-0.0912053
-0.0722517
-0.040964
-0.00792391
0.0243189
0.0532001
0.0781105
0.0993358
0.117347
0.132573
0.145551
0.156449
0.165582
-0.127301
-0.09733
-0.0766259
-0.0422003
-0.00655246
0.0274887
0.0575526
0.0832282
0.104956
0.123293
0.138728
0.151837
0.162766
0.171994
-0.134438
-0.103181
-0.0804147
-0.0427757
-0.00456096
0.0311849
0.062346
0.0887197
0.110896
0.129516
0.145123
0.158328
0.169263
0.178562
-0.141074
-0.10865
-0.0834945
-0.0426222
-0.0019111
0.035433
0.0675997
0.0946003
0.11717
0.136025
0.151764
0.165029
0.175943
0.185288
-0.147086
-0.113619
-0.085751
-0.0416761
0.00143266
0.0402572
0.073332
0.100885
0.123788
0.142827
0.158658
0.171943
0.182809
0.192172
-0.152354
-0.117962
-0.087081
-0.0398782
0.00550299
0.0456801
0.0795606
0.107586
0.130759
0.149931
0.165809
0.179074
0.189861
0.19921
-0.15676
-0.121544
-0.0873931
-0.0371751
0.0103297
0.0517224
0.0863013
0.114717
0.138094
0.157343
0.173221
0.186424
0.197101
0.2064
-0.16019
-0.124231
-0.0866073
-0.0335196
0.0159393
0.0584027
0.0935685
0.122288
0.145799
0.165067
0.180896
0.193994
0.204527
0.213735
-0.162534
-0.125891
-0.0846553
-0.0288707
0.0223553
0.0657374
0.101375
0.130309
0.15388
0.173107
0.188837
0.201788
0.21214
0.221211
-0.163689
-0.126396
-0.0814792
-0.0231945
0.0295976
0.0737402
0.10973
0.138785
0.162342
0.181465
0.197044
0.209805
0.219941
0.228849
-0.163557
-0.125628
-0.0770312
-0.016464
0.0376822
0.0824224
0.118643
0.147722
0.171187
0.190141
0.205517
0.218042
0.22792
0.2367
-0.162047
-0.123483
-0.0712702
-0.00865842
0.0466215
0.0917922
0.128119
0.157124
0.180416
0.199137
0.214257
0.226495
0.236054
0.244786
-0.159079
-0.11987
-0.0641631
0.000236727
0.0564239
0.101855
0.13816
0.166991
0.19003
0.208452
0.223265
0.235157
0.244347
0.252992
-0.154577
-0.114712
-0.0556855
0.01023
0.0670934
0.112611
0.148766
0.177323
0.200027
0.218082
0.232531
0.244003
0.252864
0.261261
-0.148477
-0.10795
-0.0458221
0.0213237
0.0786294
0.124062
0.15994
0.188119
0.2104
0.228015
0.242026
0.253053
0.261572
0.269627
-0.140724
-0.0995374
-0.0345665
0.0335139
0.0910265
0.136205
0.171678
0.199368
0.221134
0.238241
0.251763
0.262298
0.270443
0.278107
-0.131271
-0.0894428
-0.0219206
0.0467909
0.104277
0.149035
0.18397
0.211049
0.232224
0.248761
0.261732
0.271732
0.27946
0.2867
-0.120084
-0.07765
-0.00789466
0.061142
0.118375
0.162537
0.196786
0.223163
0.243666
0.259563
0.271925
0.281345
0.288615
0.295399
-0.107138
-0.0641567
0.00749314
0.0765511
0.133325
0.17667
0.210111
0.235701
0.255446
0.270633
0.28233
0.291126
0.297899
0.304195
-0.0924222
-0.0489744
0.0242176
0.0929943
0.149105
0.191399
0.223947
0.248646
0.267548
0.281958
0.292934
0.301063
0.307303
0.313076
-0.0759356
-0.0321274
0.0422466
0.110435
0.165599
0.20679
0.238271
0.261978
0.279956
0.293523
0.303723
0.311144
0.316815
0.322028
-0.0576898
-0.01365
0.0615377
0.128834
0.182826
0.222777
0.25306
0.275675
0.292652
0.305311
0.314681
0.321355
0.326424
0.331038
-0.0377084
0.00641472
0.0820386
0.148146
0.200767
0.239321
0.26829
0.289714
0.305614
0.317303
0.325793
0.331682
0.336116
0.340092
-0.0160283
0.0280014
0.103708
0.168331
0.219384
0.256389
0.283929
0.304071
0.318821
0.329481
0.337041
0.342109
0.345876
0.349171
0.00729626
0.050985
0.126559
0.189348
0.238633
0.273945
0.299946
0.318719
0.332249
0.341822
0.348405
0.35262
0.355688
0.358256
0.0321951
0.0751866
0.150625
0.211173
0.258465
0.291948
0.316308
0.333627
0.345873
0.354304
0.359867
0.363199
0.365532
0.367322
0.0585961
0.100596
0.175758
0.233748
0.278828
0.310356
0.332978
0.348766
0.359665
0.366905
0.371407
0.373828
0.375392
0.376345
0.0864299
0.127676
0.201342
0.256968
0.299669
0.329122
0.349917
0.364102
0.373598
0.379599
0.383001
0.384492
0.385257
0.385306
0.115593
0.155968
0.227607
0.280747
0.320935
0.3482
0.367085
0.379601
0.387642
0.39236
0.394629
0.395175
0.395115
0.394182
0.145988
0.185315
0.254551
0.305012
0.342564
0.367541
0.384439
0.395228
0.401767
0.405161
0.406269
0.405869
0.404939
0.402862
0.177574
0.215506
0.282111
0.32969
0.364494
0.387092
0.401936
0.410945
0.415939
0.417975
0.417908
0.416568
0.414656
0.41107
0.210182
0.246433
0.310195
0.354706
0.386662
0.4068
0.419531
0.426714
0.430127
0.430777
0.429534
0.427254
0.424151
0.418598
0.243661
0.277997
0.338706
0.379983
0.409
0.42661
0.437176
0.442494
0.444295
0.44354
0.441127
0.437871
0.433356
0.425991
0.277875
0.310083
0.36754
0.405442
0.431442
0.446466
0.454824
0.458245
0.45841
0.456239
0.452653
0.448334
0.442282
0.434659
0.312682
0.342563
0.396594
0.430999
0.453918
0.466308
0.472426
0.473926
0.472437
0.468845
0.464068
0.45861
0.451267
0.443647
0.347935
0.375311
0.425758
0.456571
0.476357
0.486079
0.489932
0.489494
0.486342
0.481326
0.47534
0.468723
0.460305
0.452517
0.383481
0.408193
0.454926
0.48207
0.498687
0.505719
0.507292
0.504907
0.500088
0.493649
0.486442
0.478678
0.469321
0.461211
0.419166
0.441077
0.483987
0.507411
0.520838
0.525167
0.524455
0.520123
0.51364
0.505783
0.497349
0.488462
0.478238
0.469667
0.454836
0.473828
0.512834
0.532506
0.542736
0.544362
0.541371
0.535098
0.526962
0.517695
0.50804
0.498058
0.487003
0.477876
0.490334
0.506313
0.541357
0.557267
0.564309
0.563246
0.557989
0.549791
0.540017
0.529353
0.518488
0.50744
0.495577
0.485831
0.525505
0.538396
0.569449
0.581608
0.585485
0.581757
0.574259
0.564159
0.552769
0.540727
0.528671
0.516584
0.50393
0.493524
0.560194
0.569945
0.597003
0.605442
0.606193
0.599837
0.59013
0.578159
0.565182
0.551787
0.538562
0.525465
0.512036
0.500947
0.594248
0.60083
0.623916
0.628684
0.626362
0.617427
0.605555
0.591751
0.577221
0.562504
0.548136
0.534059
0.519873
0.50809
0.627516
0.630922
0.650083
0.651252
0.645925
0.634469
0.620485
0.604895
0.588852
0.572847
0.557369
0.542343
0.527422
0.514942
0.65985
0.660099
0.675407
0.673064
0.664813
0.650908
0.634873
0.61755
0.600041
0.582789
0.566237
0.550296
0.534664
0.521491
0.691106
0.688239
0.699789
0.694041
0.682962
0.666689
0.648673
0.629679
0.610756
0.592302
0.574717
0.557897
0.541581
0.527726
0.721145
0.715228
0.723137
0.714108
0.700308
0.68176
0.661842
0.641244
0.620967
0.60136
0.582784
0.565126
0.548156
0.533635
0.749833
0.740954
0.745362
0.733191
0.716792
0.696071
0.674338
0.65221
0.630641
0.609937
0.590418
0.571965
0.554373
0.539205
0.777043
0.765312
0.766377
0.751222
0.732355
0.709574
0.68612
0.662543
0.639752
0.61801
0.597599
0.578394
0.560216
0.544427
0.802654
0.788201
0.786104
0.768134
0.746944
0.722223
0.697151
0.672212
0.648272
0.625554
0.604306
0.584399
0.56567
0.549289
0.826551
0.809528
0.804466
0.783865
0.760506
0.733976
0.707394
0.681185
0.656175
0.632548
0.610521
0.589961
0.570722
0.553782
0.848629
0.829206
0.821392
0.798357
0.772994
0.744793
0.716817
0.689436
0.663439
0.638973
0.616228
0.595068
0.575358
0.557896
0.86879
0.847154
0.836818
0.811559
0.784364
0.754637
0.725388
0.696938
0.67004
0.64481
0.62141
0.599704
0.579565
0.561623
0.886944
0.863298
0.850684
0.82342
0.794576
0.763474
0.733081
0.703668
0.67596
0.650042
0.626053
0.603857
0.583334
0.564955
0.90301
0.877573
0.862938
0.833897
0.803594
0.771275
0.739868
0.709604
0.681179
0.654654
0.630144
0.607516
0.586654
0.567885
0.916918
0.889921
0.873531
0.842952
0.811385
0.778013
0.745729
0.714728
0.685684
0.658632
0.633672
0.610671
0.589516
0.570407
0.928605
0.90029
0.882424
0.850551
0.817922
0.783665
0.750644
0.719024
0.689459
0.661966
0.636627
0.613313
0.591913
0.572516
0.93802
0.908639
0.889581
0.856666
0.823181
0.788212
0.754597
0.722479
0.692494
0.664644
0.639002
0.615436
0.593838
0.574209
0.945121
0.914933
0.894976
0.861274
0.827143
0.791637
0.757574
0.72508
0.694779
0.666661
0.640789
0.617033
0.595286
0.575479
0.949876
0.919147
0.898587
0.864358
0.829795
0.793928
0.759566
0.72682
0.696307
0.66801
0.641984
0.618101
0.596253
0.576327
0.952265
0.921263
0.9004
0.865907
0.831127
0.795079
0.760566
0.727693
0.697073
0.668686
0.642583
0.618637
0.596741
0.576766
0.952276
0.921273
0.900408
0.865914
0.831133
0.795083
0.76057
0.727696
0.697076
0.668687
0.642584
0.618639
0.596743
0.576773
0.94991
0.919176
0.898612
0.86438
0.829813
0.793943
0.759577
0.726828
0.696313
0.668014
0.641986
0.618103
0.596255
0.576329
0.945177
0.914981
0.895017
0.861309
0.827172
0.79166
0.757592
0.725093
0.694788
0.666667
0.640792
0.617035
0.595285
0.575476
0.938096
0.908705
0.889638
0.856714
0.82322
0.788243
0.754621
0.722496
0.692505
0.664651
0.639004
0.615436
0.593835
0.574201
0.928701
0.900373
0.882495
0.850611
0.81797
0.783703
0.750673
0.719044
0.689471
0.661972
0.636628
0.613312
0.591908
0.572505
0.917032
0.890019
0.873616
0.843022
0.811442
0.778057
0.745761
0.71475
0.685696
0.658637
0.633671
0.610667
0.589509
0.570392
0.903141
0.877686
0.863034
0.833976
0.803657
0.771323
0.739903
0.709626
0.681191
0.654658
0.630142
0.607511
0.586645
0.567866
0.887089
0.863423
0.850791
0.823506
0.794645
0.763525
0.733116
0.70369
0.67597
0.650045
0.626049
0.60385
0.583325
0.564934
0.868947
0.847289
0.836933
0.811651
0.784437
0.75469
0.725425
0.69696
0.67005
0.644812
0.621405
0.599697
0.579555
0.5616
0.848797
0.82935
0.821514
0.798455
0.773069
0.744847
0.716853
0.689457
0.663448
0.638974
0.616223
0.595061
0.575348
0.557871
0.826727
0.809679
0.804593
0.783965
0.760583
0.734031
0.70743
0.681206
0.656184
0.632548
0.610516
0.589955
0.570712
0.553755
0.802835
0.788357
0.786235
0.768236
0.747021
0.722278
0.697186
0.672232
0.64828
0.625554
0.604301
0.584393
0.565662
0.549261
0.777228
0.765471
0.766511
0.751326
0.732433
0.709629
0.686155
0.662563
0.63976
0.61801
0.597595
0.57839
0.560209
0.544398
0.750019
0.741116
0.745496
0.733295
0.716869
0.696125
0.674372
0.652229
0.63065
0.609939
0.590416
0.571962
0.554368
0.539175
0.721331
0.71539
0.723271
0.714211
0.700385
0.681814
0.661876
0.641263
0.620976
0.601363
0.582783
0.565125
0.548152
0.533604
0.69129
0.6884
0.699922
0.694143
0.683038
0.666742
0.648707
0.629699
0.610767
0.592306
0.574717
0.557898
0.541579
0.527695
0.66003
0.660257
0.675538
0.673164
0.664887
0.65096
0.634906
0.617571
0.600053
0.582795
0.56624
0.550299
0.534664
0.52146
0.627692
0.631077
0.650212
0.65135
0.645998
0.63452
0.620519
0.604917
0.588865
0.572854
0.557374
0.542348
0.527425
0.514911
0.594418
0.60098
0.62404
0.62878
0.626434
0.617477
0.60559
0.591774
0.577236
0.562513
0.548142
0.534066
0.519878
0.508059
0.560356
0.570091
0.597124
0.605535
0.606263
0.599887
0.590165
0.578183
0.565198
0.551799
0.53857
0.525475
0.512044
0.500916
0.525659
0.538536
0.569566
0.581698
0.585553
0.581807
0.574294
0.564184
0.552787
0.540741
0.528681
0.516597
0.503941
0.493494
0.49048
0.506446
0.541469
0.557355
0.564376
0.563295
0.558025
0.549818
0.540038
0.529369
0.518501
0.507455
0.495592
0.485803
0.454973
0.473955
0.512941
0.532591
0.542801
0.544412
0.541408
0.535126
0.526985
0.517713
0.508054
0.498076
0.487022
0.477851
0.419294
0.441196
0.48409
0.507493
0.520902
0.525216
0.524493
0.520152
0.513665
0.505803
0.497366
0.488482
0.478262
0.469646
0.383599
0.408305
0.455023
0.482149
0.49875
0.505768
0.507331
0.504938
0.500114
0.493672
0.486461
0.4787
0.469351
0.461197
0.348044
0.375416
0.425851
0.456647
0.476418
0.486128
0.489972
0.489526
0.48637
0.481351
0.475361
0.468747
0.460342
0.452518
0.312782
0.342662
0.396682
0.431072
0.453978
0.466358
0.472466
0.47396
0.472467
0.468872
0.464091
0.458634
0.451311
0.443677
0.277966
0.310174
0.367623
0.405512
0.431501
0.446515
0.454865
0.45828
0.458441
0.456268
0.452679
0.448358
0.442329
0.434738
0.243744
0.278082
0.338784
0.380051
0.409058
0.42666
0.437218
0.44253
0.444328
0.443571
0.441156
0.437897
0.433401
0.42611
0.210256
0.24651
0.310269
0.354771
0.386719
0.406849
0.419574
0.426751
0.430161
0.430809
0.429565
0.427283
0.424191
0.418696
0.17764
0.215577
0.28218
0.329752
0.36455
0.387141
0.40198
0.410984
0.415975
0.418009
0.417941
0.416599
0.41469
0.411137
0.146048
0.18538
0.254617
0.305073
0.342619
0.36759
0.384483
0.395268
0.401803
0.405195
0.406303
0.405901
0.404971
0.402913
0.115645
0.156027
0.227669
0.280806
0.320989
0.348249
0.367129
0.379642
0.387679
0.392395
0.394663
0.395207
0.395146
0.394225
0.0864768
0.12773
0.2014
0.257024
0.299722
0.329171
0.349962
0.364143
0.373636
0.379634
0.383036
0.384524
0.385288
0.385346
0.0586376
0.100645
0.175813
0.233802
0.27888
0.310404
0.333023
0.348807
0.359703
0.366941
0.371441
0.373861
0.375423
0.376382
0.0322318
0.0752317
0.150677
0.211226
0.258517
0.291997
0.316354
0.333669
0.345911
0.35434
0.359902
0.363231
0.365562
0.367356
0.00732866
0.0510264
0.126608
0.189398
0.238684
0.273993
0.299992
0.318761
0.332288
0.341858
0.34844
0.352652
0.355717
0.358288
-0.0159996
0.0280392
0.103754
0.16838
0.219434
0.256437
0.283974
0.304114
0.318861
0.329517
0.337075
0.342141
0.345906
0.349202
-0.0376828
0.00644941
0.0820823
0.148194
0.200816
0.239369
0.268335
0.289757
0.305654
0.31734
0.325828
0.331714
0.336145
0.340121
-0.0576668
-0.0136179
0.0615793
0.128881
0.182875
0.222825
0.253106
0.275717
0.292691
0.305348
0.314716
0.321387
0.326453
0.331067
-0.0759146
-0.0320975
0.0422864
0.11048
0.165646
0.206838
0.238316
0.262021
0.279996
0.29356
0.303757
0.311176
0.316844
0.322056
-0.0924028
-0.0489462
0.0242559
0.0930385
0.149152
0.191447
0.223992
0.248689
0.267588
0.281995
0.292968
0.301095
0.307332
0.313103
-0.10712
-0.0641298
0.00753011
0.0765945
0.133372
0.176717
0.210157
0.235744
0.255485
0.27067
0.282364
0.291158
0.297928
0.304222
-0.120066
-0.0776241
-0.00785873
0.0611847
0.118422
0.162584
0.196831
0.223205
0.243706
0.2596
0.27196
0.281377
0.288645
0.295426
-0.131253
-0.0894174
-0.0218854
0.046833
0.104323
0.149082
0.184015
0.211092
0.232264
0.248798
0.261767
0.271764
0.27949
0.286726
-0.140706
-0.0995121
-0.0345319
0.0335555
0.0910722
0.136251
0.171723
0.199411
0.221174
0.238278
0.251797
0.26233
0.270472
0.278133
-0.148459
-0.107925
-0.0457878
0.021365
0.0786749
0.124109
0.159985
0.188162
0.21044
0.228052
0.24206
0.253085
0.261601
0.269654
-0.154558
-0.114686
-0.0556513
0.0102711
0.0671387
0.112658
0.148812
0.177366
0.200067
0.218119
0.232565
0.244036
0.252893
0.261287
-0.159059
-0.119843
-0.0641288
0.000277768
0.0564691
0.101901
0.138205
0.167034
0.19007
0.20849
0.2233
0.235189
0.244376
0.253019
-0.162026
-0.123455
-0.0712357
-0.00861731
0.0466668
0.0918388
0.128164
0.157167
0.180457
0.199175
0.214292
0.226527
0.236084
0.244813
-0.163534
-0.125599
-0.0769961
-0.0164227
0.0377275
0.082469
0.118689
0.147766
0.171227
0.190179
0.205552
0.218074
0.22795
0.236727
-0.163664
-0.126366
-0.0814436
-0.0231529
0.0296431
0.073787
0.109776
0.138829
0.162383
0.181503
0.197079
0.209838
0.219971
0.228876
-0.162508
-0.125859
-0.0846188
-0.0288286
0.022401
0.0657843
0.101421
0.130353
0.153921
0.173145
0.188873
0.201821
0.21217
0.221238
-0.160162
-0.124197
-0.0865699
-0.033477
0.0159853
0.0584499
0.093615
0.122333
0.14584
0.165105
0.180932
0.194027
0.204557
0.213761
-0.15673
-0.121508
-0.0873546
-0.037132
0.010376
0.0517699
0.0863481
0.114762
0.138135
0.157382
0.173257
0.186457
0.197131
0.206427
-0.152322
-0.117924
-0.0870413
-0.0398343
0.00554975
0.0457279
0.0796077
0.107631
0.130801
0.14997
0.165845
0.179107
0.189892
0.199237
-0.147051
-0.11358
-0.08571
-0.0416314
0.00147987
0.0403054
0.0733795
0.10093
0.12383
0.142867
0.158694
0.171977
0.182839
0.192198
-0.141037
-0.108609
-0.0834521
-0.0425767
-0.00186337
0.0354816
0.0676475
0.0946461
0.117213
0.136064
0.151801
0.165063
0.175974
0.185315
-0.1344
-0.103138
-0.0803709
-0.0427293
-0.00451268
0.0312339
0.0623943
0.088766
0.11094
0.129556
0.14516
0.158362
0.169294
0.178589
-0.12726
-0.0972858
-0.0765807
-0.042153
-0.00650358
0.0275382
0.0576014
0.083275
0.105
0.123334
0.138765
0.151871
0.162797
0.172021
-0.11974
-0.0911598
-0.0722052
-0.0409158
-0.00787439
0.0243689
0.0532494
0.0781579
0.0993803
0.117388
0.132611
0.145585
0.15648
0.165609
-0.111955
-0.0848554
-0.0673744
-0.0390893
-0.00866616
0.0216995
0.0493185
0.0733986
0.0940689
0.11171
0.12669
0.1395
0.150338
0.159353
-0.104017
-0.078456
-0.06222
-0.036748
-0.00892266
0.0195025
0.0457886
0.0689807
0.0890522
0.106287
0.120995
0.133609
0.144368
0.15325
-0.0960302
-0.0720339
-0.0568695
-0.0339699
-0.00869029
0.0177498
0.0426396
0.0648879
0.0843166
0.10111
0.115516
0.127907
0.138565
0.147298
-0.0880859
-0.065652
-0.0514399
-0.0308356
-0.00801798
0.0164127
0.0398517
0.0611039
0.0798485
0.0961659
0.110246
0.122388
0.132923
0.141493
-0.0802645
-0.0593651
-0.0460315
-0.0274294
-0.00695693
0.0154622
0.0374055
0.0576132
0.0756343
0.0914442
0.105174
0.117043
0.127437
0.135834
-0.0726321
-0.0532218
-0.0407246
-0.0238382
-0.00556035
0.0148687
0.0352822
0.0544007
0.0716611
0.0869331
0.100292
0.111867
0.122102
0.130314
-0.0652417
-0.0472653
-0.0355776
-0.0201495
-0.00388319
0.0146017
0.0334634
0.0514525
0.0679165
0.0826215
0.0955885
0.106852
0.11691
-0.0581337
-0.0415333
-0.030629
-0.0164479
-0.00198209
0.0146297
0.0319314
0.0487558
0.0643893
0.0784988
0.0910554
-0.0513372
-0.0360572
-0.0259018
-0.0128094
8.45495e-05
0.0149194
0.0306684
0.0462992
0.0610693
0.074555
-0.0448725
-0.0308611
-0.0214086
-0.00929609
0.00225672
0.0154354
0.0296569
0.0440723
0.0579481
0.0707816
-0.038752
-0.0259606
-0.0171568
-0.00595168
0.00447383
0.0161402
0.0288787
0.0420662
0.0550186
-0.0329824
-0.0213633
-0.0131518
-0.00280118
0.00667737
0.0169935
0.0283144
0.0402726
-0.0275654
-0.017069
-0.00939818
0.000146067
0.00881526
0.0179529
0.0279426
-0.0224986
-0.0130715
-0.00589922
0.00289063
0.0108466
0.018974
0.0277388
-0.0177765
-0.00936018
-0.00265516
0.00543703
0.0127451
0.0200131
-0.0133904
-0.00592194
0.000337828
0.00778975
0.0144985
-0.00932912
-0.00274203
0.00308787
0.00995217
0.0161049
-0.00557926
0.000195077
0.00560675
0.0119276
-0.0021252
0.00290528
0.00790886
0.0137213
0.00105034
0.00540484
0.0100103
0.0039658
0.00771059
0.011928
0.00664082
0.00983971
0.0136795
0.00909999
0.0118061
0.0113737
0.0136191
0.0134688
0.0153067
0.0154075
0.0172128
0.0189055
0.0205044
0.0220262
0.197066
0.190314
0.183689
0.17719
0.170818
0.164575
0.158458
0.152467
0.146601
0.140859
0.135237
0.199023
0.192411
0.185915
0.179535
0.173272
0.167126
0.161096
0.155183
0.149386
0.143703
0.138133
0.200909
0.19447
0.188138
0.181914
0.1758
0.169794
0.163898
0.158111
0.152432
0.14686
0.141396
0.202752
0.196468
0.190284
0.184199
0.178214
0.17233
0.166547
0.160864
0.155282
0.1498
0.144418
0.204534
0.198399
0.192354
0.186399
0.180535
0.174764
0.169084
0.163496
0.158
0.152596
0.147282
0.206249
0.200262
0.194356
0.188532
0.182791
0.177134
0.17156
0.166071
0.160665
0.155343
0.150104
0.2079
0.202059
0.196293
0.190601
0.184985
0.179445
0.173981
0.168594
0.163284
0.158051
0.152895
0.209488
0.203793
0.198165
0.192605
0.187113
0.181691
0.176339
0.171057
0.165846
0.160705
0.155636
0.211014
0.205462
0.199971
0.194541
0.189174
0.18387
0.17863
0.173454
0.168343
0.163297
0.158317
0.212477
0.207066
0.201711
0.196411
0.191167
0.185981
0.180853
0.175784
0.170775
0.165825
0.160936
0.213877
0.208606
0.203384
0.198213
0.193092
0.188024
0.183008
0.178047
0.17314
0.168288
0.163492
0.215216
0.210082
0.204992
0.199947
0.194948
0.189997
0.185094
0.180241
0.175437
0.170684
0.165982
0.216493
0.211493
0.206533
0.201614
0.196736
0.191901
0.18711
0.182364
0.177664
0.173011
0.168405
0.21771
0.212841
0.208009
0.203213
0.198454
0.193735
0.189055
0.184417
0.17982
0.175267
0.170757
0.218866
0.214127
0.209419
0.204744
0.200103
0.195498
0.190928
0.186397
0.181904
0.17745
0.173037
0.219963
0.21535
0.210764
0.206208
0.201683
0.19719
0.19273
0.188304
0.183914
0.17956
0.175243
0.221002
0.216511
0.212045
0.207606
0.203194
0.198812
0.194459
0.190138
0.185849
0.181594
0.177374
0.221982
0.217612
0.213263
0.208937
0.204637
0.200362
0.196116
0.191898
0.187709
0.183553
0.179428
0.222905
0.218651
0.214416
0.210202
0.20601
0.201843
0.1977
0.193583
0.189494
0.185434
0.181404
0.223772
0.219631
0.215507
0.211402
0.207317
0.203253
0.199212
0.195195
0.191203
0.187238
0.183301
0.224584
0.220553
0.216537
0.212537
0.208556
0.204593
0.200652
0.196732
0.192836
0.188964
0.185119
0.225342
0.221418
0.217506
0.213609
0.209728
0.205865
0.20202
0.198196
0.194393
0.190613
0.186857
0.226048
0.222227
0.218417
0.214619
0.210836
0.207068
0.203318
0.199586
0.195874
0.192183
0.188515
0.226704
0.222982
0.219269
0.215568
0.211879
0.208205
0.204545
0.200903
0.197279
0.193675
0.190092
0.22731
0.223684
0.220066
0.216457
0.21286
0.209275
0.205704
0.202149
0.19861
0.19509
0.19159
0.227869
0.224335
0.220807
0.217288
0.213778
0.21028
0.206794
0.203323
0.199867
0.196429
0.193009
0.228382
0.224936
0.221495
0.218062
0.214637
0.211221
0.207818
0.204427
0.201051
0.197691
0.194348
0.228851
0.225489
0.222132
0.21878
0.215436
0.212101
0.208776
0.205463
0.202163
0.198878
0.195609
0.229277
0.225996
0.222718
0.219445
0.216178
0.212919
0.209669
0.20643
0.203203
0.19999
0.196792
0.229663
0.226458
0.223256
0.220057
0.216864
0.213678
0.210499
0.207331
0.204174
0.201029
0.197899
0.23001
0.226878
0.223747
0.220619
0.217496
0.214378
0.211268
0.208167
0.205075
0.201996
0.198929
0.230321
0.227257
0.224193
0.221132
0.218074
0.215022
0.211976
0.208938
0.205909
0.202891
0.199885
0.230596
0.227596
0.224596
0.221598
0.218602
0.215611
0.212625
0.209646
0.206676
0.203716
0.200766
0.230839
0.227898
0.224958
0.222018
0.21908
0.216146
0.213216
0.210293
0.207377
0.204471
0.201574
0.23105
0.228165
0.225279
0.222393
0.219509
0.216628
0.21375
0.210879
0.208014
0.205157
0.202309
0.231232
0.228397
0.225562
0.222726
0.219891
0.217058
0.214229
0.211404
0.208586
0.205774
0.202971
0.231384
0.228596
0.225807
0.223016
0.220226
0.217437
0.214652
0.21187
0.209094
0.206323
0.203561
0.231509
0.228762
0.226014
0.223264
0.220514
0.217765
0.215018
0.212275
0.209536
0.206803
0.204076
0.231609
0.228899
0.226187
0.223473
0.220758
0.218044
0.215331
0.212622
0.209916
0.207214
0.204518
0.231677
0.228998
0.226317
0.223633
0.220949
0.218265
0.215582
0.2129
0.210223
0.207549
0.204879
0.231733
0.22908
0.226424
0.223765
0.221104
0.218444
0.215783
0.213124
0.210468
0.207814
0.205164
0.202519
0.231732
0.229099
0.226465
0.223828
0.221191
0.218553
0.215915
0.213279
0.210643
0.20801
0.20538
0.202754
0.420194
0.412163
0.404416
0.396644
0.388412
0.380014
0.371594
0.363133
0.354637
0.346133
0.337639
0.329169
0.320735
0.312349
0.30402
0.295757
0.28757
0.279465
0.271451
0.26354
0.255742
0.248037
0.24019
0.232635
0.225287
0.21806
0.210942
0.203942
0.416799
0.408494
0.400276
0.392605
0.384565
0.376352
0.368165
0.359966
0.351741
0.343517
0.335308
0.327125
0.318978
0.310876
0.302827
0.294838
0.286917
0.279069
0.2713
0.263615
0.25602
0.248536
0.241043
0.233736
0.226583
0.219537
0.212589
0.20575
0.412604
0.404375
0.395861
0.388326
0.380575
0.372586
0.364634
0.356698
0.348743
0.340789
0.332856
0.324951
0.317081
0.309255
0.30148
0.293762
0.286108
0.278521
0.271007
0.263569
0.256211
0.248936
0.241783
0.234691
0.227721
0.220864
0.214109
0.207456
0.408041
0.400121
0.391522
0.384117
0.376679
0.368945
0.361227
0.353555
0.345874
0.338193
0.330534
0.322905
0.315311
0.307757
0.300251
0.292798
0.285403
0.278071
0.270805
0.263607
0.256479
0.249427
0.242542
0.235653
0.228862
0.222188
0.215614
0.209135
0.403351
0.395806
0.387253
0.379963
0.372824
0.365366
0.357883
0.350468
0.343058
0.335647
0.328258
0.320899
0.313572
0.306284
0.299041
0.291845
0.284703
0.277618
0.270593
0.26363
0.256736
0.249922
0.243242
0.23656
0.22996
0.223468
0.217071
0.210759
0.39864
0.391462
0.383047
0.37588
0.36902
0.361848
0.354606
0.34744
0.340297
0.333151
0.326024
0.318927
0.311862
0.304832
0.297842
0.290896
0.283999
0.277153
0.270363
0.26363
0.256961
0.250367
0.243886
0.237408
0.231
0.224689
0.218465
0.212318
0.393948
0.387113
0.378902
0.371878
0.365276
0.358394
0.351399
0.344477
0.337592
0.330708
0.323837
0.316995
0.310182
0.303402
0.296659
0.289955
0.283296
0.276683
0.27012
0.26361
0.25716
0.250777
0.244488
0.238206
0.231987
0.225853
0.219798
0.213814
0.389304
0.382786
0.374825
0.367964
0.361604
0.355005
0.348263
0.341579
0.334945
0.328316
0.321696
0.315101
0.308534
0.301997
0.295492
0.289023
0.282594
0.276207
0.269865
0.263571
0.257332
0.251152
0.245051
0.238958
0.232922
0.226963
0.221074
0.215249
0.384727
0.378505
0.370819
0.364141
0.358009
0.351684
0.345196
0.338748
0.332357
0.325976
0.319601
0.313245
0.306916
0.300614
0.294341
0.288099
0.281893
0.275724
0.269596
0.263512
0.257475
0.251492
0.245574
0.239665
0.233807
0.228018
0.222293
0.216625
0.380233
0.374289
0.366892
0.36041
0.354498
0.348436
0.342199
0.335985
0.329829
0.323688
0.31755
0.311428
0.305329
0.299255
0.293205
0.287183
0.281193
0.275235
0.269314
0.263431
0.257591
0.251797
0.246059
0.240327
0.234642
0.22902
0.223454
0.21794
0.375832
0.37015
0.363049
0.356773
0.351073
0.345262
0.339274
0.333289
0.327361
0.321452
0.315545
0.309649
0.303773
0.297918
0.292084
0.286275
0.280492
0.274739
0.269017
0.263329
0.257679
0.252069
0.246505
0.240945
0.235429
0.229969
0.22456
0.219196
0.371533
0.366099
0.359294
0.35323
0.347736
0.342165
0.336419
0.33066
0.324953
0.319268
0.313584
0.307907
0.302246
0.296603
0.290978
0.285374
0.279793
0.274236
0.268707
0.263207
0.25774
0.252307
0.246914
0.241519
0.236167
0.230866
0.225609
0.220392
0.367341
0.362141
0.355631
0.349784
0.344489
0.339148
0.333637
0.328098
0.322606
0.317137
0.311668
0.306203
0.300749
0.29531
0.289887
0.284481
0.279093
0.273726
0.268383
0.263064
0.257774
0.252514
0.247286
0.242052
0.236857
0.231711
0.226603
0.22153
0.36326
0.358283
0.352064
0.346433
0.341333
0.336211
0.330927
0.325604
0.320319
0.315057
0.309796
0.304535
0.299282
0.29404
0.288811
0.283594
0.278393
0.273209
0.268045
0.262902
0.257782
0.252688
0.24762
0.242541
0.237501
0.232506
0.227544
0.222611
0.359294
0.35453
0.348594
0.34318
0.338269
0.333355
0.32829
0.323176
0.318092
0.313031
0.307969
0.302905
0.297844
0.292792
0.287749
0.282715
0.277694
0.272686
0.267694
0.26272
0.257766
0.252832
0.247918
0.242987
0.238098
0.233251
0.228431
0.223635
0.355446
0.350884
0.345225
0.340025
0.335296
0.330582
0.325726
0.320816
0.315925
0.311056
0.306186
0.30131
0.296435
0.291565
0.286701
0.281844
0.276994
0.272155
0.267328
0.262516
0.257722
0.252951
0.248203
0.243408
0.238659
0.233951
0.229266
0.224603
0.351717
0.347347
0.341956
0.336967
0.332416
0.327891
0.323236
0.318521
0.313818
0.309133
0.304447
0.299753
0.295056
0.29036
0.285668
0.280979
0.276296
0.271619
0.26695
0.26229
0.257641
0.253003
0.248377
0.243787
0.239192
0.234611
0.230052
0.225516
0.348109
0.343923
0.33879
0.334006
0.329627
0.325283
0.320819
0.316293
0.311771
0.307262
0.302751
0.298232
0.293706
0.289178
0.28465
0.280124
0.275599
0.271077
0.26656
0.262049
0.257545
0.253049
0.248569
0.244134
0.239677
0.235221
0.230786
0.226374
0.344623
0.340611
0.335726
0.331144
0.32693
0.322757
0.318477
0.314131
0.309782
0.305443
0.3011
0.296747
0.292385
0.288018
0.283648
0.279277
0.274904
0.270532
0.266162
0.261796
0.257434
0.253081
0.248742
0.244432
0.240107
0.235779
0.231468
0.227177
0.34126
0.337414
0.332766
0.328378
0.324325
0.320315
0.316208
0.312035
0.307852
0.303675
0.299493
0.295299
0.291093
0.28688
0.282662
0.278439
0.274213
0.269985
0.265757
0.261529
0.257305
0.253086
0.248878
0.244691
0.240492
0.23629
0.232101
0.227928
0.33802
0.334331
0.32991
0.32571
0.32181
0.317955
0.314013
0.310004
0.305981
0.301959
0.297931
0.293888
0.289832
0.285766
0.281693
0.277613
0.273527
0.269437
0.265344
0.26125
0.257156
0.253067
0.248984
0.244917
0.240838
0.236758
0.232686
0.228628
0.334903
0.331364
0.327158
0.323138
0.319386
0.315678
0.311891
0.30804
0.304169
0.300295
0.296412
0.292515
0.288602
0.284676
0.280741
0.276797
0.272845
0.268887
0.264924
0.260958
0.25699
0.253024
0.249062
0.24511
0.241148
0.237183
0.233225
0.229278
0.33191
0.328511
0.324509
0.320663
0.317053
0.313484
0.309844
0.306142
0.302416
0.298683
0.294939
0.291179
0.287402
0.283611
0.279807
0.275993
0.272169
0.268337
0.264498
0.260654
0.256807
0.252959
0.249112
0.245272
0.241422
0.237568
0.23372
0.229879
0.32904
0.325774
0.321965
0.318284
0.314809
0.311372
0.307871
0.30431
0.300722
0.297123
0.293511
0.289882
0.286234
0.28257
0.278892
0.275202
0.2715
0.267788
0.264068
0.260341
0.256608
0.252873
0.249137
0.245404
0.241661
0.237915
0.234171
0.230434
0.326293
0.323153
0.319526
0.316002
0.312656
0.309343
0.305973
0.302545
0.299087
0.295616
0.292129
0.288624
0.285099
0.281556
0.277997
0.274425
0.270839
0.267242
0.263634
0.260018
0.256396
0.252768
0.249138
0.245508
0.241869
0.238224
0.234581
0.230943
0.32367
0.320648
0.317191
0.313816
0.310592
0.307397
0.30415
0.300847
0.297513
0.294162
0.290794
0.287405
0.283997
0.280569
0.277123
0.273662
0.270187
0.266699
0.263199
0.259689
0.25617
0.252646
0.249117
0.245586
0.242045
0.238498
0.234952
0.231408
0.321171
0.31826
0.314961
0.311726
0.308619
0.305535
0.302402
0.299217
0.296
0.292762
0.289506
0.286228
0.282929
0.27961
0.276272
0.272917
0.269546
0.266161
0.262763
0.259354
0.255934
0.252508
0.249075
0.245639
0.242192
0.238739
0.235285
0.231832
0.318796
0.315988
0.312837
0.309734
0.306736
0.303756
0.300731
0.297656
0.294548
0.291418
0.288267
0.285094
0.281898
0.278681
0.275444
0.272189
0.268917
0.26563
0.262328
0.259014
0.25569
0.252356
0.249015
0.245669
0.242312
0.238948
0.235582
0.232215
0.316546
0.313834
0.310821
0.307841
0.304945
0.302063
0.299138
0.296166
0.29316
0.29013
0.287078
0.284002
0.280904
0.277783
0.274641
0.271481
0.268302
0.265107
0.261897
0.258673
0.255438
0.252192
0.248938
0.245678
0.242406
0.239127
0.235844
0.23256
0.314422
0.311799
0.308912
0.306047
0.303248
0.300455
0.297624
0.294747
0.291837
0.2889
0.28594
0.282957
0.279949
0.276918
0.273866
0.270794
0.267703
0.264595
0.261471
0.258332
0.255181
0.252018
0.248847
0.245667
0.242477
0.239278
0.236074
0.232869
0.312426
0.309885
0.307114
0.304354
0.301644
0.298936
0.296191
0.293402
0.29058
0.287731
0.284857
0.281958
0.279035
0.276089
0.27312
0.270131
0.267122
0.264095
0.261052
0.257993
0.254921
0.251837
0.248743
0.24564
0.242526
0.239403
0.236274
0.233143
0.31056
0.308093
0.305428
0.302765
0.300138
0.297507
0.294841
0.292133
0.289392
0.286623
0.283829
0.28101
0.278165
0.275297
0.272406
0.269493
0.266561
0.26361
0.260642
0.257658
0.25466
0.25165
0.248628
0.245598
0.242555
0.239503
0.236446
0.233384
0.308826
0.306427
0.303857
0.301282
0.29873
0.29617
0.293576
0.290943
0.288276
0.285581
0.28286
0.280113
0.277341
0.274544
0.271725
0.268884
0.266023
0.263142
0.260244
0.25733
0.254401
0.251459
0.248506
0.245542
0.242567
0.239582
0.236591
0.233595
0.307228
0.304889
0.302405
0.299909
0.297426
0.29493
0.292401
0.289834
0.287235
0.284607
0.281952
0.279271
0.276565
0.273835
0.271081
0.268306
0.26551
0.262694
0.259861
0.257011
0.254146
0.251268
0.248377
0.245476
0.242563
0.239641
0.236711
0.233777
0.305771
0.303485
0.301076
0.29865
0.296227
0.293789
0.291318
0.288811
0.286272
0.283704
0.281109
0.278488
0.275842
0.273171
0.270477
0.267761
0.265025
0.262268
0.259494
0.256703
0.253897
0.251078
0.248246
0.245404
0.242548
0.239683
0.23681
0.233932
0.30446
0.302219
0.299875
0.29751
0.295141
0.292752
0.290332
0.287877
0.285391
0.282876
0.280335
0.277767
0.275174
0.272557
0.269916
0.267254
0.264571
0.261868
0.259147
0.256409
0.253656
0.250889
0.24811
0.24532
0.242522
0.239711
0.236891
0.234063
0.303302
0.301098
0.298809
0.296496
0.294171
0.291825
0.289448
0.287039
0.284598
0.28213
0.279634
0.277113
0.274567
0.271996
0.269403
0.266787
0.264152
0.261496
0.258823
0.256133
0.253427
0.250707
0.247975
0.245232
0.242486
0.239724
0.236951
0.23417
0.302304
0.30013
0.297885
0.295614
0.293326
0.291015
0.288674
0.286301
0.283899
0.281469
0.279012
0.27653
0.274024
0.271493
0.26894
0.266366
0.263771
0.261157
0.258526
0.255878
0.253214
0.250537
0.247847
0.245147
0.242441
0.239722
0.236991
0.234252
0.301477
0.299324
0.297112
0.294873
0.292613
0.290329
0.288015
0.285672
0.283299
0.2809
0.278475
0.276024
0.27355
0.271053
0.268534
0.265994
0.263434
0.260855
0.25826
0.255648
0.253021
0.250381
0.247729
0.245066
0.242394
0.239711
0.237017
0.234315
0.300833
0.298692
0.296502
0.294284
0.292044
0.289778
0.287483
0.285159
0.282808
0.280431
0.278028
0.275602
0.273152
0.270679
0.268186
0.265672
0.263139
0.260588
0.25802
0.255436
0.252838
0.250226
0.247603
0.244971
0.242333
0.239683
0.237021
0.234352
0.300384
0.298245
0.296065
0.293858
0.291627
0.28937
0.287086
0.284775
0.282438
0.280075
0.277689
0.275279
0.272847
0.270394
0.26792
0.265427
0.262916
0.260387
0.257843
0.255283
0.25271
0.250124
0.247526
0.244917
0.242297
0.239666
0.237028
0.234383
0.300156
0.298011
0.295826
0.293612
0.291374
0.289111
0.286821
0.284506
0.282166
0.279802
0.277416
0.275008
0.272579
0.270131
0.267664
0.265179
0.262678
0.260161
0.257629
0.255084
0.252526
0.249957
0.247379
0.244794
0.242203
0.239601
0.236986
0.234361
0.425098
0.425815
0.4271
0.428861
0.430983
0.433391
0.435972
0.438655
0.441304
0.443849
0.446127
0.448086
0.449522
0.450435
0.45055
0.449985
0.448304
0.445885
0.441865
0.437104
0.428904
0.424417
0.425096
0.426317
0.427984
0.429986
0.432245
0.434648
0.437122
0.43953
0.441803
0.443777
0.445399
0.44647
0.446984
0.446684
0.445661
0.443537
0.440581
0.436145
0.430621
0.423146
0.423701
0.424341
0.42549
0.427056
0.428926
0.431024
0.433236
0.435488
0.437645
0.439636
0.441303
0.442592
0.443312
0.443455
0.442783
0.441372
0.4389
0.435559
0.430904
0.425167
0.418325
0.422948
0.423546
0.424621
0.426079
0.427811
0.429741
0.431753
0.433775
0.435672
0.437375
0.438727
0.439678
0.440047
0.439821
0.438788
0.437004
0.434211
0.430539
0.425719
0.419898
0.41329
0.422156
0.422711
0.423709
0.425057
0.426647
0.428403
0.430211
0.431998
0.433632
0.435044
0.436082
0.436695
0.436715
0.436126
0.434743
0.432603
0.42951
0.425548
0.420578
0.414698
0.408192
0.421324
0.421835
0.422753
0.423988
0.425432
0.427011
0.428612
0.430161
0.431529
0.432647
0.433372
0.433651
0.433331
0.432391
0.430673
0.428201
0.424834
0.420626
0.415523
0.409615
0.403203
0.420451
0.420918
0.421753
0.422871
0.424166
0.425563
0.426952
0.42826
0.429361
0.430185
0.4306
0.43055
0.429898
0.428619
0.426586
0.423807
0.420192
0.415778
0.410566
0.404657
0.398341
0.419536
0.419957
0.420708
0.421705
0.422847
0.424059
0.425233
0.426296
0.427128
0.42766
0.427766
0.427393
0.42642
0.424817
0.422486
0.419428
0.41559
0.411005
0.405706
0.39981
0.393584
0.418578
0.418952
0.419616
0.42049
0.421475
0.422499
0.423455
0.424271
0.424834
0.425074
0.424877
0.424188
0.422904
0.420994
0.418383
0.415072
0.411034
0.406308
0.400942
0.395066
0.388928
0.417577
0.417902
0.418477
0.419225
0.42005
0.420882
0.421618
0.422187
0.42248
0.422432
0.421936
0.42094
0.419357
0.417156
0.414285
0.410744
0.406532
0.401687
0.396274
0.390423
0.384372
0.41653
0.416806
0.41729
0.417909
0.418572
0.41921
0.419724
0.420044
0.42007
0.419736
0.418948
0.417656
0.415786
0.413313
0.410201
0.406454
0.402088
0.397147
0.391702
0.385883
0.379921
0.415438
0.415664
0.416055
0.416543
0.417042
0.417483
0.417774
0.417847
0.417607
0.416993
0.41592
0.414342
0.4122
0.409471
0.406137
0.402207
0.397708
0.392691
0.38723
0.381448
0.375576
0.4143
0.414476
0.414772
0.415127
0.415459
0.415702
0.41577
0.415596
0.415095
0.414206
0.412857
0.411005
0.408605
0.405639
0.402103
0.39801
0.393399
0.388322
0.382859
0.377122
0.371341
0.413117
0.413241
0.413441
0.413661
0.413825
0.41387
0.413716
0.413297
0.412538
0.41138
0.409765
0.407652
0.405009
0.401825
0.398106
0.39387
0.389166
0.384044
0.378591
0.372905
0.367217
0.411887
0.411959
0.412062
0.412147
0.412142
0.411988
0.411612
0.410952
0.40994
0.408523
0.406651
0.40429
0.401421
0.398036
0.394152
0.389793
0.385012
0.379861
0.374428
0.368802
0.363208
0.410613
0.410632
0.410637
0.410585
0.410411
0.410059
0.409463
0.408566
0.407307
0.405639
0.403522
0.400928
0.397847
0.394279
0.390249
0.385784
0.380944
0.375776
0.370374
0.364813
0.359314
0.409294
0.409259
0.409166
0.408977
0.408634
0.408086
0.407273
0.406143
0.404644
0.402735
0.400385
0.397572
0.394296
0.390562
0.386404
0.38185
0.376965
0.371793
0.36643
0.36094
0.355539
0.407931
0.407843
0.407652
0.407325
0.406814
0.406071
0.405046
0.403689
0.401958
0.399818
0.397247
0.39423
0.390776
0.386893
0.382623
0.377996
0.373079
0.367916
0.362599
0.357186
0.351883
0.406526
0.406385
0.406095
0.405632
0.404954
0.40402
0.402786
0.401209
0.399255
0.396895
0.394117
0.390911
0.387293
0.383279
0.378913
0.374228
0.369292
0.364147
0.358884
0.353551
0.348348
0.405081
0.404887
0.404499
0.4039
0.403059
0.401937
0.400499
0.398709
0.396542
0.393974
0.391001
0.387621
0.383856
0.379726
0.375279
0.370549
0.365607
0.360488
0.355285
0.350037
0.344933
0.403599
0.403352
0.402867
0.402135
0.401131
0.399826
0.398191
0.396196
0.393825
0.391061
0.387908
0.384369
0.380472
0.376241
0.371728
0.366967
0.362027
0.356944
0.351805
0.346645
0.341641
0.402083
0.401783
0.401202
0.400338
0.399177
0.397693
0.395868
0.393678
0.391114
0.388166
0.384846
0.381162
0.377149
0.372832
0.368265
0.363484
0.358556
0.353516
0.348446
0.343376
0.338471
0.400535
0.400184
0.399509
0.398517
0.397201
0.395545
0.393536
0.39116
0.388414
0.385296
0.381823
0.37801
0.373893
0.369504
0.364896
0.360105
0.355198
0.350206
0.345209
0.34023
0.335424
0.398962
0.39856
0.397793
0.396676
0.39521
0.393388
0.391205
0.388652
0.385736
0.38246
0.378847
0.374918
0.370713
0.366263
0.361626
0.356835
0.351956
0.347018
0.342095
0.337209
0.3325
0.397367
0.396916
0.396059
0.39482
0.393211
0.39123
0.38888
0.386162
0.383087
0.379666
0.375928
0.371896
0.367614
0.363117
0.35846
0.353678
0.348833
0.343952
0.339107
0.334312
0.329699
0.395756
0.395258
0.394314
0.392958
0.391211
0.389078
0.386572
0.383698
0.380477
0.376924
0.373072
0.368951
0.364605
0.360072
0.355404
0.350638
0.345832
0.341012
0.336244
0.331542
0.327022
0.394137
0.393592
0.392565
0.391097
0.389218
0.386942
0.384288
0.38127
0.377914
0.374242
0.37029
0.366091
0.361693
0.357132
0.352463
0.347719
0.342957
0.3382
0.33351
0.328898
0.32447
0.392516
0.391927
0.390821
0.389246
0.387242
0.384831
0.382039
0.378889
0.375409
0.371629
0.36759
0.363325
0.358885
0.354306
0.349642
0.344926
0.34021
0.335518
0.330906
0.326382
0.322043
0.390903
0.390272
0.389089
0.387413
0.385291
0.382754
0.379836
0.376563
0.372972
0.369097
0.36498
0.360661
0.356187
0.351599
0.346946
0.342262
0.337596
0.332969
0.328434
0.323996
0.319743
0.389306
0.388635
0.38738
0.38561
0.383378
0.380724
0.377688
0.374304
0.370614
0.366654
0.362471
0.358107
0.353609
0.349018
0.344381
0.339732
0.335117
0.330556
0.326095
0.321742
0.31757
0.387736
0.387028
0.385706
0.383846
0.381512
0.378751
0.375608
0.372124
0.368344
0.364311
0.360073
0.355672
0.351157
0.346569
0.341953
0.337342
0.332778
0.328282
0.323894
0.319621
0.315528
0.386205
0.385461
0.384077
0.382135
0.379708
0.376848
0.373608
0.370034
0.366176
0.36208
0.357795
0.353365
0.348841
0.34426
0.339668
0.335097
0.330584
0.32615
0.321833
0.317636
0.313617
0.384725
0.383949
0.382506
0.38049
0.377976
0.375027
0.371701
0.368048
0.364122
0.359971
0.355648
0.351197
0.346668
0.342099
0.337534
0.333001
0.32854
0.324167
0.319916
0.315791
0.311842
0.38331
0.382504
0.381009
0.378924
0.376334
0.373305
0.369901
0.366179
0.362194
0.357998
0.353643
0.349178
0.344648
0.340094
0.335556
0.331064
0.326651
0.322336
0.318148
0.314091
0.310206
0.381974
0.381142
0.3796
0.377454
0.374794
0.371695
0.368224
0.364441
0.360406
0.356172
0.351794
0.347318
0.342792
0.338254
0.333744
0.329291
0.324925
0.320664
0.316534
0.312539
0.308714
0.380735
0.379879
0.378295
0.376095
0.373375
0.370214
0.366685
0.36285
0.358773
0.354509
0.350112
0.34563
0.34111
0.33659
0.332108
0.327691
0.323369
0.319157
0.315081
0.311143
0.307372
0.37961
0.378734
0.377113
0.374866
0.372093
0.36888
0.365301
0.361423
0.357312
0.353023
0.348612
0.344128
0.339616
0.335113
0.330657
0.326274
0.321992
0.317826
0.313798
0.30991
0.306187
0.378618
0.377723
0.376071
0.373785
0.370969
0.367711
0.364091
0.360179
0.356039
0.351731
0.347311
0.342826
0.338322
0.333837
0.329405
0.325052
0.320806
0.316679
0.312693
0.308849
0.305167
0.377779
0.376869
0.375192
0.372873
0.370021
0.366728
0.363076
0.359135
0.354974
0.350652
0.346225
0.341741
0.337246
0.332776
0.328365
0.324038
0.319821
0.315728
0.311777
0.30797
0.304323
0.377114
0.376193
0.374496
0.372152
0.369273
0.365953
0.362276
0.358315
0.354138
0.349805
0.345374
0.340892
0.336404
0.331947
0.327553
0.323247
0.319055
0.314988
0.311065
0.307287
0.303667
0.376646
0.375717
0.374007
0.371646
0.368749
0.36541
0.361716
0.357741
0.353553
0.349214
0.344781
0.340301
0.335818
0.33137
0.326988
0.322698
0.318522
0.314474
0.310571
0.306815
0.303214
0.3764
0.375467
0.373749
0.371379
0.368472
0.365124
0.361421
0.357439
0.353246
0.348904
0.34447
0.339991
0.335511
0.331068
0.326693
0.32241
0.318243
0.314206
0.310314
0.30657
0.302983
0.437541
0.43858
0.440554
0.443332
0.446817
0.45096
0.455714
0.461047
0.466812
0.473057
0.47974
0.486839
0.494308
0.502124
0.51024
0.518636
0.527254
0.536086
0.545054
0.554168
0.563287
0.437507
0.438544
0.440507
0.443262
0.446709
0.450794
0.45545
0.460672
0.466494
0.472742
0.479416
0.486506
0.493967
0.501778
0.509889
0.518279
0.526888
0.535704
0.544645
0.553735
0.562864
0.437437
0.438468
0.440423
0.443169
0.446612
0.450704
0.455401
0.460683
0.466417
0.472617
0.479254
0.486304
0.493723
0.501486
0.509546
0.517882
0.526434
0.535192
0.544076
0.553112
0.56216
0.437332
0.43836
0.440309
0.443049
0.446485
0.450564
0.455235
0.460464
0.466195
0.472378
0.478985
0.485999
0.493372
0.501083
0.509082
0.517348
0.525819
0.534489
0.543271
0.552196
0.561105
0.437193
0.438217
0.440159
0.442889
0.446309
0.45037
0.455022
0.460235
0.46592
0.47206
0.478622
0.485581
0.492892
0.500531
0.508446
0.516618
0.524982
0.533534
0.542181
0.55096
0.559691
0.43702
0.438039
0.439971
0.442687
0.44609
0.45013
0.454758
0.459935
0.465575
0.471666
0.47817
0.485061
0.492293
0.499842
0.507653
0.515708
0.523938
0.532342
0.54082
0.549418
0.557927
0.436813
0.437826
0.439746
0.442446
0.445828
0.449843
0.454441
0.459578
0.465162
0.471194
0.477629
0.48444
0.491578
0.499018
0.506704
0.514618
0.522688
0.530915
0.539191
0.547572
0.555815
0.436572
0.437578
0.439485
0.442167
0.445525
0.44951
0.454072
0.459161
0.464682
0.470646
0.477001
0.483718
0.490746
0.498061
0.505601
0.513352
0.521233
0.529255
0.537294
0.545423
0.553356
0.436299
0.437297
0.439188
0.441849
0.44518
0.449133
0.453654
0.458686
0.464136
0.470023
0.476286
0.482897
0.4898
0.496971
0.504345
0.511909
0.519577
0.527363
0.535133
0.542973
0.550554
0.435993
0.436982
0.438857
0.441495
0.444794
0.448713
0.453173
0.458147
0.463525
0.469326
0.475487
0.481978
0.48874
0.495751
0.502939
0.510293
0.517721
0.525243
0.53271
0.540227
0.547414
0.435655
0.436634
0.438491
0.441103
0.444369
0.448256
0.452693
0.457549
0.462849
0.468556
0.474604
0.480963
0.48757
0.494402
0.501384
0.508506
0.515667
0.522897
0.530027
0.537187
0.543939
0.435285
0.436255
0.438091
0.440676
0.443906
0.44775
0.452107
0.456897
0.462112
0.467716
0.473639
0.479853
0.48629
0.492927
0.499683
0.50655
0.513419
0.520327
0.527089
0.533858
0.540134
0.434885
0.435845
0.43766
0.440213
0.443404
0.447202
0.451494
0.456195
0.461315
0.466806
0.472594
0.478651
0.484903
0.491328
0.497837
0.504428
0.510979
0.517539
0.523899
0.530244
0.536005
0.434456
0.435404
0.437196
0.439717
0.442867
0.446606
0.450827
0.455441
0.460458
0.465828
0.471471
0.477358
0.48341
0.489607
0.495851
0.502143
0.508351
0.514534
0.520462
0.526351
0.531558
0.433997
0.434933
0.436701
0.439188
0.442298
0.445975
0.450108
0.454636
0.459544
0.464784
0.470271
0.475977
0.481815
0.487767
0.493726
0.499698
0.505537
0.511318
0.516781
0.522182
0.5268
0.43351
0.434434
0.436177
0.438627
0.441699
0.445334
0.449343
0.453781
0.458574
0.463676
0.468996
0.47451
0.48012
0.485811
0.491465
0.497097
0.502543
0.507893
0.512861
0.517745
0.521737
0.432996
0.433907
0.435623
0.438034
0.441064
0.444611
0.448537
0.452879
0.45755
0.462505
0.46765
0.472958
0.478326
0.48374
0.489072
0.494342
0.49937
0.504265
0.508707
0.513046
0.516378
0.432455
0.433354
0.435042
0.437416
0.440337
0.443853
0.447695
0.451932
0.456474
0.461274
0.466233
0.471325
0.476438
0.481559
0.486549
0.491437
0.496023
0.500438
0.504325
0.508089
0.51073
0.431889
0.432774
0.434434
0.43678
0.439734
0.443055
0.446812
0.450941
0.455346
0.459984
0.464748
0.469613
0.474456
0.47927
0.4839
0.488385
0.492506
0.496417
0.49972
0.502884
0.504801
0.431298
0.43217
0.433802
0.436102
0.438945
0.442225
0.445894
0.449908
0.45417
0.458637
0.463197
0.467824
0.472385
0.476876
0.481128
0.485192
0.488824
0.492206
0.494896
0.497435
0.498599
0.430683
0.431542
0.433147
0.435391
0.438171
0.44137
0.444941
0.448833
0.452946
0.457235
0.461582
0.46596
0.470226
0.47438
0.478237
0.48186
0.484979
0.487811
0.48986
0.49175
0.492131
0.430046
0.430891
0.432468
0.434693
0.437366
0.440485
0.443953
0.447719
0.451677
0.455781
0.459907
0.464025
0.467984
0.471785
0.47523
0.478393
0.480977
0.483236
0.484615
0.485836
0.485405
0.429388
0.430221
0.431747
0.43392
0.436535
0.439571
0.442932
0.446568
0.450365
0.454277
0.458172
0.46202
0.46566
0.469095
0.47211
0.474795
0.476822
0.478486
0.479165
0.479698
0.478421
0.428709
0.429531
0.431064
0.433131
0.43568
0.438629
0.44188
0.44538
0.449011
0.452724
0.456381
0.459949
0.463257
0.466312
0.468882
0.471071
0.472518
0.473567
0.473514
0.47334
0.471178
0.428011
0.428816
0.430298
0.432324
0.434803
0.437661
0.440798
0.444156
0.447615
0.451122
0.454532
0.457811
0.460777
0.463437
0.465547
0.467221
0.468068
0.468479
0.467663
0.466765
0.46366
0.427296
0.428097
0.429526
0.431502
0.433908
0.436672
0.439692
0.442906
0.446189
0.449484
0.452641
0.45562
0.458232
0.460485
0.46212
0.463261
0.463488
0.463234
0.461625
0.459981
0.455853
0.426562
0.427344
0.428741
0.430663
0.432996
0.435668
0.438571
0.44164
0.444746
0.447828
0.450727
0.453401
0.455651
0.457485
0.458629
0.459215
0.458799
0.457843
0.455388
0.452949
0.447701
0.425812
0.426568
0.427921
0.429777
0.432022
0.434584
0.437351
0.440255
0.443163
0.446008
0.448627
0.450974
0.452841
0.454234
0.454867
0.454882
0.453808
0.452138
0.448805
0.445437
0.438753
0.425824
0.426564
0.427915
0.429773
0.432021
0.434582
0.437343
0.440237
0.443126
0.445946
0.448532
0.450839
0.452663
0.454012
0.454603
0.454583
0.453481
0.451802
0.448481
0.445155
0.438559
0.426578
0.427362
0.428783
0.430739
0.433112
0.435824
0.438763
0.441862
0.444987
0.448075
0.450964
0.453613
0.45582
0.457599
0.458673
0.459189
0.458696
0.457687
0.455193
0.452768
0.447598
0.427312
0.428129
0.429594
0.431619
0.434079
0.436899
0.439968
0.443223
0.446533
0.449841
0.45299
0.455944
0.458512
0.460704
0.462264
0.463326
0.463474
0.463152
0.461505
0.459844
0.455782
0.428026
0.428844
0.430365
0.43244
0.434973
0.437885
0.441071
0.444471
0.447959
0.451481
0.454889
0.458148
0.461075
0.463683
0.465726
0.467327
0.468102
0.468443
0.467591
0.466657
0.463604
0.428722
0.429561
0.431132
0.433248
0.435852
0.438857
0.44216
0.445704
0.449369
0.453102
0.456763
0.460318
0.463595
0.466602
0.469112
0.47123
0.472608
0.473581
0.473487
0.473264
0.471134
0.4294
0.430252
0.431819
0.43404
0.436712
0.439808
0.443224
0.446908
0.450743
0.45468
0.458584
0.462425
0.466039
0.469431
0.472391
0.475006
0.476965
0.47855
0.47918
0.479652
0.478387
0.430058
0.430923
0.43254
0.434813
0.437548
0.440729
0.444255
0.448073
0.452073
0.456207
0.460346
0.464461
0.4684
0.472163
0.475557
0.478652
0.481169
0.483347
0.484669
0.485819
0.485379
0.430694
0.431574
0.433222
0.435525
0.438359
0.441622
0.445252
0.4492
0.453359
0.457682
0.462048
0.466428
0.470679
0.474798
0.478609
0.482166
0.485218
0.487966
0.489951
0.491762
0.492115
0.431308
0.432202
0.433878
0.43623
0.43914
0.442484
0.446215
0.450288
0.454599
0.459104
0.463688
0.468321
0.472872
0.477333
0.481543
0.485543
0.489108
0.492405
0.495024
0.497473
0.498592
0.431899
0.432807
0.434512
0.436912
0.439909
0.443319
0.447142
0.451333
0.455791
0.46047
0.465263
0.470138
0.474976
0.479765
0.484355
0.488779
0.492833
0.496656
0.499881
0.502947
0.504803
0.432465
0.433387
0.435121
0.437557
0.440568
0.444121
0.448033
0.452336
0.456934
0.461779
0.46677
0.471878
0.476989
0.482089
0.487043
0.491871
0.49639
0.500717
0.504519
0.508177
0.51074
0.433005
0.433941
0.435703
0.438177
0.441266
0.444885
0.448884
0.453294
0.458025
0.463028
0.468209
0.473537
0.478908
0.484304
0.489602
0.494815
0.499775
0.50458
0.508932
0.513157
0.516397
0.433519
0.434468
0.436258
0.43877
0.441911
0.445606
0.449695
0.454205
0.459062
0.464216
0.469576
0.475112
0.480729
0.486406
0.492029
0.497606
0.502984
0.508243
0.513114
0.517879
0.521765
0.434006
0.434968
0.436784
0.439333
0.442518
0.446286
0.450468
0.45507
0.460045
0.46534
0.47087
0.476603
0.482451
0.488392
0.494322
0.500242
0.506013
0.5117
0.517062
0.522337
0.526836
0.434464
0.435439
0.43728
0.439864
0.443087
0.446888
0.451195
0.455885
0.460971
0.466399
0.472088
0.478005
0.484071
0.49026
0.496477
0.502719
0.508858
0.514947
0.520769
0.526525
0.531602
0.434894
0.43588
0.437744
0.440362
0.443626
0.447503
0.451872
0.456647
0.461838
0.467391
0.473228
0.479318
0.485586
0.492007
0.498492
0.505034
0.511516
0.51798
0.524231
0.530437
0.536057
0.435293
0.436291
0.438177
0.440826
0.44413
0.448054
0.452495
0.457358
0.462646
0.468314
0.474289
0.480539
0.486995
0.49363
0.500363
0.507183
0.513983
0.520795
0.527443
0.534068
0.540193
0.435662
0.436671
0.438577
0.441255
0.444597
0.448565
0.453067
0.458014
0.463393
0.469166
0.475268
0.481666
0.488294
0.495127
0.502088
0.509164
0.516257
0.523388
0.530402
0.537413
0.544005
0.436
0.437018
0.438944
0.441649
0.445024
0.449031
0.453604
0.458619
0.464076
0.469946
0.476164
0.482696
0.489483
0.496496
0.503665
0.510974
0.518333
0.525757
0.533103
0.540468
0.547487
0.436306
0.437333
0.439276
0.442005
0.445412
0.449448
0.454036
0.459165
0.464697
0.470653
0.476975
0.48363
0.490558
0.497734
0.505091
0.512611
0.52021
0.527897
0.535544
0.543228
0.550634
0.43658
0.437615
0.439574
0.442323
0.445759
0.449828
0.454482
0.459652
0.46525
0.471285
0.477701
0.484463
0.491519
0.49884
0.506365
0.514072
0.521885
0.529807
0.537721
0.545689
0.553441
0.43682
0.437863
0.439835
0.442604
0.446064
0.450163
0.454849
0.460072
0.465736
0.471841
0.478338
0.485196
0.492364
0.499812
0.507483
0.515355
0.523356
0.531483
0.539631
0.54785
0.555906
0.437027
0.438076
0.440061
0.442846
0.446328
0.450452
0.45517
0.460435
0.466154
0.472319
0.478887
0.485827
0.49309
0.500648
0.508445
0.516459
0.524621
0.532924
0.541273
0.549707
0.558025
0.437201
0.438255
0.440249
0.443048
0.446548
0.450695
0.455438
0.460738
0.466504
0.47272
0.479346
0.486355
0.493698
0.501348
0.50925
0.517382
0.525678
0.534129
0.542645
0.551258
0.559794
0.43734
0.438398
0.4404
0.443209
0.446724
0.45089
0.455653
0.460977
0.466784
0.473041
0.479715
0.486779
0.494186
0.501909
0.509895
0.518122
0.526525
0.535094
0.543745
0.552502
0.561215
0.437444
0.438506
0.440514
0.443331
0.446854
0.451032
0.455818
0.46117
0.466997
0.473279
0.479985
0.487088
0.494542
0.502319
0.510368
0.518665
0.527149
0.535807
0.544559
0.553427
0.562275
0.437515
0.438581
0.440598
0.443423
0.446954
0.451132
0.455896
0.461246
0.46712
0.473437
0.480176
0.487315
0.494809
0.50263
0.510727
0.519076
0.527615
0.536328
0.545134
0.554057
0.562984
0.437549
0.438616
0.44064
0.443481
0.447038
0.451259
0.456084
0.461462
0.467334
0.473667
0.480424
0.487579
0.495088
0.502924
0.511036
0.5194
0.527958
0.536695
0.545534
0.554482
0.563412
0.376401
0.375468
0.37375
0.37138
0.368473
0.365125
0.361422
0.357439
0.353246
0.348904
0.344469
0.33999
0.335511
0.331067
0.326691
0.322409
0.318242
0.314204
0.310312
0.306568
0.30298
0.376647
0.375719
0.374008
0.371647
0.368749
0.365411
0.361716
0.357741
0.353553
0.349214
0.34478
0.3403
0.335818
0.331369
0.326987
0.322696
0.31852
0.314473
0.310569
0.306812
0.303212
0.377115
0.376194
0.374497
0.372153
0.369274
0.365954
0.362276
0.358315
0.354138
0.349805
0.345374
0.340892
0.336404
0.331946
0.327552
0.323246
0.319053
0.314986
0.311063
0.307285
0.303665
0.37778
0.376871
0.375193
0.372874
0.370022
0.366729
0.363076
0.359135
0.354974
0.350652
0.346225
0.341741
0.337245
0.332775
0.328364
0.324037
0.31982
0.315727
0.311775
0.307968
0.304321
0.378619
0.377725
0.376073
0.373786
0.37097
0.367712
0.364092
0.360179
0.356039
0.351731
0.34731
0.342825
0.338322
0.333836
0.329404
0.325051
0.320804
0.316677
0.312691
0.308847
0.305165
0.379612
0.378735
0.377114
0.374867
0.372094
0.36888
0.365301
0.361424
0.357312
0.353023
0.348612
0.344127
0.339615
0.335113
0.330657
0.326273
0.321991
0.317825
0.313796
0.309909
0.306185
0.380737
0.379881
0.378296
0.376096
0.373376
0.370215
0.366685
0.362851
0.358773
0.354509
0.350112
0.34563
0.34111
0.336589
0.332107
0.32769
0.323368
0.319156
0.31508
0.311142
0.30737
0.381976
0.381144
0.379601
0.377455
0.374795
0.371696
0.368224
0.364441
0.360406
0.356172
0.351793
0.347317
0.342791
0.338253
0.333744
0.32929
0.324924
0.320663
0.316533
0.312538
0.308713
0.383311
0.382506
0.381011
0.378925
0.376335
0.373306
0.369902
0.366179
0.362194
0.357997
0.353643
0.349177
0.344648
0.340093
0.335555
0.331063
0.326651
0.322335
0.318147
0.31409
0.310205
0.384727
0.383951
0.382508
0.380491
0.377978
0.375028
0.371701
0.368048
0.364122
0.359971
0.355648
0.351197
0.346667
0.342098
0.337533
0.333001
0.328539
0.324166
0.319915
0.315791
0.311841
0.386207
0.385463
0.384078
0.382137
0.379709
0.376848
0.373608
0.370034
0.366176
0.36208
0.357794
0.353365
0.34884
0.344259
0.339668
0.335096
0.330584
0.32615
0.321833
0.317636
0.313617
0.387738
0.38703
0.385707
0.383848
0.381513
0.378752
0.375608
0.372124
0.368344
0.364311
0.360073
0.355671
0.351157
0.346568
0.341953
0.337342
0.332778
0.328281
0.323894
0.319621
0.315527
0.389308
0.388637
0.387382
0.385611
0.383379
0.380725
0.377688
0.374304
0.370613
0.366654
0.362471
0.358106
0.353608
0.349017
0.344381
0.339732
0.335117
0.330556
0.326095
0.321742
0.317571
0.390905
0.390274
0.389091
0.387415
0.385293
0.382755
0.379836
0.376563
0.372972
0.369096
0.36498
0.36066
0.356187
0.351598
0.346946
0.342262
0.337596
0.332969
0.328434
0.323997
0.319744
0.392519
0.39193
0.390823
0.389248
0.387243
0.384832
0.38204
0.378889
0.375409
0.371629
0.367589
0.363324
0.358884
0.354305
0.349641
0.344925
0.34021
0.335518
0.330906
0.326383
0.322044
0.39414
0.393595
0.392568
0.391099
0.389219
0.386943
0.384289
0.38127
0.377914
0.374241
0.370289
0.36609
0.361692
0.357132
0.352462
0.347719
0.342957
0.338201
0.333511
0.328899
0.324472
0.395759
0.395261
0.394317
0.39296
0.391212
0.389079
0.386572
0.383698
0.380476
0.376923
0.373071
0.36895
0.364604
0.360071
0.355403
0.350638
0.345832
0.341013
0.336245
0.331543
0.327024
0.39737
0.396919
0.396062
0.394822
0.393213
0.391231
0.388881
0.386162
0.383086
0.379665
0.375926
0.371894
0.367613
0.363116
0.358459
0.353678
0.348833
0.343953
0.339108
0.334314
0.329701
0.398965
0.398563
0.397796
0.396678
0.395212
0.393389
0.391205
0.388652
0.385735
0.382459
0.378846
0.374916
0.370711
0.366262
0.361625
0.356835
0.351956
0.347018
0.342096
0.33721
0.332502
0.400539
0.400188
0.399512
0.398519
0.397203
0.395546
0.393537
0.39116
0.388413
0.385295
0.381821
0.378007
0.373891
0.369502
0.364894
0.360104
0.355198
0.350207
0.34521
0.340232
0.335427
0.402087
0.401787
0.401206
0.400341
0.399179
0.397694
0.395868
0.393677
0.391112
0.388164
0.384844
0.38116
0.377146
0.37283
0.368263
0.363483
0.358556
0.353516
0.348448
0.343378
0.338474
0.403604
0.403356
0.40287
0.402137
0.401133
0.399827
0.398191
0.396196
0.393824
0.391059
0.387905
0.384366
0.380469
0.376239
0.371726
0.366965
0.362026
0.356944
0.351807
0.346648
0.341644
0.405086
0.404891
0.404503
0.403903
0.403061
0.401938
0.400499
0.398708
0.39654
0.393971
0.390998
0.387617
0.383853
0.379723
0.375276
0.370548
0.365606
0.360489
0.355287
0.35004
0.344937
0.406531
0.406389
0.406099
0.405635
0.404956
0.404021
0.402786
0.401208
0.399253
0.396892
0.394113
0.390907
0.387289
0.383275
0.378909
0.374225
0.369291
0.364147
0.358885
0.353554
0.348352
0.407936
0.407848
0.407655
0.407328
0.406816
0.406073
0.405046
0.403688
0.401956
0.399815
0.397243
0.394226
0.390771
0.386889
0.382619
0.377993
0.373078
0.367916
0.362601
0.357189
0.351888
0.409299
0.409264
0.40917
0.40898
0.408636
0.408087
0.407273
0.406142
0.404642
0.402731
0.40038
0.397567
0.394291
0.390557
0.386399
0.381846
0.376962
0.371793
0.366431
0.360943
0.355544
0.410619
0.410637
0.410641
0.410588
0.410413
0.410061
0.409464
0.408565
0.407304
0.405635
0.403517
0.400922
0.397841
0.394273
0.390243
0.385779
0.380941
0.375775
0.370375
0.364816
0.35932
0.411894
0.411964
0.412067
0.41215
0.412145
0.41199
0.411612
0.410951
0.409937
0.408518
0.406646
0.404284
0.401414
0.398028
0.394145
0.389787
0.385008
0.379859
0.374429
0.368805
0.363213
0.413124
0.413246
0.413446
0.413665
0.413828
0.413872
0.413716
0.413296
0.412535
0.411376
0.409759
0.407644
0.405001
0.401817
0.398098
0.393863
0.389161
0.384041
0.378591
0.372908
0.367223
0.414308
0.414482
0.414777
0.415131
0.415462
0.415704
0.415771
0.415595
0.415092
0.414201
0.41285
0.410996
0.408596
0.40563
0.402094
0.398002
0.393393
0.388318
0.382858
0.377125
0.371347
0.415446
0.41567
0.41606
0.416548
0.417045
0.417485
0.417775
0.417845
0.417604
0.416987
0.415913
0.414333
0.41219
0.40946
0.406127
0.402198
0.397701
0.392686
0.387229
0.381451
0.375583
0.416538
0.416812
0.417295
0.417914
0.418576
0.419212
0.419725
0.420043
0.420067
0.419731
0.418941
0.417646
0.415775
0.413301
0.410189
0.406443
0.402079
0.397141
0.3917
0.385885
0.379928
0.417586
0.417908
0.418482
0.41923
0.420054
0.420885
0.421619
0.422186
0.422477
0.422426
0.421927
0.420929
0.419344
0.417143
0.414272
0.410731
0.406521
0.40168
0.396271
0.390425
0.38438
0.418588
0.418959
0.419621
0.420495
0.421479
0.422502
0.423456
0.42427
0.42483
0.425068
0.424868
0.424176
0.42289
0.420979
0.418368
0.415057
0.411022
0.406299
0.400938
0.395068
0.388936
0.419547
0.419964
0.420713
0.421711
0.422851
0.424062
0.425235
0.426295
0.427125
0.427654
0.427757
0.427381
0.426405
0.4248
0.422468
0.419411
0.415575
0.410994
0.4057
0.399812
0.393593
0.420462
0.420925
0.421759
0.422876
0.424171
0.425567
0.426954
0.428259
0.429357
0.430179
0.43059
0.430536
0.429881
0.4286
0.426566
0.423787
0.420174
0.415764
0.410558
0.404658
0.398349
0.421335
0.421842
0.422759
0.423994
0.425437
0.427015
0.428614
0.43016
0.431526
0.432641
0.433362
0.433637
0.433314
0.43237
0.430651
0.428178
0.424812
0.420608
0.415512
0.409614
0.403213
0.422168
0.422718
0.423715
0.425063
0.426652
0.428407
0.430213
0.431998
0.433629
0.435036
0.43607
0.436679
0.436695
0.436103
0.434717
0.432575
0.429484
0.425525
0.420562
0.414693
0.408201
0.422961
0.423553
0.424627
0.426085
0.427816
0.429744
0.431754
0.433772
0.435666
0.437365
0.438713
0.439658
0.440022
0.439792
0.438756
0.43697
0.434178
0.430508
0.425696
0.419887
0.413297
0.423715
0.424348
0.425497
0.427062
0.428931
0.431027
0.433236
0.435485
0.437638
0.439626
0.441288
0.442572
0.443288
0.443427
0.442753
0.44134
0.43887
0.435532
0.430885
0.425158
0.418338
0.424432
0.425105
0.426326
0.427995
0.429997
0.432257
0.43466
0.437133
0.439541
0.441813
0.443784
0.445404
0.446474
0.446985
0.446683
0.445657
0.443535
0.440579
0.436152
0.430634
0.423182
0.425113
0.425823
0.427114
0.428881
0.431011
0.433427
0.436014
0.438702
0.441353
0.443898
0.446173
0.448126
0.449553
0.450454
0.450556
0.449974
0.448285
0.445856
0.44184
0.437087
0.428922
0.300153
0.298008
0.295822
0.293609
0.291371
0.289107
0.286817
0.284502
0.282161
0.279798
0.277411
0.275003
0.272574
0.270126
0.267658
0.265173
0.262672
0.260154
0.257622
0.255076
0.252518
0.249949
0.247371
0.244785
0.242195
0.239592
0.236976
0.234351
0.300382
0.298243
0.296062
0.293854
0.291623
0.289366
0.287082
0.284771
0.282433
0.280071
0.277684
0.275274
0.272842
0.270389
0.267915
0.265421
0.26291
0.260381
0.257836
0.255276
0.252703
0.250116
0.247518
0.244908
0.242288
0.239657
0.237018
0.234373
0.30083
0.298689
0.296499
0.294281
0.292041
0.289774
0.287479
0.285156
0.282804
0.280427
0.278024
0.275597
0.273147
0.270674
0.26818
0.265666
0.263133
0.260581
0.258013
0.255429
0.252831
0.250219
0.247595
0.244963
0.242324
0.239674
0.237012
0.234342
0.301475
0.299321
0.297109
0.29487
0.29261
0.290326
0.288012
0.285668
0.283295
0.280896
0.27847
0.27602
0.273546
0.271048
0.268529
0.265988
0.263428
0.260849
0.258253
0.255641
0.253014
0.250373
0.247721
0.245058
0.242386
0.239702
0.237008
0.234306
0.302302
0.300127
0.297882
0.295611
0.293323
0.291012
0.288671
0.286298
0.283895
0.281465
0.279008
0.276526
0.274019
0.271489
0.268935
0.266361
0.263766
0.261152
0.25852
0.255871
0.253207
0.25053
0.24784
0.245139
0.242433
0.239713
0.236982
0.234243
0.3033
0.301096
0.298807
0.296494
0.294169
0.291823
0.289446
0.287036
0.284595
0.282126
0.279631
0.277109
0.274563
0.271992
0.269398
0.266783
0.264146
0.261491
0.258817
0.256127
0.253421
0.2507
0.247968
0.245225
0.242478
0.239716
0.236942
0.234161
0.304459
0.302217
0.299873
0.297508
0.295139
0.29275
0.290329
0.287875
0.285388
0.282873
0.280332
0.277764
0.275171
0.272553
0.269912
0.26725
0.264566
0.261863
0.259142
0.256404
0.25365
0.250883
0.248103
0.245314
0.242514
0.239703
0.236882
0.234054
0.30577
0.303483
0.301074
0.298649
0.296226
0.293787
0.291315
0.288808
0.286269
0.283701
0.281106
0.278485
0.275839
0.273168
0.270474
0.267757
0.26502
0.262264
0.259489
0.256698
0.253892
0.251072
0.24824
0.245397
0.242541
0.239675
0.236802
0.233924
0.307227
0.304888
0.302404
0.299908
0.297424
0.294928
0.292399
0.289832
0.287233
0.284604
0.28195
0.279269
0.276563
0.273832
0.271078
0.268302
0.265506
0.26269
0.259856
0.257006
0.254141
0.251262
0.248372
0.24547
0.242557
0.239634
0.236704
0.233769
0.308825
0.306426
0.303856
0.301281
0.298729
0.296169
0.293575
0.290941
0.288274
0.285579
0.282858
0.280111
0.277339
0.274542
0.271722
0.268881
0.266019
0.263139
0.26024
0.257326
0.254397
0.251454
0.248501
0.245537
0.242561
0.239576
0.236584
0.233588
0.310559
0.308092
0.305428
0.302764
0.300137
0.297506
0.29484
0.292132
0.289391
0.286622
0.283828
0.281008
0.278163
0.275295
0.272403
0.269491
0.266558
0.263607
0.260639
0.257655
0.254656
0.251645
0.248624
0.245593
0.24255
0.239498
0.23644
0.233378
0.312426
0.309885
0.307114
0.304354
0.301644
0.298936
0.29619
0.293402
0.290579
0.28773
0.284856
0.281957
0.279034
0.276087
0.273118
0.270129
0.26712
0.264093
0.261049
0.25799
0.254918
0.251833
0.248739
0.245636
0.242521
0.239397
0.236269
0.233137
0.314423
0.311799
0.308913
0.306047
0.303248
0.300456
0.297624
0.294747
0.291836
0.2889
0.28594
0.282956
0.279948
0.276918
0.273865
0.270793
0.267701
0.264593
0.261469
0.25833
0.255178
0.252015
0.248843
0.245664
0.242472
0.239273
0.23607
0.232864
0.316547
0.313835
0.310822
0.307841
0.304946
0.302063
0.299139
0.296167
0.29316
0.29013
0.287078
0.284003
0.280904
0.277783
0.274641
0.27148
0.268301
0.265106
0.261896
0.258672
0.255436
0.25219
0.248935
0.245675
0.242403
0.239123
0.23584
0.232556
0.318797
0.315989
0.312839
0.309736
0.306738
0.303757
0.300733
0.297658
0.294549
0.291419
0.288268
0.285094
0.281899
0.278681
0.275444
0.272189
0.268917
0.265629
0.262328
0.259013
0.255688
0.252354
0.249013
0.245667
0.242309
0.238945
0.235578
0.232212
0.321173
0.318261
0.314963
0.311728
0.308621
0.305536
0.302404
0.299219
0.296001
0.292764
0.289507
0.28623
0.282931
0.279611
0.276273
0.272917
0.269547
0.266161
0.262763
0.259353
0.255934
0.252507
0.249074
0.245637
0.24219
0.238737
0.235282
0.231829
0.323672
0.320651
0.317193
0.313818
0.310594
0.3074
0.304152
0.300849
0.297515
0.294164
0.290796
0.287408
0.283999
0.28057
0.277125
0.273664
0.270188
0.2667
0.2632
0.259689
0.256171
0.252646
0.249116
0.245585
0.242044
0.238497
0.23495
0.231406
0.326296
0.323156
0.319528
0.316005
0.312659
0.309346
0.305976
0.302548
0.29909
0.295618
0.292132
0.288626
0.285101
0.281558
0.278
0.274427
0.270841
0.267244
0.263636
0.26002
0.256397
0.252769
0.249139
0.245509
0.241868
0.238224
0.23458
0.230942
0.329043
0.325778
0.321969
0.318288
0.314813
0.311376
0.307875
0.304314
0.300725
0.297126
0.293515
0.289885
0.286238
0.282573
0.278895
0.275205
0.271503
0.267791
0.26407
0.260343
0.25661
0.252875
0.249139
0.245405
0.241662
0.237915
0.234171
0.230433
0.331913
0.328515
0.324513
0.320667
0.317057
0.313488
0.309849
0.306146
0.30242
0.298687
0.294943
0.291183
0.287406
0.283615
0.279811
0.275997
0.272173
0.268341
0.264502
0.260657
0.25681
0.252962
0.249115
0.245274
0.241423
0.23757
0.233721
0.22988
0.334907
0.331368
0.327162
0.323143
0.319391
0.315683
0.311896
0.308045
0.304174
0.3003
0.296417
0.29252
0.288607
0.284681
0.280746
0.276801
0.27285
0.268891
0.264928
0.260962
0.256994
0.253028
0.249065
0.245113
0.241151
0.237185
0.233227
0.22928
0.338024
0.334336
0.329915
0.325715
0.321816
0.317961
0.314018
0.31001
0.305987
0.301965
0.297936
0.293894
0.289838
0.285772
0.281698
0.277618
0.273532
0.269442
0.265349
0.261255
0.257161
0.253071
0.248989
0.244921
0.240842
0.236761
0.232689
0.228631
0.341265
0.337419
0.332772
0.328384
0.324331
0.320321
0.316214
0.312041
0.307859
0.303682
0.2995
0.295306
0.2911
0.286887
0.282669
0.278446
0.27422
0.269992
0.265763
0.261535
0.25731
0.253092
0.248883
0.244696
0.240496
0.236294
0.232105
0.227932
0.344628
0.340617
0.335733
0.33115
0.326937
0.322764
0.318484
0.314138
0.309789
0.30545
0.301108
0.296754
0.292392
0.288025
0.283656
0.279284
0.274912
0.27054
0.266169
0.261803
0.257441
0.253087
0.248748
0.244438
0.240112
0.235784
0.231473
0.227182
0.348115
0.34393
0.338797
0.334014
0.329635
0.325291
0.320827
0.316301
0.311779
0.30727
0.30276
0.29824
0.293714
0.289186
0.284659
0.280132
0.275607
0.271085
0.266568
0.262057
0.257552
0.253057
0.248576
0.244141
0.239684
0.235228
0.230792
0.226379
0.351723
0.347355
0.341964
0.336975
0.332424
0.327899
0.323245
0.31853
0.313827
0.309142
0.304456
0.299762
0.295065
0.29037
0.285677
0.280989
0.276305
0.271628
0.266959
0.262299
0.25765
0.253011
0.248386
0.243795
0.2392
0.234618
0.230059
0.225522
0.355453
0.350892
0.345233
0.340033
0.335305
0.330591
0.325736
0.320825
0.315935
0.311066
0.306196
0.301321
0.296446
0.291575
0.286711
0.281854
0.277005
0.272165
0.267338
0.262526
0.257732
0.25296
0.248211
0.243417
0.238668
0.233959
0.229274
0.224611
0.359302
0.354539
0.348604
0.34319
0.338279
0.333366
0.3283
0.323187
0.318103
0.313042
0.30798
0.302916
0.297855
0.292803
0.28776
0.282726
0.277705
0.272697
0.267705
0.26273
0.257776
0.252843
0.247928
0.242998
0.238108
0.23326
0.22844
0.223644
0.363269
0.358294
0.352074
0.346444
0.341344
0.336222
0.330938
0.325616
0.320331
0.315069
0.309809
0.304547
0.299294
0.294052
0.288823
0.283607
0.278405
0.273221
0.268057
0.262913
0.257794
0.252699
0.247632
0.242552
0.237512
0.232516
0.227554
0.222621
0.367351
0.362152
0.355643
0.349795
0.344501
0.33916
0.333649
0.328111
0.322619
0.31715
0.311681
0.306216
0.300762
0.295324
0.2899
0.284494
0.279106
0.273739
0.268395
0.263077
0.257787
0.252526
0.247298
0.242064
0.236869
0.231722
0.226615
0.221541
0.371544
0.366111
0.359307
0.353243
0.347749
0.342179
0.336433
0.330674
0.324967
0.319282
0.313598
0.307921
0.30226
0.296617
0.290993
0.285388
0.279807
0.27425
0.268721
0.263221
0.257753
0.252321
0.246927
0.241532
0.23618
0.230878
0.225621
0.220404
0.375845
0.370165
0.363063
0.356787
0.351087
0.345277
0.339289
0.333304
0.327376
0.321467
0.31556
0.309664
0.303788
0.297933
0.2921
0.28629
0.280508
0.274754
0.269032
0.263344
0.257694
0.252083
0.24652
0.240959
0.235443
0.229983
0.224573
0.219209
0.380246
0.374306
0.366908
0.360425
0.354513
0.348452
0.342216
0.336001
0.329845
0.323704
0.317567
0.311444
0.305346
0.299271
0.293221
0.2872
0.281209
0.275251
0.26933
0.263447
0.257607
0.251813
0.246074
0.240342
0.234658
0.229035
0.223469
0.217954
0.384742
0.378524
0.370837
0.364158
0.358026
0.351702
0.345214
0.338766
0.332375
0.325994
0.319618
0.313263
0.306934
0.300632
0.294358
0.288117
0.28191
0.275741
0.269613
0.263528
0.257492
0.251509
0.245591
0.239681
0.233823
0.228034
0.222309
0.21664
0.389321
0.382807
0.374845
0.367982
0.361622
0.355024
0.348282
0.341598
0.334964
0.328335
0.321715
0.315119
0.308553
0.302015
0.29551
0.289042
0.282612
0.276225
0.269883
0.263589
0.25735
0.25117
0.245068
0.238976
0.232939
0.22698
0.221091
0.215266
0.393968
0.387136
0.378925
0.371898
0.365296
0.358415
0.35142
0.344497
0.337612
0.330728
0.323857
0.317015
0.310202
0.303422
0.296678
0.289975
0.283315
0.276702
0.270139
0.263629
0.257179
0.250796
0.244506
0.238225
0.232005
0.225871
0.219816
0.213832
0.398662
0.39149
0.383072
0.375902
0.369042
0.361871
0.354629
0.347462
0.340318
0.333173
0.326046
0.318948
0.311883
0.304852
0.297862
0.290916
0.284019
0.277173
0.270383
0.263649
0.256981
0.250387
0.243905
0.237427
0.231019
0.224708
0.218483
0.212337
0.403377
0.395839
0.387281
0.379987
0.372849
0.365391
0.357907
0.350491
0.343081
0.33567
0.32828
0.320921
0.313594
0.306306
0.299062
0.291867
0.284725
0.277639
0.270614
0.263651
0.256756
0.249943
0.243263
0.236581
0.22998
0.223489
0.217091
0.210779
0.408072
0.400161
0.391555
0.384143
0.376706
0.368973
0.361253
0.35358
0.345898
0.338217
0.330558
0.322929
0.315334
0.30778
0.300274
0.29282
0.285425
0.278093
0.270827
0.263629
0.256501
0.249448
0.242563
0.235674
0.228883
0.222209
0.215635
0.209156
0.412644
0.404423
0.395897
0.388355
0.380604
0.372616
0.364662
0.356725
0.348769
0.340815
0.332881
0.324976
0.317106
0.309279
0.301504
0.293786
0.286131
0.278545
0.271031
0.263592
0.256234
0.248961
0.241806
0.234714
0.227743
0.220887
0.214131
0.207478
0.416861
0.408557
0.400317
0.392637
0.384597
0.376384
0.368195
0.359994
0.351769
0.343544
0.335335
0.327151
0.319004
0.310901
0.302851
0.294863
0.286941
0.279093
0.271324
0.263639
0.256044
0.248559
0.241067
0.23376
0.226607
0.21956
0.212613
0.205773
0.420288
0.412249
0.404471
0.396685
0.38845
0.38005
0.371626
0.363163
0.354667
0.346162
0.337667
0.329196
0.320762
0.312375
0.304046
0.295783
0.287595
0.27949
0.271476
0.263565
0.255767
0.248061
0.240215
0.232659
0.225311
0.218085
0.210967
0.203966
0.231721
0.229088
0.226453
0.223817
0.221179
0.21854
0.215902
0.213265
0.210629
0.207996
0.205365
0.231723
0.229069
0.226412
0.223753
0.221092
0.218431
0.21577
0.213111
0.210453
0.207799
0.205149
0.231667
0.228987
0.226305
0.223622
0.220937
0.218252
0.215568
0.212887
0.210208
0.207534
0.204864
0.231599
0.228888
0.226176
0.223461
0.220746
0.218031
0.215318
0.212608
0.209902
0.2072
0.204503
0.231499
0.228752
0.226003
0.223253
0.220502
0.217753
0.215006
0.212262
0.209522
0.206788
0.204061
0.231375
0.228586
0.225796
0.223005
0.220215
0.217426
0.214639
0.211857
0.20908
0.206309
0.203546
0.231222
0.228388
0.225552
0.222715
0.21988
0.217047
0.214217
0.211392
0.208573
0.205761
0.202957
0.231041
0.228156
0.225269
0.222383
0.219498
0.216616
0.213739
0.210866
0.208001
0.205143
0.202295
0.23083
0.22789
0.224948
0.222008
0.21907
0.216135
0.213205
0.210281
0.207365
0.204458
0.20156
0.230589
0.227588
0.224588
0.221589
0.218592
0.215601
0.212614
0.209635
0.206664
0.203703
0.200753
0.230314
0.227249
0.224185
0.221124
0.218065
0.215012
0.211966
0.208927
0.205898
0.202879
0.199872
0.230004
0.226871
0.22374
0.220611
0.217487
0.214369
0.211258
0.208156
0.205065
0.201984
0.198917
0.229657
0.226452
0.223249
0.22005
0.216856
0.213669
0.21049
0.207322
0.204164
0.201018
0.197887
0.229272
0.22599
0.222712
0.219438
0.216171
0.212911
0.209661
0.206421
0.203194
0.19998
0.196781
0.228846
0.225484
0.222126
0.218774
0.21543
0.212094
0.208768
0.205455
0.202154
0.198868
0.195599
0.228378
0.224932
0.221491
0.218057
0.214631
0.211215
0.207811
0.20442
0.201043
0.197682
0.194339
0.227866
0.224332
0.220803
0.217284
0.213774
0.210275
0.206789
0.203317
0.19986
0.196421
0.193
0.227308
0.223682
0.220063
0.216454
0.212856
0.20927
0.205699
0.202143
0.198604
0.195083
0.191583
0.226703
0.22298
0.219268
0.215566
0.211876
0.208201
0.204541
0.200898
0.197274
0.193669
0.190086
0.226048
0.222227
0.218416
0.214618
0.210834
0.207066
0.203315
0.199582
0.195869
0.192178
0.188509
0.225343
0.221418
0.217507
0.213609
0.209727
0.205863
0.202018
0.198193
0.194389
0.190609
0.186852
0.224586
0.220555
0.216538
0.212538
0.208556
0.204593
0.20065
0.19673
0.192833
0.188961
0.185115
0.223775
0.219634
0.215509
0.211403
0.207318
0.203253
0.199212
0.195194
0.191202
0.187236
0.183299
0.222909
0.218655
0.214419
0.210205
0.206013
0.201844
0.197701
0.193584
0.189494
0.185433
0.181403
0.221988
0.217616
0.213267
0.208941
0.20464
0.200365
0.196118
0.191899
0.18771
0.183553
0.179428
0.221008
0.216517
0.212051
0.207611
0.203199
0.198815
0.194462
0.19014
0.185851
0.181596
0.177375
0.21997
0.215356
0.210771
0.206215
0.201689
0.197195
0.192734
0.188308
0.183917
0.179562
0.175245
0.218874
0.214135
0.209427
0.204751
0.20011
0.195504
0.190934
0.186402
0.181908
0.177454
0.17304
0.217719
0.212851
0.208018
0.203221
0.198462
0.193742
0.189062
0.184423
0.179826
0.175272
0.170762
0.216504
0.211504
0.206543
0.201623
0.196745
0.19191
0.187118
0.182372
0.177671
0.173017
0.168411
0.215228
0.210093
0.205003
0.199958
0.194959
0.190007
0.185104
0.18025
0.175445
0.170692
0.16599
0.21389
0.208619
0.203397
0.198224
0.193104
0.188035
0.183019
0.178057
0.17315
0.168297
0.163501
0.212491
0.20708
0.201724
0.196424
0.19118
0.185994
0.180865
0.175796
0.170786
0.165836
0.160947
0.211029
0.205477
0.199986
0.194556
0.189188
0.183884
0.178643
0.173467
0.168356
0.163309
0.158329
0.209505
0.203809
0.198181
0.19262
0.187128
0.181706
0.176353
0.171071
0.16586
0.160719
0.15565
0.207918
0.202077
0.19631
0.190618
0.185001
0.179461
0.173997
0.16861
0.1633
0.158067
0.15291
0.206268
0.20028
0.194374
0.18855
0.182809
0.177152
0.171578
0.166088
0.160682
0.155359
0.204554
0.198419
0.192373
0.186418
0.180554
0.174783
0.169102
0.163514
0.158018
0.152614
0.202773
0.196489
0.190304
0.184219
0.178234
0.17235
0.166567
0.160884
0.155302
0.14982
0.200931
0.194492
0.18816
0.181936
0.175821
0.169816
0.16392
0.158132
0.152453
0.146881
0.199046
0.192434
0.185938
0.179558
0.173295
0.167148
0.161119
0.155206
0.149409
0.143725
0.19709
0.190339
0.183713
0.177214
0.170843
0.164599
0.158482
0.152491
0.146625
0.140883
)
;

boundaryField
{
    inlet
    {
        type            zeroGradient;
    }
    outlet
    {
        type            fixedValue;
        value           nonuniform 0();
    }
    cylinder
    {
        type            zeroGradient;
    }
    top
    {
        type            symmetryPlane;
    }
    bottom
    {
        type            symmetryPlane;
    }
    defaultFaces
    {
        type            empty;
    }
    procBoundary0to1
    {
        type            processor;
        value           nonuniform List<scalar> 
163
(
0.0234355
0.0223044
0.0210363
0.0197104
0.0183127
0.0183127
0.0193163
0.0180567
0.0166993
0.0152277
0.0152277
0.0180501
0.016742
0.016742
0.0200181
0.0188317
0.0175091
0.0175091
0.0219311
0.0209692
0.0209692
0.0276136
0.0276136
0.0372299
0.0386238
0.0386238
0.0522194
0.0522194
0.0671197
0.0671197
0.0824167
0.0824167
0.0972357
0.0972357
0.111823
0.111823
0.124903
0.124903
0.124931
0.135261
0.101991
0.124931
0.111857
0.101991
0.086683
0.086683
0.0824625
0.0671714
0.0671714
0.052276
0.052276
0.0386836
0.0386836
0.0372912
0.0276757
0.0276757
0.02103
0.02103
0.0219925
0.0175676
0.0175676
0.0188905
0.0153411
0.0153411
0.0167983
0.0181065
0.0152824
0.0152824
0.0167539
0.0181111
0.0168842
0.0168842
0.018365
0.019762
0.0210869
0.0223542
0.0234851
0.129735
0.132674
0.136037
0.139135
0.14206
0.144949
0.147816
0.150638
0.153403
0.156108
0.158752
0.161333
0.163847
0.166292
0.168666
0.170966
0.17319
0.175337
0.177405
0.179394
0.181301
0.183127
0.184871
0.186532
0.188111
0.189608
0.191023
0.192357
0.19361
0.194783
0.195877
0.196892
0.197829
0.198689
0.199471
0.200177
0.200806
0.201356
0.201829
0.202216
0.202216
0.19988
0.200132
0.202738
0.202504
0.2022
0.201814
0.201341
0.200791
0.200162
0.199457
0.198674
0.197815
0.196879
0.195864
0.194771
0.193599
0.192346
0.191013
0.189599
0.188103
0.186524
0.184864
0.183121
0.181296
0.17939
0.177403
0.175336
0.17319
0.170967
0.168668
0.166296
0.163853
0.16134
0.158761
0.156118
0.153414
0.150651
0.147831
0.150121
0.150121
0.1473
0.144438
0.141417
0.138155
0.135261
)
;
    }
}


// ************************************************************************* //
