/*--------------------------------*- C++ -*----------------------------------*\
  =========                 |
  \\      /  F ield         | OpenFOAM: The Open Source CFD Toolbox
   \\    /   O peration     | Website:  https://openfoam.org
    \\  /    A nd           | Version:  7
     \\/     M anipulation  |
\*---------------------------------------------------------------------------*/
FoamFile
{
    version     2.0;
    format      ascii;
    class       volScalarField;
    location    "10";
    object      p;
}
// * * * * * * * * * * * * * * * * * * * * * * * * * * * * * * * * * * * * * //

dimensions      [0 2 -2 0 0 0 0];

internalField   nonuniform List<scalar> 
8330
(
-0.302128
-0.306683
-0.307912
-0.310274
-0.312757
-0.315903
-0.319605
-0.323925
-0.328883
-0.334466
-0.340765
-0.347569
-0.355424
-0.362604
-0.302335
-0.306837
-0.30806
-0.31041
-0.312887
-0.316027
-0.319725
-0.324041
-0.329
-0.33458
-0.340896
-0.347678
-0.355616
-0.362601
-0.302744
-0.307142
-0.308351
-0.310677
-0.313141
-0.316269
-0.319958
-0.324265
-0.329223
-0.334794
-0.341145
-0.347873
-0.355986
-0.362574
-0.303347
-0.307591
-0.308778
-0.311067
-0.313509
-0.316616
-0.320288
-0.324579
-0.329531
-0.335081
-0.341484
-0.348103
-0.356505
-0.362479
-0.30413
-0.308174
-0.30933
-0.311567
-0.313977
-0.317051
-0.320695
-0.324957
-0.329897
-0.335404
-0.341879
-0.3483
-0.357132
-0.362259
-0.305075
-0.308877
-0.309992
-0.312161
-0.314525
-0.317552
-0.321154
-0.325369
-0.330284
-0.335715
-0.342289
-0.348385
-0.357815
-0.361848
-0.306162
-0.309688
-0.310749
-0.312831
-0.315132
-0.318094
-0.321635
-0.325782
-0.330656
-0.335964
-0.342671
-0.348283
-0.358497
-0.361169
-0.307371
-0.310589
-0.311583
-0.313557
-0.315775
-0.31865
-0.322107
-0.326158
-0.330975
-0.336102
-0.342988
-0.347919
-0.359132
-0.36012
-0.308677
-0.311566
-0.312475
-0.314319
-0.316431
-0.319194
-0.322542
-0.326465
-0.331205
-0.336081
-0.343204
-0.347209
-0.359674
-0.358687
-0.310059
-0.312601
-0.313409
-0.315099
-0.317079
-0.319701
-0.322911
-0.326671
-0.331316
-0.33586
-0.343287
-0.346123
-0.359862
-0.357271
-0.311494
-0.31368
-0.314369
-0.315878
-0.317697
-0.320148
-0.323191
-0.326752
-0.331287
-0.335412
-0.343146
-0.345149
-0.35933
-0.355613
-0.312962
-0.31479
-0.315338
-0.316641
-0.31827
-0.320517
-0.323362
-0.326689
-0.331104
-0.334811
-0.342648
-0.343866
-0.358668
-0.353576
-0.314446
-0.315919
-0.316307
-0.317376
-0.318783
-0.320795
-0.323413
-0.326476
-0.330695
-0.334051
-0.341958
-0.342205
-0.357874
-0.351218
-0.31593
-0.317058
-0.317264
-0.318073
-0.319227
-0.320974
-0.323337
-0.326119
-0.330119
-0.333071
-0.341109
-0.340262
-0.356887
-0.348635
-0.317405
-0.3182
-0.318205
-0.318728
-0.3196
-0.321053
-0.323134
-0.325617
-0.329392
-0.331908
-0.340083
-0.338131
-0.355656
-0.345943
-0.318863
-0.319344
-0.319125
-0.319338
-0.319901
-0.321036
-0.322816
-0.324985
-0.328523
-0.330615
-0.338869
-0.335906
-0.354097
-0.343279
-0.320303
-0.320488
-0.320025
-0.319907
-0.320137
-0.320933
-0.322396
-0.324246
-0.32753
-0.32924
-0.337453
-0.333696
-0.352066
-0.340759
-0.321729
-0.321628
-0.320913
-0.320441
-0.320317
-0.320759
-0.321893
-0.32343
-0.326438
-0.327835
-0.335823
-0.331599
-0.349399
-0.338392
-0.323146
-0.322776
-0.321793
-0.320949
-0.320456
-0.320533
-0.321333
-0.322566
-0.325273
-0.326433
-0.333966
-0.329669
-0.345993
-0.336012
-0.324564
-0.323941
-0.322672
-0.321445
-0.320571
-0.320278
-0.320741
-0.321683
-0.324063
-0.325049
-0.331885
-0.327873
-0.341875
-0.333305
-0.325999
-0.325133
-0.323564
-0.321944
-0.320682
-0.320018
-0.320144
-0.320808
-0.322833
-0.323674
-0.329595
-0.326085
-0.337204
-0.329954
-0.326363
-0.324485
-0.322464
-0.320811
-0.31978
-0.31957
-0.31996
-0.321605
-0.322278
-0.327113
-0.324121
-0.332186
-0.325781
-0.327646
-0.32545
-0.323025
-0.320982
-0.319587
-0.319043
-0.319151
-0.320383
-0.320824
-0.324447
-0.321807
-0.326971
-0.320792
-0.329002
-0.326479
-0.323646
-0.321216
-0.319463
-0.318582
-0.318386
-0.31916
-0.31927
-0.321588
-0.319033
-0.321603
-0.315127
-0.330447
-0.327591
-0.324348
-0.321537
-0.319429
-0.318202
-0.317662
-0.317914
-0.317578
-0.318508
-0.315761
-0.316038
-0.308982
-0.328805
-0.325151
-0.321963
-0.319499
-0.317906
-0.316969
-0.316614
-0.315706
-0.315183
-0.312003
-0.310153
-0.302574
-0.330142
-0.326075
-0.322513
-0.319683
-0.317693
-0.316291
-0.315231
-0.313613
-0.311609
-0.307793
-0.303811
-0.296115
-0.331619
-0.327135
-0.3232
-0.319985
-0.317552
-0.315608
-0.31374
-0.311266
-0.307804
-0.30318
-0.297063
-0.289706
-0.333256
-0.328349
-0.324033
-0.320402
-0.31747
-0.314896
-0.312113
-0.308644
-0.30379
-0.298217
-0.290395
-0.283094
-0.329729
-0.325016
-0.320928
-0.317431
-0.314127
-0.310324
-0.305745
-0.299584
-0.292967
-0.284049
-0.27613
-0.331286
-0.326149
-0.321552
-0.317418
-0.313269
-0.308352
-0.302583
-0.295197
-0.287567
-0.277763
-0.269196
-0.327428
-0.322265
-0.31741
-0.312292
-0.306179
-0.299179
-0.290659
-0.282065
-0.271558
-0.262442
-0.328847
-0.323059
-0.31738
-0.311165
-0.303795
-0.295561
-0.285994
-0.276518
-0.265419
-0.255815
-0.330404
-0.323922
-0.317294
-0.309863
-0.301201
-0.291757
-0.281226
-0.270951
-0.259342
-0.249335
-0.324832
-0.317116
-0.308366
-0.298401
-0.287793
-0.276376
-0.265381
-0.253327
-0.242968
-0.325762
-0.316809
-0.306665
-0.295406
-0.28369
-0.271461
-0.259814
-0.247366
-0.2367
-0.316342
-0.304753
-0.292224
-0.279464
-0.266489
-0.254251
-0.241453
-0.230511
-0.302628
-0.288868
-0.275127
-0.261467
-0.248687
-0.235576
-0.224384
-0.30029
-0.285345
-0.270686
-0.256393
-0.243115
-0.229724
-0.218301
-0.281661
-0.266143
-0.251264
-0.237526
-0.223884
-0.212248
-0.261496
-0.246074
-0.231908
-0.218042
-0.206207
-0.240813
-0.22625
-0.212185
-0.200166
-0.220541
-0.206299
-0.194109
-0.200372
-0.188025
-0.1819
-0.181897
-0.214764
-0.200369
-0.188022
-0.23547
-0.220539
-0.206297
-0.194107
-0.240812
-0.226249
-0.212183
-0.200164
-0.261496
-0.246073
-0.231907
-0.218041
-0.206206
-0.281661
-0.266143
-0.251264
-0.237525
-0.223884
-0.212247
-0.300291
-0.285346
-0.270687
-0.256393
-0.243115
-0.229725
-0.218301
-0.30263
-0.28887
-0.275128
-0.261468
-0.248688
-0.235577
-0.224384
-0.316345
-0.304755
-0.292227
-0.279466
-0.266491
-0.254252
-0.241455
-0.230512
-0.325766
-0.316813
-0.306668
-0.295408
-0.283693
-0.271463
-0.259817
-0.247369
-0.236702
-0.324836
-0.31712
-0.30837
-0.298405
-0.287797
-0.27638
-0.265384
-0.25333
-0.242971
-0.330408
-0.323926
-0.317298
-0.309867
-0.301205
-0.291762
-0.28123
-0.270955
-0.259346
-0.249339
-0.328851
-0.323063
-0.317384
-0.311169
-0.3038
-0.295566
-0.285999
-0.276523
-0.265424
-0.25582
-0.333031
-0.327432
-0.322269
-0.317414
-0.312297
-0.306184
-0.299184
-0.290666
-0.282072
-0.271564
-0.262448
-0.33129
-0.326153
-0.321555
-0.317422
-0.313274
-0.308358
-0.302589
-0.295205
-0.287574
-0.277771
-0.269203
-0.329733
-0.325019
-0.320931
-0.317435
-0.314132
-0.310331
-0.305753
-0.299592
-0.292976
-0.284058
-0.276138
-0.333261
-0.328353
-0.324036
-0.320406
-0.317474
-0.314902
-0.31212
-0.308652
-0.3038
-0.298228
-0.290406
-0.283104
-0.331624
-0.32714
-0.323203
-0.319989
-0.317557
-0.315614
-0.313747
-0.311275
-0.307814
-0.303192
-0.297075
-0.289717
-0.330147
-0.326079
-0.322517
-0.319687
-0.317698
-0.316297
-0.315239
-0.313623
-0.311621
-0.307807
-0.303825
-0.296129
-0.332005
-0.32881
-0.325156
-0.321967
-0.319503
-0.317911
-0.316975
-0.316622
-0.315717
-0.315196
-0.312018
-0.310169
-0.30259
-0.330453
-0.327596
-0.324352
-0.321541
-0.319433
-0.318207
-0.317668
-0.317923
-0.31759
-0.318522
-0.315778
-0.316055
-0.309
-0.329007
-0.326484
-0.32365
-0.32122
-0.319468
-0.318588
-0.318393
-0.31917
-0.319283
-0.321603
-0.319051
-0.321622
-0.315147
-0.327652
-0.325455
-0.32303
-0.320986
-0.319592
-0.319049
-0.319159
-0.320393
-0.320837
-0.324464
-0.321826
-0.326991
-0.320814
-0.326369
-0.32449
-0.322469
-0.320816
-0.319785
-0.319576
-0.319968
-0.321615
-0.322292
-0.32713
-0.324141
-0.332208
-0.325805
-0.326005
-0.325139
-0.323569
-0.321949
-0.320686
-0.320023
-0.320151
-0.320816
-0.322844
-0.323688
-0.329612
-0.326106
-0.337227
-0.329981
-0.32457
-0.323947
-0.322677
-0.32145
-0.320576
-0.320283
-0.320748
-0.321692
-0.324074
-0.325064
-0.331903
-0.327895
-0.3419
-0.333333
-0.323153
-0.322781
-0.321798
-0.320954
-0.320461
-0.320539
-0.32134
-0.322575
-0.325285
-0.326448
-0.333985
-0.329691
-0.346019
-0.336041
-0.321736
-0.321634
-0.320919
-0.320446
-0.320322
-0.320765
-0.321901
-0.323439
-0.32645
-0.32785
-0.335842
-0.331622
-0.349426
-0.338422
-0.32031
-0.320494
-0.32003
-0.319912
-0.320142
-0.320939
-0.322403
-0.324256
-0.327543
-0.329256
-0.337473
-0.333719
-0.352093
-0.34079
-0.31887
-0.319349
-0.31913
-0.319343
-0.319907
-0.321043
-0.322824
-0.324995
-0.328536
-0.330631
-0.338889
-0.33593
-0.354125
-0.34331
-0.317411
-0.318206
-0.31821
-0.318733
-0.319606
-0.32106
-0.323142
-0.325627
-0.329405
-0.331924
-0.340103
-0.338154
-0.355685
-0.345974
-0.315936
-0.317063
-0.317269
-0.318078
-0.319233
-0.320981
-0.323345
-0.32613
-0.330132
-0.333087
-0.341129
-0.340285
-0.356916
-0.348666
-0.314452
-0.315924
-0.316312
-0.317381
-0.318788
-0.320801
-0.323421
-0.326486
-0.330708
-0.334067
-0.341978
-0.342228
-0.357902
-0.351249
-0.312968
-0.314795
-0.315343
-0.316646
-0.318275
-0.320523
-0.32337
-0.326699
-0.331116
-0.334826
-0.342667
-0.343888
-0.358695
-0.353607
-0.311499
-0.313685
-0.314373
-0.315883
-0.317703
-0.320154
-0.323198
-0.326761
-0.331299
-0.335426
-0.343165
-0.345171
-0.359357
-0.355643
-0.310064
-0.312606
-0.313414
-0.315103
-0.317084
-0.319707
-0.322918
-0.32668
-0.331327
-0.335874
-0.343305
-0.346143
-0.359888
-0.3573
-0.308682
-0.31157
-0.312479
-0.314323
-0.316436
-0.3192
-0.322549
-0.326473
-0.331215
-0.336095
-0.343221
-0.347228
-0.359698
-0.358714
-0.307375
-0.310593
-0.311586
-0.31356
-0.315779
-0.318655
-0.322114
-0.326166
-0.330985
-0.336114
-0.343003
-0.347937
-0.359155
-0.360145
-0.306166
-0.309691
-0.310752
-0.312834
-0.315135
-0.318099
-0.32164
-0.325789
-0.330665
-0.335975
-0.342685
-0.348299
-0.358517
-0.361191
-0.305078
-0.30888
-0.309995
-0.312164
-0.314528
-0.317556
-0.321159
-0.325376
-0.330292
-0.335724
-0.342301
-0.3484
-0.357832
-0.361868
-0.304132
-0.308176
-0.309332
-0.311569
-0.313979
-0.317055
-0.320699
-0.324962
-0.329903
-0.335412
-0.341889
-0.348312
-0.357147
-0.362276
-0.303349
-0.307593
-0.30878
-0.311069
-0.313511
-0.316619
-0.320291
-0.324583
-0.329537
-0.335088
-0.341492
-0.348113
-0.356517
-0.362492
-0.302746
-0.307144
-0.308353
-0.310679
-0.313142
-0.316271
-0.31996
-0.324268
-0.329226
-0.334799
-0.341151
-0.34788
-0.355995
-0.362584
-0.302336
-0.306838
-0.308061
-0.310411
-0.312888
-0.316028
-0.319726
-0.324043
-0.329002
-0.334583
-0.3409
-0.347683
-0.355621
-0.362607
-0.302128
-0.306683
-0.307913
-0.310275
-0.312757
-0.315903
-0.319606
-0.323926
-0.328884
-0.334467
-0.340767
-0.34757
-0.355426
-0.362606
-0.368346
-0.370806
-0.373273
-0.375743
-0.378192
-0.380588
-0.3829
-0.385086
-0.387101
-0.388891
-0.390396
-0.391545
-0.392263
-0.392461
-0.392042
-0.390895
-0.388892
-0.385903
-0.38184
-0.376544
-0.369876
-0.361694
-0.351866
-0.340267
-0.326795
-0.311374
-0.293966
-0.274586
-0.25331
-0.230291
-0.205767
-0.180075
-0.153639
-0.127013
-0.100797
-0.075596
-0.0525523
-0.0309017
-0.0154503
0.00231123
0.00165665
0.0200075
-0.368657
-0.371136
-0.373614
-0.376104
-0.378573
-0.380992
-0.383327
-0.385537
-0.387578
-0.389395
-0.390927
-0.392105
-0.392852
-0.393081
-0.392694
-0.391578
-0.389608
-0.386658
-0.382624
-0.377359
-0.37072
-0.362567
-0.352765
-0.34119
-0.327739
-0.312333
-0.294934
-0.275558
-0.254279
-0.231249
-0.206706
-0.180989
-0.154518
-0.127854
-0.1016
-0.0763503
-0.053244
-0.0316136
-0.0160482
0.00166475
0.00125423
0.0194357
-0.369226
-0.371744
-0.374243
-0.376769
-0.379279
-0.38174
-0.38412
-0.386378
-0.388468
-0.390337
-0.391923
-0.393157
-0.393961
-0.394249
-0.393923
-0.392869
-0.390962
-0.388083
-0.384111
-0.378907
-0.372328
-0.364231
-0.354482
-0.342954
-0.329543
-0.314169
-0.296791
-0.277424
-0.256142
-0.233093
-0.208516
-0.182754
-0.156216
-0.129486
-0.103163
-0.0778117
-0.0546139
-0.0329705
-0.0172214
0.000419891
0.000484552
0.01834
-0.369957
-0.372534
-0.375056
-0.377632
-0.380198
-0.38272
-0.385163
-0.387488
-0.389649
-0.391593
-0.393256
-0.39457
-0.395457
-0.395831
-0.395593
-0.394629
-0.392812
-0.390033
-0.386153
-0.38104
-0.374549
-0.366537
-0.356866
-0.34541
-0.332061
-0.316737
-0.299393
-0.280045
-0.258764
-0.235696
-0.211077
-0.185259
-0.158634
-0.131817
-0.105411
-0.0798988
-0.0565969
-0.0348986
-0.0189225
-0.00134452
-0.000592428
0.0168062
-0.370725
-0.37338
-0.375922
-0.378553
-0.381189
-0.383784
-0.386306
-0.388715
-0.390964
-0.393
-0.394761
-0.396176
-0.397168
-0.397649
-0.397524
-0.396676
-0.394976
-0.39232
-0.388559
-0.383564
-0.377188
-0.369288
-0.359722
-0.348363
-0.3351
-0.319848
-0.302554
-0.283241
-0.261971
-0.238893
-0.214235
-0.18837
-0.161628
-0.134718
-0.108158
-0.0825773
-0.0591102
-0.0373137
-0.0210788
-0.00353496
-0.001905
0.014945
-0.371406
-0.374153
-0.376701
-0.379386
-0.382097
-0.384774
-0.387383
-0.389887
-0.392237
-0.39438
-0.396254
-0.397788
-0.398903
-0.39951
-0.399516
-0.398802
-0.397238
-0.39473
-0.391117
-0.386267
-0.380033
-0.372269
-0.362835
-0.351598
-0.338445
-0.323291
-0.306071
-0.286813
-0.265573
-0.242503
-0.217817
-0.191943
-0.165008
-0.138043
-0.111371
-0.0856732
-0.0620459
-0.040122
-0.023601
-0.00605553
-0.00338338
0.0128752
-0.371895
-0.374728
-0.377263
-0.379992
-0.382777
-0.385536
-0.388238
-0.390842
-0.393302
-0.395561
-0.397559
-0.399224
-0.400476
-0.401226
-0.401378
-0.400814
-0.399387
-0.397066
-0.393624
-0.38894
-0.382872
-0.37527
-0.365993
-0.354904
-0.341888
-0.326866
-0.309733
-0.290565
-0.269384
-0.246332
-0.221605
-0.195668
-0.168772
-0.141679
-0.114893
-0.0890761
-0.0652954
-0.0432271
-0.0263937
-0.00881429
-0.00496809
0.010709
-0.37219
-0.375007
-0.377501
-0.380263
-0.383111
-0.385948
-0.388738
-0.391444
-0.394015
-0.396395
-0.398523
-0.400327
-0.401726
-0.40263
-0.402942
-0.402555
-0.401361
-0.399164
-0.395897
-0.391397
-0.385515
-0.378099
-0.369004
-0.358092
-0.345247
-0.330402
-0.313303
-0.294276
-0.273178
-0.250186
-0.225511
-0.199545
-0.17264
-0.145472
-0.118596
-0.0926746
-0.0687508
-0.0465342
-0.029363
-0.0117258
-0.00661212
0.00854089
-0.372499
-0.374938
-0.377365
-0.380137
-0.383025
-0.385923
-0.388792
-0.391593
-0.394272
-0.396774
-0.399032
-0.400976
-0.402523
-0.403585
-0.404063
-0.403852
-0.402834
-0.400838
-0.397769
-0.393471
-0.387792
-0.38058
-0.371686
-0.360968
-0.348304
-0.333604
-0.316756
-0.297837
-0.276848
-0.253941
-0.229329
-0.203388
-0.176494
-0.149297
-0.122361
-0.0963602
-0.0723091
-0.0499532
-0.0324219
-0.0147119
-0.00827898
0.00644248
-0.371252
-0.374388
-0.376798
-0.37953
-0.382452
-0.385406
-0.388342
-0.391224
-0.393999
-0.39661
-0.398992
-0.401072
-0.402769
-0.403992
-0.404641
-0.404607
-0.403776
-0.401989
-0.399128
-0.395044
-0.389584
-0.382593
-0.37392
-0.363422
-0.350969
-0.336463
-0.319821
-0.301066
-0.280226
-0.257445
-0.232933
-0.207063
-0.180219
-0.153036
-0.126081
-0.100033
-0.0758757
-0.0534006
-0.0354936
-0.0177027
-0.00993955
0.00446229
-0.369926
-0.373376
-0.37577
-0.378464
-0.381405
-0.384397
-0.387382
-0.390327
-0.393183
-0.39589
-0.398383
-0.400588
-0.402424
-0.403799
-0.404612
-0.404755
-0.404112
-0.402532
-0.399884
-0.396021
-0.390788
-0.38403
-0.375593
-0.365329
-0.353109
-0.338827
-0.322406
-0.303851
-0.283196
-0.26058
-0.23621
-0.210459
-0.183708
-0.156588
-0.129659
-0.103605
-0.0793668
-0.0568012
-0.0385124
-0.0206375
-0.0115695
0.00262858
-0.36818
-0.371884
-0.374297
-0.376956
-0.379898
-0.382911
-0.385924
-0.388911
-0.391826
-0.394609
-0.397194
-0.399508
-0.401467
-0.40298
-0.403947
-0.404263
-0.403801
-0.402421
-0.399984
-0.396341
-0.391339
-0.384819
-0.376625
-0.366609
-0.354637
-0.3406
-0.324423
-0.306099
-0.285661
-0.263251
-0.239066
-0.213483
-0.186873
-0.159868
-0.133012
-0.106999
-0.0827106
-0.0600893
-0.0414243
-0.0234655
-0.0131477
0.000953945
-0.366007
-0.369949
-0.372401
-0.375023
-0.377955
-0.380974
-0.383997
-0.387004
-0.389954
-0.392789
-0.395442
-0.397841
-0.399903
-0.401539
-0.402651
-0.403116
-0.402824
-0.40163
-0.399393
-0.395966
-0.391191
-0.38491
-0.376964
-0.367203
-0.35549
-0.341715
-0.325801
-0.307735
-0.287547
-0.265381
-0.241425
-0.216058
-0.189641
-0.162806
-0.136075
-0.110152
-0.0858484
-0.0632097
-0.0441861
-0.0261462
-0.0146559
-0.000559879
-0.363436
-0.367596
-0.370101
-0.372687
-0.375597
-0.378608
-0.381627
-0.384633
-0.387595
-0.390456
-0.393152
-0.395611
-0.397749
-0.399472
-0.400688
-0.401314
-0.401174
-0.400146
-0.398097
-0.394874
-0.390319
-0.384271
-0.376572
-0.367068
-0.355622
-0.342122
-0.326488
-0.308704
-0.288798
-0.266913
-0.243231
-0.21813
-0.191958
-0.165348
-0.138795
-0.113015
-0.0887348
-0.0661184
-0.0467649
-0.0286495
-0.016079
-0.00191788
-0.36048
-0.364819
-0.367401
-0.369957
-0.372834
-0.375826
-0.378826
-0.381815
-0.384766
-0.38763
-0.390343
-0.392837
-0.395034
-0.396851
-0.39815
-0.398868
-0.398848
-0.397969
-0.396089
-0.393054
-0.388705
-0.382883
-0.375425
-0.366178
-0.355003
-0.341788
-0.326449
-0.308971
-0.289376
-0.26781
-0.244445
-0.21966
-0.193788
-0.167459
-0.141136
-0.115552
-0.0913372
-0.0687831
-0.0491375
-0.0309551
-0.0174048
-0.00312864
-0.357148
-0.361596
-0.364284
-0.366824
-0.369659
-0.372618
-0.375587
-0.378545
-0.381468
-0.384312
-0.387019
-0.389516
-0.39172
-0.393552
-0.394975
-0.395769
-0.395847
-0.395096
-0.393364
-0.390499
-0.386343
-0.380733
-0.373509
-0.364517
-0.353616
-0.340694
-0.325666
-0.308516
-0.289263
-0.268052
-0.245048
-0.220628
-0.195108
-0.169116
-0.143077
-0.117742
-0.0936355
-0.0711828
-0.0512891
-0.0330515
-0.0186251
-0.00420229
-0.353458
-0.357898
-0.360716
-0.363262
-0.366044
-0.368955
-0.371883
-0.374799
-0.37768
-0.380487
-0.383169
-0.385665
-0.387906
-0.389756
-0.391183
-0.392015
-0.392173
-0.391525
-0.389921
-0.387208
-0.383228
-0.37782
-0.370822
-0.362082
-0.351458
-0.338838
-0.324137
-0.307338
-0.288457
-0.267639
-0.245039
-0.221032
-0.195916
-0.170314
-0.144611
-0.119574
-0.095621
-0.0733068
-0.0532133
-0.0349348
-0.0197349
-0.00514932
-0.349439
-0.353712
-0.356663
-0.359231
-0.361948
-0.364794
-0.367672
-0.370538
-0.373364
-0.376118
-0.378751
-0.381199
-0.383392
-0.385306
-0.386739
-0.3876
-0.387819
-0.387255
-0.385759
-0.383181
-0.379365
-0.374149
-0.367372
-0.358883
-0.34854
-0.336234
-0.321876
-0.305453
-0.286975
-0.266587
-0.244434
-0.220889
-0.196224
-0.171063
-0.145745
-0.121052
-0.097295
-0.0751538
-0.0549101
-0.0366071
-0.0207328
-0.00598008
-0.34509
-0.349042
-0.352109
-0.354701
-0.357333
-0.360094
-0.362912
-0.365722
-0.368485
-0.371177
-0.373759
-0.376179
-0.378359
-0.380228
-0.381636
-0.382522
-0.382787
-0.382289
-0.380887
-0.378432
-0.374769
-0.369738
-0.36318
-0.354945
-0.344891
-0.332912
-0.318918
-0.302896
-0.284852
-0.264932
-0.243266
-0.220226
-0.19606
-0.171386
-0.146494
-0.122188
-0.0986673
-0.0767304
-0.0563855
-0.0380757
-0.0216201
-0.00670466
-0.34035
-0.343886
-0.347052
-0.349656
-0.352176
-0.354831
-0.357581
-0.360328
-0.36302
-0.36564
-0.368158
-0.370522
-0.372665
-0.374496
-0.375892
-0.376795
-0.37709
-0.376647
-0.375328
-0.372989
-0.369474
-0.364626
-0.358288
-0.350313
-0.340559
-0.328922
-0.315313
-0.299719
-0.28214
-0.262722
-0.241583
-0.219089
-0.195461
-0.171314
-0.146888
-0.123003
-0.0997549
-0.0780495
-0.05765
-0.0393514
-0.0224007
-0.00733303
-0.335115
-0.338234
-0.341498
-0.344095
-0.346477
-0.349012
-0.351688
-0.354363
-0.356976
-0.359519
-0.361966
-0.364265
-0.366364
-0.36815
-0.369542
-0.370449
-0.370765
-0.370371
-0.369132
-0.366904
-0.363535
-0.358873
-0.352761
-0.345053
-0.335613
-0.324335
-0.311132
-0.29599
-0.278906
-0.260022
-0.239444
-0.21753
-0.194476
-0.17089
-0.14696
-0.123525
-0.10058
-0.0791287
-0.0587173
-0.0404479
-0.0230804
-0.00787473
-0.329325
-0.332092
-0.335465
-0.338031
-0.34026
-0.342679
-0.345278
-0.347873
-0.350399
-0.352863
-0.355237
-0.357464
-0.359485
-0.361254
-0.36264
-0.363544
-0.36388
-0.363534
-0.362372
-0.360255
-0.357035
-0.352561
-0.346681
-0.339253
-0.330139
-0.319238
-0.30646
-0.291795
-0.27523
-0.256908
-0.236919
-0.215613
-0.193159
-0.170158
-0.146748
-0.123784
-0.101167
-0.0799883
-0.0596032
-0.0413797
-0.0236664
-0.00833865
-0.323019
-0.325531
-0.329007
-0.331505
-0.333583
-0.335906
-0.338432
-0.340934
-0.343368
-0.345752
-0.348046
-0.350184
-0.35214
-0.3539
-0.355271
-0.356173
-0.35653
-0.35623
-0.355146
-0.353142
-0.350074
-0.345794
-0.340154
-0.333014
-0.324238
-0.313728
-0.301393
-0.287223
-0.271199
-0.253459
-0.234078
-0.213401
-0.191565
-0.169166
-0.146292
-0.123811
-0.10154
-0.0806474
-0.0603222
-0.0421603
-0.0241654
-0.00873273
-0.316316
-0.318689
-0.32221
-0.324587
-0.326535
-0.328796
-0.331247
-0.333647
-0.335987
-0.338289
-0.340504
-0.342578
-0.34444
-0.346184
-0.347541
-0.348448
-0.348828
-0.348574
-0.347568
-0.345678
-0.342764
-0.338683
-0.333288
-0.326443
-0.318015
-0.307907
-0.296027
-0.282364
-0.266894
-0.24975
-0.23099
-0.210952
-0.189743
-0.167953
-0.145623
-0.123633
-0.101722
-0.0811247
-0.0608892
-0.0428036
-0.0245849
-0.0090641
-0.30948
-0.311758
-0.315187
-0.317374
-0.319234
-0.32147
-0.32384
-0.326133
-0.328386
-0.330618
-0.332773
-0.334804
-0.336681
-0.338244
-0.339569
-0.340489
-0.340894
-0.34069
-0.339763
-0.33799
-0.335232
-0.331352
-0.326205
-0.31966
-0.311585
-0.301885
-0.290467
-0.277318
-0.262409
-0.245866
-0.227733
-0.208337
-0.187758
-0.166578
-0.144794
-0.123295
-0.101751
-0.0814542
-0.0613326
-0.0433327
-0.0249404
-0.00934208
-0.302818
-0.304968
-0.308089
-0.310008
-0.311826
-0.314049
-0.316332
-0.318537
-0.32073
-0.322904
-0.324997
-0.326955
-0.328704
-0.330215
-0.331518
-0.332445
-0.332883
-0.332735
-0.331892
-0.330237
-0.327638
-0.32396
-0.319063
-0.312821
-0.305102
-0.295815
-0.284863
-0.272234
-0.257888
-0.241949
-0.224441
-0.205683
-0.185728
-0.165147
-0.1439
-0.122879
-0.101699
-0.0816931
-0.0616973
-0.0437816
-0.0252556
-0.00958107
-0.296713
-0.298617
-0.30109
-0.30262
-0.304375
-0.306525
-0.308689
-0.31081
-0.312942
-0.315057
-0.31711
-0.319066
-0.320876
-0.322342
-0.323527
-0.324401
-0.324839
-0.324728
-0.323959
-0.322418
-0.319976
-0.316504
-0.311864
-0.305932
-0.298578
-0.289712
-0.279234
-0.267128
-0.253348
-0.238008
-0.221117
-0.202985
-0.183636
-0.163636
-0.142908
-0.122349
-0.101525
-0.0818058
-0.0619516
-0.0441292
-0.0255166
-0.00978636
-0.291295
-0.29291
-0.294304
-0.295312
-0.296907
-0.298849
-0.300824
-0.302826
-0.304857
-0.306867
-0.308802
-0.310599
-0.312185
-0.313613
-0.314887
-0.315813
-0.316307
-0.316268
-0.315592
-0.314173
-0.311888
-0.308612
-0.304214
-0.298571
-0.291556
-0.28308
-0.273042
-0.261426
-0.248177
-0.233408
-0.217111
-0.199591
-0.180848
-0.161447
-0.141268
-0.121223
-0.100819
-0.0814654
-0.0618389
-0.0442056
-0.0256049
-0.00992497
-0.284912
-0.28815
-0.289105
-0.290111
-0.291709
-0.293563
-0.295458
-0.297378
-0.299317
-0.30125
-0.303145
-0.304977
-0.306687
-0.308015
-0.308935
-0.309669
-0.31004
-0.309898
-0.309137
-0.307654
-0.30533
-0.302046
-0.297673
-0.292097
-0.285196
-0.276887
-0.267073
-0.255744
-0.242842
-0.228483
-0.212651
-0.195647
-0.177448
-0.158617
-0.138993
-0.119494
-0.0995628
-0.0806509
-0.0613338
-0.043986
-0.02549
-0.00996138
-0.277608
-0.281667
-0.282914
-0.283914
-0.285472
-0.287312
-0.289174
-0.291013
-0.292844
-0.294654
-0.296404
-0.298035
-0.299464
-0.300652
-0.301603
-0.302261
-0.302526
-0.302286
-0.301443
-0.299899
-0.297543
-0.294263
-0.289937
-0.284459
-0.277713
-0.269624
-0.260098
-0.249127
-0.236654
-0.22279
-0.207511
-0.191107
-0.173538
-0.155347
-0.13635
-0.117448
-0.0980515
-0.0796114
-0.0606603
-0.0436152
-0.025292
-0.00992895
-0.270589
-0.275067
-0.276436
-0.277378
-0.278876
-0.280687
-0.282504
-0.28426
-0.28598
-0.287664
-0.289272
-0.290752
-0.292056
-0.29315
-0.293987
-0.294502
-0.294625
-0.294264
-0.293323
-0.291708
-0.289313
-0.286035
-0.281758
-0.276384
-0.269804
-0.261948
-0.252726
-0.242132
-0.230109
-0.216761
-0.202058
-0.186273
-0.169356
-0.151825
-0.13348
-0.115193
-0.0963598
-0.0784098
-0.0598644
-0.0431392
-0.0250476
-0.00985953
-0.263968
-0.268414
-0.269799
-0.270701
-0.272141
-0.273908
-0.275672
-0.27735
-0.27897
-0.280541
-0.282031
-0.283394
-0.284589
-0.285569
-0.286277
-0.286662
-0.286662
-0.286195
-0.285169
-0.283495
-0.281073
-0.277807
-0.273589
-0.268327
-0.261918
-0.254298
-0.245381
-0.235162
-0.223583
-0.210742
-0.196604
-0.181427
-0.16515
-0.148264
-0.130561
-0.112878
-0.0946068
-0.0771418
-0.0590148
-0.0426101
-0.0247834
-0.00976617
-0.257121
-0.261569
-0.262992
-0.263873
-0.26526
-0.266975
-0.268686
-0.270294
-0.271826
-0.273296
-0.274679
-0.275932
-0.277014
-0.277876
-0.27847
-0.278745
-0.278641
-0.278082
-0.276985
-0.275264
-0.272828
-0.269584
-0.265433
-0.26029
-0.254058
-0.246676
-0.238064
-0.228216
-0.217075
-0.204733
-0.19115
-0.176566
-0.160917
-0.144663
-0.127592
-0.110503
-0.0927927
-0.0758087
-0.0581112
-0.0420291
-0.0244957
-0.00964979
-0.250092
-0.254594
-0.256055
-0.256912
-0.258245
-0.259906
-0.261564
-0.263107
-0.264559
-0.265937
-0.267221
-0.26837
-0.269344
-0.270099
-0.27059
-0.270767
-0.270571
-0.269932
-0.268775
-0.267018
-0.264576
-0.261363
-0.257288
-0.25227
-0.246218
-0.239076
-0.230768
-0.221287
-0.210579
-0.198726
-0.185688
-0.171688
-0.156653
-0.14102
-0.124571
-0.108067
-0.0909151
-0.0744091
-0.0571518
-0.0413961
-0.0241818
-0.00951277
-0.243016
-0.247516
-0.249004
-0.249841
-0.251121
-0.252728
-0.254334
-0.255818
-0.257196
-0.25849
-0.259682
-0.260736
-0.261613
-0.262272
-0.26267
-0.262757
-0.262479
-0.261772
-0.260564
-0.258781
-0.256343
-0.253171
-0.249177
-0.244289
-0.23842
-0.231519
-0.223512
-0.214394
-0.204111
-0.192738
-0.180233
-0.166801
-0.152369
-0.137341
-0.121505
-0.105576
-0.0889787
-0.0729477
-0.0561392
-0.0407144
-0.0238416
-0.0093582
-0.23587
-0.240335
-0.241852
-0.242677
-0.243908
-0.245463
-0.247018
-0.248447
-0.249759
-0.250976
-0.252086
-0.253055
-0.253844
-0.254416
-0.25473
-0.254738
-0.25439
-0.253625
-0.252377
-0.250578
-0.248153
-0.245028
-0.241123
-0.236368
-0.230684
-0.224023
-0.216315
-0.207553
-0.197686
-0.186781
-0.174795
-0.161918
-0.148073
-0.133637
-0.1184
-0.103035
-0.0869885
-0.0714293
-0.0550762
-0.0399878
-0.0234752
-0.00918875
-0.228652
-0.233076
-0.23462
-0.235438
-0.236625
-0.238128
-0.239636
-0.241013
-0.242265
-0.243414
-0.24445
-0.245342
-0.246053
-0.246548
-0.246788
-0.246728
-0.24632
-0.245508
-0.244231
-0.242426
-0.240023
-0.236952
-0.23314
-0.228522
-0.223025
-0.216601
-0.209187
-0.200775
-0.191314
-0.180866
-0.169385
-0.157047
-0.143773
-0.129913
-0.115263
-0.100451
-0.0849493
-0.0698587
-0.0539659
-0.0392197
-0.0230831
-0.00900671
-0.2214
-0.225763
-0.227328
-0.228142
-0.22929
-0.230744
-0.232206
-0.233535
-0.234733
-0.23582
-0.23679
-0.237614
-0.238257
-0.238684
-0.238859
-0.238741
-0.238284
-0.237436
-0.23614
-0.234338
-0.231964
-0.228955
-0.225241
-0.220763
-0.215453
-0.209265
-0.20214
-0.194069
-0.185004
-0.174999
-0.164009
-0.152195
-0.139476
-0.126177
-0.1121
-0.0978303
-0.0828659
-0.0682406
-0.0528115
-0.0384136
-0.0226662
-0.00881408
-0.214128
-0.218414
-0.219994
-0.220807
-0.221919
-0.223326
-0.224744
-0.22603
-0.227178
-0.228211
-0.229122
-0.229886
-0.230468
-0.230837
-0.230958
-0.230791
-0.230295
-0.229421
-0.228116
-0.226325
-0.223988
-0.221047
-0.217436
-0.2131
-0.207976
-0.202022
-0.195181
-0.187444
-0.178764
-0.16919
-0.158676
-0.147368
-0.135188
-0.122435
-0.108916
-0.0951776
-0.0807434
-0.06658
-0.0516162
-0.037573
-0.0222255
-0.00861257
-0.206848
-0.211044
-0.212635
-0.213449
-0.214529
-0.215892
-0.217268
-0.218513
-0.219617
-0.220601
-0.22146
-0.222171
-0.222702
-0.223021
-0.223096
-0.222891
-0.222365
-0.221473
-0.220168
-0.218397
-0.216104
-0.213236
-0.209732
-0.205541
-0.200603
-0.19488
-0.188317
-0.180906
-0.1726
-0.163443
-0.153391
-0.142574
-0.130917
-0.118693
-0.105719
-0.0924994
-0.078587
-0.064882
-0.050384
-0.0367015
-0.0217625
-0.00840368
-0.199577
-0.203674
-0.205269
-0.206086
-0.207138
-0.208459
-0.209795
-0.211002
-0.212067
-0.213007
-0.21382
-0.214485
-0.214972
-0.215249
-0.215287
-0.215051
-0.214504
-0.213605
-0.212307
-0.210563
-0.208322
-0.205532
-0.202139
-0.198093
-0.193341
-0.187845
-0.181555
-0.17446
-0.166518
-0.157767
-0.14816
-0.137819
-0.126668
-0.114958
-0.102514
-0.0898016
-0.076402
-0.0631516
-0.0491186
-0.0358026
-0.0212788
-0.00818869
-0.192335
-0.19632
-0.197916
-0.198738
-0.199764
-0.201045
-0.202343
-0.203515
-0.204543
-0.205444
-0.206218
-0.206843
-0.207292
-0.207535
-0.207543
-0.207285
-0.206726
-0.205826
-0.204543
-0.202833
-0.200648
-0.197942
-0.194662
-0.190763
-0.186195
-0.180923
-0.1749
-0.168114
-0.160525
-0.152165
-0.14299
-0.133109
-0.122447
-0.111235
-0.0993063
-0.0870903
-0.0741941
-0.061394
-0.0478241
-0.0348797
-0.0207765
-0.00796872
-0.185139
-0.189002
-0.190594
-0.191422
-0.192425
-0.193669
-0.19493
-0.196069
-0.197064
-0.19793
-0.198669
-0.19926
-0.199676
-0.199892
-0.199878
-0.199605
-0.19904
-0.198146
-0.196885
-0.195216
-0.193093
-0.190473
-0.187309
-0.183558
-0.179173
-0.174121
-0.168358
-0.161873
-0.154625
-0.146644
-0.137886
-0.128449
-0.118261
-0.107532
-0.0961033
-0.0843715
-0.0719689
-0.0596144
-0.046505
-0.0339364
-0.0202574
-0.00774479
-0.178008
-0.181739
-0.183322
-0.184157
-0.18514
-0.186348
-0.187574
-0.188681
-0.189645
-0.190481
-0.191188
-0.19175
-0.192139
-0.192333
-0.192303
-0.192022
-0.191458
-0.190578
-0.189345
-0.18772
-0.185664
-0.183134
-0.180087
-0.176484
-0.172279
-0.167444
-0.161935
-0.155742
-0.148825
-0.14121
-0.132854
-0.123846
-0.114115
-0.103854
-0.0929109
-0.0816514
-0.0697321
-0.0578182
-0.0451654
-0.0329762
-0.0197238
-0.00751782
-0.170963
-0.174552
-0.176121
-0.176962
-0.177927
-0.179101
-0.180292
-0.181368
-0.182304
-0.183112
-0.183793
-0.184329
-0.184699
-0.184874
-0.184833
-0.184549
-0.183991
-0.18313
-0.18193
-0.180355
-0.178369
-0.175931
-0.173003
-0.169547
-0.165521
-0.160898
-0.155636
-0.149726
-0.143129
-0.135868
-0.1279
-0.119305
-0.110016
-0.100207
-0.0897353
-0.0789363
-0.0674897
-0.0560106
-0.04381
-0.0320026
-0.0191779
-0.00728868
-0.16402
-0.167461
-0.16901
-0.169856
-0.170804
-0.171945
-0.173101
-0.174148
-0.175057
-0.17584
-0.176496
-0.177012
-0.177363
-0.177527
-0.17748
-0.177197
-0.176651
-0.175813
-0.17465
-0.173129
-0.171216
-0.168873
-0.166064
-0.162753
-0.158904
-0.154487
-0.149467
-0.143831
-0.137543
-0.130623
-0.123029
-0.114834
-0.10597
-0.0965984
-0.086583
-0.0762323
-0.0652475
-0.0541971
-0.0424434
-0.031019
-0.0186219
-0.00705819
-0.157195
-0.160483
-0.162006
-0.162856
-0.163788
-0.164895
-0.166017
-0.167035
-0.16792
-0.168679
-0.169314
-0.169811
-0.170148
-0.170304
-0.170255
-0.169978
-0.169448
-0.168637
-0.167515
-0.166051
-0.164212
-0.161965
-0.159275
-0.15611
-0.152433
-0.148219
-0.143432
-0.138062
-0.132073
-0.125482
-0.118248
-0.110436
-0.101983
-0.093034
-0.0834604
-0.0735458
-0.0630117
-0.052383
-0.0410701
-0.030029
-0.0180583
-0.00682713
-0.150503
-0.153634
-0.155127
-0.155978
-0.156893
-0.157968
-0.159057
-0.160047
-0.160907
-0.161645
-0.16226
-0.162741
-0.163068
-0.163218
-0.16317
-0.162902
-0.162391
-0.161611
-0.160533
-0.159129
-0.157366
-0.155216
-0.152645
-0.149622
-0.146114
-0.142097
-0.137537
-0.132424
-0.126723
-0.120449
-0.113562
-0.10612
-0.0980618
-0.0895204
-0.0803741
-0.0708832
-0.0607882
-0.0505739
-0.0396949
-0.0290361
-0.0174893
-0.00659627
-0.143958
-0.14693
-0.148388
-0.149238
-0.150137
-0.15118
-0.152236
-0.153197
-0.154034
-0.154751
-0.155349
-0.155817
-0.156134
-0.156281
-0.156237
-0.155982
-0.155493
-0.154746
-0.153714
-0.15237
-0.150686
-0.148632
-0.146178
-0.143296
-0.139954
-0.136129
-0.131789
-0.126923
-0.1215
-0.11553
-0.108976
-0.10189
-0.0942122
-0.086064
-0.0773305
-0.0682509
-0.0585832
-0.0487751
-0.0383224
-0.0280439
-0.0169173
-0.00636636
-0.137574
-0.140385
-0.141804
-0.142651
-0.143533
-0.144546
-0.145568
-0.146501
-0.147315
-0.148013
-0.148595
-0.14905
-0.14936
-0.149506
-0.149469
-0.149229
-0.148764
-0.148051
-0.147067
-0.145786
-0.144179
-0.142222
-0.139884
-0.137139
-0.133958
-0.130319
-0.126192
-0.121565
-0.116409
-0.110732
-0.104498
-0.0977529
-0.090441
-0.0826716
-0.0743365
-0.0656554
-0.0564028
-0.0469923
-0.0369574
-0.0270559
-0.0163448
-0.00613813
-0.131363
-0.134014
-0.135391
-0.136233
-0.137098
-0.138079
-0.139069
-0.139973
-0.140764
-0.141443
-0.14201
-0.142455
-0.14276
-0.142907
-0.142877
-0.142653
-0.142214
-0.141538
-0.140602
-0.139383
-0.137855
-0.135992
-0.133768
-0.131158
-0.128133
-0.124674
-0.120752
-0.116356
-0.111456
-0.10606
-0.100133
-0.0937158
-0.0867549
-0.0793499
-0.0713987
-0.0631032
-0.0542533
-0.0452309
-0.0356047
-0.0260756
-0.015774
-0.00591233
-0.125338
-0.127831
-0.129162
-0.129997
-0.130845
-0.131796
-0.132752
-0.133628
-0.134397
-0.135058
-0.135611
-0.136045
-0.136345
-0.136494
-0.136474
-0.136267
-0.135854
-0.135215
-0.134329
-0.133172
-0.131721
-0.129951
-0.127839
-0.125359
-0.122487
-0.119202
-0.115477
-0.111302
-0.106648
-0.101522
-0.0958883
-0.0897852
-0.0831608
-0.0761058
-0.068524
-0.060601
-0.0521409
-0.0434966
-0.034269
-0.0251067
-0.0152074
-0.00568969
-0.119512
-0.121847
-0.123131
-0.123957
-0.124788
-0.125708
-0.126632
-0.12748
-0.128226
-0.128869
-0.129408
-0.129833
-0.13013
-0.130282
-0.130271
-0.130082
-0.129697
-0.129095
-0.128257
-0.127162
-0.125786
-0.124108
-0.122104
-0.119752
-0.117026
-0.113909
-0.110374
-0.106411
-0.101992
-0.0971232
-0.0917708
-0.0859681
-0.0796657
-0.0729465
-0.0657195
-0.0581555
-0.0500718
-0.0417948
-0.032955
-0.0241525
-0.0146473
-0.00547092
-0.113896
-0.116076
-0.117311
-0.118127
-0.11894
-0.11983
-0.120722
-0.121542
-0.122266
-0.122891
-0.123417
-0.123833
-0.124127
-0.124281
-0.124281
-0.12411
-0.123752
-0.123187
-0.122398
-0.121363
-0.120061
-0.118472
-0.116573
-0.114343
-0.111759
-0.108802
-0.105449
-0.101688
-0.097495
-0.0928719
-0.0877876
-0.0822717
-0.076277
-0.069879
-0.062992
-0.0557733
-0.0480524
-0.0401311
-0.0316674
-0.0232168
-0.014096
-0.00525677
-0.108502
-0.110531
-0.111715
-0.112519
-0.113314
-0.114175
-0.115035
-0.115827
-0.116529
-0.117137
-0.11765
-0.118058
-0.118348
-0.118506
-0.118516
-0.118363
-0.118031
-0.117503
-0.11676
-0.115784
-0.114555
-0.113051
-0.111254
-0.109141
-0.106692
-0.10389
-0.10071
-0.0971432
-0.0931641
-0.0887751
-0.0839462
-0.0787034
-0.0730019
-0.0669107
-0.0603489
-0.0534612
-0.046089
-0.0385111
-0.0304111
-0.0223029
-0.0135558
-0.00504796
-0.10334
-0.105221
-0.106355
-0.107146
-0.107923
-0.108756
-0.109583
-0.110349
-0.111029
-0.11162
-0.112119
-0.112519
-0.112806
-0.112967
-0.112987
-0.112852
-0.112546
-0.112053
-0.111356
-0.110437
-0.109277
-0.107856
-0.106155
-0.104156
-0.101836
-0.09918
-0.0961657
-0.0927828
-0.0890073
-0.0848407
-0.0802541
-0.0752709
-0.0698482
-0.064049
-0.0577972
-0.0512261
-0.0441879
-0.0369404
-0.0291906
-0.0214144
-0.0130292
-0.00484524
-0.0984201
-0.10016
-0.101243
-0.10202
-0.102779
-0.103583
-0.104381
-0.105119
-0.105777
-0.106351
-0.106838
-0.107229
-0.107514
-0.107677
-0.107707
-0.107589
-0.107308
-0.10685
-0.106196
-0.105332
-0.104237
-0.102896
-0.101288
-0.0993951
-0.0971984
-0.0946818
-0.0918243
-0.0886155
-0.0850328
-0.0810768
-0.0767196
-0.0719821
-0.0668236
-0.0613016
-0.0553444
-0.049075
-0.0423554
-0.0354245
-0.0280107
-0.0205548
-0.0125184
-0.00464934
-0.0937535
-0.0953574
-0.0963906
-0.097152
-0.097894
-0.0986707
-0.099438
-0.10015
-0.100787
-0.101344
-0.101818
-0.102202
-0.102483
-0.102649
-0.102688
-0.102586
-0.10233
-0.101903
-0.101292
-0.100479
-0.0994475
-0.0981807
-0.0966604
-0.0948696
-0.0927892
-0.0904042
-0.0876947
-0.0846503
-0.0812494
-0.0774918
-0.0733509
-0.0688454
-0.0639363
-0.0586764
-0.052998
-0.0470149
-0.0405981
-0.0339692
-0.0268761
-0.0197277
-0.0120256
-0.00446102
-0.0893499
-0.0908244
-0.0918084
-0.0925546
-0.0932792
-0.0940296
-0.094768
-0.0954543
-0.0960703
-0.0966113
-0.0970733
-0.0974487
-0.0977267
-0.0978956
-0.0979429
-0.097856
-0.0976217
-0.0972259
-0.0966538
-0.0958899
-0.094918
-0.093722
-0.0922844
-0.0905893
-0.0886183
-0.0863571
-0.0837865
-0.0808965
-0.0776663
-0.074095
-0.0701571
-0.0658694
-0.0611947
-0.0561814
-0.0507658
-0.045053
-0.0389226
-0.0325802
-0.0257918
-0.0189366
-0.0115534
-0.00428105
-0.08522
-0.0865722
-0.0875086
-0.0882393
-0.088947
-0.0896722
-0.090383
-0.0910446
-0.0916405
-0.0921657
-0.0926157
-0.0929832
-0.0932579
-0.0934286
-0.0934836
-0.0934107
-0.0931974
-0.0928302
-0.092295
-0.091577
-0.0906608
-0.0895309
-0.0881708
-0.0865652
-0.0846965
-0.0825509
-0.0801101
-0.0773642
-0.0742932
-0.0708958
-0.0671475
-0.0630633
-0.0586077
-0.0538253
-0.0486558
-0.0431969
-0.0373357
-0.0312634
-0.0247624
-0.0181853
-0.011104
-0.0041102
-0.0813746
-0.0826124
-0.0835031
-0.0842185
-0.0849098
-0.0856112
-0.0862958
-0.0869338
-0.0875105
-0.0880205
-0.0884589
-0.0888186
-0.0890898
-0.089262
-0.0893238
-0.0892639
-0.0890699
-0.0887292
-0.0882282
-0.0875528
-0.0866883
-0.0856198
-0.0843317
-0.0828091
-0.0810353
-0.078997
-0.0766766
-0.0740643
-0.071141
-0.0679048
-0.0643323
-0.0604368
-0.0561847
-0.0516169
-0.0466766
-0.0414542
-0.0358444
-0.0300249
-0.0237932
-0.0174774
-0.0106799
-0.00394929
-0.0778255
-0.0789571
-0.0798046
-0.080505
-0.0811808
-0.0818599
-0.0825199
-0.0831358
-0.0836942
-0.0841896
-0.084617
-0.0849691
-0.0852369
-0.0854101
-0.085478
-0.0854297
-0.0852534
-0.084937
-0.0844673
-0.0838311
-0.0830141
-0.0820022
-0.0807802
-0.079334
-0.0776475
-0.0757078
-0.073498
-0.0710086
-0.068221
-0.0651331
-0.0617222
-0.0580006
-0.0539358
-0.0495659
-0.044837
-0.0398333
-0.034456
-0.028871
-0.0228892
-0.0168168
-0.0102835
-0.00379915
-0.0745853
-0.0756196
-0.0764268
-0.0771129
-0.0777742
-0.0784326
-0.0790699
-0.0796651
-0.0802065
-0.0806883
-0.0811052
-0.0814502
-0.0817145
-0.0818883
-0.0819616
-0.0819236
-0.0817633
-0.0814688
-0.0810276
-0.0804269
-0.0796531
-0.0786926
-0.0775309
-0.0761541
-0.074547
-0.072697
-0.0705878
-0.0682101
-0.065546
-0.062593
-0.0593294
-0.055766
-0.0518719
-0.0476825
-0.0431466
-0.0383429
-0.0331784
-0.0278084
-0.0220561
-0.0162077
-0.00991758
-0.00366066
-0.0716683
-0.0726149
-0.0733851
-0.0740577
-0.0747056
-0.0753452
-0.0759618
-0.0765381
-0.0770639
-0.0775331
-0.0779404
-0.0782787
-0.0785395
-0.0787137
-0.0787915
-0.0787627
-0.0786165
-0.0783416
-0.0779259
-0.077357
-0.0766219
-0.0757075
-0.0745997
-0.0732852
-0.0717493
-0.0699798
-0.0679609
-0.0656834
-0.0631301
-0.0602982
-0.0571667
-0.0537455
-0.0500049
-0.0459779
-0.0416158
-0.0369924
-0.03202
-0.0268444
-0.0212997
-0.0156543
-0.0095848
-0.00353477
-0.0690905
-0.0699594
-0.0706964
-0.0713567
-0.0719927
-0.0726156
-0.0732137
-0.0737731
-0.0742848
-0.0747428
-0.0751413
-0.0754735
-0.0757311
-0.0759055
-0.0759871
-0.0759662
-0.0758323
-0.0755744
-0.075181
-0.0746401
-0.0739391
-0.0730652
-0.0720048
-0.0707452
-0.069272
-0.0675734
-0.065634
-0.0634448
-0.0609891
-0.0582639
-0.0552489
-0.0519531
-0.048348
-0.0444644
-0.0402559
-0.0357921
-0.0309898
-0.0259866
-0.0206262
-0.0151613
-0.00928814
-0.00342249
-0.0668707
-0.0676725
-0.0683805
-0.0690299
-0.0696555
-0.0702639
-0.070846
-0.0713907
-0.0718901
-0.0723382
-0.0727291
-0.0730558
-0.0733106
-0.0734849
-0.0735697
-0.0735555
-0.0734321
-0.0731888
-0.0728146
-0.0722976
-0.0716257
-0.0707865
-0.0697669
-0.0685544
-0.067135
-0.0654972
-0.063626
-0.0615127
-0.0591408
-0.0565073
-0.0535924
-0.0504044
-0.0469159
-0.0431557
-0.0390796
-0.0347533
-0.0300979
-0.0252435
-0.0200426
-0.0147338
-0.00903079
-0.00332492
-0.0650312
-0.0657774
-0.0664612
-0.0671016
-0.0677184
-0.0683148
-0.0688836
-0.0694161
-0.0699053
-0.0703451
-0.0707296
-0.0710518
-0.071304
-0.0714781
-0.0715654
-0.0715565
-0.0714416
-0.0712103
-0.0708517
-0.0703544
-0.0697066
-0.068896
-0.06791
-0.0667364
-0.0653614
-0.0637738
-0.0619591
-0.0599084
-0.0576058
-0.0550481
-0.0522161
-0.0491173
-0.0457254
-0.0420674
-0.0381011
-0.0338887
-0.0293554
-0.0246245
-0.0195564
-0.0143773
-0.00881623
-0.00324327
-0.0635934
-0.0642962
-0.064961
-0.0655945
-0.066205
-0.0667924
-0.0673511
-0.0678743
-0.0683556
-0.0687891
-0.0691686
-0.0694873
-0.0697378
-0.0699121
-0.0700015
-0.069997
-0.0698888
-0.0696669
-0.0693206
-0.0688387
-0.0682095
-0.0674213
-0.0664615
-0.0653181
-0.0639777
-0.0624292
-0.0606583
-0.0586564
-0.0564077
-0.053909
-0.0511415
-0.0481122
-0.0447954
-0.041217
-0.0373364
-0.0332129
-0.0287749
-0.0241403
-0.0191761
-0.0140981
-0.00864837
-0.00317875
-0.0626028
-0.0632753
-0.0639264
-0.0645543
-0.0651596
-0.0657401
-0.0662913
-0.0668075
-0.0672829
-0.0677117
-0.0680875
-0.0684035
-0.0686523
-0.068826
-0.0689164
-0.0689145
-0.0688108
-0.0685952
-0.0682571
-0.0677857
-0.0671694
-0.0663966
-0.0654548
-0.0643323
-0.0630158
-0.0614943
-0.0597539
-0.0577857
-0.0555745
-0.0531166
-0.0503939
-0.0474127
-0.0441482
-0.040625
-0.036804
-0.0327421
-0.0283707
-0.0238029
-0.0189116
-0.0139032
-0.00853207
-0.00313225
-0.0620617
-0.0627213
-0.0633684
-0.0639962
-0.0646011
-0.0651799
-0.0657287
-0.0662425
-0.066716
-0.0671431
-0.0675176
-0.0678328
-0.0680813
-0.0682554
-0.0683469
-0.0683468
-0.0682456
-0.0680336
-0.0677001
-0.0672343
-0.0666248
-0.0658601
-0.0649278
-0.0638163
-0.0625123
-0.061005
-0.0592805
-0.05733
-0.0551384
-0.0527018
-0.0500026
-0.0470464
-0.0438095
-0.0403148
-0.0365256
-0.0324951
-0.0281598
-0.0236252
-0.0187746
-0.0137994
-0.00847381
-0.00310429
-0.173794
-0.179963
-0.186112
-0.192251
-0.198393
-0.20455
-0.210736
-0.216964
-0.223248
-0.229601
-0.236035
-0.242562
-0.249199
-0.255928
-0.262865
-0.269783
-0.277615
-0.169341
-0.175402
-0.181445
-0.187479
-0.193516
-0.199566
-0.205643
-0.211758
-0.217923
-0.224151
-0.230456
-0.236841
-0.243352
-0.249919
-0.256804
-0.263465
-0.271115
-0.164489
-0.170382
-0.176254
-0.182113
-0.18797
-0.193833
-0.199714
-0.205622
-0.21157
-0.217567
-0.223635
-0.229769
-0.236043
-0.242348
-0.249017
-0.255509
-0.263128
-0.159904
-0.165663
-0.171402
-0.177129
-0.182853
-0.188583
-0.194329
-0.200101
-0.205912
-0.211769
-0.217703
-0.223697
-0.229849
-0.236032
-0.242598
-0.249122
-0.256521
-0.155461
-0.161101
-0.166725
-0.172342
-0.177959
-0.183584
-0.189229
-0.194901
-0.200617
-0.20638
-0.212223
-0.218124
-0.22418
-0.230265
-0.236659
-0.243017
-0.249896
-0.151024
-0.156536
-0.162036
-0.167531
-0.173028
-0.178535
-0.184063
-0.189617
-0.195214
-0.200853
-0.206567
-0.212326
-0.218214
-0.224118
-0.23023
-0.236364
-0.242906
-0.146587
-0.151961
-0.157323
-0.162682
-0.168043
-0.173413
-0.178801
-0.184212
-0.189661
-0.195145
-0.200692
-0.206276
-0.211962
-0.217681
-0.223564
-0.229579
-0.235924
-0.142175
-0.147404
-0.152623
-0.157838
-0.163054
-0.168278
-0.173518
-0.178778
-0.18407
-0.189394
-0.194773
-0.200193
-0.205702
-0.211275
-0.216979
-0.222854
-0.228959
-0.1378
-0.142881
-0.147953
-0.15302
-0.158088
-0.163163
-0.168252
-0.17336
-0.178497
-0.183665
-0.188884
-0.194148
-0.199488
-0.2049
-0.210397
-0.216071
-0.221929
-0.133466
-0.138396
-0.143317
-0.148234
-0.153151
-0.158074
-0.163009
-0.167961
-0.17294
-0.177949
-0.183002
-0.188098
-0.193249
-0.198472
-0.203751
-0.209223
-0.214868
-0.129174
-0.133951
-0.138719
-0.143482
-0.148245
-0.153011
-0.157789
-0.162581
-0.167395
-0.172236
-0.177111
-0.182027
-0.186986
-0.192017
-0.197097
-0.202374
-0.207807
-0.12493
-0.129552
-0.134165
-0.138771
-0.143376
-0.147984
-0.152599
-0.157226
-0.161871
-0.16654
-0.171236
-0.175971
-0.180741
-0.185585
-0.190465
-0.195534
-0.200747
-0.120738
-0.125204
-0.129659
-0.134107
-0.138553
-0.142999
-0.14745
-0.151911
-0.156385
-0.16088
-0.165397
-0.169951
-0.174533
-0.179181
-0.183856
-0.18871
-0.193701
-0.116603
-0.120911
-0.125208
-0.129498
-0.133782
-0.138066
-0.142352
-0.146645
-0.150948
-0.155268
-0.159606
-0.163974
-0.168365
-0.172813
-0.177282
-0.181924
-0.186692
-0.112528
-0.116679
-0.120818
-0.124948
-0.129072
-0.133192
-0.137313
-0.141437
-0.145568
-0.149712
-0.153869
-0.158051
-0.16225
-0.166501
-0.170767
-0.175195
-0.179739
-0.10852
-0.112514
-0.116495
-0.120465
-0.124428
-0.128385
-0.13234
-0.136295
-0.140254
-0.144222
-0.148199
-0.152196
-0.156205
-0.160259
-0.164323
-0.168537
-0.172858
-0.104581
-0.108419
-0.112243
-0.116055
-0.119857
-0.123652
-0.127441
-0.131229
-0.135016
-0.138809
-0.142607
-0.146421
-0.150241
-0.1541
-0.157964
-0.161966
-0.166068
-0.100717
-0.104401
-0.108069
-0.111724
-0.115366
-0.119
-0.122625
-0.126246
-0.129864
-0.133483
-0.137104
-0.140736
-0.14437
-0.148036
-0.151702
-0.155495
-0.159381
-0.0969324
-0.100463
-0.103978
-0.107477
-0.110963
-0.114436
-0.1179
-0.121356
-0.124806
-0.128254
-0.1317
-0.135152
-0.138602
-0.142079
-0.145552
-0.149138
-0.152813
-0.0932307
-0.0966119
-0.0999749
-0.103321
-0.106652
-0.109968
-0.113273
-0.116567
-0.119851
-0.123131
-0.126404
-0.12968
-0.13295
-0.13624
-0.139524
-0.142908
-0.146374
-0.0896168
-0.0928509
-0.0960655
-0.0992616
-0.10244
-0.105603
-0.108751
-0.111885
-0.115008
-0.118122
-0.121227
-0.12433
-0.127424
-0.130532
-0.13363
-0.136816
-0.140078
-0.0860948
-0.0891853
-0.0922549
-0.0953043
-0.0983345
-0.101346
-0.104341
-0.10732
-0.110285
-0.113238
-0.116178
-0.119112
-0.122034
-0.124964
-0.127882
-0.130875
-0.133938
-0.0826692
-0.0856199
-0.0885482
-0.0914548
-0.0943402
-0.0972055
-0.100051
-0.102879
-0.10569
-0.108485
-0.111265
-0.114035
-0.116791
-0.119548
-0.122291
-0.125097
-0.127965
-0.0793444
-0.0821594
-0.0849506
-0.0877185
-0.0904636
-0.0931865
-0.0958879
-0.0985689
-0.10123
-0.103873
-0.106498
-0.10911
-0.111703
-0.114294
-0.116867
-0.119494
-0.122173
-0.0761249
-0.0788086
-0.0814673
-0.0841011
-0.0867104
-0.0892958
-0.0918576
-0.0943967
-0.0969136
-0.0994099
-0.101885
-0.104344
-0.106782
-0.109212
-0.111622
-0.114075
-0.116573
-0.0730152
-0.0755725
-0.0781035
-0.0806082
-0.0830868
-0.0855396
-0.087967
-0.0903697
-0.0927479
-0.0951029
-0.0974347
-0.0997461
-0.102035
-0.104311
-0.106564
-0.108852
-0.111175
-0.0700201
-0.0724561
-0.0748645
-0.0772453
-0.0795985
-0.0819244
-0.084223
-0.0864948
-0.0887402
-0.0909601
-0.0931543
-0.0953254
-0.0974709
-0.0996005
-0.101704
-0.103834
-0.105991
-0.0671447
-0.0694647
-0.071756
-0.0740184
-0.0762519
-0.0784564
-0.0806321
-0.0827792
-0.0848979
-0.086989
-0.0890522
-0.0910897
-0.0930994
-0.0950894
-0.0970515
-0.0990306
-0.10103
-0.064394
-0.0666036
-0.0687835
-0.0709333
-0.0730529
-0.0751422
-0.0772011
-0.0792299
-0.0812284
-0.0831973
-0.0851364
-0.0870474
-0.0889285
-0.0907867
-0.0926148
-0.0944521
-0.0963019
-0.0617736
-0.0638787
-0.0659531
-0.0679964
-0.0700083
-0.0719886
-0.0739372
-0.0758541
-0.0777392
-0.0795929
-0.0814151
-0.0832069
-0.084967
-0.0867011
-0.0884033
-0.0901073
-0.0918169
-0.0592896
-0.0612962
-0.0632712
-0.0652143
-0.0671249
-0.0690027
-0.0708477
-0.0726595
-0.0744382
-0.0761839
-0.0778964
-0.0795767
-0.0812235
-0.0828418
-0.0844262
-0.0860059
-0.0875845
-0.0569483
-0.0588627
-0.0607447
-0.062594
-0.0644099
-0.0661921
-0.0679402
-0.0696541
-0.0713336
-0.0729787
-0.0745891
-0.0761657
-0.0777073
-0.0792179
-0.0806932
-0.0821576
-0.0836146
-0.0547566
-0.0565853
-0.058381
-0.0601432
-0.0618712
-0.0635647
-0.0652232
-0.0668465
-0.0684342
-0.0699863
-0.0715025
-0.0729834
-0.074428
-0.0758394
-0.0772142
-0.0785726
-0.0799178
-0.0527223
-0.054472
-0.0561882
-0.0578702
-0.0595175
-0.0611295
-0.0627057
-0.0642458
-0.0657495
-0.0672165
-0.0686466
-0.07004
-0.071396
-0.072717
-0.0740002
-0.0752619
-0.0765052
-0.0508539
-0.0525314
-0.0541752
-0.0557843
-0.0573581
-0.0588961
-0.0603977
-0.0618624
-0.06329
-0.06468
-0.0660322
-0.0673467
-0.0686227
-0.0698622
-0.0710629
-0.0722377
-0.0733892
-0.0491607
-0.0507734
-0.052352
-0.0538957
-0.0554037
-0.0568754
-0.0583102
-0.0597077
-0.0610673
-0.0623887
-0.0636716
-0.0649159
-0.066121
-0.0672882
-0.0684157
-0.0695134
-0.0705836
-0.0476534
-0.0492088
-0.0507299
-0.0522159
-0.0536659
-0.0550794
-0.0564557
-0.0577942
-0.0590944
-0.060356
-0.0615784
-0.0627616
-0.0639049
-0.0650093
-0.0660733
-0.0671042
-0.0681036
-0.0463446
-0.0478505
-0.0493221
-0.0507585
-0.0521589
-0.0535225
-0.0548488
-0.0561371
-0.0573868
-0.0585976
-0.0597688
-0.0609003
-0.0619914
-0.0630428
-0.0640532
-0.0650277
-0.0659675
-0.0452465
-0.0467112
-0.0481417
-0.0495371
-0.0508965
-0.0522193
-0.0535046
-0.054752
-0.0559607
-0.0571302
-0.05826
-0.0593498
-0.0603991
-0.0614079
-0.0623754
-0.0633047
-0.0641966
-0.0443789
-0.0458109
-0.0472088
-0.0485718
-0.0498992
-0.05119
-0.0524436
-0.0536593
-0.0548365
-0.0559745
-0.0570729
-0.0581311
-0.0591487
-0.0601255
-0.0610608
-0.0619562
-0.062812
-0.0451646
-0.0465404
-0.0478818
-0.0491878
-0.0504577
-0.0516907
-0.052886
-0.0540431
-0.0551612
-0.0562399
-0.0572785
-0.0582764
-0.0592335
-0.060149
-0.0610235
-0.0618568
-0.0447829
-0.046144
-0.0474714
-0.0487643
-0.0500219
-0.0512433
-0.0524279
-0.053575
-0.0546839
-0.055754
-0.0567847
-0.0577755
-0.0587258
-0.0596352
-0.0605036
-0.0613305
-0.0433891
-0.0447831
-0.0461442
-0.0474716
-0.0487645
-0.050022
-0.0512434
-0.052428
-0.053575
-0.0546839
-0.055754
-0.0567847
-0.0577754
-0.0587257
-0.059635
-0.0605034
-0.0613303
-0.0437553
-0.0451648
-0.0465406
-0.0478819
-0.0491879
-0.0504578
-0.0516907
-0.052886
-0.0540431
-0.0551612
-0.0562398
-0.0572784
-0.0582763
-0.0592333
-0.0601488
-0.0610233
-0.0618566
-0.0443791
-0.0458111
-0.047209
-0.048572
-0.0498993
-0.0511901
-0.0524437
-0.0536593
-0.0548365
-0.0559745
-0.0570728
-0.058131
-0.0591486
-0.0601253
-0.0610606
-0.061956
-0.0628117
-0.0452467
-0.0467114
-0.0481418
-0.0495372
-0.0508966
-0.0522193
-0.0535047
-0.054752
-0.0559606
-0.0571301
-0.0582599
-0.0593497
-0.0603989
-0.0614077
-0.0623751
-0.0633045
-0.0641963
-0.0463448
-0.0478507
-0.0493222
-0.0507586
-0.0521589
-0.0535225
-0.0548488
-0.056137
-0.0573867
-0.0585974
-0.0597686
-0.0609001
-0.0619912
-0.0630425
-0.064053
-0.0650275
-0.0659672
-0.0476536
-0.0492089
-0.05073
-0.0522159
-0.0536659
-0.0550794
-0.0564556
-0.0577941
-0.0590943
-0.0603558
-0.0615782
-0.0627614
-0.0639047
-0.065009
-0.066073
-0.0671038
-0.0681033
-0.0491608
-0.0507735
-0.0523521
-0.0538957
-0.0554037
-0.0568753
-0.0583101
-0.0597076
-0.0610671
-0.0623886
-0.0636714
-0.0649157
-0.0661207
-0.0672879
-0.0684153
-0.0695131
-0.0705832
-0.0508539
-0.0525315
-0.0541751
-0.0557842
-0.057358
-0.058896
-0.0603975
-0.0618623
-0.0632897
-0.0646798
-0.0660319
-0.0673464
-0.0686224
-0.0698619
-0.0710625
-0.0722373
-0.0733888
-0.0527223
-0.0544719
-0.0561881
-0.0578701
-0.0595173
-0.0611293
-0.0627055
-0.0642456
-0.0657492
-0.0672162
-0.0686463
-0.0700397
-0.0713956
-0.0727166
-0.0739998
-0.0752615
-0.0765048
-0.0547565
-0.0565852
-0.0583808
-0.060143
-0.061871
-0.0635645
-0.0652229
-0.0668462
-0.0684339
-0.069986
-0.0715022
-0.072983
-0.0744276
-0.075839
-0.0772138
-0.0785721
-0.0799173
-0.0569481
-0.0588624
-0.0607445
-0.0625937
-0.0644096
-0.0661917
-0.0679399
-0.0696538
-0.0713332
-0.0729783
-0.0745887
-0.0761653
-0.0777069
-0.0792174
-0.0806927
-0.0821571
-0.0836141
-0.0592893
-0.0612959
-0.0632709
-0.0652139
-0.0671245
-0.0690024
-0.0708472
-0.0726591
-0.0744378
-0.0761835
-0.0778959
-0.0795762
-0.081223
-0.0828412
-0.0844257
-0.0860054
-0.0875839
-0.0617733
-0.0638783
-0.0659527
-0.067996
-0.0700079
-0.0719882
-0.0739367
-0.0758536
-0.0777387
-0.0795924
-0.0814145
-0.0832064
-0.0849664
-0.0867006
-0.0884027
-0.0901068
-0.0918163
-0.0643935
-0.0666031
-0.0687829
-0.0709328
-0.0730524
-0.0751417
-0.0772006
-0.0792293
-0.0812278
-0.0831967
-0.0851358
-0.0870469
-0.0889279
-0.0907861
-0.0926142
-0.0944514
-0.0963013
-0.0671441
-0.069464
-0.0717553
-0.0740178
-0.0762512
-0.0784558
-0.0806314
-0.0827786
-0.0848973
-0.0869884
-0.0890516
-0.0910891
-0.0930987
-0.0950888
-0.0970509
-0.09903
-0.101029
-0.0700194
-0.0724554
-0.0748638
-0.0772446
-0.0795978
-0.0819237
-0.0842223
-0.0864942
-0.0887395
-0.0909594
-0.0931536
-0.0953247
-0.0974702
-0.0995998
-0.101704
-0.103833
-0.10599
-0.0730144
-0.0755717
-0.0781027
-0.0806074
-0.083086
-0.0855389
-0.0879663
-0.0903689
-0.0927472
-0.0951022
-0.097434
-0.0997455
-0.102034
-0.10431
-0.106563
-0.108851
-0.111174
-0.0761239
-0.0788077
-0.0814664
-0.0841002
-0.0867096
-0.0892949
-0.0918568
-0.0943959
-0.0969129
-0.0994092
-0.101885
-0.104343
-0.106781
-0.109211
-0.111621
-0.114074
-0.116572
-0.0793434
-0.0821584
-0.0849496
-0.0877176
-0.0904627
-0.0931856
-0.095887
-0.0985681
-0.101229
-0.103873
-0.106498
-0.109109
-0.111703
-0.114294
-0.116866
-0.119493
-0.122172
-0.0826681
-0.0856188
-0.0885472
-0.0914538
-0.0943393
-0.0972046
-0.10005
-0.102878
-0.105689
-0.108484
-0.111265
-0.114035
-0.11679
-0.119548
-0.12229
-0.125097
-0.127965
-0.0860936
-0.0891842
-0.0922538
-0.0953033
-0.0983335
-0.101345
-0.10434
-0.10732
-0.110284
-0.113237
-0.116177
-0.119111
-0.122034
-0.124964
-0.127881
-0.130875
-0.133937
-0.0896155
-0.0928497
-0.0960644
-0.0992605
-0.102439
-0.105602
-0.10875
-0.111885
-0.115007
-0.118122
-0.121227
-0.124329
-0.127424
-0.130531
-0.13363
-0.136816
-0.140078
-0.0932294
-0.0966106
-0.0999737
-0.10332
-0.106651
-0.109967
-0.113272
-0.116566
-0.119851
-0.12313
-0.126404
-0.129679
-0.13295
-0.13624
-0.139524
-0.142907
-0.146374
-0.096931
-0.100462
-0.103977
-0.107476
-0.110961
-0.114435
-0.117899
-0.121355
-0.124805
-0.128253
-0.131699
-0.135151
-0.138602
-0.142078
-0.145552
-0.149138
-0.152813
-0.100716
-0.104399
-0.108068
-0.111722
-0.115365
-0.118999
-0.122624
-0.126245
-0.129863
-0.133483
-0.137103
-0.140735
-0.144369
-0.148036
-0.151702
-0.155495
-0.159381
-0.10458
-0.108418
-0.112242
-0.116054
-0.119856
-0.123651
-0.12744
-0.131228
-0.135015
-0.138808
-0.142606
-0.14642
-0.150241
-0.1541
-0.157963
-0.161966
-0.166068
-0.108518
-0.112512
-0.116493
-0.120464
-0.124427
-0.128384
-0.132339
-0.136294
-0.140253
-0.144221
-0.148198
-0.152196
-0.156204
-0.160259
-0.164323
-0.168537
-0.172858
-0.112527
-0.116678
-0.120817
-0.124947
-0.129071
-0.133191
-0.137312
-0.141436
-0.145567
-0.149711
-0.153868
-0.158051
-0.162249
-0.166501
-0.170767
-0.175195
-0.179739
-0.116601
-0.120909
-0.125207
-0.129496
-0.133781
-0.138065
-0.142351
-0.146644
-0.150947
-0.155267
-0.159605
-0.163974
-0.168364
-0.172813
-0.177282
-0.181924
-0.186692
-0.120736
-0.125202
-0.129657
-0.134106
-0.138552
-0.142998
-0.147449
-0.15191
-0.156384
-0.160879
-0.165397
-0.169951
-0.174533
-0.179181
-0.183856
-0.188711
-0.193701
-0.124928
-0.12955
-0.134163
-0.13877
-0.143375
-0.147983
-0.152598
-0.157225
-0.161871
-0.166539
-0.171235
-0.17597
-0.180741
-0.185585
-0.190466
-0.195535
-0.200747
-0.129172
-0.133949
-0.138718
-0.143481
-0.148243
-0.15301
-0.157788
-0.16258
-0.167395
-0.172236
-0.177111
-0.182027
-0.186986
-0.192018
-0.197097
-0.202374
-0.207808
-0.133463
-0.138394
-0.143315
-0.148232
-0.153149
-0.158072
-0.163008
-0.16796
-0.17294
-0.177949
-0.183001
-0.188098
-0.19325
-0.198472
-0.203752
-0.209224
-0.214869
-0.137798
-0.142879
-0.147951
-0.153018
-0.158087
-0.163162
-0.168251
-0.173359
-0.178496
-0.183665
-0.188884
-0.194149
-0.199488
-0.204901
-0.210398
-0.216072
-0.221931
-0.142173
-0.147402
-0.152621
-0.157836
-0.163052
-0.168277
-0.173517
-0.178777
-0.18407
-0.189394
-0.194773
-0.200193
-0.205703
-0.211276
-0.21698
-0.222856
-0.228962
-0.146584
-0.151958
-0.157321
-0.16268
-0.168041
-0.173411
-0.1788
-0.184212
-0.189661
-0.195145
-0.200692
-0.206276
-0.211963
-0.217682
-0.223566
-0.229582
-0.235928
-0.145489
-0.151021
-0.156534
-0.162034
-0.167529
-0.173026
-0.178534
-0.184062
-0.189617
-0.195214
-0.200853
-0.206567
-0.212327
-0.218215
-0.22412
-0.230232
-0.236368
-0.24291
-0.149795
-0.155458
-0.161098
-0.166723
-0.17234
-0.177957
-0.183583
-0.189228
-0.194901
-0.200616
-0.20638
-0.212224
-0.218125
-0.224181
-0.230268
-0.236663
-0.243021
-0.249901
-0.154116
-0.159902
-0.16566
-0.1714
-0.177127
-0.182852
-0.188582
-0.194328
-0.2001
-0.205912
-0.21177
-0.217704
-0.223699
-0.229851
-0.236035
-0.242602
-0.249127
-0.256527
-0.158563
-0.164486
-0.170379
-0.176251
-0.182111
-0.187968
-0.193832
-0.199713
-0.205622
-0.21157
-0.217568
-0.223637
-0.229771
-0.236046
-0.242352
-0.249022
-0.255515
-0.263135
-0.163247
-0.169338
-0.175399
-0.181442
-0.187477
-0.193514
-0.199566
-0.205643
-0.211758
-0.217924
-0.224153
-0.230458
-0.236844
-0.243356
-0.249924
-0.25681
-0.263473
-0.271123
-0.167589
-0.173791
-0.179961
-0.18611
-0.192249
-0.198392
-0.20455
-0.210736
-0.216965
-0.223249
-0.229603
-0.236038
-0.242565
-0.249204
-0.255934
-0.262872
-0.269792
-0.277624
-0.0620615
-0.0627211
-0.0633681
-0.0639959
-0.0646008
-0.0651795
-0.0657283
-0.0662421
-0.0667155
-0.0671426
-0.0675171
-0.0678323
-0.0680808
-0.0682549
-0.0683463
-0.0683462
-0.068245
-0.068033
-0.0676994
-0.0672337
-0.0666242
-0.0658594
-0.0649271
-0.0638156
-0.0625116
-0.0610043
-0.0592798
-0.0573293
-0.0551377
-0.0527012
-0.050002
-0.0470458
-0.043809
-0.0403143
-0.0365252
-0.0324947
-0.0281595
-0.023625
-0.0187744
-0.0137993
-0.00847371
-0.00310425
-0.0626025
-0.0632751
-0.0639261
-0.064554
-0.0651592
-0.0657397
-0.0662909
-0.0668071
-0.0672825
-0.0677113
-0.068087
-0.068403
-0.0686518
-0.0688255
-0.0689158
-0.0689139
-0.0688101
-0.0685945
-0.0682565
-0.0677851
-0.0671688
-0.0663959
-0.0654541
-0.0643316
-0.0630151
-0.0614936
-0.0597532
-0.057785
-0.0555738
-0.053116
-0.0503933
-0.0474121
-0.0441477
-0.0406245
-0.0368035
-0.0327417
-0.0283704
-0.0238026
-0.0189114
-0.013903
-0.00853197
-0.0031322
-0.0635931
-0.0642959
-0.0649607
-0.0655942
-0.0662046
-0.066792
-0.0673507
-0.0678738
-0.0683552
-0.0687886
-0.0691681
-0.0694868
-0.0697373
-0.0699115
-0.0700009
-0.0699964
-0.0698882
-0.0696663
-0.0693199
-0.068838
-0.0682088
-0.0674206
-0.0664608
-0.0653173
-0.0639769
-0.0624284
-0.0606576
-0.0586556
-0.056407
-0.0539083
-0.0511409
-0.0481116
-0.0447948
-0.0412165
-0.0373359
-0.0332124
-0.0287745
-0.02414
-0.0191759
-0.014098
-0.00864826
-0.0031787
-0.0650309
-0.0657771
-0.0664608
-0.0671012
-0.0677181
-0.0683144
-0.0688832
-0.0694157
-0.0699048
-0.0703446
-0.070729
-0.0710512
-0.0713035
-0.0714775
-0.0715648
-0.0715558
-0.0714409
-0.0712096
-0.070851
-0.0703537
-0.0697058
-0.0688953
-0.0679093
-0.0667356
-0.0653606
-0.063773
-0.0619583
-0.0599076
-0.0576051
-0.0550474
-0.0522154
-0.0491167
-0.0457248
-0.0420668
-0.0381006
-0.0338883
-0.029355
-0.0246242
-0.0195561
-0.0143771
-0.00881612
-0.00324322
-0.0668704
-0.0676722
-0.0683801
-0.0690296
-0.0696551
-0.0702634
-0.0708455
-0.0713902
-0.0718896
-0.0723377
-0.0727285
-0.0730552
-0.07331
-0.0734843
-0.0735691
-0.0735548
-0.0734314
-0.0731881
-0.0728138
-0.0722969
-0.0716249
-0.0707858
-0.0697661
-0.0685536
-0.0671342
-0.0654964
-0.0636252
-0.0615119
-0.05914
-0.0565065
-0.0535917
-0.0504037
-0.0469153
-0.0431551
-0.0390791
-0.0347528
-0.0300975
-0.0252431
-0.0200423
-0.0147336
-0.00903066
-0.00332486
-0.0690902
-0.069959
-0.070696
-0.0713563
-0.0719923
-0.0726151
-0.0732132
-0.0737726
-0.0742842
-0.0747422
-0.0751407
-0.0754729
-0.0757305
-0.0759048
-0.0759864
-0.0759655
-0.0758316
-0.0755737
-0.0751803
-0.0746394
-0.0739383
-0.0730643
-0.072004
-0.0707444
-0.0692712
-0.0675725
-0.0656331
-0.0634439
-0.0609882
-0.058263
-0.0552481
-0.0519523
-0.0483473
-0.0444637
-0.0402553
-0.0357915
-0.0309894
-0.0259862
-0.0206259
-0.0151611
-0.009288
-0.00342242
-0.0716679
-0.0726145
-0.0733846
-0.0740572
-0.0747052
-0.0753447
-0.0759613
-0.0765376
-0.0770633
-0.0775325
-0.0779398
-0.0782781
-0.0785389
-0.0787131
-0.0787908
-0.078762
-0.0786158
-0.0783408
-0.0779251
-0.0773562
-0.0766211
-0.0757066
-0.0745988
-0.0732843
-0.0717484
-0.0699789
-0.06796
-0.0656825
-0.0631292
-0.0602973
-0.0571658
-0.0537446
-0.0500041
-0.0459771
-0.0416151
-0.0369918
-0.0320195
-0.0268439
-0.0212994
-0.015654
-0.00958464
-0.00353469
-0.0745848
-0.0756192
-0.0764264
-0.0771124
-0.0777737
-0.0784321
-0.0790693
-0.0796645
-0.0802059
-0.0806877
-0.0811046
-0.0814496
-0.0817138
-0.0818876
-0.0819608
-0.0819228
-0.0817625
-0.0814679
-0.0810267
-0.0804261
-0.0796522
-0.0786917
-0.0775299
-0.0761531
-0.074546
-0.072696
-0.0705868
-0.0682091
-0.065545
-0.062592
-0.0593284
-0.055765
-0.051871
-0.0476817
-0.0431458
-0.0383422
-0.0331778
-0.027808
-0.0220557
-0.0162074
-0.0099174
-0.00366058
-0.077825
-0.0789566
-0.0798041
-0.0805045
-0.0811803
-0.0818593
-0.0825193
-0.0831351
-0.0836936
-0.084189
-0.0846163
-0.0849685
-0.0852362
-0.0854093
-0.0854772
-0.0854289
-0.0852526
-0.0849361
-0.0844664
-0.0838302
-0.0830131
-0.0820012
-0.0807792
-0.079333
-0.0776465
-0.0757068
-0.0734969
-0.0710075
-0.0682199
-0.065132
-0.0617212
-0.0579996
-0.0539348
-0.049565
-0.0448361
-0.0398326
-0.0344553
-0.0288704
-0.0228888
-0.0168165
-0.0102833
-0.00379905
-0.0813741
-0.0826118
-0.0835026
-0.0842179
-0.0849092
-0.0856106
-0.0862952
-0.0869332
-0.0875099
-0.0880198
-0.0884582
-0.0888178
-0.0890891
-0.0892612
-0.089323
-0.089263
-0.089069
-0.0887283
-0.0882272
-0.0875518
-0.0866872
-0.0856188
-0.0843306
-0.082808
-0.0810342
-0.0789958
-0.0766753
-0.0740631
-0.0711397
-0.0679036
-0.0643311
-0.0604357
-0.0561836
-0.0516159
-0.0466756
-0.0414534
-0.0358436
-0.0300243
-0.0237927
-0.017477
-0.0106796
-0.00394919
-0.0852195
-0.0865717
-0.087508
-0.0882387
-0.0889464
-0.0896716
-0.0903824
-0.0910439
-0.0916399
-0.092165
-0.092615
-0.0929824
-0.0932571
-0.0934278
-0.0934827
-0.0934098
-0.0931965
-0.0928293
-0.092294
-0.0915759
-0.0906597
-0.0895297
-0.0881696
-0.0865639
-0.0846952
-0.0825496
-0.0801088
-0.0773629
-0.0742919
-0.0708945
-0.0671462
-0.063062
-0.0586064
-0.0538241
-0.0486547
-0.0431959
-0.0373348
-0.0312627
-0.0247618
-0.0181848
-0.0111037
-0.00411009
-0.0893494
-0.0908238
-0.0918078
-0.092554
-0.0932786
-0.094029
-0.0947674
-0.0954536
-0.0960696
-0.0966106
-0.0970726
-0.0974479
-0.0977259
-0.0978947
-0.097942
-0.0978551
-0.0976208
-0.0972249
-0.0966527
-0.0958888
-0.0949168
-0.0937207
-0.0922831
-0.0905879
-0.0886169
-0.0863557
-0.083785
-0.0808951
-0.0776648
-0.0740935
-0.0701556
-0.0658679
-0.0611933
-0.0561801
-0.0507646
-0.0450519
-0.0389217
-0.0325794
-0.0257911
-0.0189361
-0.0115531
-0.00428092
-0.0937529
-0.0953568
-0.0963899
-0.0971514
-0.0978934
-0.0986701
-0.0994373
-0.100149
-0.100786
-0.101343
-0.101818
-0.102201
-0.102482
-0.102649
-0.102687
-0.102585
-0.102329
-0.101902
-0.101291
-0.100478
-0.0994462
-0.0981794
-0.096659
-0.0948682
-0.0927877
-0.0904027
-0.0876931
-0.0846487
-0.0812478
-0.0774902
-0.0733493
-0.0688438
-0.0639347
-0.0586749
-0.0529966
-0.0470136
-0.040597
-0.0339683
-0.0268754
-0.0197271
-0.0120253
-0.00446088
-0.0984195
-0.100159
-0.101243
-0.102019
-0.102779
-0.103583
-0.10438
-0.105118
-0.105776
-0.10635
-0.106837
-0.107228
-0.107513
-0.107677
-0.107706
-0.107588
-0.107307
-0.106849
-0.106195
-0.10533
-0.104236
-0.102894
-0.101286
-0.0993936
-0.0971968
-0.0946801
-0.0918225
-0.0886137
-0.085031
-0.0810749
-0.0767177
-0.0719803
-0.0668218
-0.0612999
-0.0553428
-0.0490736
-0.0423542
-0.0354235
-0.0280099
-0.0205542
-0.012518
-0.00464917
-0.103339
-0.105221
-0.106355
-0.107145
-0.107923
-0.108755
-0.109583
-0.110348
-0.111028
-0.111619
-0.112118
-0.112518
-0.112805
-0.112966
-0.112986
-0.112851
-0.112545
-0.112052
-0.111355
-0.110436
-0.109275
-0.107855
-0.106154
-0.104154
-0.101834
-0.0991781
-0.0961638
-0.0927808
-0.0890053
-0.0848387
-0.0802521
-0.0752689
-0.0698462
-0.0640471
-0.0577954
-0.0512245
-0.0441865
-0.0369392
-0.0291896
-0.0214137
-0.0130288
-0.00484505
-0.108501
-0.11053
-0.111715
-0.112518
-0.113314
-0.114175
-0.115034
-0.115827
-0.116528
-0.117137
-0.117649
-0.118057
-0.118347
-0.118505
-0.118515
-0.118362
-0.11803
-0.117502
-0.116759
-0.115783
-0.114553
-0.11305
-0.111252
-0.109139
-0.10669
-0.103888
-0.100708
-0.097141
-0.0931618
-0.0887728
-0.0839439
-0.0787012
-0.0729997
-0.0669086
-0.0603469
-0.0534594
-0.0460874
-0.0385097
-0.03041
-0.0223021
-0.0135554
-0.00504775
-0.113896
-0.116076
-0.117311
-0.118126
-0.118939
-0.11983
-0.120721
-0.121541
-0.122265
-0.122891
-0.123416
-0.123833
-0.124126
-0.12428
-0.12428
-0.124109
-0.123751
-0.123186
-0.122396
-0.121361
-0.12006
-0.11847
-0.116571
-0.114341
-0.111756
-0.1088
-0.105446
-0.101686
-0.0974925
-0.0928693
-0.0877851
-0.0822692
-0.0762745
-0.0698766
-0.0629898
-0.0557712
-0.0480506
-0.0401295
-0.0316662
-0.0232158
-0.0140954
-0.00525653
-0.119512
-0.121846
-0.12313
-0.123956
-0.124787
-0.125708
-0.126631
-0.12748
-0.128226
-0.128869
-0.129408
-0.129833
-0.130129
-0.130281
-0.13027
-0.130081
-0.129695
-0.129094
-0.128256
-0.12716
-0.125785
-0.124107
-0.122102
-0.11975
-0.117024
-0.113906
-0.110371
-0.106408
-0.101989
-0.0971204
-0.091768
-0.0859653
-0.079663
-0.0729438
-0.065717
-0.0581532
-0.0500698
-0.041793
-0.0329536
-0.0241515
-0.0146466
-0.00547066
-0.125338
-0.12783
-0.129161
-0.129996
-0.130844
-0.131795
-0.132751
-0.133628
-0.134396
-0.135057
-0.13561
-0.136044
-0.136345
-0.136493
-0.136473
-0.136266
-0.135853
-0.135214
-0.134327
-0.13317
-0.131719
-0.129949
-0.127837
-0.125357
-0.122485
-0.119199
-0.115475
-0.111299
-0.106645
-0.101518
-0.0958852
-0.0897821
-0.0831577
-0.0761028
-0.0685212
-0.0605984
-0.0521386
-0.0434946
-0.0342674
-0.0251055
-0.0152067
-0.00568939
-0.131362
-0.134014
-0.13539
-0.136232
-0.137098
-0.138079
-0.139068
-0.139973
-0.140764
-0.141443
-0.14201
-0.142454
-0.142759
-0.142906
-0.142877
-0.142652
-0.142213
-0.141537
-0.140601
-0.139381
-0.137853
-0.13599
-0.133766
-0.131155
-0.128131
-0.124672
-0.120749
-0.116353
-0.111453
-0.106057
-0.100129
-0.0937123
-0.0867514
-0.0793465
-0.0713955
-0.0631003
-0.0542507
-0.0452287
-0.0356029
-0.0260743
-0.0157732
-0.00591201
-0.137573
-0.140385
-0.141804
-0.142651
-0.143533
-0.144546
-0.145568
-0.146501
-0.147314
-0.148012
-0.148594
-0.149049
-0.14936
-0.149506
-0.149468
-0.149228
-0.148763
-0.14805
-0.147066
-0.145784
-0.144177
-0.14222
-0.139881
-0.137136
-0.133955
-0.130316
-0.126188
-0.121562
-0.116405
-0.110728
-0.104494
-0.097749
-0.0904371
-0.0826678
-0.074333
-0.0656522
-0.0563999
-0.0469898
-0.0369555
-0.0270544
-0.0163439
-0.00613777
-0.143958
-0.14693
-0.148387
-0.149238
-0.150137
-0.15118
-0.152236
-0.153197
-0.154034
-0.154751
-0.155349
-0.155816
-0.156133
-0.15628
-0.156237
-0.155982
-0.155492
-0.154745
-0.153713
-0.152369
-0.150684
-0.14863
-0.146176
-0.143293
-0.139951
-0.136125
-0.131785
-0.126919
-0.121496
-0.115526
-0.108972
-0.101885
-0.0942079
-0.0860598
-0.0773266
-0.0682473
-0.05858
-0.0487724
-0.0383202
-0.0280423
-0.0169164
-0.00636595
-0.150503
-0.153634
-0.155127
-0.155978
-0.156893
-0.157969
-0.159057
-0.160047
-0.160907
-0.161645
-0.16226
-0.162741
-0.163067
-0.163217
-0.163169
-0.162902
-0.16239
-0.16161
-0.160532
-0.159127
-0.157364
-0.155214
-0.152642
-0.149619
-0.146111
-0.142093
-0.137533
-0.13242
-0.126718
-0.120444
-0.113557
-0.106115
-0.0980571
-0.0895158
-0.0803697
-0.0708792
-0.0607846
-0.0505708
-0.0396924
-0.0290343
-0.0174882
-0.00659581
-0.157195
-0.160483
-0.162006
-0.162856
-0.163788
-0.164895
-0.166018
-0.167035
-0.16792
-0.168679
-0.169314
-0.169811
-0.170148
-0.170303
-0.170254
-0.169977
-0.169447
-0.168635
-0.167513
-0.166049
-0.16421
-0.161963
-0.159272
-0.156106
-0.152429
-0.148215
-0.143428
-0.138057
-0.132068
-0.125476
-0.118243
-0.110431
-0.101978
-0.0930289
-0.0834556
-0.0735414
-0.0630077
-0.0523796
-0.0410674
-0.030027
-0.0180571
-0.00682662
-0.16402
-0.167461
-0.16901
-0.169857
-0.170805
-0.171945
-0.173101
-0.174148
-0.175058
-0.17584
-0.176497
-0.177012
-0.177363
-0.177527
-0.177479
-0.177196
-0.17665
-0.175812
-0.174648
-0.173128
-0.171213
-0.16887
-0.16606
-0.16275
-0.1589
-0.154483
-0.149462
-0.143825
-0.137538
-0.130617
-0.123024
-0.114828
-0.105964
-0.0965927
-0.0865776
-0.0762273
-0.0652431
-0.0541933
-0.0424404
-0.0310167
-0.0186206
-0.00705763
-0.170963
-0.174553
-0.176122
-0.176963
-0.177928
-0.179102
-0.180292
-0.181369
-0.182305
-0.183113
-0.183793
-0.18433
-0.184699
-0.184874
-0.184833
-0.184548
-0.183991
-0.183129
-0.181928
-0.180353
-0.178366
-0.175929
-0.173
-0.169543
-0.165517
-0.160893
-0.155631
-0.14972
-0.143123
-0.135861
-0.127894
-0.119299
-0.11001
-0.100201
-0.0897293
-0.0789308
-0.0674848
-0.0560064
-0.0438067
-0.0320001
-0.0191764
-0.00728807
-0.178009
-0.181739
-0.183323
-0.184158
-0.185141
-0.186349
-0.187575
-0.188681
-0.189646
-0.190482
-0.191189
-0.19175
-0.19214
-0.192334
-0.192303
-0.192021
-0.191457
-0.190577
-0.189343
-0.187718
-0.185661
-0.183131
-0.180083
-0.176479
-0.172275
-0.167439
-0.161929
-0.155735
-0.148818
-0.141203
-0.132847
-0.123839
-0.114108
-0.103847
-0.0929043
-0.0816453
-0.0697267
-0.0578135
-0.0451618
-0.0329735
-0.0197222
-0.00751715
-0.185139
-0.189002
-0.190595
-0.191422
-0.192426
-0.19367
-0.194931
-0.19607
-0.197065
-0.197931
-0.19867
-0.19926
-0.199677
-0.199892
-0.199878
-0.199604
-0.199039
-0.198145
-0.196884
-0.195214
-0.19309
-0.19047
-0.187305
-0.183553
-0.179168
-0.174115
-0.168352
-0.161866
-0.154618
-0.146636
-0.137878
-0.128441
-0.118253
-0.107524
-0.096096
-0.0843648
-0.0719629
-0.0596093
-0.046501
-0.0339334
-0.0202557
-0.00774405
-0.192335
-0.196321
-0.197917
-0.198739
-0.199765
-0.201047
-0.202345
-0.203516
-0.204544
-0.205446
-0.206219
-0.206844
-0.207292
-0.207535
-0.207543
-0.207285
-0.206725
-0.205825
-0.204541
-0.202831
-0.200646
-0.197938
-0.194657
-0.190758
-0.18619
-0.180917
-0.174893
-0.168107
-0.160517
-0.152156
-0.142981
-0.1331
-0.122438
-0.111227
-0.0992983
-0.0870829
-0.0741876
-0.0613884
-0.0478197
-0.0348764
-0.0207746
-0.00796791
-0.199578
-0.203675
-0.205271
-0.206088
-0.207139
-0.208461
-0.209797
-0.211004
-0.212068
-0.213008
-0.213822
-0.214487
-0.214973
-0.21525
-0.215287
-0.215051
-0.214504
-0.213604
-0.212305
-0.210561
-0.208319
-0.205528
-0.202134
-0.198088
-0.193335
-0.187838
-0.181547
-0.174452
-0.166509
-0.157757
-0.148151
-0.137809
-0.126658
-0.114949
-0.102505
-0.0897936
-0.0763949
-0.0631455
-0.0491138
-0.035799
-0.0212768
-0.00818781
-0.206849
-0.211046
-0.212637
-0.213451
-0.214531
-0.215894
-0.21727
-0.218515
-0.21962
-0.220603
-0.221462
-0.222173
-0.222703
-0.223022
-0.223097
-0.222891
-0.222365
-0.221473
-0.220166
-0.218395
-0.216102
-0.213232
-0.209728
-0.205536
-0.200597
-0.194872
-0.188309
-0.180897
-0.17259
-0.163433
-0.15338
-0.142564
-0.130907
-0.118683
-0.105709
-0.0924906
-0.0785792
-0.0648753
-0.0503787
-0.0366976
-0.0217602
-0.00840274
-0.21413
-0.218416
-0.219996
-0.220809
-0.221921
-0.223329
-0.224747
-0.226032
-0.227181
-0.228213
-0.229125
-0.229888
-0.23047
-0.230839
-0.230959
-0.230792
-0.230295
-0.22942
-0.228114
-0.226323
-0.223985
-0.221043
-0.217431
-0.213095
-0.207969
-0.202014
-0.195172
-0.187434
-0.178753
-0.169179
-0.158665
-0.147357
-0.135177
-0.122424
-0.108906
-0.095168
-0.0807349
-0.0665728
-0.0516105
-0.0375688
-0.022223
-0.00861155
-0.221402
-0.225767
-0.227331
-0.228145
-0.229293
-0.230747
-0.232209
-0.233539
-0.234736
-0.235824
-0.236794
-0.237617
-0.238259
-0.238686
-0.238861
-0.238743
-0.238285
-0.237436
-0.23614
-0.234336
-0.231961
-0.228951
-0.225237
-0.220757
-0.215445
-0.209257
-0.202131
-0.194059
-0.184993
-0.174988
-0.163997
-0.152182
-0.139463
-0.126165
-0.112088
-0.0978198
-0.0828567
-0.0682328
-0.0528053
-0.038409
-0.0226635
-0.00881298
-0.228655
-0.23308
-0.234624
-0.235442
-0.23663
-0.238133
-0.239641
-0.241018
-0.242269
-0.243418
-0.244454
-0.245346
-0.246057
-0.246551
-0.24679
-0.24673
-0.246321
-0.245508
-0.244231
-0.242425
-0.24002
-0.236949
-0.233136
-0.228516
-0.223018
-0.216593
-0.209177
-0.200764
-0.191302
-0.180853
-0.169372
-0.157033
-0.143759
-0.129901
-0.115251
-0.10044
-0.0849393
-0.0698502
-0.0539593
-0.0392147
-0.0230803
-0.00900554
-0.235873
-0.24034
-0.241856
-0.242681
-0.243913
-0.245468
-0.247024
-0.248452
-0.249764
-0.250981
-0.252091
-0.253059
-0.253848
-0.25442
-0.254733
-0.254741
-0.254392
-0.253626
-0.252377
-0.250577
-0.248151
-0.245025
-0.241118
-0.236362
-0.230677
-0.224014
-0.216304
-0.207541
-0.197673
-0.186768
-0.174781
-0.161904
-0.148058
-0.133623
-0.118387
-0.103023
-0.0869778
-0.0714202
-0.0550691
-0.0399825
-0.0234721
-0.0091875
-0.243021
-0.247521
-0.24901
-0.249847
-0.251127
-0.252734
-0.25434
-0.255824
-0.257202
-0.258496
-0.259688
-0.260742
-0.261618
-0.262276
-0.262674
-0.262761
-0.262482
-0.261774
-0.260565
-0.258781
-0.256341
-0.253167
-0.249173
-0.244282
-0.238412
-0.231509
-0.223501
-0.214382
-0.204097
-0.192724
-0.180217
-0.166786
-0.152353
-0.137326
-0.121491
-0.105563
-0.0889672
-0.0729379
-0.0561315
-0.0407088
-0.0238383
-0.00935686
-0.250098
-0.2546
-0.256062
-0.256919
-0.258252
-0.259913
-0.261571
-0.263115
-0.264566
-0.265944
-0.267228
-0.268377
-0.26935
-0.270105
-0.270595
-0.270771
-0.270574
-0.269935
-0.268776
-0.267018
-0.264574
-0.26136
-0.257284
-0.252263
-0.24621
-0.239066
-0.230757
-0.221274
-0.210565
-0.198711
-0.185672
-0.171671
-0.156636
-0.141003
-0.124556
-0.108053
-0.0909028
-0.0743987
-0.0571436
-0.04139
-0.0241783
-0.00951135
-0.257127
-0.261577
-0.263
-0.263881
-0.265268
-0.266983
-0.268694
-0.270302
-0.271834
-0.273304
-0.274687
-0.27594
-0.277021
-0.277883
-0.278476
-0.27875
-0.278645
-0.278086
-0.276987
-0.275265
-0.272827
-0.269581
-0.265429
-0.260284
-0.25405
-0.246666
-0.238052
-0.228202
-0.21706
-0.204716
-0.191132
-0.176549
-0.160899
-0.144646
-0.127576
-0.110489
-0.0927796
-0.0757975
-0.0581024
-0.0420226
-0.0244919
-0.00964828
-0.263975
-0.268423
-0.269808
-0.27071
-0.27215
-0.273917
-0.275681
-0.277359
-0.27898
-0.280551
-0.28204
-0.283403
-0.284598
-0.285577
-0.286284
-0.286669
-0.286668
-0.286199
-0.285172
-0.283496
-0.281073
-0.277804
-0.273584
-0.26832
-0.26191
-0.254288
-0.245369
-0.235148
-0.223567
-0.210725
-0.196586
-0.181408
-0.165131
-0.148245
-0.130543
-0.112862
-0.0945928
-0.07713
-0.0590055
-0.0426033
-0.0247794
-0.00976457
-0.270598
-0.275077
-0.276446
-0.277387
-0.278886
-0.280698
-0.282515
-0.284271
-0.285991
-0.287675
-0.289283
-0.290762
-0.292066
-0.293159
-0.293995
-0.294509
-0.294631
-0.294269
-0.293326
-0.29171
-0.289313
-0.286033
-0.281754
-0.276378
-0.269796
-0.261937
-0.252713
-0.242117
-0.230092
-0.216743
-0.202038
-0.186253
-0.169337
-0.151805
-0.133462
-0.115176
-0.096345
-0.0783972
-0.0598546
-0.043132
-0.0250433
-0.00985784
-0.277618
-0.281677
-0.282925
-0.283925
-0.285484
-0.287323
-0.289186
-0.291025
-0.292856
-0.294666
-0.296416
-0.298047
-0.299475
-0.300662
-0.301613
-0.30227
-0.302534
-0.302292
-0.301447
-0.299902
-0.297544
-0.294261
-0.289933
-0.284453
-0.277705
-0.269613
-0.260084
-0.249111
-0.236636
-0.222771
-0.207491
-0.191086
-0.173517
-0.155326
-0.136331
-0.117431
-0.0980358
-0.0795981
-0.0606498
-0.0436075
-0.0252875
-0.00992717
-0.284924
-0.288162
-0.289117
-0.290123
-0.291722
-0.293576
-0.295471
-0.297391
-0.29933
-0.301263
-0.303158
-0.30499
-0.3067
-0.308026
-0.308946
-0.309679
-0.310049
-0.309905
-0.309142
-0.307657
-0.305332
-0.302045
-0.29767
-0.292091
-0.285187
-0.276876
-0.267059
-0.255727
-0.242823
-0.228463
-0.212629
-0.195625
-0.177426
-0.158595
-0.138972
-0.119475
-0.0995462
-0.0806369
-0.0613227
-0.0439778
-0.0254853
-0.0099595
-0.291307
-0.292923
-0.294317
-0.295325
-0.296921
-0.298862
-0.300839
-0.30284
-0.304871
-0.306881
-0.308817
-0.310613
-0.312198
-0.313626
-0.3149
-0.315825
-0.316317
-0.316276
-0.315598
-0.314177
-0.31189
-0.308612
-0.304211
-0.298565
-0.291547
-0.283069
-0.273027
-0.261409
-0.248158
-0.233387
-0.217088
-0.199568
-0.180825
-0.161424
-0.141247
-0.121203
-0.100801
-0.0814506
-0.0618272
-0.0441971
-0.0255999
-0.00992299
-0.296726
-0.298631
-0.301105
-0.302635
-0.30439
-0.306541
-0.308705
-0.310827
-0.312959
-0.315073
-0.317126
-0.319082
-0.320891
-0.322356
-0.32354
-0.324413
-0.32485
-0.324737
-0.323966
-0.322423
-0.319979
-0.316504
-0.311861
-0.305926
-0.298569
-0.2897
-0.279218
-0.26711
-0.253327
-0.237986
-0.221094
-0.20296
-0.183611
-0.163612
-0.142885
-0.122328
-0.101507
-0.0817902
-0.0619392
-0.0441201
-0.0255113
-0.00978427
-0.302833
-0.304983
-0.308106
-0.310024
-0.311843
-0.314066
-0.31635
-0.318555
-0.320748
-0.322922
-0.325015
-0.326973
-0.328721
-0.330231
-0.331533
-0.332458
-0.332895
-0.332745
-0.3319
-0.330242
-0.32764
-0.323959
-0.31906
-0.312815
-0.305092
-0.295802
-0.284847
-0.272215
-0.257867
-0.241925
-0.224416
-0.205657
-0.185702
-0.165122
-0.143876
-0.122857
-0.10168
-0.0816767
-0.0616844
-0.0437721
-0.0252501
-0.00957888
-0.309497
-0.311774
-0.315205
-0.317393
-0.319253
-0.321489
-0.32386
-0.326153
-0.328406
-0.330638
-0.332792
-0.334823
-0.336697
-0.338262
-0.339586
-0.340503
-0.340907
-0.340701
-0.339772
-0.337995
-0.335235
-0.331352
-0.326201
-0.319653
-0.311574
-0.301871
-0.29045
-0.277298
-0.262386
-0.245841
-0.227706
-0.208309
-0.187731
-0.166551
-0.144769
-0.123272
-0.101731
-0.081437
-0.061319
-0.0433227
-0.0249345
-0.00933978
-0.316334
-0.318707
-0.32223
-0.324607
-0.326556
-0.328818
-0.331269
-0.333669
-0.336009
-0.33831
-0.340526
-0.3426
-0.344462
-0.346203
-0.347559
-0.348464
-0.348842
-0.348586
-0.347577
-0.345685
-0.342768
-0.338683
-0.333284
-0.326436
-0.318004
-0.307893
-0.296009
-0.282343
-0.26687
-0.249723
-0.230962
-0.210923
-0.189714
-0.167925
-0.145597
-0.123609
-0.1017
-0.0811066
-0.060875
-0.0427931
-0.0245788
-0.00906168
-0.323039
-0.325552
-0.329029
-0.331528
-0.333606
-0.33593
-0.338456
-0.340958
-0.343392
-0.345776
-0.348069
-0.350208
-0.352163
-0.353921
-0.355291
-0.356191
-0.356545
-0.356243
-0.355156
-0.353149
-0.350077
-0.345795
-0.340151
-0.333006
-0.324227
-0.313713
-0.301375
-0.2872
-0.271174
-0.253431
-0.234049
-0.213371
-0.191535
-0.169136
-0.146264
-0.123785
-0.101518
-0.0806285
-0.0603073
-0.0421494
-0.024159
-0.00873019
-0.329348
-0.332115
-0.335489
-0.338056
-0.340285
-0.342705
-0.345304
-0.347899
-0.350425
-0.352889
-0.355262
-0.357489
-0.359509
-0.361277
-0.362661
-0.363563
-0.363897
-0.363547
-0.362383
-0.360263
-0.357039
-0.352562
-0.346678
-0.339246
-0.330127
-0.319222
-0.306441
-0.291771
-0.275204
-0.256879
-0.236888
-0.215581
-0.193127
-0.170127
-0.146719
-0.123757
-0.101143
-0.0799685
-0.0595876
-0.0413682
-0.0236597
-0.00833597
-0.33514
-0.338259
-0.341524
-0.344122
-0.346504
-0.34904
-0.351716
-0.354391
-0.357004
-0.359547
-0.361993
-0.364292
-0.36639
-0.368174
-0.369564
-0.370469
-0.370783
-0.370386
-0.369144
-0.366913
-0.36354
-0.358874
-0.352758
-0.345046
-0.335601
-0.32432
-0.311112
-0.295966
-0.278879
-0.259992
-0.239412
-0.217497
-0.194443
-0.170857
-0.146929
-0.123497
-0.100555
-0.0791081
-0.0587011
-0.0404359
-0.0230734
-0.00787192
-0.340377
-0.343913
-0.34708
-0.349685
-0.352205
-0.35486
-0.357611
-0.360358
-0.36305
-0.36567
-0.368187
-0.370551
-0.372693
-0.374522
-0.375916
-0.376816
-0.377108
-0.376663
-0.375341
-0.372998
-0.369479
-0.364628
-0.358286
-0.350306
-0.340548
-0.328906
-0.315292
-0.299694
-0.282111
-0.262691
-0.24155
-0.219054
-0.195427
-0.171281
-0.146856
-0.122974
-0.0997294
-0.078028
-0.057633
-0.0393389
-0.0223934
-0.00733007
-0.345119
-0.34907
-0.352139
-0.354731
-0.357364
-0.360124
-0.362944
-0.365753
-0.368516
-0.371208
-0.373789
-0.376209
-0.378389
-0.380255
-0.381661
-0.382545
-0.382806
-0.382306
-0.3809
-0.378442
-0.374775
-0.36974
-0.363178
-0.354938
-0.34488
-0.332895
-0.318897
-0.302871
-0.284823
-0.2649
-0.243232
-0.220191
-0.196024
-0.171351
-0.146461
-0.122158
-0.0986409
-0.0767081
-0.0563679
-0.0380626
-0.0216125
-0.00670154
-0.349468
-0.353742
-0.356695
-0.359263
-0.36198
-0.364826
-0.367704
-0.37057
-0.373396
-0.376149
-0.378782
-0.381229
-0.383421
-0.385335
-0.386764
-0.387622
-0.387839
-0.387272
-0.385773
-0.383192
-0.379371
-0.374151
-0.36737
-0.358876
-0.348528
-0.336217
-0.321855
-0.305428
-0.286945
-0.266555
-0.244399
-0.220852
-0.196188
-0.171028
-0.145711
-0.121021
-0.0972677
-0.0751306
-0.0548918
-0.0365935
-0.0207248
-0.0059768
-0.353489
-0.357929
-0.360748
-0.363294
-0.366077
-0.368988
-0.371916
-0.374832
-0.377712
-0.380518
-0.3832
-0.385695
-0.387935
-0.389785
-0.391208
-0.392038
-0.392193
-0.391543
-0.389936
-0.387219
-0.383235
-0.377823
-0.370821
-0.362076
-0.351447
-0.338822
-0.324116
-0.307313
-0.288427
-0.267606
-0.245003
-0.220995
-0.195878
-0.170277
-0.144577
-0.119542
-0.0955929
-0.0732829
-0.0531944
-0.0349207
-0.0197266
-0.00514588
-0.357179
-0.361628
-0.364317
-0.366858
-0.369693
-0.372652
-0.37562
-0.378578
-0.381501
-0.384344
-0.38705
-0.389545
-0.391747
-0.393579
-0.394998
-0.395792
-0.395868
-0.395114
-0.393379
-0.390511
-0.386351
-0.380737
-0.373508
-0.364511
-0.353605
-0.340678
-0.325645
-0.30849
-0.289233
-0.268019
-0.245012
-0.22059
-0.19507
-0.169078
-0.143042
-0.117709
-0.0936067
-0.0711582
-0.0512697
-0.033037
-0.0186166
-0.00419867
-0.360512
-0.364852
-0.367435
-0.369991
-0.372868
-0.37586
-0.378859
-0.381848
-0.384799
-0.387662
-0.390374
-0.392866
-0.39506
-0.396873
-0.398169
-0.398889
-0.398868
-0.397987
-0.396104
-0.393065
-0.388713
-0.382886
-0.375424
-0.366172
-0.354992
-0.341772
-0.326428
-0.308945
-0.289346
-0.267776
-0.244408
-0.219622
-0.193749
-0.167421
-0.1411
-0.115519
-0.0913079
-0.0687581
-0.0491176
-0.0309401
-0.0173961
-0.00312483
-0.363469
-0.367629
-0.370135
-0.372721
-0.375631
-0.378642
-0.381661
-0.384667
-0.387628
-0.390488
-0.393183
-0.39564
-0.397775
-0.399493
-0.400698
-0.401334
-0.401194
-0.400165
-0.398113
-0.394886
-0.390327
-0.384275
-0.376571
-0.367063
-0.355612
-0.342106
-0.326467
-0.308679
-0.288768
-0.26688
-0.243195
-0.218092
-0.19192
-0.165311
-0.138759
-0.112982
-0.0887052
-0.066093
-0.0467448
-0.0286341
-0.01607
-0.00191387
-0.366039
-0.369982
-0.372434
-0.375057
-0.377989
-0.381007
-0.384031
-0.387037
-0.389987
-0.392821
-0.395474
-0.397871
-0.399932
-0.401568
-0.40269
-0.403142
-0.402846
-0.401649
-0.399409
-0.395978
-0.391199
-0.384914
-0.376964
-0.367198
-0.35548
-0.3417
-0.325781
-0.30771
-0.287518
-0.265348
-0.24139
-0.216021
-0.189603
-0.162768
-0.136039
-0.110119
-0.0858187
-0.0631841
-0.0441658
-0.0261306
-0.0146468
-0.000555661
-0.368212
-0.371916
-0.374329
-0.376989
-0.379931
-0.382944
-0.385957
-0.388944
-0.391858
-0.394641
-0.397225
-0.399538
-0.401496
-0.40301
-0.403977
-0.404288
-0.403822
-0.402439
-0.399999
-0.396353
-0.391347
-0.384823
-0.376625
-0.366604
-0.354627
-0.340586
-0.324404
-0.306075
-0.285633
-0.263219
-0.239031
-0.213446
-0.186835
-0.159831
-0.132977
-0.106966
-0.0826811
-0.0600639
-0.041404
-0.0234498
-0.0131384
0.000958386
-0.369956
-0.373408
-0.375802
-0.378496
-0.381437
-0.384429
-0.387414
-0.390358
-0.393214
-0.395921
-0.398413
-0.400618
-0.402453
-0.403827
-0.404639
-0.404779
-0.404133
-0.40255
-0.399899
-0.396033
-0.390796
-0.384034
-0.375592
-0.365325
-0.3531
-0.338813
-0.322387
-0.303828
-0.283168
-0.260549
-0.236176
-0.210424
-0.183671
-0.156552
-0.129624
-0.103572
-0.0793377
-0.0567761
-0.0384923
-0.0206218
-0.0115602
0.00263325
-0.371281
-0.374418
-0.376828
-0.379561
-0.382483
-0.385437
-0.388373
-0.391254
-0.394029
-0.39664
-0.399021
-0.4011
-0.402796
-0.404019
-0.404666
-0.40463
-0.403796
-0.402007
-0.399143
-0.395056
-0.389592
-0.382597
-0.37392
-0.363417
-0.35096
-0.33645
-0.319803
-0.301044
-0.2802
-0.257415
-0.2329
-0.207029
-0.180184
-0.153001
-0.126047
-0.100002
-0.0758475
-0.0533761
-0.0354738
-0.0176872
-0.0099304
0.00446718
-0.372526
-0.374967
-0.377394
-0.380166
-0.383054
-0.385952
-0.388821
-0.391622
-0.394301
-0.396802
-0.39906
-0.401003
-0.402549
-0.40361
-0.404087
-0.403873
-0.402852
-0.400854
-0.397782
-0.393481
-0.387799
-0.380584
-0.371686
-0.360964
-0.348296
-0.333592
-0.316739
-0.297816
-0.276824
-0.253913
-0.229299
-0.203355
-0.176461
-0.149263
-0.122329
-0.0963302
-0.072282
-0.0499296
-0.0324028
-0.0146967
-0.00827001
0.00644756
-0.372216
-0.375034
-0.377528
-0.38029
-0.383138
-0.385975
-0.388765
-0.391471
-0.394041
-0.396422
-0.398549
-0.400352
-0.40175
-0.402653
-0.402964
-0.402575
-0.401376
-0.399179
-0.395909
-0.391408
-0.385522
-0.378103
-0.369004
-0.358088
-0.345239
-0.33039
-0.313288
-0.294257
-0.273155
-0.250161
-0.225483
-0.199515
-0.172609
-0.145441
-0.118566
-0.0926464
-0.0687253
-0.0465119
-0.0293449
-0.0117112
-0.00660345
0.00854609
-0.371919
-0.374752
-0.377287
-0.380017
-0.382802
-0.385561
-0.388263
-0.390867
-0.393326
-0.395585
-0.397583
-0.399247
-0.400498
-0.401247
-0.401398
-0.400832
-0.399406
-0.39708
-0.393636
-0.38895
-0.382878
-0.375274
-0.365993
-0.354901
-0.341881
-0.326855
-0.309719
-0.290547
-0.269364
-0.246308
-0.22158
-0.195641
-0.168743
-0.141651
-0.114865
-0.0890502
-0.065272
-0.0432066
-0.0263769
-0.00880068
-0.00495987
0.0107142
-0.371428
-0.374174
-0.376723
-0.379408
-0.382119
-0.384796
-0.387405
-0.389908
-0.392258
-0.394401
-0.396275
-0.397808
-0.398922
-0.399529
-0.399534
-0.398818
-0.397252
-0.394742
-0.391128
-0.386275
-0.380039
-0.372273
-0.362835
-0.351595
-0.338439
-0.323282
-0.306059
-0.286798
-0.265555
-0.242483
-0.217794
-0.19192
-0.164982
-0.138018
-0.111346
-0.08565
-0.062025
-0.0401036
-0.0235859
-0.00604312
-0.00337578
0.0128803
-0.370743
-0.373399
-0.375941
-0.378572
-0.381208
-0.383803
-0.386324
-0.388733
-0.390982
-0.393018
-0.394778
-0.396193
-0.397184
-0.397665
-0.397539
-0.39669
-0.394989
-0.392331
-0.388568
-0.383571
-0.377193
-0.36929
-0.359723
-0.348361
-0.335095
-0.31984
-0.302544
-0.283228
-0.261955
-0.238876
-0.214216
-0.188349
-0.161606
-0.134697
-0.108138
-0.0825572
-0.0590922
-0.0372977
-0.0210656
-0.00352409
-0.00189823
0.0149496
-0.369971
-0.372549
-0.375071
-0.377646
-0.380213
-0.382735
-0.385178
-0.387503
-0.389664
-0.391607
-0.39327
-0.394584
-0.39547
-0.395843
-0.395605
-0.39464
-0.392822
-0.390041
-0.38616
-0.381046
-0.374553
-0.366539
-0.356866
-0.345408
-0.332057
-0.316731
-0.299385
-0.280035
-0.258751
-0.235682
-0.211061
-0.185243
-0.158616
-0.1318
-0.105395
-0.079882
-0.0565823
-0.0348856
-0.0189118
-0.00133554
-0.000586748
0.0168102
-0.369237
-0.371755
-0.374254
-0.37678
-0.37929
-0.381751
-0.384131
-0.386389
-0.388479
-0.390347
-0.391933
-0.393167
-0.393971
-0.394258
-0.393932
-0.392877
-0.390969
-0.388089
-0.384116
-0.378911
-0.372331
-0.364233
-0.354482
-0.342953
-0.32954
-0.314164
-0.296785
-0.277416
-0.256133
-0.233083
-0.208505
-0.182742
-0.156203
-0.129473
-0.103151
-0.0777995
-0.0546031
-0.0329609
-0.0172134
0.000426634
0.000488871
0.0183431
-0.368663
-0.371143
-0.373621
-0.376111
-0.37858
-0.380999
-0.383333
-0.385544
-0.387585
-0.389401
-0.390933
-0.392111
-0.392858
-0.393087
-0.392699
-0.391583
-0.389612
-0.386661
-0.382627
-0.377361
-0.370722
-0.362568
-0.352765
-0.34119
-0.327737
-0.31233
-0.29493
-0.275553
-0.254274
-0.231242
-0.206699
-0.180982
-0.15451
-0.127847
-0.101593
-0.076343
-0.0532373
-0.0316077
-0.0160433
0.00166895
0.00125694
0.0194377
-0.368348
-0.370808
-0.373275
-0.375746
-0.378194
-0.380591
-0.382902
-0.385088
-0.387103
-0.388893
-0.390398
-0.391547
-0.392265
-0.392463
-0.392044
-0.390896
-0.388894
-0.385906
-0.381841
-0.376545
-0.369876
-0.361695
-0.351866
-0.340267
-0.326795
-0.311373
-0.293965
-0.274584
-0.253309
-0.230289
-0.205765
-0.180073
-0.153637
-0.12701
-0.100794
-0.0755935
-0.0525501
-0.0308997
-0.0154487
0.00231266
0.00165757
0.0200082
)
;

boundaryField
{
    inlet
    {
        type            zeroGradient;
    }
    outlet
    {
        type            fixedValue;
        value           uniform 0;
    }
    cylinder
    {
        type            zeroGradient;
    }
    top
    {
        type            symmetryPlane;
    }
    bottom
    {
        type            symmetryPlane;
    }
    defaultFaces
    {
        type            empty;
    }
    procBoundary1to0
    {
        type            processor;
        value           nonuniform List<scalar> 
163
(
-0.327472
-0.327472
-0.329005
-0.330619
-0.332344
-0.331999
-0.331999
-0.333677
-0.335499
-0.337485
-0.335068
-0.335068
-0.337071
-0.333026
-0.333026
-0.334956
-0.337075
-0.332095
-0.332095
-0.333921
-0.326672
-0.326672
-0.315687
-0.315687
-0.314824
-0.29774
-0.29774
-0.277818
-0.277818
-0.256742
-0.256742
-0.235472
-0.235472
-0.214766
-0.214766
-0.19439
-0.19439
-0.175723
-0.175719
-0.175719
-0.208911
-0.194387
-0.194387
-0.230035
-0.230035
-0.251871
-0.256741
-0.256741
-0.277818
-0.277818
-0.297741
-0.297741
-0.314827
-0.31569
-0.31569
-0.326676
-0.326676
-0.333926
-0.3321
-0.3321
-0.33708
-0.33496
-0.33496
-0.339286
-0.337076
-0.335073
-0.335073
-0.337491
-0.335504
-0.333683
-0.333683
-0.334214
-0.33235
-0.330625
-0.329011
-0.327478
-0.327478
-0.167593
-0.163251
-0.158567
-0.154119
-0.149798
-0.145492
-0.141196
-0.13693
-0.132705
-0.128521
-0.124383
-0.120295
-0.116259
-0.112281
-0.108363
-0.104511
-0.100727
-0.097017
-0.0933834
-0.0898305
-0.0863623
-0.0829828
-0.0796958
-0.0765055
-0.073416
-0.0704316
-0.0675568
-0.0647963
-0.062155
-0.0596384
-0.057252
-0.0550022
-0.0528957
-0.05094
-0.0491432
-0.0475146
-0.0460645
-0.0448052
-0.0437484
-0.0429139
-0.0437551
-0.0437551
-0.0433889
-0.0419632
-0.0423132
-0.0429141
-0.0437486
-0.0448054
-0.0460647
-0.0475148
-0.0491433
-0.05094
-0.0528957
-0.0550021
-0.0572518
-0.059638
-0.0621545
-0.0647957
-0.0675561
-0.0704307
-0.073415
-0.0765044
-0.0796946
-0.0829815
-0.086361
-0.0898291
-0.0933819
-0.0970154
-0.100726
-0.104509
-0.108361
-0.112279
-0.116257
-0.120293
-0.124381
-0.128519
-0.132702
-0.136928
-0.141193
-0.141193
-0.139932
-0.144103
-0.148296
-0.152603
-0.157119
-0.161346
)
;
    }
}


// ************************************************************************* //
