/*--------------------------------*- C++ -*----------------------------------*\
  =========                 |
  \\      /  F ield         | OpenFOAM: The Open Source CFD Toolbox
   \\    /   O peration     | Website:  https://openfoam.org
    \\  /    A nd           | Version:  7
     \\/     M anipulation  |
\*---------------------------------------------------------------------------*/
FoamFile
{
    version     2.0;
    format      ascii;
    class       labelList;
    note        "nPoints: 17530 nCells: 8500 nFaces: 34265 nInternalFaces: 16735";
    location    "constant/polyMesh";
    object      neighbour;
}
// * * * * * * * * * * * * * * * * * * * * * * * * * * * * * * * * * * * * * //


16735
(
1
10
1590
2
11
1591
3
12
1592
4
13
1593
5
14
1594
6
15
1595
7
16
1596
8
17
1597
9
18
1598
19
1599
1600
11
20
12
21
13
22
14
23
15
24
16
25
17
26
18
27
19
28
29
1630
21
30
22
31
23
32
24
33
25
34
26
35
27
36
28
37
29
38
39
1660
31
40
32
41
33
42
34
43
35
44
36
45
37
46
38
47
39
48
49
1690
41
50
42
51
43
52
44
53
45
54
46
55
47
56
48
57
49
58
59
1720
51
60
52
61
53
62
54
63
55
64
56
65
57
66
58
67
59
68
69
1750
61
70
62
71
63
72
64
73
65
74
66
75
67
76
68
77
69
78
79
1780
71
80
72
81
73
82
74
83
75
84
76
85
77
86
78
87
79
88
89
1810
81
90
82
91
83
92
84
93
85
94
86
95
87
96
88
97
89
98
99
1840
91
100
92
101
93
102
94
103
95
104
96
105
97
106
98
107
99
108
109
1870
101
110
102
111
103
112
104
113
105
114
106
115
107
116
108
117
109
118
119
1900
111
120
112
121
113
122
114
123
115
124
116
125
117
126
118
127
119
128
129
1930
121
130
122
131
123
132
124
133
125
134
126
135
127
136
128
137
129
138
139
1960
131
140
132
141
133
142
134
143
135
144
136
145
137
146
138
147
139
148
149
1990
141
150
142
151
143
152
144
153
145
154
146
155
147
156
148
157
149
158
159
2020
151
160
152
161
153
162
154
163
155
164
156
165
157
166
158
167
159
168
169
2050
161
170
162
171
163
172
164
173
165
174
166
175
167
176
168
177
169
178
179
2080
171
180
172
181
173
182
174
183
175
184
176
185
177
186
178
187
179
188
189
2110
181
190
182
191
183
192
184
193
185
194
186
195
187
196
188
197
189
198
199
2140
191
200
192
201
193
202
194
203
195
204
196
205
197
206
198
207
199
208
209
2170
201
210
202
211
203
212
204
213
205
214
206
215
207
216
208
217
209
218
219
3119
211
220
212
221
213
222
214
223
215
224
216
225
217
226
218
227
219
228
229
3118
221
230
222
231
223
232
224
233
225
234
226
235
227
236
228
237
229
238
239
3117
231
240
232
241
233
242
234
243
235
244
236
245
237
246
238
247
239
248
249
3116
241
250
242
251
243
252
244
253
245
254
246
255
247
256
248
257
249
258
259
3115
251
260
252
261
253
262
254
263
255
264
256
265
257
266
258
267
259
268
269
3114
261
270
262
271
263
272
264
273
265
274
266
275
267
276
268
277
269
278
279
3113
271
280
272
281
273
282
274
283
275
284
276
285
277
286
278
287
279
288
289
3112
281
290
282
291
283
292
284
293
285
294
286
295
287
296
288
297
289
298
299
3111
291
300
292
301
293
302
294
303
295
304
296
305
297
306
298
307
299
308
309
3110
301
310
302
311
303
312
304
313
305
314
306
315
307
316
308
317
309
318
319
3109
311
320
312
321
313
322
314
323
315
324
316
325
317
326
318
327
319
328
329
3108
321
330
322
331
323
332
324
333
325
334
326
335
327
336
328
337
329
338
339
3107
331
340
332
341
333
342
334
343
335
344
336
345
337
346
338
347
339
348
349
3106
341
350
342
351
343
352
344
353
345
354
346
355
347
356
348
357
349
358
359
3105
351
360
352
361
353
362
354
363
355
364
356
365
357
366
358
367
359
368
369
3104
361
370
362
371
363
372
364
373
365
374
366
375
367
376
368
377
369
378
379
3103
371
380
372
381
373
382
374
383
375
384
376
385
377
386
378
387
379
388
389
3102
381
390
382
391
383
392
384
393
385
394
386
395
387
396
388
397
389
398
399
3101
391
400
392
401
393
402
394
403
395
404
396
405
397
406
398
407
399
408
409
3100
401
410
402
411
403
412
404
413
405
414
406
415
407
416
408
417
409
418
419
3719
411
420
412
421
413
422
414
423
415
424
416
425
417
426
418
427
419
428
429
3718
421
430
422
431
423
432
424
433
425
434
426
435
427
436
428
437
429
438
439
3717
431
440
432
441
433
442
434
443
435
444
436
445
437
446
438
447
439
448
449
3716
441
450
442
451
443
452
444
453
445
454
446
455
447
456
448
457
449
458
459
3715
451
460
452
461
453
462
454
463
455
464
456
465
457
466
458
467
459
468
469
3714
461
470
462
471
463
472
464
473
465
474
466
475
467
476
468
477
469
478
479
3713
471
480
472
481
473
482
474
483
475
484
476
485
477
486
478
487
479
488
489
3712
481
490
482
491
483
492
484
493
485
494
486
495
487
496
488
497
489
498
499
3711
491
500
492
501
493
502
494
503
495
504
496
505
497
506
498
507
499
508
509
3710
501
510
502
511
503
512
504
513
505
514
506
515
507
516
508
517
509
518
519
3709
511
520
512
521
513
522
514
523
515
524
516
525
517
526
518
527
519
528
529
3708
521
530
522
531
523
532
524
533
525
534
526
535
527
536
528
537
529
538
539
3707
531
540
532
541
533
542
534
543
535
544
536
545
537
546
538
547
539
548
549
3706
541
550
542
551
543
552
544
553
545
554
546
555
547
556
548
557
549
558
559
3705
551
560
552
561
553
562
554
563
555
564
556
565
557
566
558
567
559
568
569
3704
561
570
562
571
563
572
564
573
565
574
566
575
567
576
568
577
569
578
579
3703
571
580
572
581
573
582
574
583
575
584
576
585
577
586
578
587
579
588
589
3702
581
590
582
591
583
592
584
593
585
594
586
595
587
596
588
597
589
598
599
3701
591
600
592
601
593
602
594
603
595
604
596
605
597
606
598
607
599
608
609
3700
601
610
602
611
603
612
604
613
605
614
606
615
607
616
608
617
609
618
619
5049
611
620
612
621
613
622
614
623
615
624
616
625
617
626
618
627
619
628
629
5034
621
630
622
631
623
632
624
633
625
634
626
635
627
636
628
637
629
638
639
5019
631
640
632
641
633
642
634
643
635
644
636
645
637
646
638
647
639
648
649
5004
641
650
642
651
643
652
644
653
645
654
646
655
647
656
648
657
649
658
659
4989
651
660
652
661
653
662
654
663
655
664
656
665
657
666
658
667
659
668
669
4974
661
670
662
671
663
672
664
673
665
674
666
675
667
676
668
677
669
678
679
4959
671
680
672
681
673
682
674
683
675
684
676
685
677
686
678
687
679
688
689
4944
681
690
682
691
683
692
684
693
685
694
686
695
687
696
688
697
689
698
699
4929
691
700
692
701
693
702
694
703
695
704
696
705
697
706
698
707
699
708
709
4914
701
710
702
711
703
712
704
713
705
714
706
715
707
716
708
717
709
718
719
4899
711
720
712
721
713
722
714
723
715
724
716
725
717
726
718
727
719
728
729
4884
721
730
722
731
723
732
724
733
725
734
726
735
727
736
728
737
729
738
739
4869
731
740
732
741
733
742
734
743
735
744
736
745
737
746
738
747
739
748
749
4854
741
750
742
751
743
752
744
753
745
754
746
755
747
756
748
757
749
758
759
4839
751
760
752
761
753
762
754
763
755
764
756
765
757
766
758
767
759
768
769
4824
761
770
762
771
763
772
764
773
765
774
766
775
767
776
768
777
769
778
779
4809
771
780
772
781
773
782
774
783
775
784
776
785
777
786
778
787
779
788
789
4794
781
790
782
791
783
792
784
793
785
794
786
795
787
796
788
797
789
798
799
4779
791
800
792
801
793
802
794
803
795
804
796
805
797
806
798
807
799
808
809
4764
801
810
802
811
803
812
804
813
805
814
806
815
807
816
808
817
809
818
819
5349
811
820
812
821
813
822
814
823
815
824
816
825
817
826
818
827
819
828
829
5334
821
830
822
831
823
832
824
833
825
834
826
835
827
836
828
837
829
838
839
5319
831
840
832
841
833
842
834
843
835
844
836
845
837
846
838
847
839
848
849
5304
841
850
842
851
843
852
844
853
845
854
846
855
847
856
848
857
849
858
859
5289
851
860
852
861
853
862
854
863
855
864
856
865
857
866
858
867
859
868
869
5274
861
870
862
871
863
872
864
873
865
874
866
875
867
876
868
877
869
878
879
5259
871
880
872
881
873
882
874
883
875
884
876
885
877
886
878
887
879
888
889
5244
881
890
882
891
883
892
884
893
885
894
886
895
887
896
888
897
889
898
899
5229
891
900
892
901
893
902
894
903
895
904
896
905
897
906
898
907
899
908
909
5214
901
910
902
911
903
912
904
913
905
914
906
915
907
916
908
917
909
918
919
5199
911
920
912
921
913
922
914
923
915
924
916
925
917
926
918
927
919
928
929
5184
921
930
922
931
923
932
924
933
925
934
926
935
927
936
928
937
929
938
939
5169
931
940
932
941
933
942
934
943
935
944
936
945
937
946
938
947
939
948
949
5154
941
950
942
951
943
952
944
953
945
954
946
955
947
956
948
957
949
958
959
5139
951
960
952
961
953
962
954
963
955
964
956
965
957
966
958
967
959
968
969
5124
961
970
962
971
963
972
964
973
965
974
966
975
967
976
968
977
969
978
979
5109
971
980
972
981
973
982
974
983
975
984
976
985
977
986
978
987
979
988
989
5094
981
990
982
991
983
992
984
993
985
994
986
995
987
996
988
997
989
998
999
5079
991
1000
992
1001
993
1002
994
1003
995
1004
996
1005
997
1006
998
1007
999
1008
1009
5064
1001
1010
1002
1011
1003
1012
1004
1013
1005
1014
1006
1015
1007
1016
1008
1017
1009
1018
1019
6380
1011
1020
1012
1021
1013
1022
1014
1023
1015
1024
1016
1025
1017
1026
1018
1027
1019
1028
1029
6381
1021
1030
1022
1031
1023
1032
1024
1033
1025
1034
1026
1035
1027
1036
1028
1037
1029
1038
1039
6382
1031
1040
1032
1041
1033
1042
1034
1043
1035
1044
1036
1045
1037
1046
1038
1047
1039
1048
1049
6383
1041
1050
1042
1051
1043
1052
1044
1053
1045
1054
1046
1055
1047
1056
1048
1057
1049
1058
1059
6384
1051
1060
1052
1061
1053
1062
1054
1063
1055
1064
1056
1065
1057
1066
1058
1067
1059
1068
1069
6385
1061
1070
1062
1071
1063
1072
1064
1073
1065
1074
1066
1075
1067
1076
1068
1077
1069
1078
1079
6386
1071
1080
1072
1081
1073
1082
1074
1083
1075
1084
1076
1085
1077
1086
1078
1087
1079
1088
1089
6387
1081
1090
1082
1091
1083
1092
1084
1093
1085
1094
1086
1095
1087
1096
1088
1097
1089
1098
1099
6388
1091
1100
1092
1101
1093
1102
1094
1103
1095
1104
1096
1105
1097
1106
1098
1107
1099
1108
1109
6389
1101
1110
1102
1111
1103
1112
1104
1113
1105
1114
1106
1115
1107
1116
1108
1117
1109
1118
1119
6390
1111
1120
1112
1121
1113
1122
1114
1123
1115
1124
1116
1125
1117
1126
1118
1127
1119
1128
1129
6391
1121
1130
1122
1131
1123
1132
1124
1133
1125
1134
1126
1135
1127
1136
1128
1137
1129
1138
1139
6392
1131
1140
1132
1141
1133
1142
1134
1143
1135
1144
1136
1145
1137
1146
1138
1147
1139
1148
1149
6393
1141
1150
1142
1151
1143
1152
1144
1153
1145
1154
1146
1155
1147
1156
1148
1157
1149
1158
1159
6394
1151
1160
1152
1161
1153
1162
1154
1163
1155
1164
1156
1165
1157
1166
1158
1167
1159
1168
1169
6395
1161
1170
1162
1171
1163
1172
1164
1173
1165
1174
1166
1175
1167
1176
1168
1177
1169
1178
1179
6396
1171
1180
1172
1181
1173
1182
1174
1183
1175
1184
1176
1185
1177
1186
1178
1187
1179
1188
1189
6397
1181
1190
1182
1191
1183
1192
1184
1193
1185
1194
1186
1195
1187
1196
1188
1197
1189
1198
1199
6398
1191
1200
1192
1201
1193
1202
1194
1203
1195
1204
1196
1205
1197
1206
1198
1207
1199
1208
1209
6399
1201
1210
1202
1211
1203
1212
1204
1213
1205
1214
1206
1215
1207
1216
1208
1217
1209
1218
1219
6980
1211
1220
1212
1221
1213
1222
1214
1223
1215
1224
1216
1225
1217
1226
1218
1227
1219
1228
1229
6981
1221
1230
1222
1231
1223
1232
1224
1233
1225
1234
1226
1235
1227
1236
1228
1237
1229
1238
1239
6982
1231
1240
1232
1241
1233
1242
1234
1243
1235
1244
1236
1245
1237
1246
1238
1247
1239
1248
1249
6983
1241
1250
1242
1251
1243
1252
1244
1253
1245
1254
1246
1255
1247
1256
1248
1257
1249
1258
1259
6984
1251
1260
1252
1261
1253
1262
1254
1263
1255
1264
1256
1265
1257
1266
1258
1267
1259
1268
1269
6985
1261
1270
1262
1271
1263
1272
1264
1273
1265
1274
1266
1275
1267
1276
1268
1277
1269
1278
1279
6986
1271
1280
1272
1281
1273
1282
1274
1283
1275
1284
1276
1285
1277
1286
1278
1287
1279
1288
1289
6987
1281
1290
1282
1291
1283
1292
1284
1293
1285
1294
1286
1295
1287
1296
1288
1297
1289
1298
1299
6988
1291
1300
1292
1301
1293
1302
1294
1303
1295
1304
1296
1305
1297
1306
1298
1307
1299
1308
1309
6989
1301
1310
1302
1311
1303
1312
1304
1313
1305
1314
1306
1315
1307
1316
1308
1317
1309
1318
1319
6990
1311
1320
1312
1321
1313
1322
1314
1323
1315
1324
1316
1325
1317
1326
1318
1327
1319
1328
1329
6991
1321
1330
1322
1331
1323
1332
1324
1333
1325
1334
1326
1335
1327
1336
1328
1337
1329
1338
1339
6992
1331
1340
1332
1341
1333
1342
1334
1343
1335
1344
1336
1345
1337
1346
1338
1347
1339
1348
1349
6993
1341
1350
1342
1351
1343
1352
1344
1353
1345
1354
1346
1355
1347
1356
1348
1357
1349
1358
1359
6994
1351
1360
1352
1361
1353
1362
1354
1363
1355
1364
1356
1365
1357
1366
1358
1367
1359
1368
1369
6995
1361
1370
1362
1371
1363
1372
1364
1373
1365
1374
1366
1375
1367
1376
1368
1377
1369
1378
1379
6996
1371
1380
1372
1381
1373
1382
1374
1383
1375
1384
1376
1385
1377
1386
1378
1387
1379
1388
1389
6997
1381
1390
1382
1391
1383
1392
1384
1393
1385
1394
1386
1395
1387
1396
1388
1397
1389
1398
1399
6998
1391
1400
1392
1401
1393
1402
1394
1403
1395
1404
1396
1405
1397
1406
1398
1407
1399
1408
1409
6999
1401
1410
1402
1411
1403
1412
1404
1413
1405
1414
1406
1415
1407
1416
1408
1417
1409
1418
1419
7900
1411
1420
1412
1421
1413
1422
1414
1423
1415
1424
1416
1425
1417
1426
1418
1427
1419
1428
1429
7930
1421
1430
1422
1431
1423
1432
1424
1433
1425
1434
1426
1435
1427
1436
1428
1437
1429
1438
1439
7960
1431
1440
1432
1441
1433
1442
1434
1443
1435
1444
1436
1445
1437
1446
1438
1447
1439
1448
1449
7990
1441
1450
1442
1451
1443
1452
1444
1453
1445
1454
1446
1455
1447
1456
1448
1457
1449
1458
1459
8020
1451
1460
1452
1461
1453
1462
1454
1463
1455
1464
1456
1465
1457
1466
1458
1467
1459
1468
1469
8050
1461
1470
1462
1471
1463
1472
1464
1473
1465
1474
1466
1475
1467
1476
1468
1477
1469
1478
1479
8080
1471
1480
1472
1481
1473
1482
1474
1483
1475
1484
1476
1485
1477
1486
1478
1487
1479
1488
1489
8110
1481
1490
1482
1491
1483
1492
1484
1493
1485
1494
1486
1495
1487
1496
1488
1497
1489
1498
1499
8140
1491
1500
1492
1501
1493
1502
1494
1503
1495
1504
1496
1505
1497
1506
1498
1507
1499
1508
1509
8170
1501
1510
1502
1511
1503
1512
1504
1513
1505
1514
1506
1515
1507
1516
1508
1517
1509
1518
1519
8200
1511
1520
1512
1521
1513
1522
1514
1523
1515
1524
1516
1525
1517
1526
1518
1527
1519
1528
1529
8230
1521
1530
1522
1531
1523
1532
1524
1533
1525
1534
1526
1535
1527
1536
1528
1537
1529
1538
1539
8260
1531
1540
1532
1541
1533
1542
1534
1543
1535
1544
1536
1545
1537
1546
1538
1547
1539
1548
1549
8290
1541
1550
1542
1551
1543
1552
1544
1553
1545
1554
1546
1555
1547
1556
1548
1557
1549
1558
1559
8320
1551
1560
1552
1561
1553
1562
1554
1563
1555
1564
1556
1565
1557
1566
1558
1567
1559
1568
1569
8350
1561
1570
1562
1571
1563
1572
1564
1573
1565
1574
1566
1575
1567
1576
1568
1577
1569
1578
1579
8380
1571
1580
1572
1581
1573
1582
1574
1583
1575
1584
1576
1585
1577
1586
1578
1587
1579
1588
1589
8410
1581
1590
1582
1591
1583
1592
1584
1593
1585
1594
1586
1595
1587
1596
1588
1597
1589
1598
1599
8440
1591
1592
1593
1594
1595
1596
1597
1598
1599
8470
1601
1630
8470
1602
1631
8471
1603
1632
8472
1604
1633
8473
1605
1634
8474
1606
1635
8475
1607
1636
8476
1608
1637
8477
1609
1638
8478
1610
1639
8479
1611
1640
8480
1612
1641
8481
1613
1642
8482
1614
1643
8483
1615
1644
8484
1616
1645
8485
1617
1646
8486
1618
1647
8487
1619
1648
8488
1620
1649
8489
1621
1650
8490
1622
1651
8491
1623
1652
8492
1624
1653
8493
1625
1654
8494
1626
1655
8495
1627
1656
8496
1628
1657
8497
1629
1658
8498
1659
8499
1631
1660
1632
1661
1633
1662
1634
1663
1635
1664
1636
1665
1637
1666
1638
1667
1639
1668
1640
1669
1641
1670
1642
1671
1643
1672
1644
1673
1645
1674
1646
1675
1647
1676
1648
1677
1649
1678
1650
1679
1651
1680
1652
1681
1653
1682
1654
1683
1655
1684
1656
1685
1657
1686
1658
1687
1659
1688
1689
1661
1690
1662
1691
1663
1692
1664
1693
1665
1694
1666
1695
1667
1696
1668
1697
1669
1698
1670
1699
1671
1700
1672
1701
1673
1702
1674
1703
1675
1704
1676
1705
1677
1706
1678
1707
1679
1708
1680
1709
1681
1710
1682
1711
1683
1712
1684
1713
1685
1714
1686
1715
1687
1716
1688
1717
1689
1718
1719
1691
1720
1692
1721
1693
1722
1694
1723
1695
1724
1696
1725
1697
1726
1698
1727
1699
1728
1700
1729
1701
1730
1702
1731
1703
1732
1704
1733
1705
1734
1706
1735
1707
1736
1708
1737
1709
1738
1710
1739
1711
1740
1712
1741
1713
1742
1714
1743
1715
1744
1716
1745
1717
1746
1718
1747
1719
1748
1749
1721
1750
1722
1751
1723
1752
1724
1753
1725
1754
1726
1755
1727
1756
1728
1757
1729
1758
1730
1759
1731
1760
1732
1761
1733
1762
1734
1763
1735
1764
1736
1765
1737
1766
1738
1767
1739
1768
1740
1769
1741
1770
1742
1771
1743
1772
1744
1773
1745
1774
1746
1775
1747
1776
1748
1777
1749
1778
1779
1751
1780
1752
1781
1753
1782
1754
1783
1755
1784
1756
1785
1757
1786
1758
1787
1759
1788
1760
1789
1761
1790
1762
1791
1763
1792
1764
1793
1765
1794
1766
1795
1767
1796
1768
1797
1769
1798
1770
1799
1771
1800
1772
1801
1773
1802
1774
1803
1775
1804
1776
1805
1777
1806
1778
1807
1779
1808
1809
1781
1810
1782
1811
1783
1812
1784
1813
1785
1814
1786
1815
1787
1816
1788
1817
1789
1818
1790
1819
1791
1820
1792
1821
1793
1822
1794
1823
1795
1824
1796
1825
1797
1826
1798
1827
1799
1828
1800
1829
1801
1830
1802
1831
1803
1832
1804
1833
1805
1834
1806
1835
1807
1836
1808
1837
1809
1838
1839
1811
1840
1812
1841
1813
1842
1814
1843
1815
1844
1816
1845
1817
1846
1818
1847
1819
1848
1820
1849
1821
1850
1822
1851
1823
1852
1824
1853
1825
1854
1826
1855
1827
1856
1828
1857
1829
1858
1830
1859
1831
1860
1832
1861
1833
1862
1834
1863
1835
1864
1836
1865
1837
1866
1838
1867
1839
1868
1869
1841
1870
1842
1871
1843
1872
1844
1873
1845
1874
1846
1875
1847
1876
1848
1877
1849
1878
1850
1879
1851
1880
1852
1881
1853
1882
1854
1883
1855
1884
1856
1885
1857
1886
1858
1887
1859
1888
1860
1889
1861
1890
1862
1891
1863
1892
1864
1893
1865
1894
1866
1895
1867
1896
1868
1897
1869
1898
1899
1871
1900
1872
1901
1873
1902
1874
1903
1875
1904
1876
1905
1877
1906
1878
1907
1879
1908
1880
1909
1881
1910
1882
1911
1883
1912
1884
1913
1885
1914
1886
1915
1887
1916
1888
1917
1889
1918
1890
1919
1891
1920
1892
1921
1893
1922
1894
1923
1895
1924
1896
1925
1897
1926
1898
1927
1899
1928
1929
1901
1930
1902
1931
1903
1932
1904
1933
1905
1934
1906
1935
1907
1936
1908
1937
1909
1938
1910
1939
1911
1940
1912
1941
1913
1942
1914
1943
1915
1944
1916
1945
1917
1946
1918
1947
1919
1948
1920
1949
1921
1950
1922
1951
1923
1952
1924
1953
1925
1954
1926
1955
1927
1956
1928
1957
1929
1958
1959
1931
1960
1932
1961
1933
1962
1934
1963
1935
1964
1936
1965
1937
1966
1938
1967
1939
1968
1940
1969
1941
1970
1942
1971
1943
1972
1944
1973
1945
1974
1946
1975
1947
1976
1948
1977
1949
1978
1950
1979
1951
1980
1952
1981
1953
1982
1954
1983
1955
1984
1956
1985
1957
1986
1958
1987
1959
1988
1989
1961
1990
1962
1991
1963
1992
1964
1993
1965
1994
1966
1995
1967
1996
1968
1997
1969
1998
1970
1999
1971
2000
1972
2001
1973
2002
1974
2003
1975
2004
1976
2005
1977
2006
1978
2007
1979
2008
1980
2009
1981
2010
1982
2011
1983
2012
1984
2013
1985
2014
1986
2015
1987
2016
1988
2017
1989
2018
2019
1991
2020
1992
2021
1993
2022
1994
2023
1995
2024
1996
2025
1997
2026
1998
2027
1999
2028
2000
2029
2001
2030
2002
2031
2003
2032
2004
2033
2005
2034
2006
2035
2007
2036
2008
2037
2009
2038
2010
2039
2011
2040
2012
2041
2013
2042
2014
2043
2015
2044
2016
2045
2017
2046
2018
2047
2019
2048
2049
2021
2050
2022
2051
2023
2052
2024
2053
2025
2054
2026
2055
2027
2056
2028
2057
2029
2058
2030
2059
2031
2060
2032
2061
2033
2062
2034
2063
2035
2064
2036
2065
2037
2066
2038
2067
2039
2068
2040
2069
2041
2070
2042
2071
2043
2072
2044
2073
2045
2074
2046
2075
2047
2076
2048
2077
2049
2078
2079
2051
2080
2052
2081
2053
2082
2054
2083
2055
2084
2056
2085
2057
2086
2058
2087
2059
2088
2060
2089
2061
2090
2062
2091
2063
2092
2064
2093
2065
2094
2066
2095
2067
2096
2068
2097
2069
2098
2070
2099
2071
2100
2072
2101
2073
2102
2074
2103
2075
2104
2076
2105
2077
2106
2078
2107
2079
2108
2109
2081
2110
2082
2111
2083
2112
2084
2113
2085
2114
2086
2115
2087
2116
2088
2117
2089
2118
2090
2119
2091
2120
2092
2121
2093
2122
2094
2123
2095
2124
2096
2125
2097
2126
2098
2127
2099
2128
2100
2129
2101
2130
2102
2131
2103
2132
2104
2133
2105
2134
2106
2135
2107
2136
2108
2137
2109
2138
2139
2111
2140
2112
2141
2113
2142
2114
2143
2115
2144
2116
2145
2117
2146
2118
2147
2119
2148
2120
2149
2121
2150
2122
2151
2123
2152
2124
2153
2125
2154
2126
2155
2127
2156
2128
2157
2129
2158
2130
2159
2131
2160
2132
2161
2133
2162
2134
2163
2135
2164
2136
2165
2137
2166
2138
2167
2139
2168
2169
2141
2170
2142
2171
2143
2172
2144
2173
2145
2174
2146
2175
2147
2176
2148
2177
2149
2178
2150
2179
2151
2180
2152
2181
2153
2182
2154
2183
2155
2184
2156
2185
2157
2186
2158
2187
2159
2188
2160
2189
2161
2190
2162
2191
2163
2192
2164
2193
2165
2194
2166
2195
2167
2196
2168
2197
2169
2198
2199
2171
2200
2172
2201
2173
2202
2174
2203
2175
2204
2176
2205
2177
2206
2178
2207
2179
2208
2180
2209
2181
2210
2182
2211
2183
2212
2184
2213
2185
2214
2186
2215
2187
2216
2188
2217
2189
2218
2190
2219
2191
2220
2192
2221
2193
2222
2194
2223
2195
2224
2196
2225
2197
2226
2198
2227
2199
2228
2229
2201
2230
3119
2202
2231
2203
2232
2204
2233
2205
2234
2206
2235
2207
2236
2208
2237
2209
2238
2210
2239
2211
2240
2212
2241
2213
2242
2214
2243
2215
2244
2216
2245
2217
2246
2218
2247
2219
2248
2220
2249
2221
2250
2222
2251
2223
2252
2224
2253
2225
2254
2226
2255
2227
2256
2228
2257
2229
2258
2259
2231
2260
3139
2232
2261
2233
2262
2234
2263
2235
2264
2236
2265
2237
2266
2238
2267
2239
2268
2240
2269
2241
2270
2242
2271
2243
2272
2244
2273
2245
2274
2246
2275
2247
2276
2248
2277
2249
2278
2250
2279
2251
2280
2252
2281
2253
2282
2254
2283
2255
2284
2256
2285
2257
2286
2258
2287
2259
2288
2289
2261
2290
3159
2262
2291
2263
2292
2264
2293
2265
2294
2266
2295
2267
2296
2268
2297
2269
2298
2270
2299
2271
2300
2272
2301
2273
2302
2274
2303
2275
2304
2276
2305
2277
2306
2278
2307
2279
2308
2280
2309
2281
2310
2282
2311
2283
2312
2284
2313
2285
2314
2286
2315
2287
2316
2288
2317
2289
2318
2319
2291
2320
3179
2292
2321
2293
2322
2294
2323
2295
2324
2296
2325
2297
2326
2298
2327
2299
2328
2300
2329
2301
2330
2302
2331
2303
2332
2304
2333
2305
2334
2306
2335
2307
2336
2308
2337
2309
2338
2310
2339
2311
2340
2312
2341
2313
2342
2314
2343
2315
2344
2316
2345
2317
2346
2318
2347
2319
2348
2349
2321
2350
3199
2322
2351
2323
2352
2324
2353
2325
2354
2326
2355
2327
2356
2328
2357
2329
2358
2330
2359
2331
2360
2332
2361
2333
2362
2334
2363
2335
2364
2336
2365
2337
2366
2338
2367
2339
2368
2340
2369
2341
2370
2342
2371
2343
2372
2344
2373
2345
2374
2346
2375
2347
2376
2348
2377
2349
2378
2379
2351
2380
3219
2352
2381
2353
2382
2354
2383
2355
2384
2356
2385
2357
2386
2358
2387
2359
2388
2360
2389
2361
2390
2362
2391
2363
2392
2364
2393
2365
2394
2366
2395
2367
2396
2368
2397
2369
2398
2370
2399
2371
2400
2372
2401
2373
2402
2374
2403
2375
2404
2376
2405
2377
2406
2378
2407
2379
2408
2409
2381
2410
3239
2382
2411
2383
2412
2384
2413
2385
2414
2386
2415
2387
2416
2388
2417
2389
2418
2390
2419
2391
2420
2392
2421
2393
2422
2394
2423
2395
2424
2396
2425
2397
2426
2398
2427
2399
2428
2400
2429
2401
2430
2402
2431
2403
2432
2404
2433
2405
2434
2406
2435
2407
2436
2408
2437
2409
2438
2439
2411
2440
3259
2412
2441
2413
2442
2414
2443
2415
2444
2416
2445
2417
2446
2418
2447
2419
2448
2420
2449
2421
2450
2422
2451
2423
2452
2424
2453
2425
2454
2426
2455
2427
2456
2428
2457
2429
2458
2430
2459
2431
2460
2432
2461
2433
2462
2434
2463
2435
2464
2436
2465
2437
2466
2438
2467
2439
2468
2469
2441
2470
3279
2442
2471
2443
2472
2444
2473
2445
2474
2446
2475
2447
2476
2448
2477
2449
2478
2450
2479
2451
2480
2452
2481
2453
2482
2454
2483
2455
2484
2456
2485
2457
2486
2458
2487
2459
2488
2460
2489
2461
2490
2462
2491
2463
2492
2464
2493
2465
2494
2466
2495
2467
2496
2468
2497
2469
2498
2499
2471
2500
3299
2472
2501
2473
2502
2474
2503
2475
2504
2476
2505
2477
2506
2478
2507
2479
2508
2480
2509
2481
2510
2482
2511
2483
2512
2484
2513
2485
2514
2486
2515
2487
2516
2488
2517
2489
2518
2490
2519
2491
2520
2492
2521
2493
2522
2494
2523
2495
2524
2496
2525
2497
2526
2498
2527
2499
2528
2529
2501
2530
3319
2502
2531
2503
2532
2504
2533
2505
2534
2506
2535
2507
2536
2508
2537
2509
2538
2510
2539
2511
2540
2512
2541
2513
2542
2514
2543
2515
2544
2516
2545
2517
2546
2518
2547
2519
2548
2520
2549
2521
2550
2522
2551
2523
2552
2524
2553
2525
2554
2526
2555
2527
2556
2528
2557
2529
2558
2559
2531
2560
3339
2532
2561
2533
2562
2534
2563
2535
2564
2536
2565
2537
2566
2538
2567
2539
2568
2540
2569
2541
2570
2542
2571
2543
2572
2544
2573
2545
2574
2546
2575
2547
2576
2548
2577
2549
2578
2550
2579
2551
2580
2552
2581
2553
2582
2554
2583
2555
2584
2556
2585
2557
2586
2558
2587
2559
2588
2589
2561
2590
3359
2562
2591
2563
2592
2564
2593
2565
2594
2566
2595
2567
2596
2568
2597
2569
2598
2570
2599
2571
2600
2572
2601
2573
2602
2574
2603
2575
2604
2576
2605
2577
2606
2578
2607
2579
2608
2580
2609
2581
2610
2582
2611
2583
2612
2584
2613
2585
2614
2586
2615
2587
2616
2588
2617
2589
2618
2619
2591
2620
3379
2592
2621
2593
2622
2594
2623
2595
2624
2596
2625
2597
2626
2598
2627
2599
2628
2600
2629
2601
2630
2602
2631
2603
2632
2604
2633
2605
2634
2606
2635
2607
2636
2608
2637
2609
2638
2610
2639
2611
2640
2612
2641
2613
2642
2614
2643
2615
2644
2616
2645
2617
2646
2618
2647
2619
2648
2649
2621
2650
3399
2622
2651
2623
2652
2624
2653
2625
2654
2626
2655
2627
2656
2628
2657
2629
2658
2630
2659
2631
2660
2632
2661
2633
2662
2634
2663
2635
2664
2636
2665
2637
2666
2638
2667
2639
2668
2640
2669
2641
2670
2642
2671
2643
2672
2644
2673
2645
2674
2646
2675
2647
2676
2648
2677
2649
2678
2679
2651
2680
3419
2652
2681
2653
2682
2654
2683
2655
2684
2656
2685
2657
2686
2658
2687
2659
2688
2660
2689
2661
2690
2662
2691
2663
2692
2664
2693
2665
2694
2666
2695
2667
2696
2668
2697
2669
2698
2670
2699
2671
2700
2672
2701
2673
2702
2674
2703
2675
2704
2676
2705
2677
2706
2678
2707
2679
2708
2709
2681
2710
3439
2682
2711
2683
2712
2684
2713
2685
2714
2686
2715
2687
2716
2688
2717
2689
2718
2690
2719
2691
2720
2692
2721
2693
2722
2694
2723
2695
2724
2696
2725
2697
2726
2698
2727
2699
2728
2700
2729
2701
2730
2702
2731
2703
2732
2704
2733
2705
2734
2706
2735
2707
2736
2708
2737
2709
2738
2739
2711
2740
3459
2712
2741
2713
2742
2714
2743
2715
2744
2716
2745
2717
2746
2718
2747
2719
2748
2720
2749
2721
2750
2722
2751
2723
2752
2724
2753
2725
2754
2726
2755
2727
2756
2728
2757
2729
2758
2730
2759
2731
2760
2732
2761
2733
2762
2734
2763
2735
2764
2736
2765
2737
2766
2738
2767
2739
2768
2769
2741
2770
3479
2742
2771
2743
2772
2744
2773
2745
2774
2746
2775
2747
2776
2748
2777
2749
2778
2750
2779
2751
2780
2752
2781
2753
2782
2754
2783
2755
2784
2756
2785
2757
2786
2758
2787
2759
2788
2760
2789
2761
2790
2762
2791
2763
2792
2764
2793
2765
2794
2766
2795
2767
2796
2768
2797
2769
2798
2799
2771
2800
3499
2772
2801
2773
2802
2774
2803
2775
2804
2776
2805
2777
2806
2778
2807
2779
2808
2780
2809
2781
2810
2782
2811
2783
2812
2784
2813
2785
2814
2786
2815
2787
2816
2788
2817
2789
2818
2790
2819
2791
2820
2792
2821
2793
2822
2794
2823
2795
2824
2796
2825
2797
2826
2798
2827
2799
2828
2829
2801
2830
3519
2802
2831
2803
2832
2804
2833
2805
2834
2806
2835
2807
2836
2808
2837
2809
2838
2810
2839
2811
2840
2812
2841
2813
2842
2814
2843
2815
2844
2816
2845
2817
2846
2818
2847
2819
2848
2820
2849
2821
2850
2822
2851
2823
2852
2824
2853
2825
2854
2826
2855
2827
2856
2828
2857
2829
2858
2859
2831
2860
3539
2832
2861
2833
2862
2834
2863
2835
2864
2836
2865
2837
2866
2838
2867
2839
2868
2840
2869
2841
2870
2842
2871
2843
2872
2844
2873
2845
2874
2846
2875
2847
2876
2848
2877
2849
2878
2850
2879
2851
2880
2852
2881
2853
2882
2854
2883
2855
2884
2856
2885
2857
2886
2858
2887
2859
2888
2889
2861
2890
3559
2862
2891
2863
2892
2864
2893
2865
2894
2866
2895
2867
2896
2868
2897
2869
2898
2870
2899
2871
2900
2872
2901
2873
2902
2874
2903
2875
2904
2876
2905
2877
2906
2878
2907
2879
2908
2880
2909
2881
2910
2882
2911
2883
2912
2884
2913
2885
2914
2886
2915
2887
2916
2888
2917
2889
2918
2919
2891
2920
3579
2892
2921
2893
2922
2894
2923
2895
2924
2896
2925
2897
2926
2898
2927
2899
2928
2900
2929
2901
2930
2902
2931
2903
2932
2904
2933
2905
2934
2906
2935
2907
2936
2908
2937
2909
2938
2910
2939
2911
2940
2912
2941
2913
2942
2914
2943
2915
2944
2916
2945
2917
2946
2918
2947
2919
2948
2949
2921
2950
3599
2922
2951
2923
2952
2924
2953
2925
2954
2926
2955
2927
2956
2928
2957
2929
2958
2930
2959
2931
2960
2932
2961
2933
2962
2934
2963
2935
2964
2936
2965
2937
2966
2938
2967
2939
2968
2940
2969
2941
2970
2942
2971
2943
2972
2944
2973
2945
2974
2946
2975
2947
2976
2948
2977
2949
2978
2979
2951
2980
3619
2952
2981
2953
2982
2954
2983
2955
2984
2956
2985
2957
2986
2958
2987
2959
2988
2960
2989
2961
2990
2962
2991
2963
2992
2964
2993
2965
2994
2966
2995
2967
2996
2968
2997
2969
2998
2970
2999
2971
3000
2972
3001
2973
3002
2974
3003
2975
3004
2976
3005
2977
3006
2978
3007
2979
3008
3009
2981
3010
3639
2982
3011
2983
3012
2984
3013
2985
3014
2986
3015
2987
3016
2988
3017
2989
3018
2990
3019
2991
3020
2992
3021
2993
3022
2994
3023
2995
3024
2996
3025
2997
3026
2998
3027
2999
3028
3000
3029
3001
3030
3002
3031
3003
3032
3004
3033
3005
3034
3006
3035
3007
3036
3008
3037
3009
3038
3039
3011
3040
3659
3012
3041
3013
3042
3014
3043
3015
3044
3016
3045
3017
3046
3018
3047
3019
3048
3020
3049
3021
3050
3022
3051
3023
3052
3024
3053
3025
3054
3026
3055
3027
3056
3028
3057
3029
3058
3030
3059
3031
3060
3032
3061
3033
3062
3034
3063
3035
3064
3036
3065
3037
3066
3038
3067
3039
3068
3069
3041
3070
3679
3042
3071
3043
3072
3044
3073
3045
3074
3046
3075
3047
3076
3048
3077
3049
3078
3050
3079
3051
3080
3052
3081
3053
3082
3054
3083
3055
3084
3056
3085
3057
3086
3058
3087
3059
3088
3060
3089
3061
3090
3062
3091
3063
3092
3064
3093
3065
3094
3066
3095
3067
3096
3068
3097
3069
3098
3099
3071
3699
3072
3073
3074
3075
3076
3077
3078
3079
3080
3081
3082
3083
3084
3085
3086
3087
3088
3089
3090
3091
3092
3093
3094
3095
3096
3097
3098
3099
3101
3120
3719
3102
3121
3103
3122
3104
3123
3105
3124
3106
3125
3107
3126
3108
3127
3109
3128
3110
3129
3111
3130
3112
3131
3113
3132
3114
3133
3115
3134
3116
3135
3117
3136
3118
3137
3119
3138
3139
3121
3140
3739
3122
3141
3123
3142
3124
3143
3125
3144
3126
3145
3127
3146
3128
3147
3129
3148
3130
3149
3131
3150
3132
3151
3133
3152
3134
3153
3135
3154
3136
3155
3137
3156
3138
3157
3139
3158
3159
3141
3160
3759
3142
3161
3143
3162
3144
3163
3145
3164
3146
3165
3147
3166
3148
3167
3149
3168
3150
3169
3151
3170
3152
3171
3153
3172
3154
3173
3155
3174
3156
3175
3157
3176
3158
3177
3159
3178
3179
3161
3180
3779
3162
3181
3163
3182
3164
3183
3165
3184
3166
3185
3167
3186
3168
3187
3169
3188
3170
3189
3171
3190
3172
3191
3173
3192
3174
3193
3175
3194
3176
3195
3177
3196
3178
3197
3179
3198
3199
3181
3200
3799
3182
3201
3183
3202
3184
3203
3185
3204
3186
3205
3187
3206
3188
3207
3189
3208
3190
3209
3191
3210
3192
3211
3193
3212
3194
3213
3195
3214
3196
3215
3197
3216
3198
3217
3199
3218
3219
3201
3220
3819
3202
3221
3203
3222
3204
3223
3205
3224
3206
3225
3207
3226
3208
3227
3209
3228
3210
3229
3211
3230
3212
3231
3213
3232
3214
3233
3215
3234
3216
3235
3217
3236
3218
3237
3219
3238
3239
3221
3240
3839
3222
3241
3223
3242
3224
3243
3225
3244
3226
3245
3227
3246
3228
3247
3229
3248
3230
3249
3231
3250
3232
3251
3233
3252
3234
3253
3235
3254
3236
3255
3237
3256
3238
3257
3239
3258
3259
3241
3260
3859
3242
3261
3243
3262
3244
3263
3245
3264
3246
3265
3247
3266
3248
3267
3249
3268
3250
3269
3251
3270
3252
3271
3253
3272
3254
3273
3255
3274
3256
3275
3257
3276
3258
3277
3259
3278
3279
3261
3280
3879
3262
3281
3263
3282
3264
3283
3265
3284
3266
3285
3267
3286
3268
3287
3269
3288
3270
3289
3271
3290
3272
3291
3273
3292
3274
3293
3275
3294
3276
3295
3277
3296
3278
3297
3279
3298
3299
3281
3300
3899
3282
3301
3283
3302
3284
3303
3285
3304
3286
3305
3287
3306
3288
3307
3289
3308
3290
3309
3291
3310
3292
3311
3293
3312
3294
3313
3295
3314
3296
3315
3297
3316
3298
3317
3299
3318
3319
3301
3320
3919
3302
3321
3303
3322
3304
3323
3305
3324
3306
3325
3307
3326
3308
3327
3309
3328
3310
3329
3311
3330
3312
3331
3313
3332
3314
3333
3315
3334
3316
3335
3317
3336
3318
3337
3319
3338
3339
3321
3340
3939
3322
3341
3323
3342
3324
3343
3325
3344
3326
3345
3327
3346
3328
3347
3329
3348
3330
3349
3331
3350
3332
3351
3333
3352
3334
3353
3335
3354
3336
3355
3337
3356
3338
3357
3339
3358
3359
3341
3360
3959
3342
3361
3343
3362
3344
3363
3345
3364
3346
3365
3347
3366
3348
3367
3349
3368
3350
3369
3351
3370
3352
3371
3353
3372
3354
3373
3355
3374
3356
3375
3357
3376
3358
3377
3359
3378
3379
3361
3380
3979
3362
3381
3363
3382
3364
3383
3365
3384
3366
3385
3367
3386
3368
3387
3369
3388
3370
3389
3371
3390
3372
3391
3373
3392
3374
3393
3375
3394
3376
3395
3377
3396
3378
3397
3379
3398
3399
3381
3400
3999
3382
3401
3383
3402
3384
3403
3385
3404
3386
3405
3387
3406
3388
3407
3389
3408
3390
3409
3391
3410
3392
3411
3393
3412
3394
3413
3395
3414
3396
3415
3397
3416
3398
3417
3399
3418
3419
3401
3420
4019
3402
3421
3403
3422
3404
3423
3405
3424
3406
3425
3407
3426
3408
3427
3409
3428
3410
3429
3411
3430
3412
3431
3413
3432
3414
3433
3415
3434
3416
3435
3417
3436
3418
3437
3419
3438
3439
3421
3440
4039
3422
3441
3423
3442
3424
3443
3425
3444
3426
3445
3427
3446
3428
3447
3429
3448
3430
3449
3431
3450
3432
3451
3433
3452
3434
3453
3435
3454
3436
3455
3437
3456
3438
3457
3439
3458
3459
3441
3460
4059
3442
3461
3443
3462
3444
3463
3445
3464
3446
3465
3447
3466
3448
3467
3449
3468
3450
3469
3451
3470
3452
3471
3453
3472
3454
3473
3455
3474
3456
3475
3457
3476
3458
3477
3459
3478
3479
3461
3480
4079
3462
3481
3463
3482
3464
3483
3465
3484
3466
3485
3467
3486
3468
3487
3469
3488
3470
3489
3471
3490
3472
3491
3473
3492
3474
3493
3475
3494
3476
3495
3477
3496
3478
3497
3479
3498
3499
3481
3500
4099
3482
3501
3483
3502
3484
3503
3485
3504
3486
3505
3487
3506
3488
3507
3489
3508
3490
3509
3491
3510
3492
3511
3493
3512
3494
3513
3495
3514
3496
3515
3497
3516
3498
3517
3499
3518
3519
3501
3520
4119
3502
3521
3503
3522
3504
3523
3505
3524
3506
3525
3507
3526
3508
3527
3509
3528
3510
3529
3511
3530
3512
3531
3513
3532
3514
3533
3515
3534
3516
3535
3517
3536
3518
3537
3519
3538
3539
3521
3540
4139
3522
3541
3523
3542
3524
3543
3525
3544
3526
3545
3527
3546
3528
3547
3529
3548
3530
3549
3531
3550
3532
3551
3533
3552
3534
3553
3535
3554
3536
3555
3537
3556
3538
3557
3539
3558
3559
3541
3560
4159
3542
3561
3543
3562
3544
3563
3545
3564
3546
3565
3547
3566
3548
3567
3549
3568
3550
3569
3551
3570
3552
3571
3553
3572
3554
3573
3555
3574
3556
3575
3557
3576
3558
3577
3559
3578
3579
3561
3580
4179
3562
3581
3563
3582
3564
3583
3565
3584
3566
3585
3567
3586
3568
3587
3569
3588
3570
3589
3571
3590
3572
3591
3573
3592
3574
3593
3575
3594
3576
3595
3577
3596
3578
3597
3579
3598
3599
3581
3600
4199
3582
3601
3583
3602
3584
3603
3585
3604
3586
3605
3587
3606
3588
3607
3589
3608
3590
3609
3591
3610
3592
3611
3593
3612
3594
3613
3595
3614
3596
3615
3597
3616
3598
3617
3599
3618
3619
3601
3620
4219
3602
3621
3603
3622
3604
3623
3605
3624
3606
3625
3607
3626
3608
3627
3609
3628
3610
3629
3611
3630
3612
3631
3613
3632
3614
3633
3615
3634
3616
3635
3617
3636
3618
3637
3619
3638
3639
3621
3640
4239
3622
3641
3623
3642
3624
3643
3625
3644
3626
3645
3627
3646
3628
3647
3629
3648
3630
3649
3631
3650
3632
3651
3633
3652
3634
3653
3635
3654
3636
3655
3637
3656
3638
3657
3639
3658
3659
3641
3660
4259
3642
3661
3643
3662
3644
3663
3645
3664
3646
3665
3647
3666
3648
3667
3649
3668
3650
3669
3651
3670
3652
3671
3653
3672
3654
3673
3655
3674
3656
3675
3657
3676
3658
3677
3659
3678
3679
3661
3680
4279
3662
3681
3663
3682
3664
3683
3665
3684
3666
3685
3667
3686
3668
3687
3669
3688
3670
3689
3671
3690
3672
3691
3673
3692
3674
3693
3675
3694
3676
3695
3677
3696
3678
3697
3679
3698
3699
3681
4299
3682
3683
3684
3685
3686
3687
3688
3689
3690
3691
3692
3693
3694
3695
3696
3697
3698
3699
3701
3720
4314
3702
3721
3703
3722
3704
3723
3705
3724
3706
3725
3707
3726
3708
3727
3709
3728
3710
3729
3711
3730
3712
3731
3713
3732
3714
3733
3715
3734
3716
3735
3717
3736
3718
3737
3719
3738
3739
3721
3740
4329
3722
3741
3723
3742
3724
3743
3725
3744
3726
3745
3727
3746
3728
3747
3729
3748
3730
3749
3731
3750
3732
3751
3733
3752
3734
3753
3735
3754
3736
3755
3737
3756
3738
3757
3739
3758
3759
3741
3760
4344
3742
3761
3743
3762
3744
3763
3745
3764
3746
3765
3747
3766
3748
3767
3749
3768
3750
3769
3751
3770
3752
3771
3753
3772
3754
3773
3755
3774
3756
3775
3757
3776
3758
3777
3759
3778
3779
3761
3780
4359
3762
3781
3763
3782
3764
3783
3765
3784
3766
3785
3767
3786
3768
3787
3769
3788
3770
3789
3771
3790
3772
3791
3773
3792
3774
3793
3775
3794
3776
3795
3777
3796
3778
3797
3779
3798
3799
3781
3800
4374
3782
3801
3783
3802
3784
3803
3785
3804
3786
3805
3787
3806
3788
3807
3789
3808
3790
3809
3791
3810
3792
3811
3793
3812
3794
3813
3795
3814
3796
3815
3797
3816
3798
3817
3799
3818
3819
3801
3820
4389
3802
3821
3803
3822
3804
3823
3805
3824
3806
3825
3807
3826
3808
3827
3809
3828
3810
3829
3811
3830
3812
3831
3813
3832
3814
3833
3815
3834
3816
3835
3817
3836
3818
3837
3819
3838
3839
3821
3840
4404
3822
3841
3823
3842
3824
3843
3825
3844
3826
3845
3827
3846
3828
3847
3829
3848
3830
3849
3831
3850
3832
3851
3833
3852
3834
3853
3835
3854
3836
3855
3837
3856
3838
3857
3839
3858
3859
3841
3860
4419
3842
3861
3843
3862
3844
3863
3845
3864
3846
3865
3847
3866
3848
3867
3849
3868
3850
3869
3851
3870
3852
3871
3853
3872
3854
3873
3855
3874
3856
3875
3857
3876
3858
3877
3859
3878
3879
3861
3880
4434
3862
3881
3863
3882
3864
3883
3865
3884
3866
3885
3867
3886
3868
3887
3869
3888
3870
3889
3871
3890
3872
3891
3873
3892
3874
3893
3875
3894
3876
3895
3877
3896
3878
3897
3879
3898
3899
3881
3900
4449
3882
3901
3883
3902
3884
3903
3885
3904
3886
3905
3887
3906
3888
3907
3889
3908
3890
3909
3891
3910
3892
3911
3893
3912
3894
3913
3895
3914
3896
3915
3897
3916
3898
3917
3899
3918
3919
3901
3920
4464
3902
3921
3903
3922
3904
3923
3905
3924
3906
3925
3907
3926
3908
3927
3909
3928
3910
3929
3911
3930
3912
3931
3913
3932
3914
3933
3915
3934
3916
3935
3917
3936
3918
3937
3919
3938
3939
3921
3940
4479
3922
3941
3923
3942
3924
3943
3925
3944
3926
3945
3927
3946
3928
3947
3929
3948
3930
3949
3931
3950
3932
3951
3933
3952
3934
3953
3935
3954
3936
3955
3937
3956
3938
3957
3939
3958
3959
3941
3960
4494
3942
3961
3943
3962
3944
3963
3945
3964
3946
3965
3947
3966
3948
3967
3949
3968
3950
3969
3951
3970
3952
3971
3953
3972
3954
3973
3955
3974
3956
3975
3957
3976
3958
3977
3959
3978
3979
3961
3980
4509
3962
3981
3963
3982
3964
3983
3965
3984
3966
3985
3967
3986
3968
3987
3969
3988
3970
3989
3971
3990
3972
3991
3973
3992
3974
3993
3975
3994
3976
3995
3977
3996
3978
3997
3979
3998
3999
3981
4000
4524
3982
4001
3983
4002
3984
4003
3985
4004
3986
4005
3987
4006
3988
4007
3989
4008
3990
4009
3991
4010
3992
4011
3993
4012
3994
4013
3995
4014
3996
4015
3997
4016
3998
4017
3999
4018
4019
4001
4020
4539
4002
4021
4003
4022
4004
4023
4005
4024
4006
4025
4007
4026
4008
4027
4009
4028
4010
4029
4011
4030
4012
4031
4013
4032
4014
4033
4015
4034
4016
4035
4017
4036
4018
4037
4019
4038
4039
4021
4040
4554
4022
4041
4023
4042
4024
4043
4025
4044
4026
4045
4027
4046
4028
4047
4029
4048
4030
4049
4031
4050
4032
4051
4033
4052
4034
4053
4035
4054
4036
4055
4037
4056
4038
4057
4039
4058
4059
4041
4060
4569
4042
4061
4043
4062
4044
4063
4045
4064
4046
4065
4047
4066
4048
4067
4049
4068
4050
4069
4051
4070
4052
4071
4053
4072
4054
4073
4055
4074
4056
4075
4057
4076
4058
4077
4059
4078
4079
4061
4080
4584
4062
4081
4063
4082
4064
4083
4065
4084
4066
4085
4067
4086
4068
4087
4069
4088
4070
4089
4071
4090
4072
4091
4073
4092
4074
4093
4075
4094
4076
4095
4077
4096
4078
4097
4079
4098
4099
4081
4100
4599
4082
4101
4083
4102
4084
4103
4085
4104
4086
4105
4087
4106
4088
4107
4089
4108
4090
4109
4091
4110
4092
4111
4093
4112
4094
4113
4095
4114
4096
4115
4097
4116
4098
4117
4099
4118
4119
4101
4120
4614
4102
4121
4103
4122
4104
4123
4105
4124
4106
4125
4107
4126
4108
4127
4109
4128
4110
4129
4111
4130
4112
4131
4113
4132
4114
4133
4115
4134
4116
4135
4117
4136
4118
4137
4119
4138
4139
4121
4140
4629
4122
4141
4123
4142
4124
4143
4125
4144
4126
4145
4127
4146
4128
4147
4129
4148
4130
4149
4131
4150
4132
4151
4133
4152
4134
4153
4135
4154
4136
4155
4137
4156
4138
4157
4139
4158
4159
4141
4160
4644
4142
4161
4143
4162
4144
4163
4145
4164
4146
4165
4147
4166
4148
4167
4149
4168
4150
4169
4151
4170
4152
4171
4153
4172
4154
4173
4155
4174
4156
4175
4157
4176
4158
4177
4159
4178
4179
4161
4180
4659
4162
4181
4163
4182
4164
4183
4165
4184
4166
4185
4167
4186
4168
4187
4169
4188
4170
4189
4171
4190
4172
4191
4173
4192
4174
4193
4175
4194
4176
4195
4177
4196
4178
4197
4179
4198
4199
4181
4200
4674
4182
4201
4183
4202
4184
4203
4185
4204
4186
4205
4187
4206
4188
4207
4189
4208
4190
4209
4191
4210
4192
4211
4193
4212
4194
4213
4195
4214
4196
4215
4197
4216
4198
4217
4199
4218
4219
4201
4220
4689
4202
4221
4203
4222
4204
4223
4205
4224
4206
4225
4207
4226
4208
4227
4209
4228
4210
4229
4211
4230
4212
4231
4213
4232
4214
4233
4215
4234
4216
4235
4217
4236
4218
4237
4219
4238
4239
4221
4240
4704
4222
4241
4223
4242
4224
4243
4225
4244
4226
4245
4227
4246
4228
4247
4229
4248
4230
4249
4231
4250
4232
4251
4233
4252
4234
4253
4235
4254
4236
4255
4237
4256
4238
4257
4239
4258
4259
4241
4260
4719
4242
4261
4243
4262
4244
4263
4245
4264
4246
4265
4247
4266
4248
4267
4249
4268
4250
4269
4251
4270
4252
4271
4253
4272
4254
4273
4255
4274
4256
4275
4257
4276
4258
4277
4259
4278
4279
4261
4280
4734
4262
4281
4263
4282
4264
4283
4265
4284
4266
4285
4267
4286
4268
4287
4269
4288
4270
4289
4271
4290
4272
4291
4273
4292
4274
4293
4275
4294
4276
4295
4277
4296
4278
4297
4279
4298
4299
4281
4749
4282
4283
4284
4285
4286
4287
4288
4289
4290
4291
4292
4293
4294
4295
4296
4297
4298
4299
4301
4315
5035
4302
4316
5036
4303
4317
5037
4304
4318
5038
4305
4319
5039
4306
4320
5040
4307
4321
5041
4308
4322
5042
4309
4323
5043
4310
4324
5044
4311
4325
5045
4312
4326
5046
4313
4327
5047
4314
4328
5048
4329
5049
4316
4330
4317
4331
4318
4332
4319
4333
4320
4334
4321
4335
4322
4336
4323
4337
4324
4338
4325
4339
4326
4340
4327
4341
4328
4342
4329
4343
4344
4331
4345
4332
4346
4333
4347
4334
4348
4335
4349
4336
4350
4337
4351
4338
4352
4339
4353
4340
4354
4341
4355
4342
4356
4343
4357
4344
4358
4359
4346
4360
4347
4361
4348
4362
4349
4363
4350
4364
4351
4365
4352
4366
4353
4367
4354
4368
4355
4369
4356
4370
4357
4371
4358
4372
4359
4373
4374
4361
4375
4362
4376
4363
4377
4364
4378
4365
4379
4366
4380
4367
4381
4368
4382
4369
4383
4370
4384
4371
4385
4372
4386
4373
4387
4374
4388
4389
4376
4390
4377
4391
4378
4392
4379
4393
4380
4394
4381
4395
4382
4396
4383
4397
4384
4398
4385
4399
4386
4400
4387
4401
4388
4402
4389
4403
4404
4391
4405
4392
4406
4393
4407
4394
4408
4395
4409
4396
4410
4397
4411
4398
4412
4399
4413
4400
4414
4401
4415
4402
4416
4403
4417
4404
4418
4419
4406
4420
4407
4421
4408
4422
4409
4423
4410
4424
4411
4425
4412
4426
4413
4427
4414
4428
4415
4429
4416
4430
4417
4431
4418
4432
4419
4433
4434
4421
4435
4422
4436
4423
4437
4424
4438
4425
4439
4426
4440
4427
4441
4428
4442
4429
4443
4430
4444
4431
4445
4432
4446
4433
4447
4434
4448
4449
4436
4450
4437
4451
4438
4452
4439
4453
4440
4454
4441
4455
4442
4456
4443
4457
4444
4458
4445
4459
4446
4460
4447
4461
4448
4462
4449
4463
4464
4451
4465
4452
4466
4453
4467
4454
4468
4455
4469
4456
4470
4457
4471
4458
4472
4459
4473
4460
4474
4461
4475
4462
4476
4463
4477
4464
4478
4479
4466
4480
4467
4481
4468
4482
4469
4483
4470
4484
4471
4485
4472
4486
4473
4487
4474
4488
4475
4489
4476
4490
4477
4491
4478
4492
4479
4493
4494
4481
4495
4482
4496
4483
4497
4484
4498
4485
4499
4486
4500
4487
4501
4488
4502
4489
4503
4490
4504
4491
4505
4492
4506
4493
4507
4494
4508
4509
4496
4510
4497
4511
4498
4512
4499
4513
4500
4514
4501
4515
4502
4516
4503
4517
4504
4518
4505
4519
4506
4520
4507
4521
4508
4522
4509
4523
4524
4511
4525
4512
4526
4513
4527
4514
4528
4515
4529
4516
4530
4517
4531
4518
4532
4519
4533
4520
4534
4521
4535
4522
4536
4523
4537
4524
4538
4539
4526
4540
4527
4541
4528
4542
4529
4543
4530
4544
4531
4545
4532
4546
4533
4547
4534
4548
4535
4549
4536
4550
4537
4551
4538
4552
4539
4553
4554
4541
4555
4542
4556
4543
4557
4544
4558
4545
4559
4546
4560
4547
4561
4548
4562
4549
4563
4550
4564
4551
4565
4552
4566
4553
4567
4554
4568
4569
4556
4570
4557
4571
4558
4572
4559
4573
4560
4574
4561
4575
4562
4576
4563
4577
4564
4578
4565
4579
4566
4580
4567
4581
4568
4582
4569
4583
4584
4571
4585
4572
4586
4573
4587
4574
4588
4575
4589
4576
4590
4577
4591
4578
4592
4579
4593
4580
4594
4581
4595
4582
4596
4583
4597
4584
4598
4599
4586
4600
4587
4601
4588
4602
4589
4603
4590
4604
4591
4605
4592
4606
4593
4607
4594
4608
4595
4609
4596
4610
4597
4611
4598
4612
4599
4613
4614
4601
4615
4602
4616
4603
4617
4604
4618
4605
4619
4606
4620
4607
4621
4608
4622
4609
4623
4610
4624
4611
4625
4612
4626
4613
4627
4614
4628
4629
4616
4630
4617
4631
4618
4632
4619
4633
4620
4634
4621
4635
4622
4636
4623
4637
4624
4638
4625
4639
4626
4640
4627
4641
4628
4642
4629
4643
4644
4631
4645
4632
4646
4633
4647
4634
4648
4635
4649
4636
4650
4637
4651
4638
4652
4639
4653
4640
4654
4641
4655
4642
4656
4643
4657
4644
4658
4659
4646
4660
4647
4661
4648
4662
4649
4663
4650
4664
4651
4665
4652
4666
4653
4667
4654
4668
4655
4669
4656
4670
4657
4671
4658
4672
4659
4673
4674
4661
4675
4662
4676
4663
4677
4664
4678
4665
4679
4666
4680
4667
4681
4668
4682
4669
4683
4670
4684
4671
4685
4672
4686
4673
4687
4674
4688
4689
4676
4690
4677
4691
4678
4692
4679
4693
4680
4694
4681
4695
4682
4696
4683
4697
4684
4698
4685
4699
4686
4700
4687
4701
4688
4702
4689
4703
4704
4691
4705
4692
4706
4693
4707
4694
4708
4695
4709
4696
4710
4697
4711
4698
4712
4699
4713
4700
4714
4701
4715
4702
4716
4703
4717
4704
4718
4719
4706
4720
4707
4721
4708
4722
4709
4723
4710
4724
4711
4725
4712
4726
4713
4727
4714
4728
4715
4729
4716
4730
4717
4731
4718
4732
4719
4733
4734
4721
4735
4722
4736
4723
4737
4724
4738
4725
4739
4726
4740
4727
4741
4728
4742
4729
4743
4730
4744
4731
4745
4732
4746
4733
4747
4734
4748
4749
4736
4737
4738
4739
4740
4741
4742
4743
4744
4745
4746
4747
4748
4749
4751
4765
5335
4752
4766
5336
4753
4767
5337
4754
4768
5338
4755
4769
5339
4756
4770
5340
4757
4771
5341
4758
4772
5342
4759
4773
5343
4760
4774
5344
4761
4775
5345
4762
4776
5346
4763
4777
5347
4764
4778
5348
4779
5349
4766
4780
4767
4781
4768
4782
4769
4783
4770
4784
4771
4785
4772
4786
4773
4787
4774
4788
4775
4789
4776
4790
4777
4791
4778
4792
4779
4793
4794
4781
4795
4782
4796
4783
4797
4784
4798
4785
4799
4786
4800
4787
4801
4788
4802
4789
4803
4790
4804
4791
4805
4792
4806
4793
4807
4794
4808
4809
4796
4810
4797
4811
4798
4812
4799
4813
4800
4814
4801
4815
4802
4816
4803
4817
4804
4818
4805
4819
4806
4820
4807
4821
4808
4822
4809
4823
4824
4811
4825
4812
4826
4813
4827
4814
4828
4815
4829
4816
4830
4817
4831
4818
4832
4819
4833
4820
4834
4821
4835
4822
4836
4823
4837
4824
4838
4839
4826
4840
4827
4841
4828
4842
4829
4843
4830
4844
4831
4845
4832
4846
4833
4847
4834
4848
4835
4849
4836
4850
4837
4851
4838
4852
4839
4853
4854
4841
4855
4842
4856
4843
4857
4844
4858
4845
4859
4846
4860
4847
4861
4848
4862
4849
4863
4850
4864
4851
4865
4852
4866
4853
4867
4854
4868
4869
4856
4870
4857
4871
4858
4872
4859
4873
4860
4874
4861
4875
4862
4876
4863
4877
4864
4878
4865
4879
4866
4880
4867
4881
4868
4882
4869
4883
4884
4871
4885
4872
4886
4873
4887
4874
4888
4875
4889
4876
4890
4877
4891
4878
4892
4879
4893
4880
4894
4881
4895
4882
4896
4883
4897
4884
4898
4899
4886
4900
4887
4901
4888
4902
4889
4903
4890
4904
4891
4905
4892
4906
4893
4907
4894
4908
4895
4909
4896
4910
4897
4911
4898
4912
4899
4913
4914
4901
4915
4902
4916
4903
4917
4904
4918
4905
4919
4906
4920
4907
4921
4908
4922
4909
4923
4910
4924
4911
4925
4912
4926
4913
4927
4914
4928
4929
4916
4930
4917
4931
4918
4932
4919
4933
4920
4934
4921
4935
4922
4936
4923
4937
4924
4938
4925
4939
4926
4940
4927
4941
4928
4942
4929
4943
4944
4931
4945
4932
4946
4933
4947
4934
4948
4935
4949
4936
4950
4937
4951
4938
4952
4939
4953
4940
4954
4941
4955
4942
4956
4943
4957
4944
4958
4959
4946
4960
4947
4961
4948
4962
4949
4963
4950
4964
4951
4965
4952
4966
4953
4967
4954
4968
4955
4969
4956
4970
4957
4971
4958
4972
4959
4973
4974
4961
4975
4962
4976
4963
4977
4964
4978
4965
4979
4966
4980
4967
4981
4968
4982
4969
4983
4970
4984
4971
4985
4972
4986
4973
4987
4974
4988
4989
4976
4990
4977
4991
4978
4992
4979
4993
4980
4994
4981
4995
4982
4996
4983
4997
4984
4998
4985
4999
4986
5000
4987
5001
4988
5002
4989
5003
5004
4991
5005
4992
5006
4993
5007
4994
5008
4995
5009
4996
5010
4997
5011
4998
5012
4999
5013
5000
5014
5001
5015
5002
5016
5003
5017
5004
5018
5019
5006
5020
5007
5021
5008
5022
5009
5023
5010
5024
5011
5025
5012
5026
5013
5027
5014
5028
5015
5029
5016
5030
5017
5031
5018
5032
5019
5033
5034
5021
5035
5022
5036
5023
5037
5024
5038
5025
5039
5026
5040
5027
5041
5028
5042
5029
5043
5030
5044
5031
5045
5032
5046
5033
5047
5034
5048
5049
5036
5037
5038
5039
5040
5041
5042
5043
5044
5045
5046
5047
5048
5049
5051
5065
5785
5052
5066
5786
5053
5067
5787
5054
5068
5788
5055
5069
5789
5056
5070
5790
5057
5071
5791
5058
5072
5792
5059
5073
5793
5060
5074
5794
5061
5075
5795
5062
5076
5796
5063
5077
5797
5064
5078
5798
5079
5799
5066
5080
5067
5081
5068
5082
5069
5083
5070
5084
5071
5085
5072
5086
5073
5087
5074
5088
5075
5089
5076
5090
5077
5091
5078
5092
5079
5093
5094
5081
5095
5082
5096
5083
5097
5084
5098
5085
5099
5086
5100
5087
5101
5088
5102
5089
5103
5090
5104
5091
5105
5092
5106
5093
5107
5094
5108
5109
5096
5110
5097
5111
5098
5112
5099
5113
5100
5114
5101
5115
5102
5116
5103
5117
5104
5118
5105
5119
5106
5120
5107
5121
5108
5122
5109
5123
5124
5111
5125
5112
5126
5113
5127
5114
5128
5115
5129
5116
5130
5117
5131
5118
5132
5119
5133
5120
5134
5121
5135
5122
5136
5123
5137
5124
5138
5139
5126
5140
5127
5141
5128
5142
5129
5143
5130
5144
5131
5145
5132
5146
5133
5147
5134
5148
5135
5149
5136
5150
5137
5151
5138
5152
5139
5153
5154
5141
5155
5142
5156
5143
5157
5144
5158
5145
5159
5146
5160
5147
5161
5148
5162
5149
5163
5150
5164
5151
5165
5152
5166
5153
5167
5154
5168
5169
5156
5170
5157
5171
5158
5172
5159
5173
5160
5174
5161
5175
5162
5176
5163
5177
5164
5178
5165
5179
5166
5180
5167
5181
5168
5182
5169
5183
5184
5171
5185
5172
5186
5173
5187
5174
5188
5175
5189
5176
5190
5177
5191
5178
5192
5179
5193
5180
5194
5181
5195
5182
5196
5183
5197
5184
5198
5199
5186
5200
5187
5201
5188
5202
5189
5203
5190
5204
5191
5205
5192
5206
5193
5207
5194
5208
5195
5209
5196
5210
5197
5211
5198
5212
5199
5213
5214
5201
5215
5202
5216
5203
5217
5204
5218
5205
5219
5206
5220
5207
5221
5208
5222
5209
5223
5210
5224
5211
5225
5212
5226
5213
5227
5214
5228
5229
5216
5230
5217
5231
5218
5232
5219
5233
5220
5234
5221
5235
5222
5236
5223
5237
5224
5238
5225
5239
5226
5240
5227
5241
5228
5242
5229
5243
5244
5231
5245
5232
5246
5233
5247
5234
5248
5235
5249
5236
5250
5237
5251
5238
5252
5239
5253
5240
5254
5241
5255
5242
5256
5243
5257
5244
5258
5259
5246
5260
5247
5261
5248
5262
5249
5263
5250
5264
5251
5265
5252
5266
5253
5267
5254
5268
5255
5269
5256
5270
5257
5271
5258
5272
5259
5273
5274
5261
5275
5262
5276
5263
5277
5264
5278
5265
5279
5266
5280
5267
5281
5268
5282
5269
5283
5270
5284
5271
5285
5272
5286
5273
5287
5274
5288
5289
5276
5290
5277
5291
5278
5292
5279
5293
5280
5294
5281
5295
5282
5296
5283
5297
5284
5298
5285
5299
5286
5300
5287
5301
5288
5302
5289
5303
5304
5291
5305
5292
5306
5293
5307
5294
5308
5295
5309
5296
5310
5297
5311
5298
5312
5299
5313
5300
5314
5301
5315
5302
5316
5303
5317
5304
5318
5319
5306
5320
5307
5321
5308
5322
5309
5323
5310
5324
5311
5325
5312
5326
5313
5327
5314
5328
5315
5329
5316
5330
5317
5331
5318
5332
5319
5333
5334
5321
5335
5322
5336
5323
5337
5324
5338
5325
5339
5326
5340
5327
5341
5328
5342
5329
5343
5330
5344
5331
5345
5332
5346
5333
5347
5334
5348
5349
5336
5337
5338
5339
5340
5341
5342
5343
5344
5345
5346
5347
5348
5349
5351
5365
5352
5366
5353
5367
5354
5368
5355
5369
5356
5370
5357
5371
5358
5372
5359
5373
5360
5374
5361
5375
5362
5376
5363
5377
5364
5378
5379
5800
5366
5380
5367
5381
5368
5382
5369
5383
5370
5384
5371
5385
5372
5386
5373
5387
5374
5388
5375
5389
5376
5390
5377
5391
5378
5392
5379
5393
5394
5820
5381
5395
5382
5396
5383
5397
5384
5398
5385
5399
5386
5400
5387
5401
5388
5402
5389
5403
5390
5404
5391
5405
5392
5406
5393
5407
5394
5408
5409
5840
5396
5410
5397
5411
5398
5412
5399
5413
5400
5414
5401
5415
5402
5416
5403
5417
5404
5418
5405
5419
5406
5420
5407
5421
5408
5422
5409
5423
5424
5860
5411
5425
5412
5426
5413
5427
5414
5428
5415
5429
5416
5430
5417
5431
5418
5432
5419
5433
5420
5434
5421
5435
5422
5436
5423
5437
5424
5438
5439
5880
5426
5440
5427
5441
5428
5442
5429
5443
5430
5444
5431
5445
5432
5446
5433
5447
5434
5448
5435
5449
5436
5450
5437
5451
5438
5452
5439
5453
5454
5900
5441
5455
5442
5456
5443
5457
5444
5458
5445
5459
5446
5460
5447
5461
5448
5462
5449
5463
5450
5464
5451
5465
5452
5466
5453
5467
5454
5468
5469
5920
5456
5470
5457
5471
5458
5472
5459
5473
5460
5474
5461
5475
5462
5476
5463
5477
5464
5478
5465
5479
5466
5480
5467
5481
5468
5482
5469
5483
5484
5940
5471
5485
5472
5486
5473
5487
5474
5488
5475
5489
5476
5490
5477
5491
5478
5492
5479
5493
5480
5494
5481
5495
5482
5496
5483
5497
5484
5498
5499
5960
5486
5500
5487
5501
5488
5502
5489
5503
5490
5504
5491
5505
5492
5506
5493
5507
5494
5508
5495
5509
5496
5510
5497
5511
5498
5512
5499
5513
5514
5980
5501
5515
5502
5516
5503
5517
5504
5518
5505
5519
5506
5520
5507
5521
5508
5522
5509
5523
5510
5524
5511
5525
5512
5526
5513
5527
5514
5528
5529
6000
5516
5530
5517
5531
5518
5532
5519
5533
5520
5534
5521
5535
5522
5536
5523
5537
5524
5538
5525
5539
5526
5540
5527
5541
5528
5542
5529
5543
5544
6020
5531
5545
5532
5546
5533
5547
5534
5548
5535
5549
5536
5550
5537
5551
5538
5552
5539
5553
5540
5554
5541
5555
5542
5556
5543
5557
5544
5558
5559
6040
5546
5560
5547
5561
5548
5562
5549
5563
5550
5564
5551
5565
5552
5566
5553
5567
5554
5568
5555
5569
5556
5570
5557
5571
5558
5572
5559
5573
5574
6060
5561
5575
5562
5576
5563
5577
5564
5578
5565
5579
5566
5580
5567
5581
5568
5582
5569
5583
5570
5584
5571
5585
5572
5586
5573
5587
5574
5588
5589
6080
5576
5590
5577
5591
5578
5592
5579
5593
5580
5594
5581
5595
5582
5596
5583
5597
5584
5598
5585
5599
5586
5600
5587
5601
5588
5602
5589
5603
5604
6100
5591
5605
5592
5606
5593
5607
5594
5608
5595
5609
5596
5610
5597
5611
5598
5612
5599
5613
5600
5614
5601
5615
5602
5616
5603
5617
5604
5618
5619
6120
5606
5620
5607
5621
5608
5622
5609
5623
5610
5624
5611
5625
5612
5626
5613
5627
5614
5628
5615
5629
5616
5630
5617
5631
5618
5632
5619
5633
5634
6140
5621
5635
5622
5636
5623
5637
5624
5638
5625
5639
5626
5640
5627
5641
5628
5642
5629
5643
5630
5644
5631
5645
5632
5646
5633
5647
5634
5648
5649
6160
5636
5650
5637
5651
5638
5652
5639
5653
5640
5654
5641
5655
5642
5656
5643
5657
5644
5658
5645
5659
5646
5660
5647
5661
5648
5662
5649
5663
5664
6180
5651
5665
5652
5666
5653
5667
5654
5668
5655
5669
5656
5670
5657
5671
5658
5672
5659
5673
5660
5674
5661
5675
5662
5676
5663
5677
5664
5678
5679
6200
5666
5680
5667
5681
5668
5682
5669
5683
5670
5684
5671
5685
5672
5686
5673
5687
5674
5688
5675
5689
5676
5690
5677
5691
5678
5692
5679
5693
5694
6220
5681
5695
5682
5696
5683
5697
5684
5698
5685
5699
5686
5700
5687
5701
5688
5702
5689
5703
5690
5704
5691
5705
5692
5706
5693
5707
5694
5708
5709
6240
5696
5710
5697
5711
5698
5712
5699
5713
5700
5714
5701
5715
5702
5716
5703
5717
5704
5718
5705
5719
5706
5720
5707
5721
5708
5722
5709
5723
5724
6260
5711
5725
5712
5726
5713
5727
5714
5728
5715
5729
5716
5730
5717
5731
5718
5732
5719
5733
5720
5734
5721
5735
5722
5736
5723
5737
5724
5738
5739
6280
5726
5740
5727
5741
5728
5742
5729
5743
5730
5744
5731
5745
5732
5746
5733
5747
5734
5748
5735
5749
5736
5750
5737
5751
5738
5752
5739
5753
5754
6300
5741
5755
5742
5756
5743
5757
5744
5758
5745
5759
5746
5760
5747
5761
5748
5762
5749
5763
5750
5764
5751
5765
5752
5766
5753
5767
5754
5768
5769
6320
5756
5770
5757
5771
5758
5772
5759
5773
5760
5774
5761
5775
5762
5776
5763
5777
5764
5778
5765
5779
5766
5780
5767
5781
5768
5782
5769
5783
5784
6340
5771
5785
5772
5786
5773
5787
5774
5788
5775
5789
5776
5790
5777
5791
5778
5792
5779
5793
5780
5794
5781
5795
5782
5796
5783
5797
5784
5798
5799
6360
5786
5787
5788
5789
5790
5791
5792
5793
5794
5795
5796
5797
5798
5799
6380
5801
5820
5802
5821
5803
5822
5804
5823
5805
5824
5806
5825
5807
5826
5808
5827
5809
5828
5810
5829
5811
5830
5812
5831
5813
5832
5814
5833
5815
5834
5816
5835
5817
5836
5818
5837
5819
5838
5839
6400
5821
5840
5822
5841
5823
5842
5824
5843
5825
5844
5826
5845
5827
5846
5828
5847
5829
5848
5830
5849
5831
5850
5832
5851
5833
5852
5834
5853
5835
5854
5836
5855
5837
5856
5838
5857
5839
5858
5859
6420
5841
5860
5842
5861
5843
5862
5844
5863
5845
5864
5846
5865
5847
5866
5848
5867
5849
5868
5850
5869
5851
5870
5852
5871
5853
5872
5854
5873
5855
5874
5856
5875
5857
5876
5858
5877
5859
5878
5879
6440
5861
5880
5862
5881
5863
5882
5864
5883
5865
5884
5866
5885
5867
5886
5868
5887
5869
5888
5870
5889
5871
5890
5872
5891
5873
5892
5874
5893
5875
5894
5876
5895
5877
5896
5878
5897
5879
5898
5899
6460
5881
5900
5882
5901
5883
5902
5884
5903
5885
5904
5886
5905
5887
5906
5888
5907
5889
5908
5890
5909
5891
5910
5892
5911
5893
5912
5894
5913
5895
5914
5896
5915
5897
5916
5898
5917
5899
5918
5919
6480
5901
5920
5902
5921
5903
5922
5904
5923
5905
5924
5906
5925
5907
5926
5908
5927
5909
5928
5910
5929
5911
5930
5912
5931
5913
5932
5914
5933
5915
5934
5916
5935
5917
5936
5918
5937
5919
5938
5939
6500
5921
5940
5922
5941
5923
5942
5924
5943
5925
5944
5926
5945
5927
5946
5928
5947
5929
5948
5930
5949
5931
5950
5932
5951
5933
5952
5934
5953
5935
5954
5936
5955
5937
5956
5938
5957
5939
5958
5959
6520
5941
5960
5942
5961
5943
5962
5944
5963
5945
5964
5946
5965
5947
5966
5948
5967
5949
5968
5950
5969
5951
5970
5952
5971
5953
5972
5954
5973
5955
5974
5956
5975
5957
5976
5958
5977
5959
5978
5979
6540
5961
5980
5962
5981
5963
5982
5964
5983
5965
5984
5966
5985
5967
5986
5968
5987
5969
5988
5970
5989
5971
5990
5972
5991
5973
5992
5974
5993
5975
5994
5976
5995
5977
5996
5978
5997
5979
5998
5999
6560
5981
6000
5982
6001
5983
6002
5984
6003
5985
6004
5986
6005
5987
6006
5988
6007
5989
6008
5990
6009
5991
6010
5992
6011
5993
6012
5994
6013
5995
6014
5996
6015
5997
6016
5998
6017
5999
6018
6019
6580
6001
6020
6002
6021
6003
6022
6004
6023
6005
6024
6006
6025
6007
6026
6008
6027
6009
6028
6010
6029
6011
6030
6012
6031
6013
6032
6014
6033
6015
6034
6016
6035
6017
6036
6018
6037
6019
6038
6039
6600
6021
6040
6022
6041
6023
6042
6024
6043
6025
6044
6026
6045
6027
6046
6028
6047
6029
6048
6030
6049
6031
6050
6032
6051
6033
6052
6034
6053
6035
6054
6036
6055
6037
6056
6038
6057
6039
6058
6059
6620
6041
6060
6042
6061
6043
6062
6044
6063
6045
6064
6046
6065
6047
6066
6048
6067
6049
6068
6050
6069
6051
6070
6052
6071
6053
6072
6054
6073
6055
6074
6056
6075
6057
6076
6058
6077
6059
6078
6079
6640
6061
6080
6062
6081
6063
6082
6064
6083
6065
6084
6066
6085
6067
6086
6068
6087
6069
6088
6070
6089
6071
6090
6072
6091
6073
6092
6074
6093
6075
6094
6076
6095
6077
6096
6078
6097
6079
6098
6099
6660
6081
6100
6082
6101
6083
6102
6084
6103
6085
6104
6086
6105
6087
6106
6088
6107
6089
6108
6090
6109
6091
6110
6092
6111
6093
6112
6094
6113
6095
6114
6096
6115
6097
6116
6098
6117
6099
6118
6119
6680
6101
6120
6102
6121
6103
6122
6104
6123
6105
6124
6106
6125
6107
6126
6108
6127
6109
6128
6110
6129
6111
6130
6112
6131
6113
6132
6114
6133
6115
6134
6116
6135
6117
6136
6118
6137
6119
6138
6139
6700
6121
6140
6122
6141
6123
6142
6124
6143
6125
6144
6126
6145
6127
6146
6128
6147
6129
6148
6130
6149
6131
6150
6132
6151
6133
6152
6134
6153
6135
6154
6136
6155
6137
6156
6138
6157
6139
6158
6159
6720
6141
6160
6142
6161
6143
6162
6144
6163
6145
6164
6146
6165
6147
6166
6148
6167
6149
6168
6150
6169
6151
6170
6152
6171
6153
6172
6154
6173
6155
6174
6156
6175
6157
6176
6158
6177
6159
6178
6179
6740
6161
6180
6162
6181
6163
6182
6164
6183
6165
6184
6166
6185
6167
6186
6168
6187
6169
6188
6170
6189
6171
6190
6172
6191
6173
6192
6174
6193
6175
6194
6176
6195
6177
6196
6178
6197
6179
6198
6199
6760
6181
6200
6182
6201
6183
6202
6184
6203
6185
6204
6186
6205
6187
6206
6188
6207
6189
6208
6190
6209
6191
6210
6192
6211
6193
6212
6194
6213
6195
6214
6196
6215
6197
6216
6198
6217
6199
6218
6219
6780
6201
6220
6202
6221
6203
6222
6204
6223
6205
6224
6206
6225
6207
6226
6208
6227
6209
6228
6210
6229
6211
6230
6212
6231
6213
6232
6214
6233
6215
6234
6216
6235
6217
6236
6218
6237
6219
6238
6239
6800
6221
6240
6222
6241
6223
6242
6224
6243
6225
6244
6226
6245
6227
6246
6228
6247
6229
6248
6230
6249
6231
6250
6232
6251
6233
6252
6234
6253
6235
6254
6236
6255
6237
6256
6238
6257
6239
6258
6259
6820
6241
6260
6242
6261
6243
6262
6244
6263
6245
6264
6246
6265
6247
6266
6248
6267
6249
6268
6250
6269
6251
6270
6252
6271
6253
6272
6254
6273
6255
6274
6256
6275
6257
6276
6258
6277
6259
6278
6279
6840
6261
6280
6262
6281
6263
6282
6264
6283
6265
6284
6266
6285
6267
6286
6268
6287
6269
6288
6270
6289
6271
6290
6272
6291
6273
6292
6274
6293
6275
6294
6276
6295
6277
6296
6278
6297
6279
6298
6299
6860
6281
6300
6282
6301
6283
6302
6284
6303
6285
6304
6286
6305
6287
6306
6288
6307
6289
6308
6290
6309
6291
6310
6292
6311
6293
6312
6294
6313
6295
6314
6296
6315
6297
6316
6298
6317
6299
6318
6319
6880
6301
6320
6302
6321
6303
6322
6304
6323
6305
6324
6306
6325
6307
6326
6308
6327
6309
6328
6310
6329
6311
6330
6312
6331
6313
6332
6314
6333
6315
6334
6316
6335
6317
6336
6318
6337
6319
6338
6339
6900
6321
6340
6322
6341
6323
6342
6324
6343
6325
6344
6326
6345
6327
6346
6328
6347
6329
6348
6330
6349
6331
6350
6332
6351
6333
6352
6334
6353
6335
6354
6336
6355
6337
6356
6338
6357
6339
6358
6359
6920
6341
6360
6342
6361
6343
6362
6344
6363
6345
6364
6346
6365
6347
6366
6348
6367
6349
6368
6350
6369
6351
6370
6352
6371
6353
6372
6354
6373
6355
6374
6356
6375
6357
6376
6358
6377
6359
6378
6379
6940
6361
6380
6362
6381
6363
6382
6364
6383
6365
6384
6366
6385
6367
6386
6368
6387
6369
6388
6370
6389
6371
6390
6372
6391
6373
6392
6374
6393
6375
6394
6376
6395
6377
6396
6378
6397
6379
6398
6399
6960
6381
6382
6383
6384
6385
6386
6387
6388
6389
6390
6391
6392
6393
6394
6395
6396
6397
6398
6399
6980
6401
6420
6402
6421
6403
6422
6404
6423
6405
6424
6406
6425
6407
6426
6408
6427
6409
6428
6410
6429
6411
6430
6412
6431
6413
6432
6414
6433
6415
6434
6416
6435
6417
6436
6418
6437
6419
6438
6439
7000
6421
6440
6422
6441
6423
6442
6424
6443
6425
6444
6426
6445
6427
6446
6428
6447
6429
6448
6430
6449
6431
6450
6432
6451
6433
6452
6434
6453
6435
6454
6436
6455
6437
6456
6438
6457
6439
6458
6459
7030
6441
6460
6442
6461
6443
6462
6444
6463
6445
6464
6446
6465
6447
6466
6448
6467
6449
6468
6450
6469
6451
6470
6452
6471
6453
6472
6454
6473
6455
6474
6456
6475
6457
6476
6458
6477
6459
6478
6479
7060
6461
6480
6462
6481
6463
6482
6464
6483
6465
6484
6466
6485
6467
6486
6468
6487
6469
6488
6470
6489
6471
6490
6472
6491
6473
6492
6474
6493
6475
6494
6476
6495
6477
6496
6478
6497
6479
6498
6499
7090
6481
6500
6482
6501
6483
6502
6484
6503
6485
6504
6486
6505
6487
6506
6488
6507
6489
6508
6490
6509
6491
6510
6492
6511
6493
6512
6494
6513
6495
6514
6496
6515
6497
6516
6498
6517
6499
6518
6519
7120
6501
6520
6502
6521
6503
6522
6504
6523
6505
6524
6506
6525
6507
6526
6508
6527
6509
6528
6510
6529
6511
6530
6512
6531
6513
6532
6514
6533
6515
6534
6516
6535
6517
6536
6518
6537
6519
6538
6539
7150
6521
6540
6522
6541
6523
6542
6524
6543
6525
6544
6526
6545
6527
6546
6528
6547
6529
6548
6530
6549
6531
6550
6532
6551
6533
6552
6534
6553
6535
6554
6536
6555
6537
6556
6538
6557
6539
6558
6559
7180
6541
6560
6542
6561
6543
6562
6544
6563
6545
6564
6546
6565
6547
6566
6548
6567
6549
6568
6550
6569
6551
6570
6552
6571
6553
6572
6554
6573
6555
6574
6556
6575
6557
6576
6558
6577
6559
6578
6579
7210
6561
6580
6562
6581
6563
6582
6564
6583
6565
6584
6566
6585
6567
6586
6568
6587
6569
6588
6570
6589
6571
6590
6572
6591
6573
6592
6574
6593
6575
6594
6576
6595
6577
6596
6578
6597
6579
6598
6599
7240
6581
6600
6582
6601
6583
6602
6584
6603
6585
6604
6586
6605
6587
6606
6588
6607
6589
6608
6590
6609
6591
6610
6592
6611
6593
6612
6594
6613
6595
6614
6596
6615
6597
6616
6598
6617
6599
6618
6619
7270
6601
6620
6602
6621
6603
6622
6604
6623
6605
6624
6606
6625
6607
6626
6608
6627
6609
6628
6610
6629
6611
6630
6612
6631
6613
6632
6614
6633
6615
6634
6616
6635
6617
6636
6618
6637
6619
6638
6639
7300
6621
6640
6622
6641
6623
6642
6624
6643
6625
6644
6626
6645
6627
6646
6628
6647
6629
6648
6630
6649
6631
6650
6632
6651
6633
6652
6634
6653
6635
6654
6636
6655
6637
6656
6638
6657
6639
6658
6659
7330
6641
6660
6642
6661
6643
6662
6644
6663
6645
6664
6646
6665
6647
6666
6648
6667
6649
6668
6650
6669
6651
6670
6652
6671
6653
6672
6654
6673
6655
6674
6656
6675
6657
6676
6658
6677
6659
6678
6679
7360
6661
6680
6662
6681
6663
6682
6664
6683
6665
6684
6666
6685
6667
6686
6668
6687
6669
6688
6670
6689
6671
6690
6672
6691
6673
6692
6674
6693
6675
6694
6676
6695
6677
6696
6678
6697
6679
6698
6699
7390
6681
6700
6682
6701
6683
6702
6684
6703
6685
6704
6686
6705
6687
6706
6688
6707
6689
6708
6690
6709
6691
6710
6692
6711
6693
6712
6694
6713
6695
6714
6696
6715
6697
6716
6698
6717
6699
6718
6719
7420
6701
6720
6702
6721
6703
6722
6704
6723
6705
6724
6706
6725
6707
6726
6708
6727
6709
6728
6710
6729
6711
6730
6712
6731
6713
6732
6714
6733
6715
6734
6716
6735
6717
6736
6718
6737
6719
6738
6739
7450
6721
6740
6722
6741
6723
6742
6724
6743
6725
6744
6726
6745
6727
6746
6728
6747
6729
6748
6730
6749
6731
6750
6732
6751
6733
6752
6734
6753
6735
6754
6736
6755
6737
6756
6738
6757
6739
6758
6759
7480
6741
6760
6742
6761
6743
6762
6744
6763
6745
6764
6746
6765
6747
6766
6748
6767
6749
6768
6750
6769
6751
6770
6752
6771
6753
6772
6754
6773
6755
6774
6756
6775
6757
6776
6758
6777
6759
6778
6779
7510
6761
6780
6762
6781
6763
6782
6764
6783
6765
6784
6766
6785
6767
6786
6768
6787
6769
6788
6770
6789
6771
6790
6772
6791
6773
6792
6774
6793
6775
6794
6776
6795
6777
6796
6778
6797
6779
6798
6799
7540
6781
6800
6782
6801
6783
6802
6784
6803
6785
6804
6786
6805
6787
6806
6788
6807
6789
6808
6790
6809
6791
6810
6792
6811
6793
6812
6794
6813
6795
6814
6796
6815
6797
6816
6798
6817
6799
6818
6819
7570
6801
6820
6802
6821
6803
6822
6804
6823
6805
6824
6806
6825
6807
6826
6808
6827
6809
6828
6810
6829
6811
6830
6812
6831
6813
6832
6814
6833
6815
6834
6816
6835
6817
6836
6818
6837
6819
6838
6839
7600
6821
6840
6822
6841
6823
6842
6824
6843
6825
6844
6826
6845
6827
6846
6828
6847
6829
6848
6830
6849
6831
6850
6832
6851
6833
6852
6834
6853
6835
6854
6836
6855
6837
6856
6838
6857
6839
6858
6859
7630
6841
6860
6842
6861
6843
6862
6844
6863
6845
6864
6846
6865
6847
6866
6848
6867
6849
6868
6850
6869
6851
6870
6852
6871
6853
6872
6854
6873
6855
6874
6856
6875
6857
6876
6858
6877
6859
6878
6879
7660
6861
6880
6862
6881
6863
6882
6864
6883
6865
6884
6866
6885
6867
6886
6868
6887
6869
6888
6870
6889
6871
6890
6872
6891
6873
6892
6874
6893
6875
6894
6876
6895
6877
6896
6878
6897
6879
6898
6899
7690
6881
6900
6882
6901
6883
6902
6884
6903
6885
6904
6886
6905
6887
6906
6888
6907
6889
6908
6890
6909
6891
6910
6892
6911
6893
6912
6894
6913
6895
6914
6896
6915
6897
6916
6898
6917
6899
6918
6919
7720
6901
6920
6902
6921
6903
6922
6904
6923
6905
6924
6906
6925
6907
6926
6908
6927
6909
6928
6910
6929
6911
6930
6912
6931
6913
6932
6914
6933
6915
6934
6916
6935
6917
6936
6918
6937
6919
6938
6939
7750
6921
6940
6922
6941
6923
6942
6924
6943
6925
6944
6926
6945
6927
6946
6928
6947
6929
6948
6930
6949
6931
6950
6932
6951
6933
6952
6934
6953
6935
6954
6936
6955
6937
6956
6938
6957
6939
6958
6959
7780
6941
6960
6942
6961
6943
6962
6944
6963
6945
6964
6946
6965
6947
6966
6948
6967
6949
6968
6950
6969
6951
6970
6952
6971
6953
6972
6954
6973
6955
6974
6956
6975
6957
6976
6958
6977
6959
6978
6979
7810
6961
6980
6962
6981
6963
6982
6964
6983
6965
6984
6966
6985
6967
6986
6968
6987
6969
6988
6970
6989
6971
6990
6972
6991
6973
6992
6974
6993
6975
6994
6976
6995
6977
6996
6978
6997
6979
6998
6999
7840
6981
6982
6983
6984
6985
6986
6987
6988
6989
6990
6991
6992
6993
6994
6995
6996
6997
6998
6999
7870
7001
7030
7002
7031
7003
7032
7004
7033
7005
7034
7006
7035
7007
7036
7008
7037
7009
7038
7010
7039
7011
7040
7012
7041
7013
7042
7014
7043
7015
7044
7016
7045
7017
7046
7018
7047
7019
7048
7020
7049
7021
7050
7022
7051
7023
7052
7024
7053
7025
7054
7026
7055
7027
7056
7028
7057
7029
7058
7059
7031
7060
7032
7061
7033
7062
7034
7063
7035
7064
7036
7065
7037
7066
7038
7067
7039
7068
7040
7069
7041
7070
7042
7071
7043
7072
7044
7073
7045
7074
7046
7075
7047
7076
7048
7077
7049
7078
7050
7079
7051
7080
7052
7081
7053
7082
7054
7083
7055
7084
7056
7085
7057
7086
7058
7087
7059
7088
7089
7061
7090
7062
7091
7063
7092
7064
7093
7065
7094
7066
7095
7067
7096
7068
7097
7069
7098
7070
7099
7071
7100
7072
7101
7073
7102
7074
7103
7075
7104
7076
7105
7077
7106
7078
7107
7079
7108
7080
7109
7081
7110
7082
7111
7083
7112
7084
7113
7085
7114
7086
7115
7087
7116
7088
7117
7089
7118
7119
7091
7120
7092
7121
7093
7122
7094
7123
7095
7124
7096
7125
7097
7126
7098
7127
7099
7128
7100
7129
7101
7130
7102
7131
7103
7132
7104
7133
7105
7134
7106
7135
7107
7136
7108
7137
7109
7138
7110
7139
7111
7140
7112
7141
7113
7142
7114
7143
7115
7144
7116
7145
7117
7146
7118
7147
7119
7148
7149
7121
7150
7122
7151
7123
7152
7124
7153
7125
7154
7126
7155
7127
7156
7128
7157
7129
7158
7130
7159
7131
7160
7132
7161
7133
7162
7134
7163
7135
7164
7136
7165
7137
7166
7138
7167
7139
7168
7140
7169
7141
7170
7142
7171
7143
7172
7144
7173
7145
7174
7146
7175
7147
7176
7148
7177
7149
7178
7179
7151
7180
7152
7181
7153
7182
7154
7183
7155
7184
7156
7185
7157
7186
7158
7187
7159
7188
7160
7189
7161
7190
7162
7191
7163
7192
7164
7193
7165
7194
7166
7195
7167
7196
7168
7197
7169
7198
7170
7199
7171
7200
7172
7201
7173
7202
7174
7203
7175
7204
7176
7205
7177
7206
7178
7207
7179
7208
7209
7181
7210
7182
7211
7183
7212
7184
7213
7185
7214
7186
7215
7187
7216
7188
7217
7189
7218
7190
7219
7191
7220
7192
7221
7193
7222
7194
7223
7195
7224
7196
7225
7197
7226
7198
7227
7199
7228
7200
7229
7201
7230
7202
7231
7203
7232
7204
7233
7205
7234
7206
7235
7207
7236
7208
7237
7209
7238
7239
7211
7240
7212
7241
7213
7242
7214
7243
7215
7244
7216
7245
7217
7246
7218
7247
7219
7248
7220
7249
7221
7250
7222
7251
7223
7252
7224
7253
7225
7254
7226
7255
7227
7256
7228
7257
7229
7258
7230
7259
7231
7260
7232
7261
7233
7262
7234
7263
7235
7264
7236
7265
7237
7266
7238
7267
7239
7268
7269
7241
7270
7242
7271
7243
7272
7244
7273
7245
7274
7246
7275
7247
7276
7248
7277
7249
7278
7250
7279
7251
7280
7252
7281
7253
7282
7254
7283
7255
7284
7256
7285
7257
7286
7258
7287
7259
7288
7260
7289
7261
7290
7262
7291
7263
7292
7264
7293
7265
7294
7266
7295
7267
7296
7268
7297
7269
7298
7299
7271
7300
7272
7301
7273
7302
7274
7303
7275
7304
7276
7305
7277
7306
7278
7307
7279
7308
7280
7309
7281
7310
7282
7311
7283
7312
7284
7313
7285
7314
7286
7315
7287
7316
7288
7317
7289
7318
7290
7319
7291
7320
7292
7321
7293
7322
7294
7323
7295
7324
7296
7325
7297
7326
7298
7327
7299
7328
7329
7301
7330
7302
7331
7303
7332
7304
7333
7305
7334
7306
7335
7307
7336
7308
7337
7309
7338
7310
7339
7311
7340
7312
7341
7313
7342
7314
7343
7315
7344
7316
7345
7317
7346
7318
7347
7319
7348
7320
7349
7321
7350
7322
7351
7323
7352
7324
7353
7325
7354
7326
7355
7327
7356
7328
7357
7329
7358
7359
7331
7360
7332
7361
7333
7362
7334
7363
7335
7364
7336
7365
7337
7366
7338
7367
7339
7368
7340
7369
7341
7370
7342
7371
7343
7372
7344
7373
7345
7374
7346
7375
7347
7376
7348
7377
7349
7378
7350
7379
7351
7380
7352
7381
7353
7382
7354
7383
7355
7384
7356
7385
7357
7386
7358
7387
7359
7388
7389
7361
7390
7362
7391
7363
7392
7364
7393
7365
7394
7366
7395
7367
7396
7368
7397
7369
7398
7370
7399
7371
7400
7372
7401
7373
7402
7374
7403
7375
7404
7376
7405
7377
7406
7378
7407
7379
7408
7380
7409
7381
7410
7382
7411
7383
7412
7384
7413
7385
7414
7386
7415
7387
7416
7388
7417
7389
7418
7419
7391
7420
7392
7421
7393
7422
7394
7423
7395
7424
7396
7425
7397
7426
7398
7427
7399
7428
7400
7429
7401
7430
7402
7431
7403
7432
7404
7433
7405
7434
7406
7435
7407
7436
7408
7437
7409
7438
7410
7439
7411
7440
7412
7441
7413
7442
7414
7443
7415
7444
7416
7445
7417
7446
7418
7447
7419
7448
7449
7421
7450
7422
7451
7423
7452
7424
7453
7425
7454
7426
7455
7427
7456
7428
7457
7429
7458
7430
7459
7431
7460
7432
7461
7433
7462
7434
7463
7435
7464
7436
7465
7437
7466
7438
7467
7439
7468
7440
7469
7441
7470
7442
7471
7443
7472
7444
7473
7445
7474
7446
7475
7447
7476
7448
7477
7449
7478
7479
7451
7480
7452
7481
7453
7482
7454
7483
7455
7484
7456
7485
7457
7486
7458
7487
7459
7488
7460
7489
7461
7490
7462
7491
7463
7492
7464
7493
7465
7494
7466
7495
7467
7496
7468
7497
7469
7498
7470
7499
7471
7500
7472
7501
7473
7502
7474
7503
7475
7504
7476
7505
7477
7506
7478
7507
7479
7508
7509
7481
7510
7482
7511
7483
7512
7484
7513
7485
7514
7486
7515
7487
7516
7488
7517
7489
7518
7490
7519
7491
7520
7492
7521
7493
7522
7494
7523
7495
7524
7496
7525
7497
7526
7498
7527
7499
7528
7500
7529
7501
7530
7502
7531
7503
7532
7504
7533
7505
7534
7506
7535
7507
7536
7508
7537
7509
7538
7539
7511
7540
7512
7541
7513
7542
7514
7543
7515
7544
7516
7545
7517
7546
7518
7547
7519
7548
7520
7549
7521
7550
7522
7551
7523
7552
7524
7553
7525
7554
7526
7555
7527
7556
7528
7557
7529
7558
7530
7559
7531
7560
7532
7561
7533
7562
7534
7563
7535
7564
7536
7565
7537
7566
7538
7567
7539
7568
7569
7541
7570
7542
7571
7543
7572
7544
7573
7545
7574
7546
7575
7547
7576
7548
7577
7549
7578
7550
7579
7551
7580
7552
7581
7553
7582
7554
7583
7555
7584
7556
7585
7557
7586
7558
7587
7559
7588
7560
7589
7561
7590
7562
7591
7563
7592
7564
7593
7565
7594
7566
7595
7567
7596
7568
7597
7569
7598
7599
7571
7600
7572
7601
7573
7602
7574
7603
7575
7604
7576
7605
7577
7606
7578
7607
7579
7608
7580
7609
7581
7610
7582
7611
7583
7612
7584
7613
7585
7614
7586
7615
7587
7616
7588
7617
7589
7618
7590
7619
7591
7620
7592
7621
7593
7622
7594
7623
7595
7624
7596
7625
7597
7626
7598
7627
7599
7628
7629
7601
7630
7602
7631
7603
7632
7604
7633
7605
7634
7606
7635
7607
7636
7608
7637
7609
7638
7610
7639
7611
7640
7612
7641
7613
7642
7614
7643
7615
7644
7616
7645
7617
7646
7618
7647
7619
7648
7620
7649
7621
7650
7622
7651
7623
7652
7624
7653
7625
7654
7626
7655
7627
7656
7628
7657
7629
7658
7659
7631
7660
7632
7661
7633
7662
7634
7663
7635
7664
7636
7665
7637
7666
7638
7667
7639
7668
7640
7669
7641
7670
7642
7671
7643
7672
7644
7673
7645
7674
7646
7675
7647
7676
7648
7677
7649
7678
7650
7679
7651
7680
7652
7681
7653
7682
7654
7683
7655
7684
7656
7685
7657
7686
7658
7687
7659
7688
7689
7661
7690
7662
7691
7663
7692
7664
7693
7665
7694
7666
7695
7667
7696
7668
7697
7669
7698
7670
7699
7671
7700
7672
7701
7673
7702
7674
7703
7675
7704
7676
7705
7677
7706
7678
7707
7679
7708
7680
7709
7681
7710
7682
7711
7683
7712
7684
7713
7685
7714
7686
7715
7687
7716
7688
7717
7689
7718
7719
7691
7720
7692
7721
7693
7722
7694
7723
7695
7724
7696
7725
7697
7726
7698
7727
7699
7728
7700
7729
7701
7730
7702
7731
7703
7732
7704
7733
7705
7734
7706
7735
7707
7736
7708
7737
7709
7738
7710
7739
7711
7740
7712
7741
7713
7742
7714
7743
7715
7744
7716
7745
7717
7746
7718
7747
7719
7748
7749
7721
7750
7722
7751
7723
7752
7724
7753
7725
7754
7726
7755
7727
7756
7728
7757
7729
7758
7730
7759
7731
7760
7732
7761
7733
7762
7734
7763
7735
7764
7736
7765
7737
7766
7738
7767
7739
7768
7740
7769
7741
7770
7742
7771
7743
7772
7744
7773
7745
7774
7746
7775
7747
7776
7748
7777
7749
7778
7779
7751
7780
7752
7781
7753
7782
7754
7783
7755
7784
7756
7785
7757
7786
7758
7787
7759
7788
7760
7789
7761
7790
7762
7791
7763
7792
7764
7793
7765
7794
7766
7795
7767
7796
7768
7797
7769
7798
7770
7799
7771
7800
7772
7801
7773
7802
7774
7803
7775
7804
7776
7805
7777
7806
7778
7807
7779
7808
7809
7781
7810
7782
7811
7783
7812
7784
7813
7785
7814
7786
7815
7787
7816
7788
7817
7789
7818
7790
7819
7791
7820
7792
7821
7793
7822
7794
7823
7795
7824
7796
7825
7797
7826
7798
7827
7799
7828
7800
7829
7801
7830
7802
7831
7803
7832
7804
7833
7805
7834
7806
7835
7807
7836
7808
7837
7809
7838
7839
7811
7840
7812
7841
7813
7842
7814
7843
7815
7844
7816
7845
7817
7846
7818
7847
7819
7848
7820
7849
7821
7850
7822
7851
7823
7852
7824
7853
7825
7854
7826
7855
7827
7856
7828
7857
7829
7858
7830
7859
7831
7860
7832
7861
7833
7862
7834
7863
7835
7864
7836
7865
7837
7866
7838
7867
7839
7868
7869
7841
7870
7842
7871
7843
7872
7844
7873
7845
7874
7846
7875
7847
7876
7848
7877
7849
7878
7850
7879
7851
7880
7852
7881
7853
7882
7854
7883
7855
7884
7856
7885
7857
7886
7858
7887
7859
7888
7860
7889
7861
7890
7862
7891
7863
7892
7864
7893
7865
7894
7866
7895
7867
7896
7868
7897
7869
7898
7899
7871
7900
7872
7901
7873
7902
7874
7903
7875
7904
7876
7905
7877
7906
7878
7907
7879
7908
7880
7909
7881
7910
7882
7911
7883
7912
7884
7913
7885
7914
7886
7915
7887
7916
7888
7917
7889
7918
7890
7919
7891
7920
7892
7921
7893
7922
7894
7923
7895
7924
7896
7925
7897
7926
7898
7927
7899
7928
7929
7901
7930
7902
7931
7903
7932
7904
7933
7905
7934
7906
7935
7907
7936
7908
7937
7909
7938
7910
7939
7911
7940
7912
7941
7913
7942
7914
7943
7915
7944
7916
7945
7917
7946
7918
7947
7919
7948
7920
7949
7921
7950
7922
7951
7923
7952
7924
7953
7925
7954
7926
7955
7927
7956
7928
7957
7929
7958
7959
7931
7960
7932
7961
7933
7962
7934
7963
7935
7964
7936
7965
7937
7966
7938
7967
7939
7968
7940
7969
7941
7970
7942
7971
7943
7972
7944
7973
7945
7974
7946
7975
7947
7976
7948
7977
7949
7978
7950
7979
7951
7980
7952
7981
7953
7982
7954
7983
7955
7984
7956
7985
7957
7986
7958
7987
7959
7988
7989
7961
7990
7962
7991
7963
7992
7964
7993
7965
7994
7966
7995
7967
7996
7968
7997
7969
7998
7970
7999
7971
8000
7972
8001
7973
8002
7974
8003
7975
8004
7976
8005
7977
8006
7978
8007
7979
8008
7980
8009
7981
8010
7982
8011
7983
8012
7984
8013
7985
8014
7986
8015
7987
8016
7988
8017
7989
8018
8019
7991
8020
7992
8021
7993
8022
7994
8023
7995
8024
7996
8025
7997
8026
7998
8027
7999
8028
8000
8029
8001
8030
8002
8031
8003
8032
8004
8033
8005
8034
8006
8035
8007
8036
8008
8037
8009
8038
8010
8039
8011
8040
8012
8041
8013
8042
8014
8043
8015
8044
8016
8045
8017
8046
8018
8047
8019
8048
8049
8021
8050
8022
8051
8023
8052
8024
8053
8025
8054
8026
8055
8027
8056
8028
8057
8029
8058
8030
8059
8031
8060
8032
8061
8033
8062
8034
8063
8035
8064
8036
8065
8037
8066
8038
8067
8039
8068
8040
8069
8041
8070
8042
8071
8043
8072
8044
8073
8045
8074
8046
8075
8047
8076
8048
8077
8049
8078
8079
8051
8080
8052
8081
8053
8082
8054
8083
8055
8084
8056
8085
8057
8086
8058
8087
8059
8088
8060
8089
8061
8090
8062
8091
8063
8092
8064
8093
8065
8094
8066
8095
8067
8096
8068
8097
8069
8098
8070
8099
8071
8100
8072
8101
8073
8102
8074
8103
8075
8104
8076
8105
8077
8106
8078
8107
8079
8108
8109
8081
8110
8082
8111
8083
8112
8084
8113
8085
8114
8086
8115
8087
8116
8088
8117
8089
8118
8090
8119
8091
8120
8092
8121
8093
8122
8094
8123
8095
8124
8096
8125
8097
8126
8098
8127
8099
8128
8100
8129
8101
8130
8102
8131
8103
8132
8104
8133
8105
8134
8106
8135
8107
8136
8108
8137
8109
8138
8139
8111
8140
8112
8141
8113
8142
8114
8143
8115
8144
8116
8145
8117
8146
8118
8147
8119
8148
8120
8149
8121
8150
8122
8151
8123
8152
8124
8153
8125
8154
8126
8155
8127
8156
8128
8157
8129
8158
8130
8159
8131
8160
8132
8161
8133
8162
8134
8163
8135
8164
8136
8165
8137
8166
8138
8167
8139
8168
8169
8141
8170
8142
8171
8143
8172
8144
8173
8145
8174
8146
8175
8147
8176
8148
8177
8149
8178
8150
8179
8151
8180
8152
8181
8153
8182
8154
8183
8155
8184
8156
8185
8157
8186
8158
8187
8159
8188
8160
8189
8161
8190
8162
8191
8163
8192
8164
8193
8165
8194
8166
8195
8167
8196
8168
8197
8169
8198
8199
8171
8200
8172
8201
8173
8202
8174
8203
8175
8204
8176
8205
8177
8206
8178
8207
8179
8208
8180
8209
8181
8210
8182
8211
8183
8212
8184
8213
8185
8214
8186
8215
8187
8216
8188
8217
8189
8218
8190
8219
8191
8220
8192
8221
8193
8222
8194
8223
8195
8224
8196
8225
8197
8226
8198
8227
8199
8228
8229
8201
8230
8202
8231
8203
8232
8204
8233
8205
8234
8206
8235
8207
8236
8208
8237
8209
8238
8210
8239
8211
8240
8212
8241
8213
8242
8214
8243
8215
8244
8216
8245
8217
8246
8218
8247
8219
8248
8220
8249
8221
8250
8222
8251
8223
8252
8224
8253
8225
8254
8226
8255
8227
8256
8228
8257
8229
8258
8259
8231
8260
8232
8261
8233
8262
8234
8263
8235
8264
8236
8265
8237
8266
8238
8267
8239
8268
8240
8269
8241
8270
8242
8271
8243
8272
8244
8273
8245
8274
8246
8275
8247
8276
8248
8277
8249
8278
8250
8279
8251
8280
8252
8281
8253
8282
8254
8283
8255
8284
8256
8285
8257
8286
8258
8287
8259
8288
8289
8261
8290
8262
8291
8263
8292
8264
8293
8265
8294
8266
8295
8267
8296
8268
8297
8269
8298
8270
8299
8271
8300
8272
8301
8273
8302
8274
8303
8275
8304
8276
8305
8277
8306
8278
8307
8279
8308
8280
8309
8281
8310
8282
8311
8283
8312
8284
8313
8285
8314
8286
8315
8287
8316
8288
8317
8289
8318
8319
8291
8320
8292
8321
8293
8322
8294
8323
8295
8324
8296
8325
8297
8326
8298
8327
8299
8328
8300
8329
8301
8330
8302
8331
8303
8332
8304
8333
8305
8334
8306
8335
8307
8336
8308
8337
8309
8338
8310
8339
8311
8340
8312
8341
8313
8342
8314
8343
8315
8344
8316
8345
8317
8346
8318
8347
8319
8348
8349
8321
8350
8322
8351
8323
8352
8324
8353
8325
8354
8326
8355
8327
8356
8328
8357
8329
8358
8330
8359
8331
8360
8332
8361
8333
8362
8334
8363
8335
8364
8336
8365
8337
8366
8338
8367
8339
8368
8340
8369
8341
8370
8342
8371
8343
8372
8344
8373
8345
8374
8346
8375
8347
8376
8348
8377
8349
8378
8379
8351
8380
8352
8381
8353
8382
8354
8383
8355
8384
8356
8385
8357
8386
8358
8387
8359
8388
8360
8389
8361
8390
8362
8391
8363
8392
8364
8393
8365
8394
8366
8395
8367
8396
8368
8397
8369
8398
8370
8399
8371
8400
8372
8401
8373
8402
8374
8403
8375
8404
8376
8405
8377
8406
8378
8407
8379
8408
8409
8381
8410
8382
8411
8383
8412
8384
8413
8385
8414
8386
8415
8387
8416
8388
8417
8389
8418
8390
8419
8391
8420
8392
8421
8393
8422
8394
8423
8395
8424
8396
8425
8397
8426
8398
8427
8399
8428
8400
8429
8401
8430
8402
8431
8403
8432
8404
8433
8405
8434
8406
8435
8407
8436
8408
8437
8409
8438
8439
8411
8440
8412
8441
8413
8442
8414
8443
8415
8444
8416
8445
8417
8446
8418
8447
8419
8448
8420
8449
8421
8450
8422
8451
8423
8452
8424
8453
8425
8454
8426
8455
8427
8456
8428
8457
8429
8458
8430
8459
8431
8460
8432
8461
8433
8462
8434
8463
8435
8464
8436
8465
8437
8466
8438
8467
8439
8468
8469
8441
8470
8442
8471
8443
8472
8444
8473
8445
8474
8446
8475
8447
8476
8448
8477
8449
8478
8450
8479
8451
8480
8452
8481
8453
8482
8454
8483
8455
8484
8456
8485
8457
8486
8458
8487
8459
8488
8460
8489
8461
8490
8462
8491
8463
8492
8464
8493
8465
8494
8466
8495
8467
8496
8468
8497
8469
8498
8499
8471
8472
8473
8474
8475
8476
8477
8478
8479
8480
8481
8482
8483
8484
8485
8486
8487
8488
8489
8490
8491
8492
8493
8494
8495
8496
8497
8498
8499
)


// ************************************************************************* //
