/*--------------------------------*- C++ -*----------------------------------*\
  =========                 |
  \\      /  F ield         | OpenFOAM: The Open Source CFD Toolbox
   \\    /   O peration     | Website:  https://openfoam.org
    \\  /    A nd           | Version:  7
     \\/     M anipulation  |
\*---------------------------------------------------------------------------*/
FoamFile
{
    version     2.0;
    format      ascii;
    class       volScalarField;
    location    "15";
    object      p;
}
// * * * * * * * * * * * * * * * * * * * * * * * * * * * * * * * * * * * * * //

dimensions      [0 2 -2 0 0 0 0];

internalField   nonuniform List<scalar> 
6386
(
-0.287949
-0.293499
-0.295442
-0.295888
-0.295066
-0.293048
-0.289996
-0.286069
-0.281382
-0.275861
-0.288691
-0.294119
-0.295982
-0.296356
-0.295467
-0.293388
-0.290279
-0.286306
-0.281574
-0.275931
-0.290172
-0.295355
-0.297059
-0.297289
-0.296266
-0.294064
-0.290841
-0.286774
-0.281954
-0.276064
-0.29238
-0.297199
-0.298666
-0.298679
-0.297455
-0.295069
-0.291674
-0.287463
-0.282513
-0.27624
-0.295299
-0.299638
-0.300791
-0.300515
-0.299023
-0.29639
-0.292764
-0.288359
-0.283238
-0.276421
-0.298911
-0.302656
-0.303419
-0.302785
-0.300956
-0.298015
-0.294097
-0.289447
-0.284124
-0.276543
-0.303192
-0.306236
-0.306534
-0.305471
-0.30324
-0.299927
-0.295656
-0.290707
-0.285161
-0.27668
-0.308118
-0.310358
-0.310119
-0.308557
-0.305858
-0.302109
-0.297424
-0.292116
-0.28619
-0.27686
-0.313663
-0.314999
-0.314153
-0.312026
-0.308793
-0.304547
-0.299385
-0.29366
-0.287315
-0.276894
-0.319801
-0.320138
-0.318616
-0.315858
-0.31203
-0.307226
-0.301525
-0.295323
-0.28851
-0.276752
-0.326506
-0.325753
-0.323489
-0.320039
-0.315555
-0.310135
-0.303834
-0.297091
-0.289748
-0.276415
-0.333752
-0.331817
-0.328753
-0.32455
-0.319355
-0.313266
-0.306308
-0.298959
-0.291019
-0.275836
-0.341513
-0.338314
-0.334388
-0.329379
-0.323422
-0.316617
-0.308951
-0.300936
-0.292322
-0.274976
-0.349763
-0.345217
-0.340375
-0.33451
-0.327748
-0.320188
-0.311773
-0.303038
-0.293668
-0.273841
-0.358475
-0.352503
-0.346695
-0.339933
-0.33233
-0.323986
-0.314796
-0.305302
-0.295083
-0.272436
-0.360146
-0.353328
-0.345635
-0.337166
-0.328022
-0.318049
-0.30778
-0.296631
-0.270873
-0.368119
-0.360255
-0.351603
-0.342253
-0.332309
-0.321571
-0.310544
-0.298354
-0.269252
-0.376391
-0.367451
-0.357823
-0.347589
-0.336864
-0.325418
-0.313682
-0.300148
-0.267375
-0.37489
-0.364278
-0.353169
-0.341704
-0.329681
-0.317385
-0.302202
-0.266179
-0.382542
-0.370945
-0.358977
-0.346836
-0.334431
-0.321977
-0.306665
-0.275159
-0.377792
-0.364977
-0.352204
-0.33954
-0.327296
-0.315565
-0.313507
-0.371121
-0.357697
-0.344696
-0.332404
-0.32155
-0.32616
-0.377363
-0.363246
-0.349751
-0.337049
-0.325584
-0.330465
-0.368814
-0.354698
-0.341369
-0.328991
-0.332645
-0.359519
-0.345397
-0.331933
-0.333318
-0.349091
-0.334355
-0.332854
-0.336247
-0.331576
-0.329658
-0.337613
-0.32966
-0.336261
-0.331582
-0.349119
-0.334369
-0.332862
-0.359556
-0.345423
-0.331947
-0.333329
-0.368859
-0.354732
-0.341394
-0.329005
-0.332658
-0.377414
-0.363288
-0.349784
-0.337071
-0.325597
-0.330478
-0.371168
-0.357735
-0.344725
-0.332425
-0.321562
-0.326173
-0.377843
-0.36502
-0.352239
-0.339567
-0.327316
-0.315577
-0.313517
-0.382595
-0.370991
-0.359016
-0.346869
-0.334456
-0.321994
-0.306674
-0.275156
-0.374938
-0.36432
-0.353205
-0.341734
-0.329703
-0.317401
-0.302211
-0.266173
-0.376439
-0.367494
-0.357861
-0.347622
-0.336891
-0.325439
-0.313697
-0.300157
-0.26737
-0.368162
-0.360294
-0.351638
-0.342283
-0.332334
-0.32159
-0.310558
-0.298363
-0.269249
-0.36766
-0.360185
-0.353364
-0.345667
-0.337193
-0.328045
-0.318067
-0.307793
-0.296639
-0.270871
-0.358513
-0.352538
-0.346727
-0.339962
-0.332355
-0.324007
-0.314812
-0.305314
-0.295091
-0.272436
-0.349797
-0.345249
-0.340404
-0.334537
-0.327771
-0.320207
-0.311788
-0.30305
-0.293676
-0.273841
-0.341543
-0.338342
-0.334414
-0.329403
-0.323443
-0.316634
-0.308965
-0.300946
-0.29233
-0.274977
-0.333779
-0.331843
-0.328777
-0.324572
-0.319374
-0.313282
-0.306321
-0.29897
-0.291026
-0.27584
-0.326529
-0.325775
-0.32351
-0.320058
-0.315572
-0.31015
-0.303846
-0.2971
-0.289755
-0.276418
-0.319822
-0.320158
-0.318635
-0.315876
-0.312046
-0.307239
-0.301536
-0.295332
-0.288517
-0.276756
-0.313681
-0.315016
-0.314169
-0.312041
-0.308807
-0.304559
-0.299395
-0.293668
-0.287321
-0.276898
-0.308134
-0.310373
-0.310133
-0.30857
-0.30587
-0.302119
-0.297433
-0.292123
-0.286196
-0.276864
-0.303206
-0.306249
-0.306547
-0.305482
-0.30325
-0.299935
-0.295664
-0.290714
-0.285166
-0.276684
-0.298922
-0.302667
-0.303429
-0.302794
-0.300965
-0.298022
-0.294104
-0.289452
-0.284129
-0.276546
-0.295309
-0.299646
-0.300799
-0.300523
-0.29903
-0.296396
-0.292769
-0.288364
-0.283242
-0.276424
-0.292387
-0.297205
-0.298672
-0.298685
-0.29746
-0.295073
-0.291678
-0.287467
-0.282517
-0.276243
-0.290177
-0.29536
-0.297064
-0.297293
-0.29627
-0.294068
-0.290844
-0.286776
-0.281957
-0.276065
-0.288694
-0.294122
-0.295985
-0.296359
-0.29547
-0.29339
-0.290281
-0.286307
-0.281575
-0.275932
-0.28795
-0.2935
-0.295443
-0.295889
-0.295067
-0.293049
-0.289997
-0.28607
-0.281382
-0.275861
-0.271322
-0.266327
-0.260722
-0.254627
-0.247972
-0.240817
-0.233209
-0.225198
-0.216837
-0.208186
-0.199305
-0.190253
-0.181086
-0.17186
-0.162625
-0.153428
-0.144311
-0.135314
-0.126471
-0.117812
-0.109365
-0.101151
-0.0931912
-0.085502
-0.0780971
-0.0709866
-0.0641798
-0.0576796
-0.0514957
-0.0456141
-0.0400677
-0.0347814
-0.0299016
-0.0251169
-0.0210249
-0.0164485
-0.013592
-0.00833771
-0.00816219
0.000352484
-0.00641103
0.0125662
-0.271727
-0.266647
-0.260995
-0.254874
-0.248196
-0.241021
-0.233397
-0.225371
-0.216999
-0.208338
-0.199447
-0.190386
-0.181212
-0.171979
-0.162738
-0.153534
-0.144412
-0.135409
-0.12656
-0.117896
-0.109442
-0.101223
-0.093258
-0.0855637
-0.0781538
-0.0710386
-0.0642273
-0.0577228
-0.0515349
-0.0456495
-0.0400996
-0.03481
-0.0299271
-0.0251398
-0.0210448
-0.016467
-0.0136064
-0.00835418
-0.00816956
0.000332802
-0.00640495
0.0125288
-0.272532
-0.267283
-0.261535
-0.255363
-0.248639
-0.241425
-0.233769
-0.225715
-0.217319
-0.208637
-0.199729
-0.190652
-0.181464
-0.172217
-0.162962
-0.153747
-0.144612
-0.135598
-0.126737
-0.118061
-0.109597
-0.101367
-0.093391
-0.0856864
-0.0782667
-0.071142
-0.0643218
-0.0578088
-0.0516129
-0.04572
-0.040163
-0.034867
-0.0299779
-0.0251855
-0.0210846
-0.0165041
-0.0136354
-0.00838724
-0.00818445
0.000293321
-0.00639295
0.0124543
-0.27373
-0.268223
-0.262332
-0.256086
-0.249293
-0.242021
-0.234316
-0.226222
-0.217791
-0.209079
-0.200145
-0.191045
-0.181836
-0.172569
-0.163296
-0.154062
-0.14491
-0.135878
-0.127001
-0.118308
-0.109827
-0.101581
-0.0935892
-0.0858695
-0.0784351
-0.0712964
-0.0644628
-0.0579371
-0.0517293
-0.0458252
-0.0402578
-0.0349522
-0.0300538
-0.0252539
-0.021144
-0.0165597
-0.0136787
-0.00843677
-0.00820677
0.000234212
-0.00637512
0.012343
-0.275333
-0.269449
-0.26337
-0.25703
-0.250144
-0.242795
-0.235028
-0.22688
-0.218405
-0.209656
-0.200689
-0.19156
-0.182324
-0.173032
-0.163735
-0.154478
-0.145303
-0.136249
-0.127349
-0.118634
-0.110131
-0.101864
-0.0938518
-0.0861119
-0.0786582
-0.071501
-0.0646497
-0.0581072
-0.0518836
-0.0459647
-0.0403834
-0.0350651
-0.0301546
-0.0253446
-0.0212229
-0.0166334
-0.0137362
-0.00850257
-0.00823642
0.000155737
-0.00635155
0.0121957
-0.277376
-0.270914
-0.264623
-0.258177
-0.251172
-0.24373
-0.235887
-0.227678
-0.21915
-0.210357
-0.201351
-0.192188
-0.182921
-0.1736
-0.164275
-0.15499
-0.145788
-0.136706
-0.127779
-0.119037
-0.110508
-0.102215
-0.0941771
-0.0864125
-0.0789349
-0.0717547
-0.0648816
-0.0583183
-0.0520751
-0.0461379
-0.0405394
-0.0352053
-0.0302797
-0.0254572
-0.0213208
-0.016725
-0.0138076
-0.00858439
-0.00827323
5.82408e-05
-0.00632239
0.0120133
-0.279585
-0.272645
-0.266071
-0.259494
-0.252364
-0.244809
-0.236879
-0.228597
-0.220011
-0.211169
-0.202121
-0.192921
-0.183619
-0.174265
-0.164908
-0.155593
-0.146359
-0.137246
-0.128288
-0.119515
-0.110955
-0.102631
-0.0945634
-0.0867696
-0.0792638
-0.0720565
-0.0651574
-0.0585695
-0.052303
-0.0463439
-0.040725
-0.0353722
-0.0304285
-0.0255913
-0.0214373
-0.0168342
-0.0138926
-0.00868191
-0.00831702
-5.78538e-05
-0.0062878
0.0117969
-0.28206
-0.274727
-0.267701
-0.260968
-0.253691
-0.246009
-0.237981
-0.229622
-0.220972
-0.212078
-0.202986
-0.193747
-0.184409
-0.175021
-0.16563
-0.156281
-0.147013
-0.137865
-0.128872
-0.120064
-0.111469
-0.10311
-0.0950086
-0.0871815
-0.0796433
-0.0724048
-0.0654758
-0.0588595
-0.0525663
-0.046582
-0.0409394
-0.0355651
-0.0306005
-0.0257463
-0.021572
-0.0169605
-0.0139908
-0.00879475
-0.00836757
-0.000192046
-0.00624799
0.0115479
-0.284842
-0.277137
-0.269492
-0.262573
-0.255128
-0.247305
-0.239172
-0.23073
-0.222016
-0.21307
-0.203934
-0.194656
-0.185282
-0.175859
-0.166433
-0.157048
-0.147744
-0.138559
-0.129528
-0.120681
-0.112047
-0.10365
-0.0955104
-0.087646
-0.0800715
-0.0727979
-0.0658354
-0.0591872
-0.0528637
-0.046851
-0.0411818
-0.0357831
-0.0307949
-0.0259215
-0.0217241
-0.0171033
-0.0141017
-0.00892249
-0.00842463
-0.000343762
-0.00620314
0.0112677
-0.287877
-0.279502
-0.271383
-0.264278
-0.256647
-0.248672
-0.240428
-0.231904
-0.223126
-0.214129
-0.204951
-0.195636
-0.186227
-0.17677
-0.167309
-0.157887
-0.148545
-0.139321
-0.13025
-0.121362
-0.112686
-0.104247
-0.0960661
-0.0881608
-0.0805463
-0.0732342
-0.0662346
-0.059551
-0.0531939
-0.0471498
-0.041451
-0.0360253
-0.0310109
-0.0261163
-0.0218932
-0.0172621
-0.0142249
-0.00906463
-0.00848791
-0.000512364
-0.00615347
0.0109579
-0.291181
-0.28207
-0.273374
-0.26605
-0.258217
-0.250084
-0.241728
-0.233121
-0.224282
-0.215239
-0.206023
-0.196674
-0.187234
-0.177744
-0.16825
-0.158792
-0.149412
-0.140148
-0.131034
-0.122103
-0.113383
-0.104899
-0.0966729
-0.0887233
-0.0810656
-0.0737115
-0.0666715
-0.0599493
-0.0535556
-0.0474771
-0.0417458
-0.0362906
-0.0312474
-0.0263298
-0.0220783
-0.0174363
-0.0143597
-0.00922064
-0.00855713
-0.000697149
-0.0060992
0.0106203
-0.294562
-0.284763
-0.275419
-0.267854
-0.259808
-0.251513
-0.243047
-0.234362
-0.225469
-0.216385
-0.207137
-0.19776
-0.188292
-0.178773
-0.169247
-0.159755
-0.150337
-0.141032
-0.131875
-0.122899
-0.114132
-0.105601
-0.0973276
-0.0893309
-0.0816269
-0.0742277
-0.0671442
-0.0603804
-0.0539472
-0.0478315
-0.0420651
-0.036578
-0.0315036
-0.026561
-0.0222787
-0.0176252
-0.0145056
-0.00938993
-0.00863197
-0.000897356
-0.00604055
0.0102567
-0.297854
-0.287503
-0.277472
-0.26965
-0.261387
-0.252933
-0.244362
-0.235608
-0.226668
-0.217552
-0.208281
-0.198882
-0.189391
-0.179848
-0.170294
-0.160769
-0.151315
-0.141969
-0.132769
-0.123746
-0.114931
-0.106351
-0.0980274
-0.0899809
-0.0822277
-0.0747806
-0.0676507
-0.0608425
-0.054367
-0.0482116
-0.0424076
-0.0368863
-0.0317783
-0.0268092
-0.0224937
-0.017828
-0.014662
-0.00957188
-0.00871211
-0.00111217
-0.00597775
0.00986899
-0.301381
-0.290268
-0.279492
-0.271401
-0.262921
-0.254318
-0.245654
-0.236841
-0.227866
-0.218729
-0.209441
-0.200029
-0.190523
-0.18096
-0.171382
-0.161828
-0.152339
-0.142954
-0.13371
-0.12464
-0.115776
-0.107144
-0.0987691
-0.0906705
-0.0828658
-0.075368
-0.0681892
-0.0613338
-0.0548135
-0.0486158
-0.0427718
-0.0372143
-0.0320706
-0.0270734
-0.0227222
-0.018044
-0.0148283
-0.00976583
-0.00879722
-0.00134076
-0.00591099
0.00945897
-0.304774
-0.292943
-0.281434
-0.273061
-0.264372
-0.255641
-0.246901
-0.238045
-0.229048
-0.219901
-0.210608
-0.201191
-0.191677
-0.182101
-0.172503
-0.162923
-0.153402
-0.143979
-0.134692
-0.125576
-0.116662
-0.107978
-0.0995489
-0.0913962
-0.0835376
-0.075987
-0.0687567
-0.0618519
-0.0552844
-0.0490422
-0.043156
-0.0375603
-0.0323788
-0.0273522
-0.0229632
-0.0182722
-0.0150035
-0.00997102
-0.00888681
-0.00158229
-0.00584026
0.00902847
-0.307876
-0.295378
-0.28322
-0.274568
-0.265697
-0.256872
-0.24808
-0.2392
-0.230197
-0.221053
-0.211766
-0.202353
-0.192838
-0.183256
-0.173644
-0.164043
-0.154493
-0.145034
-0.135706
-0.126543
-0.117579
-0.108842
-0.100359
-0.0921507
-0.0842368
-0.0766316
-0.0693482
-0.0623921
-0.0557755
-0.0494872
-0.043557
-0.0379216
-0.0327006
-0.0276436
-0.023215
-0.0185113
-0.0151865
-0.0101864
-0.00898023
-0.00183578
-0.00576555
0.00857929
-0.310312
-0.297331
-0.284791
-0.275887
-0.266871
-0.257998
-0.249185
-0.240301
-0.231308
-0.22218
-0.21291
-0.203509
-0.194002
-0.18442
-0.174799
-0.165181
-0.155606
-0.146115
-0.136747
-0.127539
-0.118525
-0.109735
-0.101197
-0.0929322
-0.0849617
-0.0773005
-0.0699623
-0.0629533
-0.056286
-0.0499499
-0.0439741
-0.0382977
-0.0330356
-0.0279473
-0.0234773
-0.0187607
-0.0153775
-0.0104113
-0.00907818
-0.00209956
-0.00568874
0.00811401
-0.311798
-0.29881
-0.286249
-0.277073
-0.267934
-0.25906
-0.250258
-0.241393
-0.232427
-0.223328
-0.214086
-0.204709
-0.195218
-0.185643
-0.17602
-0.166389
-0.156792
-0.14727
-0.137862
-0.128608
-0.119543
-0.110697
-0.1021
-0.0937755
-0.0857441
-0.0780223
-0.0706247
-0.0635583
-0.0568357
-0.0504476
-0.0444222
-0.0387011
-0.0333945
-0.0282716
-0.0237574
-0.0190254
-0.0155813
-0.0106474
-0.00918482
-0.0023715
-0.00561506
0.00763602
-0.312384
-0.299272
-0.287254
-0.277915
-0.268748
-0.259965
-0.25124
-0.242438
-0.23353
-0.224487
-0.215295
-0.205961
-0.196504
-0.186951
-0.177338
-0.167704
-0.158091
-0.148541
-0.139096
-0.129795
-0.120675
-0.11177
-0.103108
-0.0947168
-0.0866173
-0.0788274
-0.0713626
-0.0642309
-0.0574456
-0.0509981
-0.0449161
-0.039144
-0.0337866
-0.0286245
-0.0240604
-0.0193101
-0.0157995
-0.0108979
-0.00929797
-0.00265587
-0.00553717
0.00714191
-0.30531
-0.294061
-0.286062
-0.277432
-0.26859
-0.260113
-0.251588
-0.242918
-0.234112
-0.225153
-0.216034
-0.206762
-0.197356
-0.187844
-0.17826
-0.168644
-0.159037
-0.149482
-0.140023
-0.130699
-0.121548
-0.112605
-0.103902
-0.0954647
-0.0873172
-0.0794781
-0.0719637
-0.0647832
-0.0579498
-0.051457
-0.0453302
-0.0395195
-0.0341195
-0.028931
-0.024319
-0.019569
-0.0159809
-0.0111467
-0.0093702
-0.00297362
-0.00539175
0.00660558
-0.268785
-0.279393
-0.283362
-0.276656
-0.268391
-0.260294
-0.251975
-0.243389
-0.234605
-0.225637
-0.216492
-0.207184
-0.197741
-0.188191
-0.178574
-0.168928
-0.159297
-0.149723
-0.140247
-0.130911
-0.121751
-0.112802
-0.104094
-0.0956537
-0.0875038
-0.079663
-0.0721471
-0.064966
-0.058131
-0.0516389
-0.0455085
-0.0397027
-0.0342917
-0.0291214
-0.0244748
-0.0197838
-0.0160913
-0.0114316
-0.00935931
-0.0034401
-0.00506834
0.00582907
-0.263363
-0.268982
-0.274825
-0.269448
-0.262084
-0.254852
-0.247264
-0.239254
-0.230945
-0.222394
-0.213623
-0.204658
-0.19553
-0.186273
-0.176926
-0.167529
-0.158125
-0.148757
-0.139468
-0.130298
-0.121286
-0.112466
-0.103871
-0.0955271
-0.08746
-0.0796892
-0.0722314
-0.0650983
-0.0583014
-0.0518408
-0.0457319
-0.0399469
-0.0345407
-0.029391
-0.0247232
-0.0200765
-0.0163021
-0.0117741
-0.00945703
-0.00392448
-0.00486522
0.00495474
-0.258215
-0.260745
-0.265995
-0.261476
-0.254849
-0.248308
-0.241377
-0.233942
-0.226141
-0.218052
-0.209708
-0.201143
-0.19239
-0.183487
-0.174472
-0.165386
-0.156272
-0.147171
-0.138127
-0.129181
-0.12037
-0.111731
-0.103296
-0.0950946
-0.0871516
-0.0794886
-0.0721235
-0.0650694
-0.0583387
-0.0519339
-0.0458688
-0.0401226
-0.0347395
-0.0296208
-0.0249498
-0.0203459
-0.0165162
-0.0120948
-0.00958756
-0.0043674
-0.00474308
0.00412135
-0.253035
-0.253088
-0.257311
-0.253437
-0.247444
-0.241465
-0.235112
-0.228231
-0.22094
-0.213325
-0.205426
-0.197279
-0.188922
-0.180391
-0.171728
-0.162973
-0.154167
-0.145353
-0.136574
-0.127869
-0.119279
-0.110839
-0.102582
-0.0945395
-0.0867366
-0.0791962
-0.0719374
-0.0649749
-0.0583218
-0.051983
-0.0459712
-0.0402714
-0.0349193
-0.0298364
-0.0251697
-0.0206096
-0.0167339
-0.0124131
-0.00973119
-0.00480703
-0.00464294
0.0032973
-0.246827
-0.245247
-0.248242
-0.244802
-0.239396
-0.233942
-0.228149
-0.221836
-0.215088
-0.207989
-0.20058
-0.192897
-0.18498
-0.176866
-0.168595
-0.160208
-0.151747
-0.143253
-0.13477
-0.126337
-0.117995
-0.109779
-0.101724
-0.0938608
-0.086217
-0.0788163
-0.0716793
-0.064822
-0.0582586
-0.0519961
-0.0460468
-0.0404009
-0.0350869
-0.030044
-0.0253881
-0.0208716
-0.0169583
-0.0127309
-0.00988938
-0.0052428
-0.00456515
0.00248811
-0.239022
-0.236669
-0.238464
-0.235352
-0.230536
-0.225616
-0.220385
-0.214657
-0.208487
-0.201945
-0.195071
-0.187901
-0.180471
-0.172819
-0.164987
-0.157012
-0.148937
-0.140804
-0.132654
-0.124529
-0.116466
-0.108505
-0.10068
-0.0930224
-0.0855612
-0.0783217
-0.0713254
-0.0645903
-0.0581316
-0.0519585
-0.0460832
-0.0405005
-0.0352337
-0.0302364
-0.0255991
-0.0211269
-0.0171859
-0.0130439
-0.010061
-0.00566816
-0.00451468
0.00170644
-0.229522
-0.227052
-0.227836
-0.225038
-0.220846
-0.21649
-0.211834
-0.206711
-0.201146
-0.195196
-0.188896
-0.18228
-0.17538
-0.168235
-0.160882
-0.153361
-0.145713
-0.137979
-0.1302
-0.122416
-0.114668
-0.106993
-0.0994265
-0.0920017
-0.0847482
-0.0776925
-0.0708578
-0.0642635
-0.0579261
-0.051857
-0.0460687
-0.0405601
-0.0353505
-0.0304058
-0.0257957
-0.0213697
-0.0174111
-0.0133478
-0.0102421
-0.00607867
-0.0044912
0.000963096
-0.218369
-0.216279
-0.216323
-0.213875
-0.210346
-0.206595
-0.202535
-0.198033
-0.193097
-0.187767
-0.182074
-0.176045
-0.169712
-0.163111
-0.156276
-0.149247
-0.142063
-0.134764
-0.127391
-0.119984
-0.112582
-0.105224
-0.0979464
-0.0907819
-0.0837616
-0.0769135
-0.0702619
-0.0638279
-0.0576296
-0.0516801
-0.0459929
-0.0405701
-0.0354287
-0.0305445
-0.0259708
-0.0215941
-0.0176283
-0.0136381
-0.010428
-0.00647052
-0.00449233
0.000267646
-0.205769
-0.20439
-0.203991
-0.201948
-0.199112
-0.196001
-0.192558
-0.18869
-0.184397
-0.179706
-0.174642
-0.169227
-0.163489
-0.15746
-0.151175
-0.14467
-0.137983
-0.131152
-0.124218
-0.117219
-0.110196
-0.103185
-0.0962247
-0.0893478
-0.0825866
-0.07597
-0.0695238
-0.0632705
-0.0572295
-0.0514163
-0.0458449
-0.0405209
-0.0354594
-0.0306448
-0.0261172
-0.021794
-0.0178313
-0.0139103
-0.0106137
-0.00683954
-0.00451507
-0.000371115
-0.192064
-0.191559
-0.190997
-0.189411
-0.187278
-0.184827
-0.182014
-0.178785
-0.175139
-0.171094
-0.166668
-0.161879
-0.156753
-0.151318
-0.145605
-0.139649
-0.133485
-0.127149
-0.120682
-0.11412
-0.107502
-0.100867
-0.094251
-0.087688
-0.0812109
-0.0748494
-0.0686306
-0.0625785
-0.056714
-0.051054
-0.0456141
-0.0404025
-0.0354333
-0.0306982
-0.026227
-0.0219626
-0.0180136
-0.0141592
-0.0107937
-0.00718134
-0.00455577
-0.000945526
-0.177663
-0.178059
-0.177562
-0.176469
-0.175023
-0.173229
-0.171043
-0.168445
-0.165438
-0.162033
-0.158242
-0.154081
-0.149572
-0.144739
-0.139611
-0.134218
-0.128594
-0.122774
-0.116795
-0.110692
-0.104505
-0.0982691
-0.0920212
-0.085796
-0.0796261
-0.0735422
-0.0675724
-0.0617416
-0.0560722
-0.0505828
-0.0452902
-0.0402051
-0.0353413
-0.0306963
-0.0262923
-0.0220931
-0.0181685
-0.0143794
-0.0109621
-0.00749152
-0.00461011
-0.00144958
-0.162989
-0.164207
-0.163937
-0.163348
-0.162548
-0.161384
-0.159805
-0.157816
-0.155427
-0.152643
-0.149471
-0.145927
-0.142027
-0.137793
-0.133252
-0.128427
-0.123352
-0.118059
-0.112581
-0.106955
-0.101215
-0.0953977
-0.0895384
-0.0836713
-0.0778294
-0.0720434
-0.0663422
-0.0607519
-0.0552957
-0.0499939
-0.0448643
-0.03992
-0.0351747
-0.0306312
-0.0263054
-0.0221786
-0.0182892
-0.0145655
-0.0111134
-0.00776583
-0.0046732
-0.00187934
-0.14842
-0.150324
-0.150373
-0.150271
-0.150055
-0.149474
-0.148465
-0.14705
-0.145245
-0.14305
-0.140472
-0.137521
-0.134212
-0.130564
-0.126596
-0.122337
-0.11781
-0.113046
-0.108077
-0.102935
-0.0976539
-0.0922685
-0.0868127
-0.0813201
-0.0758231
-0.0703526
-0.0649376
-0.0596049
-0.0543788
-0.0492806
-0.0443293
-0.0395399
-0.0349263
-0.0304956
-0.0262593
-0.0222127
-0.0183694
-0.0147123
-0.0112418
-0.00800047
-0.00473986
-0.00223322
-0.134265
-0.136693
-0.137094
-0.137438
-0.137732
-0.137668
-0.137178
-0.136292
-0.135026
-0.133381
-0.131359
-0.12897
-0.126224
-0.123137
-0.119728
-0.116016
-0.112028
-0.107787
-0.103324
-0.0986674
-0.0938502
-0.088904
-0.0838613
-0.0787545
-0.0736153
-0.0684742
-0.06336
-0.0583
-0.0533188
-0.0484389
-0.0436801
-0.0390589
-0.0345898
-0.0302833
-0.0261477
-0.0221896
-0.0184034
-0.0148152
-0.0113423
-0.00819223
-0.00480494
-0.00251185
-0.120744
-0.123537
-0.124277
-0.125011
-0.125733
-0.126116
-0.126085
-0.125671
-0.124893
-0.12375
-0.122241
-0.120374
-0.118156
-0.1156
-0.112721
-0.109537
-0.106067
-0.102337
-0.0983702
-0.0941942
-0.0898384
-0.0853324
-0.0807068
-0.0759922
-0.0712192
-0.0664175
-0.0616154
-0.0568401
-0.0521166
-0.0474678
-0.0429141
-0.0384736
-0.0341609
-0.0299896
-0.0259657
-0.0221047
-0.0183863
-0.0148699
-0.0114101
-0.0083387
-0.00486357
-0.00271819
-0.107993
-0.111012
-0.112052
-0.113111
-0.114179
-0.114935
-0.115298
-0.115299
-0.114953
-0.114259
-0.113215
-0.111825
-0.110094
-0.108032
-0.105652
-0.102966
-0.0999929
-0.0967522
-0.093267
-0.0895591
-0.0856565
-0.0815861
-0.0773761
-0.0730551
-0.0686522
-0.0641958
-0.0597135
-0.0552319
-0.050776
-0.0463689
-0.0420314
-0.0377825
-0.0336374
-0.0296116
-0.0257098
-0.0219541
-0.0183142
-0.0148735
-0.0114416
-0.00843843
-0.00491132
-0.00285729
-0.0960816
-0.0992142
-0.1005
-0.101816
-0.103157
-0.104213
-0.104906
-0.10526
-0.10529
-0.104992
-0.104363
-0.103403
-0.102116
-0.100508
-0.0985887
-0.0963692
-0.0938634
-0.0910879
-0.0880615
-0.0848063
-0.0813439
-0.0776994
-0.0738986
-0.069968
-0.0659347
-0.0618255
-0.0576671
-0.053485
-0.0493039
-0.0451467
-0.0410345
-0.0369866
-0.0330186
-0.0291478
-0.0253779
-0.0217357
-0.0181842
-0.0148236
-0.0114338
-0.00849103
-0.00494441
-0.002936
-0.0850273
-0.0881874
-0.0896627
-0.0911734
-0.0927182
-0.0940106
-0.0949715
-0.0956209
-0.0959706
-0.0960156
-0.0957501
-0.0951724
-0.094284
-0.0930887
-0.0915925
-0.0898037
-0.0877333
-0.0853948
-0.082804
-0.0799789
-0.0769393
-0.0737068
-0.0703048
-0.0667573
-0.0630891
-0.0593255
-0.0554914
-0.0516116
-0.0477096
-0.0438082
-0.039928
-0.0360888
-0.0323062
-0.0285986
-0.0249693
-0.0214485
-0.0179951
-0.0147192
-0.0113847
-0.00849716
-0.00495983
-0.00296243
-0.0748137
-0.0779397
-0.0795509
-0.0812011
-0.0828921
-0.0843622
-0.0855351
-0.0864255
-0.0870424
-0.0873792
-0.0874285
-0.0871863
-0.086652
-0.0858267
-0.0847139
-0.0833192
-0.0816505
-0.0797184
-0.0775356
-0.075117
-0.0724796
-0.069642
-0.0666248
-0.0634495
-0.0601387
-0.0567156
-0.0532035
-0.0496255
-0.0460044
-0.042362
-0.0387186
-0.0350939
-0.0315034
-0.027966
-0.0244852
-0.0210928
-0.0177462
-0.0145603
-0.0112933
-0.00845845
-0.00495545
-0.00294546
-0.065405
-0.0684543
-0.0701553
-0.0718979
-0.0736866
-0.0752848
-0.0766199
-0.0777022
-0.0785377
-0.0791188
-0.0794364
-0.0794847
-0.0792611
-0.0787644
-0.0779956
-0.0769578
-0.0756563
-0.0740988
-0.0722951
-0.0702572
-0.067999
-0.0655367
-0.0628876
-0.060071
-0.0571069
-0.0540164
-0.0508209
-0.0475419
-0.0442008
-0.0408185
-0.0374146
-0.0340082
-0.0306148
-0.0272534
-0.0239278
-0.0206701
-0.0174386
-0.0143478
-0.0111596
-0.00837734
-0.00492999
-0.0028941
-0.0567554
-0.0597002
-0.0614529
-0.0632495
-0.0650962
-0.0667808
-0.0682351
-0.0694658
-0.0704765
-0.0712583
-0.0718011
-0.0720977
-0.0721434
-0.0719353
-0.0714722
-0.0707548
-0.0697861
-0.0685709
-0.0671165
-0.0654321
-0.063529
-0.0614201
-0.0591207
-0.0566469
-0.0540166
-0.0512484
-0.0483617
-0.0453764
-0.0423123
-0.039189
-0.0360251
-0.0328392
-0.0296464
-0.0264656
-0.0233005
-0.0201832
-0.0170739
-0.0140836
-0.0109843
-0.00825692
-0.00488303
-0.00281694
-0.0488159
-0.0516391
-0.0534132
-0.0552331
-0.057106
-0.0588428
-0.0603801
-0.0617216
-0.0628688
-0.0638123
-0.0645412
-0.0650469
-0.0653234
-0.0653661
-0.0651718
-0.0647394
-0.0640695
-0.0631647
-0.0620297
-0.0606712
-0.0590977
-0.0573198
-0.0553497
-0.0532013
-0.0508898
-0.0484316
-0.0458441
-0.0431452
-0.0403529
-0.0374855
-0.0345606
-0.0315957
-0.0286054
-0.025608
-0.0226079
-0.0196358
-0.0166549
-0.0137706
-0.0107689
-0.0081007
-0.00481485
-0.00272171
-0.0415379
-0.0442296
-0.0460019
-0.0478211
-0.0496953
-0.0514565
-0.0530465
-0.0544668
-0.0557172
-0.056788
-0.0576677
-0.058347
-0.0588187
-0.0590768
-0.0591166
-0.0589353
-0.0585315
-0.0579058
-0.0570606
-0.0560002
-0.0547307
-0.0532601
-0.0515983
-0.0497565
-0.0477476
-0.0455858
-0.043286
-0.0408643
-0.038337
-0.0357208
-0.0330319
-0.0302868
-0.0274996
-0.0246875
-0.0218553
-0.0190323
-0.0161852
-0.0134119
-0.0105158
-0.00791242
-0.00472641
-0.00261496
-0.0348746
-0.0374303
-0.0391832
-0.0409835
-0.0428398
-0.0446035
-0.0462215
-0.0476936
-0.0490187
-0.0501867
-0.0511861
-0.0520071
-0.0526416
-0.0530825
-0.0533241
-0.053362
-0.0531931
-0.0528163
-0.052232
-0.0514422
-0.050451
-0.0492641
-0.0478887
-0.046334
-0.0446104
-0.0427297
-0.0407049
-0.0385499
-0.0362792
-0.0339078
-0.0314506
-0.0289228
-0.0263376
-0.0237113
-0.021049
-0.018378
-0.015669
-0.0130116
-0.0102277
-0.00769591
-0.00461911
-0.00250184
-0.0287823
-0.0312011
-0.0329217
-0.0346896
-0.0365134
-0.0382623
-0.0398884
-0.0413903
-0.0427659
-0.0440054
-0.0450974
-0.0460318
-0.0468
-0.0473942
-0.0478077
-0.0480349
-0.0480716
-0.0479149
-0.0475635
-0.0470178
-0.0462795
-0.0453524
-0.0442416
-0.0429538
-0.0414974
-0.0398818
-0.0381181
-0.036218
-0.0341942
-0.0320599
-0.0298286
-0.0275142
-0.0251287
-0.0226875
-0.0201959
-0.0176789
-0.0151111
-0.0125741
-0.0099079
-0.00745497
-0.00449474
-0.00238617
-0.0232204
-0.0255039
-0.0271832
-0.0289088
-0.0306894
-0.0324105
-0.0340289
-0.0355425
-0.0369486
-0.0382378
-0.039399
-0.040422
-0.0412981
-0.0420189
-0.0425772
-0.0429663
-0.0431811
-0.0432174
-0.0430725
-0.042745
-0.0422351
-0.0415444
-0.0406761
-0.039635
-0.0384271
-0.03706
-0.0355426
-0.0338846
-0.0320968
-0.0301908
-0.0281783
-0.026072
-0.0238828
-0.0216248
-0.0193033
-0.0169414
-0.0145172
-0.0121041
-0.00956021
-0.00719331
-0.00435535
-0.00227052
-0.0181512
-0.0203029
-0.0219347
-0.0236114
-0.0253413
-0.0270246
-0.0286232
-0.030134
-0.0315544
-0.0328751
-0.0340855
-0.0351759
-0.0361371
-0.0369609
-0.0376394
-0.0381656
-0.0385332
-0.0387373
-0.0387737
-0.03864
-0.0383345
-0.0378575
-0.0372101
-0.0363953
-0.0354173
-0.0342816
-0.032995
-0.0315654
-0.0300019
-0.0283142
-0.0265125
-0.0246078
-0.0226102
-0.0205323
-0.0183795
-0.0161726
-0.0138931
-0.011607
-0.00918874
-0.00691456
-0.00420312
-0.00215645
-0.01354
-0.0155647
-0.0171453
-0.0187687
-0.0204429
-0.0220816
-0.023651
-0.025148
-0.0265693
-0.0279066
-0.0291496
-0.030289
-0.0313159
-0.0322219
-0.0329989
-0.0336395
-0.034137
-0.0344855
-0.03468
-0.0347169
-0.0345933
-0.0343078
-0.0338603
-0.0332518
-0.0324848
-0.031563
-0.0304915
-0.0292762
-0.0279244
-0.0264441
-0.0248439
-0.0231335
-0.0213217
-0.0194199
-0.017433
-0.01538
-0.0132454
-0.0110882
-0.00879792
-0.00662229
-0.00404036
-0.00204479
-0.00935491
-0.0112585
-0.0127859
-0.0143536
-0.0159693
-0.0175588
-0.0190924
-0.0205669
-0.0219789
-0.0233206
-0.0245825
-0.0257556
-0.0268314
-0.0278015
-0.0286579
-0.0293929
-0.0299994
-0.0304711
-0.0308022
-0.0309881
-0.0310249
-0.0309101
-0.030642
-0.0302203
-0.0296458
-0.0289206
-0.028048
-0.0270323
-0.025879
-0.0245946
-0.023186
-0.0216615
-0.0200287
-0.0182975
-0.0164729
-0.0145716
-0.0125809
-0.0105535
-0.00839246
-0.00632006
-0.00386941
-0.00193594
-0.00556676
-0.00735581
-0.00882939
-0.0103408
-0.0118967
-0.0134343
-0.0149276
-0.0163733
-0.0177682
-0.0191048
-0.0203744
-0.0215686
-0.0226791
-0.0236979
-0.024617
-0.0254287
-0.0261257
-0.0267014
-0.0271494
-0.0274644
-0.0276417
-0.0276777
-0.0275696
-0.0273158
-0.0269157
-0.0263699
-0.0256801
-0.024849
-0.0238807
-0.0227799
-0.0215522
-0.0202042
-0.0187426
-0.017176
-0.0155087
-0.0137559
-0.0119069
-0.0100092
-0.00797732
-0.00601144
-0.00369266
-0.00183007
-0.00214899
-0.00383055
-0.00525103
-0.00670648
-0.00820296
-0.00968748
-0.0111378
-0.0125505
-0.0139224
-0.0152465
-0.0165151
-0.01772
-0.0188535
-0.019908
-0.0208755
-0.0217485
-0.0225198
-0.0231822
-0.0237294
-0.0241552
-0.0244546
-0.0246228
-0.0246563
-0.0245523
-0.0243091
-0.0239258
-0.0234027
-0.0227414
-0.0219441
-0.0210141
-0.0199559
-0.0187746
-0.0174755
-0.0160661
-0.0145503
-0.0129416
-0.0112311
-0.00946146
-0.00755768
-0.00570012
-0.00351257
-0.00172734
0.000922371
-0.000659173
-0.00202809
-0.00342911
-0.00486751
-0.00629925
-0.00770536
-0.00908247
-0.0104273
-0.0117337
-0.0129944
-0.0142019
-0.0153489
-0.0164281
-0.017432
-0.0183531
-0.0191843
-0.0199184
-0.0205488
-0.021069
-0.0214734
-0.0217567
-0.0219146
-0.0219432
-0.0218399
-0.0216027
-0.0212308
-0.020724
-0.0200837
-0.0193116
-0.0184109
-0.0173854
-0.0162394
-0.0149792
-0.013608
-0.0121379
-0.0105614
-0.00891706
-0.0071389
-0.00538987
-0.00333163
-0.00162801
0.00366872
0.00217945
0.000859815
-0.000489091
-0.00187175
-0.00325205
-0.00461401
-0.00595433
-0.00726979
-0.00855475
-0.00980252
-0.0110063
-0.0121593
-0.0132544
-0.0142846
-0.0152426
-0.0161214
-0.0169139
-0.0176134
-0.0182131
-0.0187072
-0.0190898
-0.0193559
-0.019501
-0.0195216
-0.0194147
-0.0191784
-0.0188115
-0.0183139
-0.0176865
-0.016931
-0.0160501
-0.0150469
-0.0139267
-0.0126922
-0.0113541
-0.00990603
-0.00838287
-0.00672655
-0.00508466
-0.00315241
-0.0015325
0.00610887
0.00470389
0.00343067
0.00213088
0.000800868
-0.000530259
-0.00184921
-0.00315277
-0.00443779
-0.00569909
-0.0069306
-0.00812607
-0.00927911
-0.0103831
-0.0114314
-0.012417
-0.013333
-0.0141724
-0.0149285
-0.0155947
-0.0161644
-0.0166319
-0.0169914
-0.0172379
-0.0173672
-0.0173754
-0.0172597
-0.0170181
-0.0166493
-0.016153
-0.0155299
-0.0147817
-0.0139105
-0.0129204
-0.0118138
-0.0105999
-0.00927346
-0.00786602
-0.00632638
-0.00478859
-0.00297758
-0.00144142
0.00825896
0.00693014
0.00569995
0.0044457
0.00316459
0.00187957
0.000601559
-0.000666324
-0.00192099
-0.0031577
-0.00437095
-0.00555497
-0.00670383
-0.00781136
-0.00887114
-0.00987658
-0.010821
-0.0116976
-0.0124997
-0.0132205
-0.0138536
-0.0143927
-0.014832
-0.0151658
-0.0153894
-0.0154983
-0.0154888
-0.0153581
-0.0151041
-0.0147254
-0.0142218
-0.0135939
-0.0128431
-0.0119725
-0.0109838
-0.00988526
-0.00867242
-0.00737385
-0.00594434
-0.00450593
-0.00280989
-0.00135554
0.0101324
0.0088714
0.00768043
0.00646766
0.00523111
0.00398847
0.00274854
0.00151435
0.00028892
-0.000923405
-0.0021176
-0.00328835
-0.00443016
-0.00553721
-0.00660346
-0.00762263
-0.00858824
-0.00949373
-0.0103325
-0.0110978
-0.0117832
-0.0123822
-0.0128887
-0.0132968
-0.0136012
-0.013797
-0.0138798
-0.013846
-0.0136927
-0.013418
-0.0130206
-0.0125004
-0.0118578
-0.0110951
-0.0102135
-0.00922045
-0.0081119
-0.00691395
-0.00558653
-0.00424114
-0.00265221
-0.00127577
0.0117394
0.0105378
0.00938184
0.00820603
0.00700923
0.00580463
0.00459922
0.00339593
0.00219773
0.00100863
-0.000166783
-0.00132361
-0.0024567
-0.00356061
-0.00462962
-0.00565772
-0.00663871
-0.00756621
-0.00843371
-0.00923466
-0.0099625
-0.0106107
-0.011173
-0.0116433
-0.0120159
-0.0122853
-0.0124469
-0.0124964
-0.0124302
-0.0122458
-0.011941
-0.0115151
-0.0109679
-0.0103008
-0.0095147
-0.00861593
-0.00760113
-0.00649414
-0.00525927
-0.00399886
-0.00250751
-0.00120314
0.0130874
0.0119364
0.0108108
0.00966705
0.00850468
0.0073332
0.00615809
0.00498218
0.00380838
0.00264043
0.00148255
0.000339294
-0.000784525
-0.00188377
-0.00295299
-0.00398647
-0.00497824
-0.0059221
-0.0068117
-0.00764057
-0.00840219
-0.00909003
-0.00969766
-0.0102188
-0.0106475
-0.0109781
-0.0112054
-0.0113247
-0.0113319
-0.0112239
-0.010998
-0.0106528
-0.0101874
-0.00960271
-0.00889924
-0.00808253
-0.00714962
-0.00612245
-0.00496908
-0.00378386
-0.00237888
-0.00113876
0.0141791
0.0130698
0.0119696
0.0108525
0.00971879
0.00857503
0.00742544
0.00627275
0.00511985
0.00397023
0.00282782
0.00169688
0.000581959
-0.000512065
-0.00158
-0.00261634
-0.00361534
-0.00457097
-0.00547702
-0.00632712
-0.00711478
-0.0078335
-0.00847678
-0.00903825
-0.00951172
-0.00989131
-0.0101715
-0.0103473
-0.0104142
-0.0103685
-0.0102072
-0.00992833
-0.00953056
-0.00901427
-0.00837959
-0.00763144
-0.00676721
-0.00580723
-0.00472268
-0.00360108
-0.00226947
-0.00108378
0.0150153
0.013938
0.0128576
0.0117612
0.0106498
0.00952771
0.00839812
0.00726374
0.00612741
0.00499247
0.00386261
0.00274186
0.00163455
0.000545377
-0.000520679
-0.00155831
-0.00256191
-0.00352561
-0.00444333
-0.00530878
-0.00611554
-0.00685709
-0.00752694
-0.00811862
-0.00862584
-0.00904254
-0.00936298
-0.00958188
-0.0096945
-0.00969681
-0.0095854
-0.00935786
-0.00901262
-0.0085496
-0.00796868
-0.00727429
-0.00646411
-0.00555709
-0.00452704
-0.0034557
-0.00218245
-0.00103926
0.0155856
0.014531
0.0134647
0.0123831
0.0112874
0.0101806
0.00906518
0.00794381
0.00681932
0.00569491
0.00457412
0.00346084
0.00235925
0.0012739
0.00020964
-0.000828353
-0.0018346
-0.00280333
-0.00372856
-0.00460405
-0.00542343
-0.00618022
-0.00686789
-0.00747995
-0.00801002
-0.00845194
-0.00879983
-0.00904826
-0.00919228
-0.00922751
-0.00915046
-0.00895844
-0.00864959
-0.00822357
-0.00768011
-0.00702323
-0.00625091
-0.005381
-0.00438949
-0.00335313
-0.00212172
-0.00100539
0.015886
0.0148421
0.0137826
0.0127081
0.0116202
0.0105209
0.00941259
0.00829779
0.00717931
0.0060603
0.0049442
0.00383481
0.00273624
0.00165295
0.000589719
-0.000448349
-0.00145584
-0.00242705
-0.00335602
-0.00423657
-0.00506236
-0.00582692
-0.0065237
-0.00714622
-0.00768804
-0.00814296
-0.00850503
-0.00876872
-0.00892896
-0.00898134
-0.00892218
-0.00874867
-0.00845882
-0.00805214
-0.0075283
-0.00689103
-0.00613876
-0.005288
-0.00431787
-0.00329821
-0.00209385
-0.000981546
-0.283374
-0.285666
-0.287968
-0.290448
-0.293277
-0.296472
-0.300588
-0.310285
-0.32435
-0.272623
-0.277387
-0.282313
-0.287568
-0.293301
-0.299438
-0.306445
-0.318517
-0.330405
-0.257834
-0.26355
-0.269319
-0.275259
-0.281475
-0.287867
-0.294853
-0.306274
-0.317633
-0.240263
-0.246577
-0.252959
-0.259513
-0.266332
-0.273336
-0.280882
-0.292303
-0.303837
-0.223003
-0.229777
-0.236645
-0.243691
-0.250982
-0.258441
-0.266331
-0.277418
-0.288717
-0.20587
-0.212818
-0.219869
-0.227091
-0.234539
-0.242153
-0.250142
-0.260777
-0.271782
-0.188982
-0.19589
-0.202908
-0.210093
-0.217496
-0.225074
-0.232998
-0.243083
-0.253605
-0.172635
-0.179356
-0.186185
-0.193172
-0.20036
-0.207722
-0.215401
-0.224804
-0.23463
-0.156977
-0.163405
-0.169931
-0.176597
-0.183439
-0.190446
-0.197736
-0.206363
-0.21534
-0.1421
-0.148169
-0.154321
-0.16059
-0.167007
-0.173568
-0.180373
-0.188177
-0.196227
-0.128063
-0.133739
-0.139482
-0.145317
-0.151269
-0.15734
-0.16361
-0.170592
-0.177714
-0.114893
-0.120166
-0.12549
-0.130882
-0.136361
-0.141934
-0.147661
-0.153866
-0.16012
-0.102592
-0.107469
-0.112382
-0.117342
-0.122364
-0.127456
-0.132661
-0.138162
-0.143648
-0.0911497
-0.0956462
-0.100166
-0.104718
-0.109311
-0.113953
-0.118675
-0.12356
-0.12839
-0.08054
-0.0846779
-0.08883
-0.0930023
-0.0972005
-0.101432
-0.105717
-0.110072
-0.114357
-0.0707295
-0.0745331
-0.0783444
-0.0821673
-0.0860055
-0.0898656
-0.0937591
-0.0976644
-0.101499
-0.0616783
-0.0651725
-0.0686701
-0.0721732
-0.0756845
-0.07921
-0.0827547
-0.0862755
-0.0897364
-0.0533426
-0.0565519
-0.0597615
-0.0629726
-0.0661873
-0.0694107
-0.0726436
-0.075833
-0.078978
-0.045677
-0.0486245
-0.0515702
-0.0545147
-0.0574597
-0.0604097
-0.0633625
-0.0662622
-0.0691345
-0.0386361
-0.0413435
-0.0440475
-0.0467486
-0.0494479
-0.0521495
-0.0548491
-0.0574922
-0.060124
-0.0321758
-0.0346632
-0.0371459
-0.0396244
-0.0420995
-0.0445749
-0.0470447
-0.049458
-0.0518743
-0.0285399
-0.0308203
-0.0330952
-0.0353657
-0.0376346
-0.0398954
-0.0421013
-0.0443221
-0.0229325
-0.025028
-0.0271171
-0.0292007
-0.0312812
-0.0333515
-0.0353695
-0.037412
-0.0178031
-0.0197297
-0.0216492
-0.0235623
-0.0254711
-0.027368
-0.0292155
-0.0310949
-0.0131162
-0.0148888
-0.0166538
-0.0184117
-0.0201641
-0.0219034
-0.0235964
-0.0253265
-0.00883925
-0.0104719
-0.0120963
-0.013713
-0.0153233
-0.0169197
-0.018473
-0.0200665
-0.00494237
-0.00644782
-0.00794473
-0.00943346
-0.010915
-0.0123819
-0.0138092
-0.015278
-0.00139814
-0.00278839
-0.00416983
-0.00554274
-0.0069078
-0.00825806
-0.00957193
-0.0109271
0.00181848
0.000532344
-0.000744818
-0.00201322
-0.0032733
-0.00451859
-0.00573077
-0.00698265
0.00473029
0.00353799
0.00235472
0.00118034
1.46037e-05
-0.00113658
-0.00225786
-0.00341607
0.00735798
0.00624997
0.00515097
0.00406089
0.00297963
0.00191251
0.000872191
-0.000201408
0.0097201
0.00868753
0.00766385
0.00664905
0.00564313
0.00465077
0.00368227
0.0026848
0.0118333
0.0108679
0.00991121
0.00896329
0.00802422
0.007098
0.00619289
0.00526353
0.013712
0.0128061
0.0119086
0.0110198
0.0101396
0.00927156
0.00842203
0.00755319
0.0153689
0.0145152
0.0136697
0.0128325
0.0120038
0.0111864
0.0103852
0.00956962
0.0168143
0.0160059
0.0152054
0.014413
0.0136288
0.012855
0.0120953
0.0113259
0.0180564
0.0172867
0.0165246
0.0157703
0.0150238
0.0142869
0.0135622
0.0128322
0.0191011
0.0183638
0.0176336
0.0169109
0.0161957
0.0154892
0.0147933
0.0140958
0.0199505
0.0192393
0.0185347
0.0178372
0.0171468
0.0164644
0.0157911
0.0151194
0.0206066
0.0199151
0.0192299
0.0185512
0.0178792
0.0172143
0.0165573
0.0159042
0.0210589
0.0203806
0.0197081
0.0190417
0.0183816
0.017728
0.0170812
0.0164398
0.0213151
0.0206431
0.0199763
0.0193149
0.0186589
0.0180087
0.0173642
0.0167254
0.02133
0.020658
0.0199913
0.0193298
0.0186739
0.0180237
0.0173792
0.0167404
0.0210739
0.0203956
0.0197232
0.0190568
0.0183967
0.0177431
0.0170963
0.0164549
0.0206218
0.0199303
0.0192452
0.0185665
0.0178945
0.0172297
0.0165727
0.0159196
0.019966
0.0192548
0.0185503
0.0178528
0.0171624
0.01648
0.0158067
0.015135
0.0191169
0.0183797
0.0176496
0.0169268
0.0162117
0.0155052
0.0148093
0.0141119
0.0180727
0.0173031
0.016541
0.0157867
0.0150403
0.0143034
0.0135787
0.0128487
0.0168312
0.0160228
0.0152224
0.0144299
0.0136458
0.012872
0.0121123
0.011343
0.0153864
0.0145327
0.0136872
0.0128501
0.0120215
0.0112041
0.0104029
0.00958735
0.0137302
0.0128243
0.0119269
0.0110381
0.010158
0.00928997
0.00844047
0.00757167
0.0118523
0.0108869
0.00993032
0.00898245
0.00804342
0.00711724
0.00621217
0.00528286
0.00974002
0.0087075
0.00768388
0.00666913
0.00566326
0.00467094
0.00370249
0.00270507
0.00737891
0.00627096
0.00517202
0.00408199
0.00300079
0.00193372
0.000893444
-0.000180094
0.00475234
0.00356011
0.00237691
0.00120259
3.69059e-05
-0.00111422
-0.00223545
-0.0033936
0.00313652
0.00184176
0.000555698
-0.000721394
-0.00198973
-0.00324975
-0.00449497
-0.00570711
-0.00695891
2.52365e-05
-0.0013735
-0.00276367
-0.00414504
-0.00551788
-0.00688287
-0.00823307
-0.00954689
-0.010902
-0.00340253
-0.00491624
-0.00642161
-0.00791845
-0.0094071
-0.0108885
-0.0123554
-0.0137827
-0.0152514
-0.00717097
-0.0088115
-0.010444
-0.0120684
-0.0136851
-0.0152953
-0.0168916
-0.0184448
-0.0200383
-0.0113065
-0.0130867
-0.0148592
-0.0166242
-0.018382
-0.0201343
-0.0218736
-0.0235665
-0.0252966
-0.0158382
-0.0177717
-0.0196982
-0.0216176
-0.0235307
-0.0254394
-0.0273363
-0.0291838
-0.0310632
-0.0207973
-0.022899
-0.0249944
-0.0270835
-0.029167
-0.0312475
-0.0333178
-0.0353358
-0.0373783
-0.0262182
-0.0285041
-0.0307845
-0.0330594
-0.0353298
-0.0375987
-0.0398595
-0.0420654
-0.0442862
-0.0321376
-0.034625
-0.0371077
-0.0395861
-0.0420613
-0.0445366
-0.0470064
-0.0494198
-0.051836
-0.0385953
-0.0413027
-0.0440067
-0.0467077
-0.049407
-0.0521086
-0.0548082
-0.0574514
-0.0600831
-0.0456334
-0.0485809
-0.0515265
-0.054471
-0.057416
-0.0603659
-0.0633186
-0.0662184
-0.0690904
-0.0532959
-0.0565052
-0.0597147
-0.0629258
-0.0661404
-0.0693637
-0.0725965
-0.0757857
-0.0789303
-0.0616284
-0.0651225
-0.06862
-0.072123
-0.0756342
-0.0791594
-0.0827038
-0.0862242
-0.0896844
-0.0706761
-0.0744795
-0.0782908
-0.0821134
-0.0859513
-0.0898111
-0.0937041
-0.0976086
-0.101442
-0.0804828
-0.0846205
-0.0887725
-0.0929444
-0.0971422
-0.101373
-0.105657
-0.110012
-0.114295
-0.0910885
-0.0955849
-0.100105
-0.104656
-0.109249
-0.11389
-0.118611
-0.123495
-0.128323
-0.102527
-0.107404
-0.112316
-0.117276
-0.122298
-0.127388
-0.132592
-0.138092
-0.143575
-0.114823
-0.120097
-0.12542
-0.130812
-0.136291
-0.141863
-0.147589
-0.153792
-0.160045
-0.12799
-0.133666
-0.139409
-0.145244
-0.151195
-0.157266
-0.163535
-0.170516
-0.177638
-0.142023
-0.148092
-0.154245
-0.160514
-0.166931
-0.173493
-0.180298
-0.188101
-0.196152
-0.156897
-0.163325
-0.169853
-0.176519
-0.183363
-0.190371
-0.197662
-0.206289
-0.215269
-0.172553
-0.179275
-0.186107
-0.193095
-0.200285
-0.20765
-0.215331
-0.224736
-0.234567
-0.1889
-0.195811
-0.202831
-0.21002
-0.217425
-0.225006
-0.232934
-0.243023
-0.253552
-0.205791
-0.212742
-0.219797
-0.227022
-0.234475
-0.242093
-0.250087
-0.260727
-0.271741
-0.222929
-0.229707
-0.23658
-0.243629
-0.250926
-0.25839
-0.266286
-0.277379
-0.288688
-0.240196
-0.246515
-0.252902
-0.259461
-0.266286
-0.273295
-0.280848
-0.292276
-0.303821
-0.257778
-0.263499
-0.269273
-0.275218
-0.281441
-0.287839
-0.29483
-0.306259
-0.317629
-0.272577
-0.277346
-0.282277
-0.287537
-0.293276
-0.299419
-0.306433
-0.318514
-0.330413
-0.28334
-0.285635
-0.287941
-0.290425
-0.293258
-0.296457
-0.300579
-0.310283
-0.324358
0.0159011
0.0148572
0.0137976
0.0127231
0.0116352
0.0105359
0.00942754
0.00831269
0.00719415
0.00607507
0.00495888
0.00384938
0.00275069
0.00166725
0.000603856
-0.000434394
-0.00144209
-0.00241352
-0.00334274
-0.00422357
-0.00504966
-0.00581453
-0.00651167
-0.00713455
-0.00767678
-0.00813213
-0.00849466
-0.00875883
-0.00891959
-0.0089725
-0.00891391
-0.00874099
-0.00845176
-0.00804571
-0.00752254
-0.00688595
-0.0061344
-0.00528436
-0.00431499
-0.0032961
-0.00209254
-0.000981032
0.0156008
0.0145462
0.0134799
0.0123982
0.0113026
0.0101957
0.00908024
0.00795882
0.00683426
0.00570977
0.00458889
0.0034755
0.00237379
0.00128829
0.00022386
-0.000814319
-0.00182077
-0.00278974
-0.00371521
-0.00459098
-0.00541066
-0.00616778
-0.0068558
-0.00746824
-0.00799872
-0.00844107
-0.00878943
-0.00903835
-0.0091829
-0.00921867
-0.00914218
-0.00895075
-0.00864252
-0.00821715
-0.00767435
-0.00701816
-0.00624655
-0.00537736
-0.00438661
-0.00335102
-0.00212041
-0.00100488
0.0150306
0.0139534
0.012873
0.0117766
0.0106652
0.00954301
0.00841339
0.00727894
0.00614255
0.00500752
0.00387756
0.00275669
0.00164926
0.000559929
-0.000506299
-0.00154412
-0.00254793
-0.00351188
-0.00442986
-0.00529559
-0.00610266
-0.00684455
-0.00751476
-0.00810683
-0.00861447
-0.00903161
-0.00935252
-0.00957192
-0.00968506
-0.00968792
-0.00957709
-0.00935016
-0.00900553
-0.00854316
-0.00796292
-0.00726922
-0.00645975
-0.00555346
-0.00452417
-0.00345358
-0.00218115
-0.00103874
0.0141948
0.0130855
0.0119853
0.0108681
0.00973443
0.00859063
0.00744099
0.00628824
0.00513527
0.00398556
0.00284304
0.00171198
0.000596913
-0.000497272
-0.00156539
-0.00260194
-0.00360115
-0.00455703
-0.00546336
-0.00631375
-0.00710174
-0.00782081
-0.00846446
-0.00902634
-0.00950024
-0.00988028
-0.010161
-0.0103372
-0.0104047
-0.0103596
-0.0101989
-0.0099206
-0.00952347
-0.00900783
-0.00837382
-0.00762637
-0.00676286
-0.0058036
-0.00471981
-0.00359898
-0.00226817
-0.00108328
0.0131035
0.0119525
0.0108269
0.00968311
0.00852071
0.00734918
0.00617402
0.00499804
0.00382416
0.00265611
0.00149812
0.000354723
-0.000769249
-0.00186866
-0.00293808
-0.00397178
-0.00496379
-0.00590791
-0.0067978
-0.00762699
-0.00838894
-0.00907715
-0.00968518
-0.0102068
-0.0106359
-0.010967
-0.0111948
-0.0113146
-0.0113224
-0.0112149
-0.0109896
-0.010645
-0.0101803
-0.00959626
-0.00889348
-0.00807746
-0.00714528
-0.00611884
-0.00496623
-0.00378177
-0.00237759
-0.00113826
0.011756
0.0105544
0.0093984
0.00822257
0.00702574
0.00582108
0.00461562
0.00341225
0.00221395
0.00102474
-0.000150801
-0.00130778
-0.00244103
-0.00354514
-0.00461435
-0.00564268
-0.00662393
-0.00755172
-0.00841953
-0.00922082
-0.00994901
-0.0105976
-0.0111603
-0.0116311
-0.0120041
-0.0122741
-0.0124361
-0.0124862
-0.0124206
-0.0122367
-0.0119326
-0.0115074
-0.0109608
-0.0102943
-0.00950894
-0.00861088
-0.0075968
-0.00649055
-0.00525644
-0.00399679
-0.00250624
-0.00120265
0.0101495
0.00888857
0.00769757
0.00648476
0.00524818
0.00400548
0.00276548
0.00153119
0.00030566
-0.000906789
-0.00210112
-0.00327205
-0.00441404
-0.0055213
-0.00658778
-0.0076072
-0.0085731
-0.0094789
-0.010318
-0.0110836
-0.0117694
-0.0123688
-0.0128757
-0.0132844
-0.0135893
-0.0137855
-0.0138689
-0.0138357
-0.013683
-0.0134089
-0.0130122
-0.0124925
-0.0118506
-0.0110886
-0.0102078
-0.00921542
-0.0081076
-0.00691039
-0.00558372
-0.0042391
-0.00265096
-0.0012753
0.0082768
0.00694799
0.00571777
0.00446347
0.0031823
0.00189722
0.000619119
-0.000648867
-0.00190365
-0.00314051
-0.00435392
-0.00553813
-0.00668719
-0.00779495
-0.00885498
-0.00986071
-0.0108054
-0.0116824
-0.0124848
-0.013206
-0.0138395
-0.0143791
-0.0148188
-0.0151532
-0.0153773
-0.0154867
-0.0154778
-0.0153477
-0.0150942
-0.0147162
-0.0142133
-0.0135861
-0.012836
-0.011966
-0.010978
-0.00988026
-0.00866816
-0.00737033
-0.00594157
-0.00450391
-0.00280866
-0.00135508
0.00612748
0.00472252
0.00344924
0.00214939
0.000819316
-0.000511893
-0.00183095
-0.00313463
-0.00441978
-0.00568125
-0.00691295
-0.00810862
-0.00926189
-0.0103662
-0.0114147
-0.0124006
-0.0133169
-0.0141568
-0.0149133
-0.0155798
-0.01615
-0.0166179
-0.0169779
-0.017225
-0.0173548
-0.0173636
-0.0172486
-0.0170076
-0.0166394
-0.0161438
-0.0155214
-0.0147739
-0.0139034
-0.012914
-0.0118081
-0.0105949
-0.00926924
-0.00786254
-0.00632366
-0.00478661
-0.00297637
-0.00144098
0.00368821
0.00219894
0.000879243
-0.00046974
-0.00185248
-0.00323287
-0.00459496
-0.00593542
-0.00725104
-0.00853619
-0.00978417
-0.0109882
-0.0121414
-0.0132368
-0.0142673
-0.0152257
-0.0161049
-0.0168978
-0.0175977
-0.0181979
-0.0186924
-0.0190755
-0.0193421
-0.0194879
-0.019509
-0.0194028
-0.0191671
-0.0188008
-0.018304
-0.0176773
-0.0169224
-0.0160422
-0.0150398
-0.0139203
-0.0126865
-0.0113492
-0.00990188
-0.00837946
-0.00672388
-0.00508274
-0.00315124
-0.00153208
0.000942836
-0.000638703
-0.00200771
-0.00340883
-0.00484733
-0.00627919
-0.00768544
-0.00906272
-0.0104078
-0.0117144
-0.0129753
-0.014183
-0.0153304
-0.0164099
-0.0174141
-0.0183357
-0.0191672
-0.0199018
-0.0205326
-0.0210533
-0.0214582
-0.0217421
-0.0219005
-0.0219298
-0.0218271
-0.0215906
-0.0212193
-0.0207133
-0.0200736
-0.0193023
-0.0184023
-0.0173776
-0.0162324
-0.0149728
-0.0136024
-0.0121331
-0.0105573
-0.00891373
-0.0071363
-0.00538801
-0.0033305
-0.00162762
-0.00212744
-0.003809
-0.00522959
-0.00668517
-0.00818178
-0.00966644
-0.0111169
-0.0125299
-0.0139019
-0.0152263
-0.0164951
-0.0177004
-0.0188343
-0.019889
-0.020857
-0.0217304
-0.0225021
-0.0231651
-0.0237127
-0.0241391
-0.024439
-0.0246079
-0.024642
-0.0245387
-0.0242961
-0.0239134
-0.0233911
-0.0227305
-0.0219339
-0.0210048
-0.0199473
-0.0187667
-0.0174684
-0.0160598
-0.0145448
-0.0129369
-0.0112271
-0.00945822
-0.00755517
-0.00569833
-0.00351149
-0.00172698
-0.00554402
-0.00733307
-0.0088068
-0.0103183
-0.0118744
-0.0134121
-0.0149057
-0.0163517
-0.0177468
-0.0190836
-0.0203536
-0.0215481
-0.022659
-0.0236782
-0.0245977
-0.0254099
-0.0261075
-0.0266837
-0.0271322
-0.0274478
-0.0276258
-0.0276624
-0.027555
-0.0273018
-0.0269025
-0.0263574
-0.0256683
-0.0248381
-0.0238705
-0.0227705
-0.0215436
-0.0201965
-0.0187357
-0.0171698
-0.0155033
-0.0137513
-0.0119031
-0.0100061
-0.00797492
-0.00600974
-0.00369164
-0.00182975
-0.00933086
-0.0112345
-0.012762
-0.01433
-0.0159458
-0.0175355
-0.0190694
-0.0205441
-0.0219565
-0.0232985
-0.0245608
-0.0257343
-0.0268105
-0.0277811
-0.0286379
-0.0293735
-0.0299805
-0.0304528
-0.0307845
-0.0309711
-0.0310086
-0.0308944
-0.0306271
-0.0302061
-0.0296324
-0.028908
-0.0280361
-0.0270213
-0.0258688
-0.0245852
-0.0231775
-0.0216538
-0.0200218
-0.0182915
-0.0164676
-0.0145672
-0.0125772
-0.0105506
-0.00839018
-0.00631846
-0.00386844
-0.00193566
-0.0135145
-0.0155393
-0.0171201
-0.0187437
-0.0204181
-0.0220571
-0.0236268
-0.0251241
-0.0265458
-0.0278834
-0.0291269
-0.0302668
-0.0312942
-0.0322007
-0.0329782
-0.0336194
-0.0341175
-0.0344666
-0.0346618
-0.0346994
-0.0345765
-0.0342918
-0.033845
-0.0332373
-0.0324711
-0.0315502
-0.0304795
-0.0292651
-0.0279141
-0.0264347
-0.0248354
-0.0231259
-0.021315
-0.0194139
-0.0174279
-0.0153757
-0.0132418
-0.0110854
-0.00879578
-0.00662082
-0.00403947
-0.00204456
-0.0181242
-0.0202759
-0.021908
-0.023585
-0.0253151
-0.0269988
-0.0285977
-0.0301089
-0.0315297
-0.0328508
-0.0340618
-0.0351526
-0.0361144
-0.0369388
-0.037618
-0.0381447
-0.0385131
-0.0387178
-0.038755
-0.038622
-0.0383174
-0.0378411
-0.0371945
-0.0363806
-0.0354034
-0.0342686
-0.0329829
-0.0315543
-0.0299916
-0.0283048
-0.026504
-0.0246003
-0.0226036
-0.0205266
-0.0183746
-0.0161685
-0.0138898
-0.0116044
-0.00918677
-0.00691322
-0.00420232
-0.00215626
-0.0231917
-0.0254752
-0.0271549
-0.0288809
-0.0306618
-0.0323832
-0.034002
-0.035516
-0.0369227
-0.0382124
-0.0393741
-0.0403978
-0.0412744
-0.0419959
-0.0425549
-0.0429448
-0.0431603
-0.0431974
-0.0430532
-0.0427265
-0.0422175
-0.0415276
-0.0406602
-0.03962
-0.0384131
-0.0370469
-0.0355304
-0.0338734
-0.0320866
-0.0301815
-0.02817
-0.0260646
-0.0238763
-0.0216193
-0.0192986
-0.0169375
-0.0145141
-0.0121017
-0.00955844
-0.00719214
-0.00435465
-0.00227038
-0.0287518
-0.0311706
-0.0328917
-0.03466
-0.0364842
-0.0382335
-0.0398601
-0.0413625
-0.0427387
-0.0439788
-0.0450714
-0.0460065
-0.0467754
-0.0473703
-0.0477846
-0.0480126
-0.0480501
-0.0478942
-0.0475437
-0.0469988
-0.0462615
-0.0453353
-0.0442254
-0.0429386
-0.0414831
-0.0398686
-0.0381059
-0.0362068
-0.034184
-0.0320507
-0.0298204
-0.0275069
-0.0251224
-0.0226822
-0.0201914
-0.0176753
-0.0151083
-0.0125719
-0.00990636
-0.00745399
-0.00449416
-0.0023861
-0.034842
-0.0373979
-0.0391512
-0.0409521
-0.0428088
-0.044573
-0.0461916
-0.0476644
-0.0489901
-0.0501588
-0.0511589
-0.0519807
-0.052616
-0.0530577
-0.0533002
-0.0533389
-0.0531709
-0.052795
-0.0522116
-0.0514228
-0.0504326
-0.0492466
-0.0478723
-0.0463186
-0.044596
-0.0427163
-0.0406926
-0.0385386
-0.036269
-0.0338987
-0.0314425
-0.0289158
-0.0263315
-0.0237062
-0.0210449
-0.0183747
-0.0156664
-0.0130097
-0.0102264
-0.00769515
-0.00461867
-0.00250184
-0.0415031
-0.044195
-0.0459679
-0.0477877
-0.0496625
-0.0514244
-0.0530151
-0.054436
-0.0556872
-0.0567588
-0.0576393
-0.0583195
-0.0587921
-0.059051
-0.0590918
-0.0589115
-0.0585087
-0.0578839
-0.0570397
-0.0559803
-0.0547118
-0.0532423
-0.0515815
-0.0497408
-0.047733
-0.0455722
-0.0432736
-0.040853
-0.0383268
-0.0357117
-0.0330239
-0.03028
-0.0274938
-0.0246827
-0.0218515
-0.0190293
-0.016183
-0.0134104
-0.0105148
-0.00791191
-0.00472612
-0.00261504
-0.0487787
-0.0516021
-0.0533771
-0.0551977
-0.0570713
-0.0588088
-0.0603469
-0.0616892
-0.0628373
-0.0637818
-0.0645115
-0.0650183
-0.0652957
-0.0653394
-0.0651462
-0.0647148
-0.0640459
-0.0631422
-0.0620083
-0.0606508
-0.0590784
-0.0573016
-0.0553327
-0.0531853
-0.050875
-0.048418
-0.0458317
-0.0431339
-0.0403428
-0.0374766
-0.0345528
-0.031589
-0.0285999
-0.0256036
-0.0226044
-0.0196332
-0.0166531
-0.0137694
-0.0107683
-0.00810047
-0.00481474
-0.0027219
-0.0567155
-0.0596607
-0.0614144
-0.063212
-0.0650594
-0.0667449
-0.0682002
-0.0694319
-0.0704435
-0.0712264
-0.0717703
-0.0720679
-0.0721147
-0.0719077
-0.0714457
-0.0707295
-0.0697618
-0.0685478
-0.0670945
-0.0654113
-0.0635093
-0.0614016
-0.0591034
-0.0566308
-0.0540016
-0.0512346
-0.0483492
-0.0453651
-0.0423022
-0.0391801
-0.0360175
-0.0328328
-0.0296412
-0.0264614
-0.0232974
-0.020181
-0.0170725
-0.0140829
-0.010984
-0.008257
-0.00488311
-0.00281725
-0.0653622
-0.068412
-0.0701142
-0.071858
-0.0736477
-0.0752469
-0.0765831
-0.0776665
-0.0785032
-0.0790855
-0.0794042
-0.0794538
-0.0792313
-0.0787358
-0.0779682
-0.0769317
-0.0756314
-0.0740751
-0.0722726
-0.0702359
-0.0679789
-0.0655179
-0.06287
-0.0600546
-0.0570918
-0.0540026
-0.0508083
-0.0475306
-0.0441908
-0.0408098
-0.0374071
-0.034002
-0.0306098
-0.0272497
-0.0239251
-0.0206684
-0.0174376
-0.0143475
-0.0111597
-0.00837777
-0.0049303
-0.00289455
-0.0747678
-0.0778944
-0.0795072
-0.0811588
-0.082851
-0.0843224
-0.0854965
-0.0863883
-0.0870064
-0.0873446
-0.0873951
-0.0871543
-0.0866213
-0.0857973
-0.0846858
-0.0832923
-0.081625
-0.0796941
-0.0775126
-0.0750953
-0.0724591
-0.0696229
-0.0666069
-0.0634329
-0.0601235
-0.0567017
-0.0531909
-0.0496143
-0.0459945
-0.0423535
-0.0387114
-0.035088
-0.0314988
-0.0279626
-0.0244829
-0.0210915
-0.0177457
-0.0145604
-0.0112938
-0.00845927
-0.00495599
-0.00294609
-0.0849781
-0.0881393
-0.0896163
-0.0911287
-0.0926749
-0.0939688
-0.0949312
-0.0955821
-0.0959332
-0.0959797
-0.0957156
-0.0951393
-0.0942524
-0.0930585
-0.0915636
-0.0897762
-0.0877072
-0.0853701
-0.0827805
-0.0799568
-0.0769186
-0.0736874
-0.0702867
-0.0667405
-0.0630737
-0.0593115
-0.0554788
-0.0516004
-0.0476998
-0.0437998
-0.039921
-0.0360832
-0.032302
-0.0285956
-0.0249675
-0.0214477
-0.0179951
-0.0147199
-0.0113856
-0.0084984
-0.00496063
-0.00296326
-0.0960291
-0.0991633
-0.100451
-0.101769
-0.103111
-0.10417
-0.104864
-0.10522
-0.105251
-0.104955
-0.104327
-0.103369
-0.102083
-0.100477
-0.0985593
-0.0963412
-0.0938369
-0.0910628
-0.0880376
-0.084784
-0.0813229
-0.0776798
-0.0738804
-0.0699512
-0.0659192
-0.0618115
-0.0576545
-0.0534739
-0.0492942
-0.0451385
-0.0410277
-0.0369813
-0.0330147
-0.0291452
-0.0253765
-0.0217354
-0.0181848
-0.0148248
-0.0114352
-0.00849271
-0.00494548
-0.00293705
-0.107937
-0.110959
-0.112001
-0.113062
-0.114132
-0.11489
-0.115255
-0.115257
-0.114913
-0.114221
-0.113179
-0.11179
-0.110061
-0.108001
-0.105622
-0.102938
-0.0999661
-0.0967269
-0.0932431
-0.0895366
-0.0856354
-0.0815664
-0.0773577
-0.0730382
-0.0686367
-0.0641817
-0.0597009
-0.0552208
-0.0507664
-0.0463608
-0.0420249
-0.0377775
-0.0336338
-0.0296094
-0.0257089
-0.0219543
-0.0183152
-0.0148752
-0.0114435
-0.00844057
-0.00491267
-0.0028586
-0.120686
-0.123482
-0.124224
-0.124961
-0.125684
-0.12607
-0.126041
-0.125629
-0.124853
-0.123711
-0.122205
-0.120339
-0.118122
-0.115568
-0.112691
-0.109508
-0.106041
-0.102312
-0.0983463
-0.0941716
-0.0898172
-0.0853126
-0.0806884
-0.0759753
-0.0712037
-0.0664034
-0.0616029
-0.0568291
-0.0521072
-0.0474599
-0.0429078
-0.0384689
-0.0341578
-0.0299879
-0.0259653
-0.0221054
-0.0183879
-0.0148722
-0.0114126
-0.0083413
-0.00486521
-0.00271977
-0.134206
-0.136638
-0.13704
-0.137387
-0.137683
-0.137622
-0.137134
-0.136249
-0.134985
-0.133342
-0.131322
-0.128935
-0.126191
-0.123106
-0.119698
-0.115988
-0.112001
-0.107762
-0.1033
-0.098645
-0.0938291
-0.0888843
-0.083843
-0.0787376
-0.0735999
-0.0684602
-0.0633476
-0.0582891
-0.0533095
-0.0484313
-0.043674
-0.0390545
-0.0345869
-0.0302819
-0.0261477
-0.0221909
-0.0184055
-0.014818
-0.0113452
-0.00819531
-0.00480688
-0.00251372
-0.148362
-0.15027
-0.15032
-0.15022
-0.150007
-0.149427
-0.14842
-0.147008
-0.145205
-0.143012
-0.140436
-0.137487
-0.13418
-0.130533
-0.126567
-0.122309
-0.117784
-0.113021
-0.108053
-0.102913
-0.097633
-0.092249
-0.0867946
-0.0813033
-0.0758077
-0.0703387
-0.0649252
-0.0595941
-0.0543696
-0.0492731
-0.0443235
-0.0395357
-0.0349238
-0.0304946
-0.0262597
-0.0222144
-0.018372
-0.0147157
-0.0112453
-0.00800402
-0.00474208
-0.00223538
-0.162932
-0.164155
-0.163885
-0.163298
-0.1625
-0.161339
-0.159762
-0.157776
-0.155388
-0.152606
-0.149436
-0.145894
-0.141995
-0.137763
-0.133223
-0.1284
-0.123326
-0.118034
-0.112558
-0.106933
-0.101195
-0.0953785
-0.0895205
-0.0836547
-0.0778142
-0.0720297
-0.06633
-0.0607412
-0.0552867
-0.0499865
-0.0448587
-0.0399161
-0.0351725
-0.0306306
-0.0263062
-0.0221807
-0.0182923
-0.0145693
-0.0111173
-0.00776983
-0.0046757
-0.0018818
-0.177611
-0.17801
-0.177512
-0.176421
-0.174977
-0.173187
-0.171002
-0.168406
-0.165401
-0.161998
-0.158208
-0.154049
-0.149542
-0.144711
-0.139584
-0.134192
-0.128569
-0.122751
-0.116772
-0.110671
-0.104485
-0.0982503
-0.0920036
-0.0857796
-0.0796111
-0.0735286
-0.0675602
-0.061731
-0.0560632
-0.0505756
-0.0452847
-0.0402014
-0.0353393
-0.030696
-0.0262934
-0.0220956
-0.018172
-0.0143837
-0.0109664
-0.00749594
-0.00461287
-0.00145232
-0.192017
-0.191516
-0.190952
-0.189367
-0.187236
-0.184788
-0.181976
-0.178749
-0.175105
-0.171061
-0.166636
-0.161849
-0.156725
-0.151291
-0.14558
-0.139624
-0.133461
-0.127127
-0.12066
-0.114099
-0.107483
-0.100849
-0.0942338
-0.087672
-0.0811961
-0.0748359
-0.0686186
-0.0625681
-0.0567051
-0.0510469
-0.0456087
-0.0403989
-0.0354315
-0.0306981
-0.0262285
-0.0219655
-0.0180175
-0.0141639
-0.0107983
-0.00718616
-0.00455877
-0.000948545
-0.205729
-0.204352
-0.203951
-0.201908
-0.199074
-0.195965
-0.192524
-0.188657
-0.184366
-0.179676
-0.174613
-0.169199
-0.163462
-0.157435
-0.151151
-0.144647
-0.137961
-0.131131
-0.124197
-0.117199
-0.110177
-0.103168
-0.0962079
-0.0893321
-0.0825721
-0.0759568
-0.0695119
-0.0632601
-0.0572208
-0.0514092
-0.0458397
-0.0405175
-0.0354578
-0.0306449
-0.0261189
-0.0217971
-0.0178355
-0.0139154
-0.0106187
-0.0068447
-0.00451829
-0.000374386
-0.218335
-0.216248
-0.216288
-0.21384
-0.210313
-0.206563
-0.202505
-0.198004
-0.193068
-0.18774
-0.182048
-0.17602
-0.169688
-0.163087
-0.156254
-0.149225
-0.142042
-0.134744
-0.127371
-0.119965
-0.112564
-0.105207
-0.0979301
-0.0907665
-0.0837474
-0.0769004
-0.0702502
-0.0638177
-0.0576209
-0.0516732
-0.0459877
-0.0405668
-0.0354272
-0.0305448
-0.0259727
-0.0215975
-0.0176327
-0.0136434
-0.0104333
-0.00647598
-0.00449572
0.000264152
-0.229496
-0.227026
-0.227807
-0.225009
-0.220818
-0.216464
-0.211808
-0.206686
-0.201121
-0.195172
-0.188874
-0.182257
-0.175359
-0.168214
-0.160862
-0.153342
-0.145694
-0.13796
-0.130181
-0.122398
-0.114651
-0.106976
-0.0994107
-0.0919868
-0.0847343
-0.0776797
-0.0708463
-0.0642533
-0.0579175
-0.0518501
-0.0460636
-0.0405568
-0.0353491
-0.0304061
-0.0257977
-0.0213732
-0.0174158
-0.0133533
-0.0102476
-0.00608437
-0.00449474
0.000959413
-0.239002
-0.236648
-0.23844
-0.235329
-0.230514
-0.225594
-0.220363
-0.214636
-0.208466
-0.201924
-0.195051
-0.187881
-0.180452
-0.172801
-0.164968
-0.156994
-0.14892
-0.140787
-0.132637
-0.124512
-0.11645
-0.108489
-0.100665
-0.0930079
-0.0855476
-0.0783091
-0.0713141
-0.0645803
-0.0581231
-0.0519517
-0.0460781
-0.0404973
-0.0352323
-0.0302369
-0.0256012
-0.0211306
-0.0171906
-0.0130496
-0.0100667
-0.00567404
-0.00451834
0.0017026
-0.246812
-0.245231
-0.248224
-0.244784
-0.239378
-0.233925
-0.228132
-0.221818
-0.215071
-0.207972
-0.200563
-0.192881
-0.184963
-0.176849
-0.168578
-0.160191
-0.15173
-0.143237
-0.134754
-0.126322
-0.117979
-0.109764
-0.101709
-0.0938467
-0.0862037
-0.0788041
-0.0716681
-0.0648122
-0.0582502
-0.0519893
-0.0460417
-0.0403977
-0.0350856
-0.0300445
-0.0253902
-0.0208753
-0.0169631
-0.0127367
-0.00989514
-0.00524881
-0.00456889
0.00248416
-0.253023
-0.253075
-0.257298
-0.253424
-0.247431
-0.241452
-0.235099
-0.228217
-0.220926
-0.213311
-0.205412
-0.197265
-0.188907
-0.180377
-0.171714
-0.162958
-0.154152
-0.145338
-0.136559
-0.127854
-0.119264
-0.110824
-0.102568
-0.094526
-0.0867237
-0.0791842
-0.0719265
-0.0649652
-0.0583136
-0.0519763
-0.0459662
-0.0402683
-0.034918
-0.0298369
-0.0251718
-0.0206133
-0.0167387
-0.0124189
-0.00973698
-0.00481311
-0.00464671
0.00329329
-0.258206
-0.260735
-0.265987
-0.261468
-0.254841
-0.248299
-0.241367
-0.233932
-0.226131
-0.218041
-0.209697
-0.201131
-0.192378
-0.183475
-0.174459
-0.165373
-0.156258
-0.147158
-0.138114
-0.129167
-0.120356
-0.111717
-0.103283
-0.0950815
-0.0871392
-0.079477
-0.0721129
-0.06506
-0.0583306
-0.0519273
-0.0458639
-0.0401194
-0.0347381
-0.0296212
-0.0249518
-0.0203496
-0.016521
-0.0121006
-0.00959333
-0.0043735
-0.00474685
0.00411732
-0.263357
-0.268977
-0.274821
-0.269444
-0.262079
-0.254847
-0.247258
-0.239247
-0.230938
-0.222386
-0.213614
-0.204649
-0.19552
-0.186263
-0.176915
-0.167517
-0.158113
-0.148745
-0.139456
-0.130286
-0.121273
-0.112453
-0.103858
-0.0955146
-0.087448
-0.0796778
-0.072221
-0.065089
-0.0582935
-0.0518343
-0.045727
-0.0399438
-0.0345393
-0.0293914
-0.0247252
-0.0200801
-0.0163068
-0.0117798
-0.00946273
-0.00393055
-0.00486897
0.00495073
-0.268777
-0.279391
-0.283364
-0.276656
-0.26839
-0.260292
-0.251971
-0.243385
-0.2346
-0.225631
-0.216485
-0.207177
-0.197732
-0.188183
-0.178564
-0.168918
-0.159286
-0.149711
-0.140236
-0.130899
-0.121739
-0.11279
-0.104082
-0.0956417
-0.0874922
-0.0796521
-0.0721371
-0.064957
-0.0581232
-0.0516326
-0.0455038
-0.0396995
-0.0342903
-0.0291217
-0.0244768
-0.0197872
-0.0160959
-0.0114372
-0.00936486
-0.00344608
-0.00507198
0.00582511
-0.305323
-0.294069
-0.286067
-0.277435
-0.268591
-0.260112
-0.251586
-0.242915
-0.234108
-0.225148
-0.216029
-0.206756
-0.197349
-0.187836
-0.178252
-0.168635
-0.159027
-0.149472
-0.140012
-0.130688
-0.121537
-0.112594
-0.103891
-0.0954537
-0.0873066
-0.0794681
-0.0719544
-0.0647748
-0.0579425
-0.0514511
-0.0453257
-0.0395166
-0.0341181
-0.0289312
-0.0243208
-0.0195721
-0.0159851
-0.011152
-0.00937542
-0.00297937
-0.00539517
0.00660169
-0.312399
-0.299283
-0.287261
-0.277919
-0.26875
-0.259966
-0.251239
-0.242436
-0.233528
-0.224483
-0.215291
-0.205956
-0.196498
-0.186944
-0.17733
-0.167695
-0.158082
-0.148531
-0.139086
-0.129785
-0.120665
-0.111759
-0.103098
-0.0947063
-0.0866071
-0.0788178
-0.0713537
-0.0642229
-0.0574387
-0.0509924
-0.0449118
-0.0391412
-0.0337853
-0.0286247
-0.0240621
-0.0193132
-0.0158036
-0.010903
-0.00930303
-0.0026615
-0.00554048
0.0071381
-0.311813
-0.298821
-0.286256
-0.277077
-0.267937
-0.259061
-0.250258
-0.241392
-0.232424
-0.223325
-0.214082
-0.204704
-0.195212
-0.185637
-0.176013
-0.166382
-0.156784
-0.147261
-0.137853
-0.128599
-0.119533
-0.110687
-0.10209
-0.0937654
-0.0857343
-0.0780131
-0.0706161
-0.0635506
-0.0568291
-0.0504421
-0.0444181
-0.0386984
-0.0333933
-0.0282719
-0.0237591
-0.0190285
-0.0155854
-0.0106524
-0.00918976
-0.00237699
-0.00561829
0.00763231
-0.310327
-0.297342
-0.284798
-0.275892
-0.266874
-0.258
-0.249186
-0.240301
-0.231307
-0.222177
-0.212906
-0.203505
-0.193997
-0.184414
-0.174793
-0.165174
-0.155598
-0.146106
-0.136738
-0.127529
-0.118515
-0.109725
-0.101187
-0.0929225
-0.0849523
-0.0772916
-0.069954
-0.0629459
-0.0562796
-0.0499446
-0.0439702
-0.0382952
-0.0330345
-0.0279476
-0.023479
-0.0187636
-0.0153814
-0.0104162
-0.00908297
-0.00210489
-0.00569187
0.00811041
-0.30789
-0.295388
-0.283227
-0.274573
-0.265701
-0.256874
-0.248081
-0.2392
-0.230196
-0.221051
-0.211763
-0.202349
-0.192834
-0.183251
-0.173638
-0.164036
-0.154485
-0.145026
-0.135698
-0.126534
-0.11757
-0.108833
-0.100349
-0.0921414
-0.0842278
-0.0766231
-0.0693403
-0.062385
-0.0557694
-0.0494822
-0.0435532
-0.0379192
-0.0326996
-0.027644
-0.0232167
-0.0185142
-0.0151903
-0.0101911
-0.00898486
-0.00184094
-0.00576857
0.00857582
-0.304787
-0.292953
-0.281441
-0.273066
-0.264376
-0.255644
-0.246902
-0.238045
-0.229047
-0.219899
-0.210606
-0.201188
-0.191673
-0.182096
-0.172497
-0.162917
-0.153395
-0.143972
-0.134684
-0.125568
-0.116653
-0.107969
-0.0995399
-0.0913873
-0.083529
-0.0759789
-0.0687492
-0.0618452
-0.0552786
-0.0490375
-0.0431525
-0.037558
-0.0323778
-0.0273525
-0.0229648
-0.018275
-0.0150071
-0.00997553
-0.00889124
-0.00158724
-0.00584316
0.00902513
-0.301392
-0.290278
-0.279499
-0.271406
-0.262925
-0.254321
-0.245655
-0.236842
-0.227866
-0.218728
-0.20944
-0.200026
-0.190519
-0.180956
-0.171377
-0.161822
-0.152332
-0.142947
-0.133702
-0.124632
-0.115768
-0.107136
-0.0987607
-0.0906622
-0.0828577
-0.0753603
-0.0681821
-0.0613275
-0.054808
-0.0486114
-0.0427685
-0.0372121
-0.0320697
-0.0270737
-0.0227238
-0.0180467
-0.0148317
-0.00977014
-0.00880145
-0.00134549
-0.00591375
0.00945579
-0.297862
-0.287512
-0.277479
-0.269655
-0.261391
-0.252936
-0.244364
-0.235609
-0.226668
-0.217552
-0.208279
-0.198879
-0.189388
-0.179844
-0.170289
-0.160764
-0.151309
-0.141963
-0.132762
-0.123739
-0.114924
-0.106343
-0.0980194
-0.089973
-0.0822201
-0.0747733
-0.067644
-0.0608365
-0.0543618
-0.0482074
-0.0424044
-0.0368843
-0.0317775
-0.0268096
-0.0224951
-0.0178305
-0.0146653
-0.00957596
-0.00871611
-0.00111665
-0.00598036
0.00986598
-0.29458
-0.284773
-0.275425
-0.267859
-0.259812
-0.251516
-0.243049
-0.234364
-0.225469
-0.216384
-0.207136
-0.197758
-0.188289
-0.17877
-0.169243
-0.15975
-0.150332
-0.141026
-0.131869
-0.122892
-0.114125
-0.105594
-0.0973202
-0.0893236
-0.0816198
-0.0742209
-0.0671379
-0.0603748
-0.0539424
-0.0478276
-0.0420622
-0.0365761
-0.0315029
-0.0265614
-0.0222801
-0.0176276
-0.0145087
-0.00939377
-0.00863572
-0.000901569
-0.006043
0.0102539
-0.291188
-0.282077
-0.27338
-0.266055
-0.258221
-0.250087
-0.24173
-0.233123
-0.224283
-0.215239
-0.206022
-0.196673
-0.187231
-0.177741
-0.168246
-0.158788
-0.149407
-0.140142
-0.131028
-0.122096
-0.113376
-0.104892
-0.096666
-0.0887165
-0.081059
-0.0737052
-0.0666657
-0.0599441
-0.0535512
-0.0474735
-0.0417431
-0.0362889
-0.0312468
-0.0263301
-0.0220796
-0.0174385
-0.0143626
-0.00922422
-0.00856062
-0.000701073
-0.00610148
0.0106177
-0.287885
-0.27951
-0.271388
-0.264283
-0.256651
-0.248675
-0.240431
-0.231905
-0.223127
-0.214129
-0.20495
-0.195634
-0.186225
-0.176767
-0.167305
-0.157883
-0.148541
-0.139316
-0.130244
-0.121356
-0.11268
-0.104241
-0.0960598
-0.0881545
-0.0805403
-0.0732284
-0.0662293
-0.0595462
-0.0531898
-0.0471465
-0.0414485
-0.0360237
-0.0310103
-0.0261166
-0.0218944
-0.0172642
-0.0142275
-0.00906792
-0.00849113
-0.000515981
-0.00615557
0.0109555
-0.284851
-0.277149
-0.269498
-0.262577
-0.255132
-0.247308
-0.239174
-0.230732
-0.222017
-0.21307
-0.203934
-0.194655
-0.18528
-0.175857
-0.16643
-0.157044
-0.14774
-0.138554
-0.129523
-0.120676
-0.112042
-0.103644
-0.0955047
-0.0876403
-0.0800659
-0.0727927
-0.0658306
-0.0591829
-0.0528599
-0.046848
-0.0411795
-0.0357817
-0.0307944
-0.0259218
-0.0217253
-0.0171052
-0.0141042
-0.00892548
-0.00842755
-0.000347053
-0.00620505
0.0112655
-0.282065
-0.274717
-0.267705
-0.260972
-0.253695
-0.246012
-0.237983
-0.229623
-0.220973
-0.212078
-0.202986
-0.193746
-0.184408
-0.175019
-0.165628
-0.156278
-0.147009
-0.137861
-0.128868
-0.120059
-0.111464
-0.103105
-0.0950035
-0.0871764
-0.0796383
-0.0724001
-0.0654715
-0.0588557
-0.0525629
-0.0465793
-0.0409374
-0.0355638
-0.0306
-0.0257466
-0.021573
-0.0169621
-0.013993
-0.00879743
-0.00837019
-0.000194993
-0.0062497
0.0115459
-0.279591
-0.272655
-0.266076
-0.259498
-0.252367
-0.244812
-0.236881
-0.228599
-0.220012
-0.211169
-0.202121
-0.19292
-0.183617
-0.174264
-0.164906
-0.15559
-0.146356
-0.137243
-0.128284
-0.119511
-0.11095
-0.102626
-0.0945589
-0.0867652
-0.0792595
-0.0720524
-0.0651536
-0.0585661
-0.0523001
-0.0463416
-0.0407232
-0.0353711
-0.0304281
-0.0255915
-0.0214382
-0.0168357
-0.0138945
-0.00868426
-0.00831932
-6.04414e-05
-0.00628931
0.0117952
-0.277381
-0.270919
-0.264628
-0.25818
-0.251174
-0.243732
-0.235889
-0.227679
-0.219151
-0.210357
-0.201351
-0.192188
-0.18292
-0.173598
-0.164273
-0.154988
-0.145785
-0.136703
-0.127776
-0.119034
-0.110504
-0.102211
-0.0941733
-0.0864087
-0.0789312
-0.0717512
-0.0648784
-0.0583154
-0.0520727
-0.0461359
-0.0405379
-0.0352044
-0.0302793
-0.0254574
-0.0213215
-0.0167263
-0.0138093
-0.0085864
-0.0082752
5.60264e-05
-0.00632367
0.0120118
-0.275337
-0.269452
-0.263373
-0.257032
-0.250146
-0.242797
-0.235029
-0.226881
-0.218406
-0.209656
-0.200689
-0.19156
-0.182323
-0.173031
-0.163734
-0.154476
-0.145301
-0.136246
-0.127346
-0.118631
-0.110128
-0.101861
-0.0938486
-0.0861088
-0.0786552
-0.0714981
-0.0646471
-0.0581048
-0.0518816
-0.0459631
-0.0403822
-0.0350643
-0.0301543
-0.0253447
-0.0212235
-0.0166344
-0.0137376
-0.00850423
-0.00823804
0.000153909
-0.00635261
0.0121945
-0.273733
-0.268226
-0.262335
-0.256088
-0.249295
-0.242022
-0.234317
-0.226223
-0.217792
-0.20908
-0.200145
-0.191045
-0.181835
-0.172568
-0.163295
-0.154061
-0.144909
-0.135876
-0.126999
-0.118306
-0.109824
-0.101578
-0.0935868
-0.085867
-0.0784327
-0.0712942
-0.0644608
-0.0579352
-0.0517277
-0.0458239
-0.0402568
-0.0349516
-0.0300536
-0.025254
-0.0211445
-0.0165605
-0.0136798
-0.00843807
-0.00820804
0.000232779
-0.00637595
0.0123421
-0.272534
-0.267285
-0.261538
-0.255365
-0.24864
-0.241426
-0.23377
-0.225716
-0.217319
-0.208637
-0.199729
-0.190652
-0.181463
-0.172216
-0.162962
-0.153746
-0.144611
-0.135596
-0.126736
-0.11806
-0.109595
-0.101365
-0.0933892
-0.0856847
-0.078265
-0.0711404
-0.0643203
-0.0578074
-0.0516117
-0.0457191
-0.0401623
-0.0348666
-0.0299777
-0.0251856
-0.0210849
-0.0165047
-0.0136361
-0.00838818
-0.00818536
0.00029229
-0.00639355
0.0124536
-0.271728
-0.266649
-0.260996
-0.254874
-0.248197
-0.241022
-0.233398
-0.225372
-0.216999
-0.208338
-0.199447
-0.190386
-0.181212
-0.171979
-0.162737
-0.153534
-0.144411
-0.135408
-0.126559
-0.117895
-0.109441
-0.101222
-0.093257
-0.0855627
-0.0781528
-0.0710376
-0.0642264
-0.057722
-0.0515342
-0.045649
-0.0400992
-0.0348097
-0.029927
-0.0251399
-0.021045
-0.0164674
-0.0136069
-0.00835474
-0.00817011
0.000332183
-0.00640531
0.0125284
-0.271322
-0.266327
-0.260721
-0.254627
-0.247972
-0.240817
-0.23321
-0.225198
-0.216837
-0.208187
-0.199305
-0.190253
-0.181086
-0.17186
-0.162624
-0.153427
-0.144311
-0.135314
-0.126471
-0.117812
-0.109364
-0.101151
-0.0931908
-0.0855017
-0.0780967
-0.0709863
-0.0641795
-0.0576793
-0.0514955
-0.0456139
-0.0400676
-0.0347813
-0.0299015
-0.0251169
-0.021025
-0.0164486
-0.0135921
-0.0083379
-0.00816237
0.000352275
-0.00641115
0.012566
)
;

boundaryField
{
    inlet
    {
        type            zeroGradient;
    }
    outlet
    {
        type            fixedValue;
        value           uniform 0;
    }
    cylinder
    {
        type            zeroGradient;
    }
    top
    {
        type            symmetryPlane;
    }
    bottom
    {
        type            symmetryPlane;
    }
    defaultFaces
    {
        type            empty;
    }
    procBoundary1to0
    {
        type            processor;
        value           nonuniform List<scalar> 
133
(
-0.367618
-0.367618
-0.377159
-0.387056
-0.384927
-0.384927
-0.393687
-0.390371
-0.390371
-0.384781
-0.384781
-0.391871
-0.383662
-0.383662
-0.374361
-0.374361
-0.364169
-0.364169
-0.352407
-0.352407
-0.337599
-0.337599
-0.327175
-0.327175
-0.338392
-0.327173
-0.327173
-0.355321
-0.352436
-0.352436
-0.364209
-0.364209
-0.374409
-0.374409
-0.383718
-0.383718
-0.391931
-0.384836
-0.384836
-0.390429
-0.390429
-0.393745
-0.384979
-0.384979
-0.387107
-0.377205
-0.377205
-0.280945
-0.267883
-0.252076
-0.233934
-0.216258
-0.198973
-0.182139
-0.165984
-0.150616
-0.13609
-0.122434
-0.109654
-0.09774
-0.0866692
-0.0764117
-0.0669306
-0.0581853
-0.0501321
-0.0427266
-0.0359246
-0.0296834
-0.0262539
-0.0262539
-0.0208308
-0.0158695
-0.011336
-0.00719865
-0.00342859
6.67725e-07
0.00311331
0.00593134
0.00847469
0.0107613
0.0128071
0.0146262
0.0162306
0.0176303
0.0188334
0.0198453
0.0206684
0.0213043
0.021743
0.0219921
0.022007
0.021758
0.0213195
0.0206839
0.0198611
0.0188497
0.0176472
0.016248
0.0146443
0.0128261
0.0107811
0.00849556
0.00595332
0.00595332
0.00443966
0.00143224
-0.00188076
-0.00552266
-0.009519
-0.0138977
-0.0186892
-0.0239266
-0.0296453
-0.0358839
-0.042683
-0.0500855
-0.0581354
-0.0668772
-0.0763545
-0.0866081
-0.0976748
-0.109585
-0.12236
-0.136012
-0.150535
-0.165901
-0.182055
-0.19889
-0.21618
-0.233863
-0.252015
-0.267832
-0.280907
)
;
    }
}


// ************************************************************************* //
