/*--------------------------------*- C++ -*----------------------------------*\
  =========                 |
  \\      /  F ield         | OpenFOAM: The Open Source CFD Toolbox
   \\    /   O peration     | Website:  https://openfoam.org
    \\  /    A nd           | Version:  7
     \\/     M anipulation  |
\*---------------------------------------------------------------------------*/
FoamFile
{
    version     2.0;
    format      ascii;
    class       volScalarField;
    location    "5";
    object      p;
}
// * * * * * * * * * * * * * * * * * * * * * * * * * * * * * * * * * * * * * //

dimensions      [0 2 -2 0 0 0 0];

internalField   nonuniform List<scalar> 
8500
(
-0.411315
-0.414936
-0.414319
-0.411375
-0.406459
-0.399778
-0.391625
-0.382308
-0.372038
-0.360853
-0.412424
-0.415848
-0.4151
-0.412037
-0.407011
-0.400231
-0.391986
-0.382594
-0.372244
-0.360876
-0.414637
-0.417666
-0.416657
-0.413357
-0.408113
-0.401133
-0.392703
-0.383159
-0.372651
-0.360915
-0.41794
-0.420378
-0.418981
-0.415326
-0.409754
-0.402476
-0.393769
-0.383996
-0.373249
-0.360955
-0.422312
-0.423969
-0.422056
-0.417931
-0.411924
-0.404248
-0.395173
-0.385092
-0.374023
-0.360975
-0.427729
-0.428416
-0.425862
-0.421154
-0.414607
-0.406437
-0.3969
-0.386431
-0.374955
-0.360946
-0.43416
-0.433694
-0.430378
-0.424975
-0.417785
-0.409026
-0.398934
-0.387996
-0.376023
-0.360833
-0.441569
-0.43977
-0.435574
-0.42937
-0.421438
-0.411997
-0.40126
-0.389767
-0.377203
-0.360594
-0.449917
-0.446609
-0.44142
-0.434312
-0.425543
-0.415331
-0.403861
-0.391727
-0.37847
-0.36018
-0.459155
-0.454171
-0.447879
-0.43977
-0.430076
-0.419011
-0.406721
-0.393861
-0.3798
-0.359537
-0.469236
-0.46241
-0.454913
-0.445714
-0.435014
-0.423021
-0.409831
-0.396156
-0.381173
-0.358605
-0.480103
-0.471276
-0.462477
-0.452107
-0.440331
-0.427344
-0.413184
-0.398611
-0.382575
-0.357321
-0.491691
-0.48071
-0.470523
-0.458912
-0.446002
-0.43197
-0.416781
-0.401232
-0.384001
-0.355622
-0.503927
-0.490648
-0.478996
-0.466088
-0.452
-0.43689
-0.420634
-0.404044
-0.385463
-0.353455
-0.516724
-0.501018
-0.487837
-0.473589
-0.458298
-0.442099
-0.424766
-0.407096
-0.387015
-0.350817
-0.529981
-0.511736
-0.496978
-0.481364
-0.464865
-0.447593
-0.429211
-0.410472
-0.38879
-0.347845
-0.543583
-0.522709
-0.506342
-0.489356
-0.471667
-0.453367
-0.434017
-0.414284
-0.390926
-0.344662
-0.557396
-0.533833
-0.515846
-0.4975
-0.478661
-0.459418
-0.439253
-0.418665
-0.393311
-0.340651
-0.571269
-0.544995
-0.525395
-0.505719
-0.485794
-0.465741
-0.445053
-0.42395
-0.396311
-0.336101
-0.58504
-0.556071
-0.534886
-0.513923
-0.492989
-0.4723
-0.451528
-0.430805
-0.404029
-0.347094
-0.598538
-0.566931
-0.544206
-0.522004
-0.500123
-0.478924
-0.458386
-0.438949
-0.420859
-0.416189
-0.611589
-0.577441
-0.553236
-0.529842
-0.507044
-0.485319
-0.464868
-0.446111
-0.431363
-0.439484
-0.624025
-0.587471
-0.56186
-0.537323
-0.513616
-0.491282
-0.470598
-0.451705
-0.436759
-0.445929
-0.63569
-0.596893
-0.569966
-0.544343
-0.51974
-0.496721
-0.475556
-0.456126
-0.440193
-0.448115
-0.646442
-0.605587
-0.577446
-0.550805
-0.525329
-0.501579
-0.479765
-0.459569
-0.442411
-0.447711
-0.65615
-0.613437
-0.584196
-0.556616
-0.530303
-0.505793
-0.483211
-0.462069
-0.443481
-0.445466
-0.664697
-0.620331
-0.590113
-0.561681
-0.534577
-0.509298
-0.485865
-0.463648
-0.443507
-0.441952
-0.671972
-0.626162
-0.595095
-0.565905
-0.538064
-0.512022
-0.487688
-0.464319
-0.442579
-0.43745
-0.677866
-0.630821
-0.599036
-0.569188
-0.540674
-0.513884
-0.488624
-0.464067
-0.440729
-0.432077
-0.682273
-0.634199
-0.60183
-0.571428
-0.542308
-0.5148
-0.488608
-0.462856
-0.437952
-0.425874
-0.685082
-0.636186
-0.603368
-0.572519
-0.542865
-0.514675
-0.487564
-0.460633
-0.434217
-0.418841
-0.686178
-0.636667
-0.603538
-0.572351
-0.542241
-0.513414
-0.485409
-0.457334
-0.429477
-0.410953
-0.685442
-0.635527
-0.602226
-0.570811
-0.540326
-0.510916
-0.482056
-0.452887
-0.423673
-0.402171
-0.68275
-0.632649
-0.599316
-0.567787
-0.537012
-0.507078
-0.477413
-0.447215
-0.416737
-0.392446
-0.677974
-0.627913
-0.594693
-0.563165
-0.532188
-0.501797
-0.47139
-0.440238
-0.4086
-0.381724
-0.670988
-0.621203
-0.588243
-0.556833
-0.525747
-0.494973
-0.463893
-0.431877
-0.399191
-0.369946
-0.661666
-0.612404
-0.579854
-0.548683
-0.517584
-0.486508
-0.454837
-0.422054
-0.388442
-0.357058
-0.649886
-0.601407
-0.569419
-0.538611
-0.5076
-0.476308
-0.444137
-0.410696
-0.376289
-0.343002
-0.635538
-0.588108
-0.556841
-0.526519
-0.495702
-0.464289
-0.431718
-0.397737
-0.362673
-0.327728
-0.618519
-0.572416
-0.542027
-0.51232
-0.481805
-0.450372
-0.417511
-0.383119
-0.347546
-0.311191
-0.598745
-0.554252
-0.524902
-0.495938
-0.465839
-0.434493
-0.401459
-0.366795
-0.330869
-0.293354
-0.576139
-0.533545
-0.505394
-0.477305
-0.447739
-0.416596
-0.383517
-0.348726
-0.312611
-0.274186
-0.550652
-0.510248
-0.483457
-0.456372
-0.42746
-0.396641
-0.363652
-0.328889
-0.292758
-0.253667
-0.522257
-0.48433
-0.459055
-0.433108
-0.404972
-0.374604
-0.341847
-0.307274
-0.271307
-0.231791
-0.490949
-0.455781
-0.432177
-0.407495
-0.380263
-0.350477
-0.318101
-0.283886
-0.24827
-0.208559
-0.456749
-0.424613
-0.402827
-0.379539
-0.353338
-0.32427
-0.292431
-0.258744
-0.223672
-0.183988
-0.419707
-0.390861
-0.371033
-0.349266
-0.324223
-0.296015
-0.264869
-0.231881
-0.197546
-0.158109
-0.379896
-0.354583
-0.336848
-0.316721
-0.292965
-0.26576
-0.235469
-0.203348
-0.169947
-0.130916
-0.337423
-0.315863
-0.300343
-0.281974
-0.259633
-0.233575
-0.204302
-0.17324
-0.14106
-0.102285
-0.292417
-0.27481
-0.261617
-0.245116
-0.224318
-0.199551
-0.171462
-0.141675
-0.111158
-0.0723531
-0.245036
-0.231554
-0.220789
-0.206262
-0.187129
-0.163797
-0.13706
-0.108661
-0.0791676
-0.0423323
-0.195462
-0.18625
-0.178001
-0.165546
-0.1482
-0.126448
-0.101224
-0.0743993
-0.0463087
-0.0110966
-0.143899
-0.139073
-0.133416
-0.123126
-0.107685
-0.0876539
-0.0641051
-0.0390155
-0.0125811
0.0210873
-0.0905708
-0.0902209
-0.0872176
-0.0791766
-0.0657549
-0.0475878
-0.0258714
-0.00266373
0.0219543
0.0539585
-0.0357086
-0.0399147
-0.0396062
-0.033892
-0.0226006
-0.00643737
0.0132866
0.0344667
0.057129
0.0872963
0.0204112
0.0116326
0.00920045
0.0125186
0.0215738
0.0355942
0.0531618
0.0721685
0.0927419
0.120809
0.0775313
0.0641702
0.0589711
0.0598327
0.0665517
0.0782916
0.0935337
0.110234
0.128606
0.154019
0.135377
0.117442
0.109463
0.107817
0.112107
0.121429
0.134169
0.148454
0.164511
0.186218
0.193662
0.171184
0.160424
0.15623
0.158009
0.164778
0.174822
0.186532
0.199761
0.216259
0.252094
0.225123
0.211593
0.204827
0.204028
0.208127
0.215289
0.224075
0.232623
0.239651
0.310372
0.278975
0.262702
0.253355
0.249942
0.251312
0.255525
0.261114
0.262451
0.250275
0.3682
0.332459
0.31348
0.301564
0.295529
0.294181
0.29554
0.298305
0.296787
0.284171
0.425265
0.385283
0.363648
0.349186
0.340542
0.336505
0.335101
0.335163
0.331732
0.320503
0.481252
0.43715
0.412921
0.395952
0.38472
0.37802
0.373895
0.371229
0.365594
0.354431
0.53585
0.487767
0.461018
0.44159
0.427804
0.418468
0.411649
0.406254
0.398289
0.386367
0.588747
0.536842
0.507659
0.485833
0.469539
0.457605
0.448123
0.440016
0.429705
0.416571
0.639639
0.584089
0.55257
0.528421
0.509681
0.495201
0.483098
0.472308
0.459647
0.445006
0.688232
0.629234
0.595487
0.569104
0.547995
0.531039
0.516375
0.50295
0.487955
0.471617
0.734245
0.672009
0.636156
0.607642
0.584259
0.564914
0.547773
0.531791
0.514509
0.496367
0.77741
0.712163
0.674337
0.643808
0.618264
0.596641
0.577127
0.558695
0.539208
0.519226
0.817478
0.749459
0.709802
0.677392
0.649817
0.626045
0.60429
0.583541
0.561962
0.540162
0.854218
0.783677
0.742344
0.708197
0.678738
0.652968
0.629126
0.606218
0.582689
0.559139
0.887421
0.814617
0.77177
0.736044
0.704867
0.677268
0.651513
0.62663
0.601315
0.576122
0.916896
0.842097
0.797907
0.760772
0.728055
0.698816
0.671343
0.644688
0.61777
0.591075
0.942477
0.865956
0.820601
0.782238
0.748175
0.717499
0.688521
0.660315
0.631994
0.603965
0.964018
0.886055
0.839719
0.800318
0.765114
0.733219
0.702963
0.673442
0.643934
0.61476
0.981397
0.902276
0.855149
0.814908
0.778779
0.745894
0.714601
0.684013
0.653543
0.623432
0.994518
0.914525
0.866801
0.825925
0.789094
0.755459
0.723379
0.691983
0.660783
0.629957
1.00331
0.922731
0.874607
0.833304
0.796003
0.761863
0.729255
0.697315
0.665626
0.634318
1.00771
0.926845
0.878522
0.837004
0.799466
0.765073
0.732199
0.699988
0.668052
0.636501
1.00771
0.926845
0.878522
0.837004
0.799466
0.765073
0.732199
0.699988
0.668052
0.636501
1.00331
0.922731
0.874607
0.833304
0.796003
0.761863
0.729255
0.697315
0.665626
0.634318
0.994518
0.914525
0.866801
0.825925
0.789094
0.755459
0.723379
0.691983
0.660783
0.629957
0.981397
0.902276
0.855149
0.814908
0.778779
0.745894
0.714601
0.684013
0.653543
0.623432
0.964018
0.886055
0.839719
0.800318
0.765114
0.733219
0.702963
0.673442
0.643934
0.61476
0.942477
0.865956
0.820601
0.782238
0.748175
0.717499
0.688521
0.660315
0.631994
0.603965
0.916896
0.842097
0.797907
0.760772
0.728055
0.698816
0.671343
0.644688
0.61777
0.591075
0.887421
0.814617
0.77177
0.736044
0.704867
0.677268
0.651513
0.62663
0.601315
0.576122
0.854218
0.783677
0.742344
0.708197
0.678738
0.652968
0.629126
0.606218
0.582689
0.559139
0.817478
0.749459
0.709802
0.677392
0.649817
0.626045
0.60429
0.583541
0.561962
0.540162
0.77741
0.712163
0.674336
0.643808
0.618264
0.596641
0.577127
0.558695
0.539208
0.519226
0.734245
0.672009
0.636156
0.607642
0.584259
0.564914
0.547773
0.531791
0.514509
0.496367
0.688232
0.629234
0.595487
0.569104
0.547995
0.531039
0.516375
0.50295
0.487955
0.471617
0.639639
0.584089
0.55257
0.528421
0.509681
0.495201
0.483098
0.472308
0.459647
0.445006
0.588747
0.536842
0.507659
0.485833
0.469539
0.457605
0.448123
0.440016
0.429705
0.416571
0.53585
0.487767
0.461018
0.44159
0.427804
0.418468
0.411649
0.406254
0.398289
0.386367
0.481252
0.43715
0.412921
0.395952
0.38472
0.37802
0.373895
0.371229
0.365594
0.354431
0.425265
0.385283
0.363648
0.349186
0.340542
0.336505
0.3351
0.335163
0.331732
0.320503
0.3682
0.332459
0.31348
0.301564
0.295529
0.294181
0.29554
0.298305
0.296787
0.28417
0.310372
0.278975
0.262702
0.253355
0.249942
0.251312
0.255525
0.261114
0.262451
0.250274
0.252094
0.225122
0.211593
0.204827
0.204028
0.208127
0.215289
0.224075
0.232623
0.239651
0.193662
0.171184
0.160424
0.15623
0.158009
0.164778
0.174822
0.186532
0.199761
0.216259
0.135377
0.117442
0.109463
0.107817
0.112107
0.121429
0.134169
0.148454
0.164511
0.186218
0.0775312
0.0641702
0.0589711
0.0598327
0.0665517
0.0782915
0.0935336
0.110234
0.128606
0.154019
0.0204111
0.0116326
0.0092004
0.0125186
0.0215738
0.0355942
0.0531618
0.0721684
0.0927419
0.120809
-0.0357086
-0.0399148
-0.0396062
-0.033892
-0.0226007
-0.00643743
0.0132865
0.0344667
0.057129
0.0872962
-0.0905709
-0.090221
-0.0872176
-0.0791767
-0.065755
-0.0475879
-0.0258715
-0.0026638
0.0219542
0.0539585
-0.143899
-0.139073
-0.133416
-0.123126
-0.107685
-0.087654
-0.0641051
-0.0390155
-0.0125812
0.0210872
-0.195462
-0.18625
-0.178001
-0.165546
-0.1482
-0.126448
-0.101225
-0.0743994
-0.0463088
-0.0110967
-0.245036
-0.231554
-0.220789
-0.206262
-0.187129
-0.163798
-0.13706
-0.108661
-0.0791676
-0.0423324
-0.292417
-0.27481
-0.261617
-0.245116
-0.224318
-0.199551
-0.171462
-0.141675
-0.111158
-0.0723532
-0.337423
-0.315863
-0.300343
-0.281974
-0.259634
-0.233575
-0.204302
-0.17324
-0.14106
-0.102286
-0.379896
-0.354583
-0.336848
-0.316721
-0.292965
-0.26576
-0.235469
-0.203348
-0.169948
-0.130916
-0.419707
-0.390861
-0.371033
-0.349266
-0.324223
-0.296015
-0.26487
-0.231881
-0.197546
-0.15811
-0.45675
-0.424613
-0.402827
-0.37954
-0.353338
-0.32427
-0.292431
-0.258744
-0.223672
-0.183988
-0.490949
-0.455781
-0.432177
-0.407495
-0.380263
-0.350477
-0.318101
-0.283886
-0.24827
-0.208559
-0.522257
-0.48433
-0.459055
-0.433108
-0.404972
-0.374604
-0.341847
-0.307274
-0.271307
-0.231791
-0.550652
-0.510248
-0.483457
-0.456372
-0.42746
-0.396641
-0.363652
-0.328889
-0.292758
-0.253668
-0.576139
-0.533545
-0.505395
-0.477305
-0.447739
-0.416596
-0.383517
-0.348726
-0.312611
-0.274186
-0.598745
-0.554252
-0.524902
-0.495938
-0.465839
-0.434493
-0.401459
-0.366795
-0.330869
-0.293354
-0.618519
-0.572416
-0.542027
-0.51232
-0.481806
-0.450372
-0.417511
-0.383119
-0.347546
-0.311191
-0.635538
-0.588108
-0.556841
-0.526519
-0.495702
-0.464289
-0.431718
-0.397737
-0.362673
-0.327728
-0.649887
-0.601407
-0.569419
-0.538611
-0.5076
-0.476308
-0.444137
-0.410696
-0.376289
-0.343002
-0.661666
-0.612404
-0.579854
-0.548683
-0.517584
-0.486508
-0.454837
-0.422054
-0.388442
-0.357058
-0.670988
-0.621203
-0.588243
-0.556834
-0.525747
-0.494973
-0.463894
-0.431877
-0.399191
-0.369946
-0.677974
-0.627913
-0.594693
-0.563165
-0.532188
-0.501797
-0.47139
-0.440238
-0.4086
-0.381724
-0.68275
-0.632649
-0.599316
-0.567787
-0.537012
-0.507078
-0.477414
-0.447215
-0.416737
-0.392446
-0.685442
-0.635527
-0.602226
-0.570811
-0.540326
-0.510916
-0.482056
-0.452887
-0.423673
-0.402171
-0.686179
-0.636667
-0.603538
-0.572351
-0.542241
-0.513415
-0.485409
-0.457334
-0.429478
-0.410953
-0.685082
-0.636186
-0.603368
-0.572519
-0.542865
-0.514675
-0.487564
-0.460633
-0.434218
-0.418841
-0.682273
-0.634199
-0.60183
-0.571429
-0.542308
-0.5148
-0.488608
-0.462856
-0.437952
-0.425874
-0.677867
-0.630821
-0.599036
-0.569188
-0.540674
-0.513884
-0.488624
-0.464067
-0.440729
-0.432077
-0.671972
-0.626162
-0.595095
-0.565905
-0.538064
-0.512022
-0.487688
-0.464319
-0.442579
-0.43745
-0.664698
-0.620332
-0.590113
-0.561681
-0.534577
-0.509299
-0.485865
-0.463648
-0.443507
-0.441952
-0.656151
-0.613437
-0.584196
-0.556616
-0.530303
-0.505794
-0.483211
-0.462069
-0.443481
-0.445466
-0.646442
-0.605587
-0.577446
-0.550805
-0.525329
-0.501579
-0.479765
-0.459569
-0.442411
-0.447711
-0.63569
-0.596893
-0.569966
-0.544343
-0.51974
-0.496722
-0.475557
-0.456126
-0.440194
-0.448115
-0.624025
-0.587471
-0.56186
-0.537323
-0.513616
-0.491282
-0.470598
-0.451705
-0.436759
-0.445929
-0.611589
-0.577442
-0.553236
-0.529842
-0.507044
-0.485319
-0.464868
-0.446111
-0.431363
-0.439485
-0.598538
-0.566931
-0.544206
-0.522004
-0.500123
-0.478924
-0.458386
-0.438949
-0.420859
-0.416189
-0.58504
-0.556071
-0.534886
-0.513923
-0.492989
-0.4723
-0.451528
-0.430806
-0.404029
-0.347094
-0.571269
-0.544995
-0.525395
-0.505719
-0.485794
-0.465741
-0.445053
-0.42395
-0.396311
-0.336101
-0.557396
-0.533834
-0.515846
-0.4975
-0.478661
-0.459418
-0.439253
-0.418665
-0.393311
-0.340651
-0.543583
-0.522709
-0.506342
-0.489356
-0.471667
-0.453367
-0.434017
-0.414284
-0.390926
-0.344662
-0.529982
-0.511736
-0.496978
-0.481364
-0.464866
-0.447593
-0.429211
-0.410472
-0.38879
-0.347845
-0.516724
-0.501018
-0.487837
-0.473589
-0.458298
-0.442099
-0.424766
-0.407096
-0.387015
-0.350817
-0.503927
-0.490648
-0.478996
-0.466088
-0.452
-0.43689
-0.420634
-0.404044
-0.385463
-0.353455
-0.491691
-0.48071
-0.470523
-0.458912
-0.446002
-0.431971
-0.416781
-0.401232
-0.384001
-0.355622
-0.480103
-0.471276
-0.462477
-0.452107
-0.440331
-0.427344
-0.413184
-0.398611
-0.382575
-0.357321
-0.469236
-0.46241
-0.454913
-0.445714
-0.435014
-0.423021
-0.409831
-0.396156
-0.381173
-0.358605
-0.459155
-0.454171
-0.447879
-0.43977
-0.430076
-0.419011
-0.406721
-0.393861
-0.3798
-0.359537
-0.449917
-0.446609
-0.44142
-0.434312
-0.425543
-0.415331
-0.403861
-0.391727
-0.37847
-0.36018
-0.441569
-0.43977
-0.435574
-0.42937
-0.421438
-0.411997
-0.40126
-0.389767
-0.377203
-0.360594
-0.43416
-0.433694
-0.430378
-0.424975
-0.417785
-0.409026
-0.398935
-0.387996
-0.376023
-0.360833
-0.42773
-0.428416
-0.425863
-0.421154
-0.414607
-0.406437
-0.3969
-0.386431
-0.374955
-0.360946
-0.422313
-0.423969
-0.422056
-0.417931
-0.411924
-0.404248
-0.395173
-0.385092
-0.374023
-0.360975
-0.41794
-0.420378
-0.418981
-0.415326
-0.409754
-0.402476
-0.393769
-0.383996
-0.373249
-0.360955
-0.414637
-0.417666
-0.416657
-0.413357
-0.408113
-0.401133
-0.392703
-0.383159
-0.372651
-0.360915
-0.412424
-0.415848
-0.4151
-0.412037
-0.407012
-0.400231
-0.391986
-0.382594
-0.372244
-0.360876
-0.411315
-0.414936
-0.414319
-0.411375
-0.406459
-0.399778
-0.391625
-0.382308
-0.372038
-0.360853
-0.350605
-0.336109
-0.321119
-0.304889
-0.287837
-0.270267
-0.252398
-0.234453
-0.216602
-0.19898
-0.181686
-0.164791
-0.148347
-0.13239
-0.11696
-0.10207
-0.0878011
-0.0741149
-0.0612632
-0.0489564
-0.0380305
-0.0272112
-0.0192064
-0.00947227
-0.00636786
0.00437886
-0.00167081
0.0166347
-0.00866581
0.034514
-0.351282
-0.336471
-0.321432
-0.305158
-0.28807
-0.270479
-0.252595
-0.23464
-0.216782
-0.199154
-0.181854
-0.164954
-0.148504
-0.132541
-0.117103
-0.102206
-0.0879299
-0.0742356
-0.0613753
-0.0490595
-0.0381239
-0.0272952
-0.0192791
-0.00953706
-0.00641837
0.00432998
-0.00169645
0.0165912
-0.00865811
0.0344471
-0.352628
-0.337191
-0.322054
-0.305692
-0.288533
-0.270899
-0.252986
-0.235012
-0.21714
-0.1995
-0.182189
-0.165277
-0.148816
-0.13284
-0.117389
-0.102478
-0.0881864
-0.0744759
-0.0615985
-0.0492648
-0.0383099
-0.0274626
-0.0194241
-0.0096662
-0.00651905
0.00423248
-0.00174757
0.0165043
-0.00864271
0.0343136
-0.354631
-0.338259
-0.322977
-0.306483
-0.289218
-0.271521
-0.253566
-0.235564
-0.217671
-0.200014
-0.182687
-0.165759
-0.14928
-0.133286
-0.117815
-0.102883
-0.0885683
-0.0748338
-0.061931
-0.0495707
-0.038587
-0.0277121
-0.0196404
-0.00985889
-0.00666927
0.00408684
-0.00182386
0.0163743
-0.00861962
0.0341143
-0.357271
-0.339662
-0.324186
-0.30752
-0.290116
-0.272338
-0.254328
-0.23629
-0.218371
-0.200692
-0.183344
-0.166394
-0.149893
-0.133874
-0.118377
-0.103416
-0.0890722
-0.0753062
-0.0623699
-0.0499747
-0.0389531
-0.0280418
-0.0199262
-0.0101139
-0.00686805
0.00389379
-0.00192484
0.0162019
-0.00858887
0.0338501
-0.360519
-0.341384
-0.325665
-0.308786
-0.291214
-0.273337
-0.255261
-0.237181
-0.219231
-0.201526
-0.184153
-0.167177
-0.150648
-0.134599
-0.11907
-0.104074
-0.0896939
-0.0758891
-0.0629116
-0.0504736
-0.0394054
-0.0284494
-0.0202797
-0.0104296
-0.00711415
0.00365427
-0.0020499
0.0159876
-0.00855047
0.0335224
-0.364341
-0.343404
-0.327392
-0.310264
-0.292495
-0.274505
-0.256356
-0.238227
-0.220242
-0.202508
-0.185107
-0.168101
-0.151539
-0.135454
-0.119887
-0.104852
-0.090428
-0.0765776
-0.0635516
-0.0510633
-0.0399403
-0.028932
-0.0206984
-0.0108042
-0.00740602
0.00336945
-0.0021983
0.0157325
-0.00850447
0.0331329
-0.368692
-0.345698
-0.329341
-0.31193
-0.293942
-0.275826
-0.257598
-0.239418
-0.221396
-0.203629
-0.186196
-0.169157
-0.152558
-0.136433
-0.120823
-0.105741
-0.0912684
-0.0773661
-0.0642849
-0.0517393
-0.0405538
-0.0294861
-0.0211793
-0.0112352
-0.00774188
0.00304068
-0.00236917
0.0154373
-0.00845092
0.0326836
-0.373519
-0.348241
-0.331483
-0.313761
-0.295535
-0.277285
-0.258973
-0.24074
-0.22268
-0.20488
-0.187413
-0.170336
-0.153696
-0.137527
-0.121869
-0.106736
-0.0922085
-0.0782483
-0.0651058
-0.0524966
-0.0412415
-0.0301079
-0.0217194
-0.0117202
-0.00811971
0.00266952
-0.00256152
0.0151034
-0.00838987
0.0321766
-0.378754
-0.351005
-0.333783
-0.315728
-0.297251
-0.278861
-0.260465
-0.242181
-0.224082
-0.206248
-0.188745
-0.171629
-0.154946
-0.138728
-0.123017
-0.107828
-0.0932409
-0.0792177
-0.0660081
-0.0533297
-0.0419984
-0.0307933
-0.022315
-0.0122564
-0.0085373
0.00225764
-0.00277428
0.0147319
-0.00832142
0.0316145
-0.384312
-0.353958
-0.336202
-0.317799
-0.299068
-0.280538
-0.26206
-0.243726
-0.22559
-0.207723
-0.190184
-0.173026
-0.156296
-0.140027
-0.124259
-0.109009
-0.094358
-0.0802669
-0.0669852
-0.0542325
-0.0428194
-0.0315378
-0.0229624
-0.0128407
-0.00899226
0.00180691
-0.0030063
0.0143243
-0.00824565
0.0309998
-0.390079
-0.35707
-0.3387
-0.31994
-0.300963
-0.282295
-0.263741
-0.245362
-0.227193
-0.209292
-0.191717
-0.174517
-0.157737
-0.141413
-0.125586
-0.110271
-0.0955516
-0.0813885
-0.0680302
-0.0551991
-0.0436989
-0.0323367
-0.0236576
-0.0134701
-0.00948208
0.00131927
-0.00325637
0.0138821
-0.00816271
0.0303355
-0.3959
-0.360308
-0.341232
-0.322114
-0.30291
-0.284113
-0.265493
-0.247075
-0.228876
-0.210945
-0.193334
-0.17609
-0.15926
-0.142878
-0.126988
-0.111606
-0.0968137
-0.082575
-0.0691363
-0.056223
-0.0446314
-0.0331852
-0.0243966
-0.0141411
-0.0100042
0.000796724
-0.00352329
0.0134067
-0.00807277
0.0296246
-0.401558
-0.363634
-0.343754
-0.324281
-0.304883
-0.285975
-0.267299
-0.248851
-0.230629
-0.212671
-0.195024
-0.177737
-0.160854
-0.144413
-0.128457
-0.113004
-0.0981368
-0.0838193
-0.0702967
-0.0572983
-0.0456114
-0.0340788
-0.0251753
-0.0148507
-0.0105561
0.00024131
-0.00380582
0.0128999
-0.007976
0.02887
-0.406735
-0.366977
-0.346208
-0.32639
-0.306854
-0.287859
-0.269145
-0.250678
-0.232439
-0.214458
-0.196778
-0.179447
-0.162512
-0.146009
-0.129985
-0.114459
-0.0995136
-0.0851147
-0.0715053
-0.0584193
-0.0466338
-0.0350126
-0.0259895
-0.0155953
-0.0111345
-0.000344521
-0.00410213
0.0123635
-0.00787218
0.0280752
-0.410929
-0.370216
-0.348543
-0.328396
-0.308794
-0.289746
-0.271013
-0.252539
-0.23429
-0.21629
-0.198581
-0.181207
-0.164218
-0.147653
-0.13156
-0.115958
-0.100933
-0.0864506
-0.0727522
-0.059577
-0.0476901
-0.0359795
-0.0268327
-0.0163695
-0.0117351
-0.000957237
-0.00440964
0.0117999
-0.00776088
0.0272434
-0.41349
-0.373308
-0.350783
-0.330285
-0.310687
-0.291625
-0.27289
-0.25442
-0.236168
-0.218153
-0.200414
-0.182998
-0.165955
-0.149325
-0.13316
-0.117482
-0.102376
-0.0878088
-0.0740206
-0.0607562
-0.0487677
-0.036969
-0.0276975
-0.0171678
-0.0123554
-0.00159489
-0.00472984
0.0112105
-0.00764534
0.0263782
-0.413917
-0.376301
-0.352965
-0.332053
-0.312534
-0.293512
-0.274802
-0.25635
-0.238102
-0.220074
-0.202305
-0.184843
-0.167741
-0.151042
-0.134801
-0.11904
-0.103848
-0.0891946
-0.0753155
-0.0619624
-0.0498738
-0.0379891
-0.0285953
-0.0180011
-0.0130108
-0.00226776
-0.0050784
0.0105916
-0.00753727
0.0254816
-0.410085
-0.377837
-0.354595
-0.333467
-0.314214
-0.295367
-0.276758
-0.258373
-0.240162
-0.222144
-0.20436
-0.186861
-0.169702
-0.152932
-0.136608
-0.120758
-0.105471
-0.0907202
-0.0767393
-0.0632867
-0.0510862
-0.0391051
-0.0295758
-0.0189076
-0.0137236
-0.00299252
-0.00545734
0.0099371
-0.00742889
0.0245534
-0.391293
-0.374183
-0.354791
-0.334023
-0.315326
-0.29683
-0.27842
-0.260174
-0.242066
-0.224119
-0.206378
-0.188898
-0.171734
-0.154937
-0.138566
-0.122652
-0.107282
-0.0924358
-0.0783379
-0.0647666
-0.0524128
-0.0403068
-0.0305791
-0.0198235
-0.0143678
-0.00368528
-0.00571257
0.00928661
-0.00719724
0.0236001
-0.339721
-0.365577
-0.355606
-0.335285
-0.31686
-0.298487
-0.280062
-0.261772
-0.243626
-0.225659
-0.207918
-0.190454
-0.173316
-0.156545
-0.14019
-0.124276
-0.108876
-0.0939779
-0.0797781
-0.0661003
-0.0535577
-0.0413258
-0.0313132
-0.020509
-0.0146462
-0.00418045
-0.00556412
0.00863997
-0.00660391
0.0224402
-0.320075
-0.352125
-0.347619
-0.329136
-0.312243
-0.295066
-0.277485
-0.259855
-0.242256
-0.224748
-0.207401
-0.190274
-0.173423
-0.156897
-0.140744
-0.124998
-0.109729
-0.0949354
-0.0807959
-0.0671723
-0.0546114
-0.0424071
-0.0322695
-0.0215242
-0.0153631
-0.00512456
-0.0058787
0.00763066
-0.00626392
0.0210202
-0.3121
-0.339979
-0.337649
-0.320928
-0.305557
-0.28971
-0.273162
-0.256375
-0.239489
-0.222595
-0.205777
-0.189108
-0.172655
-0.156472
-0.140615
-0.125122
-0.110065
-0.0954555
-0.0814556
-0.0679614
-0.0554613
-0.0433523
-0.0331659
-0.022527
-0.0161334
-0.00612805
-0.00630424
0.00656491
-0.00602595
0.0195512
-0.306106
-0.328553
-0.327826
-0.312764
-0.298637
-0.284004
-0.268479
-0.25255
-0.236407
-0.220157
-0.203902
-0.187727
-0.171704
-0.155897
-0.140364
-0.125152
-0.110331
-0.0959235
-0.0820793
-0.0687258
-0.0562959
-0.0442876
-0.0340565
-0.0235271
-0.0169009
-0.00713706
-0.00672577
0.00547339
-0.00577113
0.0180068
-0.300111
-0.317306
-0.317703
-0.30426
-0.291251
-0.277779
-0.263301
-0.248276
-0.232925
-0.217372
-0.20173
-0.186094
-0.170545
-0.155151
-0.139977
-0.125075
-0.110516
-0.096334
-0.082665
-0.0694672
-0.0571213
-0.0452217
-0.0349551
-0.0245383
-0.0176838
-0.00816605
-0.00716021
0.00434658
-0.00550739
0.0163848
-0.293415
-0.305961
-0.306934
-0.295069
-0.283149
-0.270822
-0.257431
-0.243368
-0.228875
-0.214086
-0.199121
-0.184083
-0.169061
-0.15413
-0.139359
-0.124807
-0.110547
-0.0966213
-0.0831573
-0.0701396
-0.0579023
-0.0461286
-0.035847
-0.0255523
-0.0184853
-0.00921614
-0.00762203
0.00318582
-0.0052538
0.0146955
-0.285552
-0.294244
-0.295403
-0.285081
-0.27427
-0.263078
-0.250808
-0.237762
-0.224191
-0.210232
-0.196008
-0.181631
-0.167194
-0.152778
-0.138459
-0.124302
-0.110381
-0.096748
-0.0835229
-0.070714
-0.0586141
-0.0469872
-0.0367159
-0.0265546
-0.0192972
-0.0102777
-0.00811119
0.00200018
-0.00501898
0.0129521
-0.27622
-0.281932
-0.283043
-0.274231
-0.264574
-0.254521
-0.2434
-0.231424
-0.218834
-0.205768
-0.19235
-0.178695
-0.164902
-0.151058
-0.137242
-0.123526
-0.109987
-0.0966862
-0.0837364
-0.0711675
-0.0592366
-0.0477793
-0.0375467
-0.0275312
-0.0201099
-0.0113396
-0.00862475
0.000800107
-0.00480898
0.011169
-0.265289
-0.268871
-0.269817
-0.262474
-0.254027
-0.245126
-0.23518
-0.224321
-0.212766
-0.200654
-0.188105
-0.175234
-0.162145
-0.148929
-0.13567
-0.122445
-0.109334
-0.0964064
-0.0837712
-0.0714763
-0.0597487
-0.0484862
-0.0383237
-0.0284679
-0.0209138
-0.0123908
-0.00915999
-0.000403633
-0.00463057
0.00936281
-0.25276
-0.254977
-0.255734
-0.24981
-0.242623
-0.234894
-0.226142
-0.216436
-0.205966
-0.194861
-0.183239
-0.171213
-0.158887
-0.146356
-0.133708
-0.121025
-0.10839
-0.09588
-0.083601
-0.0716166
-0.0601288
-0.0490891
-0.0390308
-0.0293504
-0.0216985
-0.0134203
-0.0097137
-0.0015997
-0.00449077
0.00755233
-0.238737
-0.240244
-0.240862
-0.236292
-0.230398
-0.223856
-0.216308
-0.207781
-0.198432
-0.188382
-0.177738
-0.166611
-0.155103
-0.143312
-0.131329
-0.119239
-0.107129
-0.0950819
-0.0832022
-0.0715666
-0.0603572
-0.04957
-0.0396522
-0.0301646
-0.0224533
-0.0144166
-0.0102818
-0.00277634
-0.00439598
0.00575834
-0.223427
-0.224743
-0.225322
-0.222028
-0.217433
-0.212083
-0.205736
-0.198398
-0.190194
-0.18123
-0.171605
-0.161423
-0.150784
-0.139784
-0.128516
-0.117069
-0.105532
-0.0939927
-0.0825558
-0.0713082
-0.0604166
-0.0499133
-0.0401734
-0.0308974
-0.0231674
-0.0153688
-0.0108592
-0.0039218
-0.00435162
0.00400288
-0.207118
-0.208624
-0.209284
-0.207179
-0.203853
-0.19968
-0.194516
-0.188362
-0.181309
-0.173449
-0.16487
-0.155667
-0.145937
-0.135772
-0.125265
-0.114507
-0.103588
-0.0926007
-0.0816491
-0.0708285
-0.0602938
-0.0501061
-0.0405822
-0.0315374
-0.0238305
-0.0162669
-0.0114403
-0.00502478
-0.00436168
0.00230861
-0.190161
-0.192098
-0.192961
-0.191943
-0.189824
-0.186794
-0.182776
-0.177777
-0.171863
-0.165107
-0.157586
-0.149385
-0.140591
-0.131296
-0.121588
-0.111558
-0.101299
-0.0909036
-0.0804772
-0.0701209
-0.0599808
-0.0501402
-0.0408689
-0.0320756
-0.0244336
-0.0171019
-0.0120188
-0.00607489
-0.00442836
0.000697921
-0.172937
-0.175424
-0.176593
-0.17655
-0.175544
-0.173595
-0.17067
-0.16678
-0.161973
-0.156303
-0.149833
-0.142639
-0.134797
-0.126394
-0.117513
-0.108244
-0.0986779
-0.0889097
-0.0790442
-0.0691864
-0.0594757
-0.0500118
-0.0410281
-0.032506
-0.024969
-0.0178669
-0.012588
-0.00706302
-0.00455171
-0.000808017
-0.155825
-0.15888
-0.160424
-0.161239
-0.16123
-0.160278
-0.15837
-0.155526
-0.151775
-0.147154
-0.141713
-0.135513
-0.128625
-0.121122
-0.113085
-0.104598
-0.0957514
-0.0866387
-0.0773638
-0.068034
-0.0587832
-0.0497229
-0.0410581
-0.0328259
-0.0254313
-0.0185566
-0.0131413
-0.00798168
-0.00472933
-0.00219046
-0.139168
-0.14274
-0.144692
-0.146241
-0.147098
-0.14704
-0.146061
-0.144184
-0.141421
-0.137795
-0.133343
-0.128112
-0.12216
-0.115553
-0.108363
-0.10067
-0.0925587
-0.0841212
-0.0754593
-0.0666809
-0.0579151
-0.0492809
-0.040962
-0.0330361
-0.0258173
-0.0191681
-0.0136721
-0.00882523
-0.00495601
-0.00343426
-0.123255
-0.127248
-0.129607
-0.131769
-0.133353
-0.134077
-0.133927
-0.132923
-0.13107
-0.128372
-0.124853
-0.120548
-0.115503
-0.109773
-0.103422
-0.0965205
-0.0891498
-0.0813978
-0.0733628
-0.0651518
-0.0568893
-0.0486986
-0.0407471
-0.033141
-0.0261263
-0.0197004
-0.0141743
-0.00959009
-0.00522438
-0.00452825
-0.108304
-0.112607
-0.115343
-0.118001
-0.120178
-0.121565
-0.122138
-0.121911
-0.120877
-0.119028
-0.116377
-0.112944
-0.108763
-0.103878
-0.0983421
-0.0922198
-0.0855838
-0.0785172
-0.0711138
-0.0634781
-0.0557299
-0.0479938
-0.0404248
-0.0331481
-0.02636
-0.0201549
-0.0146427
-0.0102746
-0.00552533
-0.00546582
-0.0944666
-0.0989687
-0.102034
-0.105079
-0.107724
-0.109659
-0.110848
-0.111297
-0.110988
-0.109905
-0.108045
-0.105419
-0.102049
-0.097965
-0.0932121
-0.087844
-0.0819259
-0.0755344
-0.0687578
-0.0616964
-0.0544652
-0.0471882
-0.0400102
-0.0330678
-0.0265224
-0.0205345
-0.0150728
-0.0108787
-0.00584851
-0.00624533
-0.0818316
-0.0864352
-0.0897711
-0.0931079
-0.0961098
-0.0984859
-0.100188
-0.101213
-0.101535
-0.10113
-0.0999824
-0.0980924
-0.0954696
-0.092135
-0.088121
-0.0834721
-0.0782448
-0.072508
-0.0663437
-0.059847
-0.0531274
-0.0463063
-0.0395207
-0.0329126
-0.0266196
-0.0208437
-0.0154611
-0.0114041
-0.00618293
-0.00687022
-0.070439
-0.0750653
-0.0786127
-0.0821602
-0.0854246
-0.0881449
-0.0902657
-0.0917728
-0.092635
-0.092819
-0.0923021
-0.0910728
-0.0891301
-0.0864843
-0.0831573
-0.0791835
-0.0746104
-0.0694986
-0.0639229
-0.0579723
-0.0517506
-0.0453751
-0.038976
-0.0326968
-0.0266591
-0.0210883
-0.0158057
-0.0118537
-0.00651767
-0.00734865
-0.0602947
-0.0648856
-0.0685898
-0.0722816
-0.075731
-0.0787127
-0.0811671
-0.0830707
-0.0843866
-0.0850757
-0.0851076
-0.0844618
-0.0831276
-0.0811052
-0.0784065
-0.0750561
-0.0710922
-0.066567
-0.0615476
-0.0561161
-0.0503703
-0.0444225
-0.038397
-0.0324356
-0.0266499
-0.0212748
-0.0161054
-0.0122317
-0.00684259
-0.00769289
-0.0513848
-0.055902
-0.0597159
-0.0635002
-0.0670734
-0.0702477
-0.0729622
-0.0751853
-0.0768759
-0.0779903
-0.0784919
-0.0783527
-0.0775535
-0.0760854
-0.0739511
-0.0711659
-0.067759
-0.0637739
-0.0592701
-0.0543226
-0.0490228
-0.0434776
-0.0378055
-0.0321451
-0.0266017
-0.0214105
-0.0163605
-0.012543
-0.0071489
-0.00791844
-0.0436893
-0.0481111
-0.0519969
-0.0558349
-0.0594854
-0.0627971
-0.0657095
-0.068185
-0.0701789
-0.0716446
-0.0725403
-0.0728325
-0.0724942
-0.071509
-0.0698711
-0.0675874
-0.0646785
-0.0611799
-0.0571432
-0.0526367
-0.0477451
-0.0425698
-0.0372241
-0.031842
-0.0265252
-0.0215032
-0.0165723
-0.012793
-0.00742965
-0.00804299
-0.0371908
-0.0415099
-0.0454391
-0.0493035
-0.052998
-0.0564038
-0.0594629
-0.0621331
-0.064367
-0.0661161
-0.0673353
-0.0679851
-0.068034
-0.0674584
-0.0662456
-0.0643947
-0.0619188
-0.0588459
-0.0552204
-0.0511039
-0.046575
-0.0417297
-0.0366761
-0.0315436
-0.0264318
-0.021561
-0.0167434
-0.0129875
-0.00767975
-0.00808538
-0.031887
-0.036107
-0.040059
-0.043932
-0.0476477
-0.0511152
-0.0542795
-0.057095
-0.0595128
-0.061483
-0.062958
-0.063895
-0.0642577
-0.0640174
-0.0631551
-0.0616638
-0.0595499
-0.056835
-0.053557
-0.0497716
-0.0455519
-0.0409886
-0.0361858
-0.0312678
-0.0263335
-0.0215923
-0.0168769
-0.0131326
-0.00789511
-0.00806465
-0.0277901
-0.0319256
-0.0358882
-0.0397606
-0.0434841
-0.0469899
-0.0502262
-0.0531452
-0.0556971
-0.0578311
-0.0594983
-0.0606532
-0.0612562
-0.0612745
-0.0606847
-0.0594746
-0.0576454
-0.0552132
-0.0522111
-0.0486895
-0.0447169
-0.0403798
-0.0357784
-0.0310333
-0.0262428
-0.0216055
-0.0169766
-0.0132344
-0.00807303
-0.00799684
-0.0249582
-0.0290277
-0.032992
-0.0368591
-0.0405829
-0.04411
-0.0473909
-0.0503768
-0.0530173
-0.0552611
-0.0570583
-0.0583621
-0.0591304
-0.0593277
-0.0589274
-0.0579139
-0.0562846
-0.054052
-0.051245
-0.0479105
-0.0441137
-0.0399379
-0.0354806
-0.030859
-0.0261721
-0.0216084
-0.017047
-0.0132967
-0.00822602
-0.0078856
-0.0234545
-0.0274938
-0.0314604
-0.0353257
-0.03905
-0.0425878
-0.0458914
-0.0489115
-0.0515974
-0.0538978
-0.0557626
-0.0571439
-0.0579986
-0.0582899
-0.0579895
-0.0570799
-0.0555565
-0.0534298
-0.0507266
-0.047492
-0.0437892
-0.0396996
-0.0353195
-0.0307639
-0.0261337
-0.0216063
-0.0170927
-0.0133102
-0.00839297
-0.00773092
-0.279631
-0.292552
-0.304258
-0.31482
-0.324322
-0.332861
-0.340544
-0.34749
-0.35382
-0.359659
-0.365128
-0.370342
-0.3754
-0.380393
-0.385442
-0.390677
-0.395883
-0.401983
-0.418219
-0.443493
-0.257185
-0.270014
-0.281883
-0.29286
-0.303026
-0.31247
-0.321294
-0.329605
-0.337519
-0.345157
-0.352645
-0.360116
-0.367703
-0.375555
-0.383884
-0.392853
-0.402067
-0.412554
-0.43298
-0.451777
-0.235832
-0.248626
-0.260668
-0.272006
-0.282695
-0.292798
-0.302385
-0.311531
-0.320321
-0.328844
-0.337197
-0.345484
-0.353814
-0.362313
-0.371163
-0.380447
-0.389699
-0.400089
-0.419436
-0.434767
-0.215233
-0.227659
-0.239489
-0.250757
-0.261505
-0.271779
-0.281633
-0.291126
-0.300325
-0.309303
-0.318141
-0.326928
-0.335759
-0.344749
-0.354064
-0.363756
-0.373412
-0.384308
-0.403317
-0.417239
-0.19558
-0.207562
-0.219079
-0.230161
-0.24084
-0.251154
-0.261147
-0.270866
-0.280367
-0.289712
-0.298967
-0.308207
-0.317512
-0.326981
-0.336751
-0.346834
-0.356861
-0.368081
-0.386381
-0.39904
-0.176965
-0.188452
-0.199585
-0.210387
-0.220885
-0.231109
-0.241093
-0.250877
-0.260505
-0.270025
-0.279493
-0.288968
-0.298514
-0.308213
-0.318176
-0.328391
-0.338546
-0.349837
-0.367293
-0.379155
-0.159402
-0.170341
-0.181013
-0.191438
-0.201637
-0.211634
-0.221458
-0.23114
-0.240716
-0.250225
-0.259711
-0.269225
-0.278817
-0.288557
-0.298533
-0.308725
-0.31888
-0.330109
-0.346658
-0.357932
-0.142896
-0.153249
-0.163404
-0.173377
-0.183185
-0.192848
-0.20239
-0.211835
-0.221215
-0.23056
-0.239908
-0.249298
-0.258774
-0.268392
-0.278227
-0.288249
-0.298263
-0.309274
-0.324804
-0.335533
-0.127431
-0.137179
-0.146779
-0.156247
-0.165595
-0.174842
-0.184005
-0.193107
-0.202171
-0.211223
-0.220295
-0.229419
-0.238631
-0.247979
-0.257522
-0.267232
-0.276961
-0.287597
-0.301998
-0.312166
-0.112979
-0.122112
-0.131137
-0.140064
-0.148905
-0.157674
-0.166388
-0.175062
-0.183718
-0.192376
-0.201062
-0.209803
-0.218629
-0.22758
-0.236704
-0.245976
-0.255289
-0.265404
-0.278584
-0.28814
-0.099496
-0.108018
-0.116459
-0.124827
-0.133133
-0.141387
-0.149601
-0.157791
-0.165972
-0.174161
-0.18238
-0.19065
-0.198997
-0.207452
-0.216055
-0.224785
-0.23357
-0.24304
-0.254934
-0.263822
-0.0869353
-0.0948585
-0.10272
-0.110525
-0.118282
-0.126
-0.133689
-0.141359
-0.149023
-0.156695
-0.164393
-0.172132
-0.179934
-0.187826
-0.195836
-0.203948
-0.21212
-0.220852
-0.231436
-0.239614
-0.075247
-0.0825908
-0.0898852
-0.0971349
-0.104345
-0.111523
-0.118675
-0.12581
-0.132938
-0.140069
-0.147215
-0.154391
-0.161613
-0.168901
-0.176277
-0.183729
-0.191234
-0.199174
-0.20847
-0.215919
-0.0643772
-0.0711683
-0.0779177
-0.0846288
-0.0913052
-0.0979513
-0.104572
-0.111174
-0.117763
-0.124348
-0.130937
-0.137541
-0.144172
-0.150844
-0.157574
-0.164354
-0.171172
-0.178308
-0.186383
-0.193112
-0.0542913
-0.0605567
-0.0667862
-0.0729811
-0.0791436
-0.0852761
-0.0913817
-0.0974642
-0.103528
-0.109579
-0.115622
-0.121665
-0.127715
-0.133784
-0.139883
-0.146005
-0.152148
-0.158502
-0.165462
-0.171506
-0.0449324
-0.0507079
-0.0564499
-0.0621588
-0.0678354
-0.0734807
-0.0790965
-0.0846845
-0.0902474
-0.0957882
-0.10131
-0.106819
-0.112318
-0.117814
-0.123315
-0.128817
-0.134321
-0.139945
-0.145921
-0.151334
-0.0362812
-0.0415993
-0.0468858
-0.05214
-0.0573617
-0.0625507
-0.0677073
-0.072832
-0.0779258
-0.0829898
-0.0880259
-0.0930362
-0.0980233
-0.102991
-0.107943
-0.112877
-0.117796
-0.122761
-0.127896
-0.132744
-0.028297
-0.0331946
-0.0380615
-0.0428964
-0.0476981
-0.0524657
-0.0571984
-0.0618957
-0.0665574
-0.0711834
-0.075774
-0.0803298
-0.0848517
-0.089341
-0.0937993
-0.0982263
-0.102623
-0.107013
-0.111449
-0.1158
-0.0209609
-0.0254738
-0.0299567
-0.0344078
-0.0388253
-0.0432077
-0.0475535
-0.0518614
-0.0561304
-0.0603595
-0.064548
-0.0686954
-0.0728014
-0.0768659
-0.080889
-0.0848711
-0.088812
-0.09271
-0.0965782
-0.100497
-0.0142443
-0.0184098
-0.0225457
-0.0266498
-0.0307201
-0.0347546
-0.0387514
-0.0427089
-0.0466254
-0.0504994
-0.0543297
-0.058115
-0.0618542
-0.0655465
-0.0691911
-0.0727888
-0.0763381
-0.0798228
-0.0832364
-0.0867811
-0.00814231
-0.0119937
-0.0158165
-0.0196082
-0.0233664
-0.027089
-0.0307736
-0.0344184
-0.0380214
-0.0415809
-0.0450951
-0.0485625
-0.0519816
-0.055351
-0.0586698
-0.0619386
-0.0651552
-0.0682965
-0.0713488
-0.0745697
-0.00262219
-0.00619628
-0.00974213
-0.0132573
-0.0167393
-0.0201859
-0.0235949
-0.0269641
-0.0302915
-0.0335753
-0.0368136
-0.0400047
-0.043147
-0.0462388
-0.0492793
-0.0522688
-0.0552048
-0.0580625
-0.0608281
-0.0637678
0.00231272
-0.00101555
-0.00431639
-0.00758731
-0.0108259
-0.0140299
-0.017197
-0.0203251
-0.0234122
-0.0264563
-0.0294556
-0.0324084
-0.0353131
-0.0381681
-0.0409722
-0.043726
-0.0464265
-0.0490509
-0.0515879
-0.054283
0.00668012
0.00356576
0.000478063
-0.00258056
-0.00560776
-0.00860128
-0.011559
-0.0144787
-0.0173586
-0.0201968
-0.0229914
-0.0257409
-0.0284436
-0.031098
-0.0337033
-0.0362594
-0.0387637
-0.0411968
-0.0435509
-0.0460338
0.0104811
0.00755089
0.00464653
0.00177032
-0.00107549
-0.00388875
-0.0066674
-0.00940947
-0.0121131
-0.0147765
-0.017398
-0.019976
-0.0225092
-0.024996
-0.0274355
-0.0298278
-0.0321701
-0.0344476
-0.0366554
-0.0389562
0.0137153
0.0109408
0.00819141
0.00546921
0.00277632
0.000114775
-0.0025135
-0.00510666
-0.00766295
-0.0101807
-0.0126584
-0.0150946
-0.0174879
-0.0198371
-0.0221412
-0.0244
-0.0266112
-0.0287642
-0.0308563
-0.0330046
0.0163763
0.0137296
0.0111071
0.00851097
0.00594302
0.00340519
0.000899261
-0.00157305
-0.00401013
-0.00641043
-0.00877253
-0.0110951
-0.0133768
-0.0156166
-0.0178136
-0.0199671
-0.0220756
-0.0241319
-0.0261352
-0.0281602
0.0184409
0.0158962
0.013375
0.0108792
0.00841049
0.00597057
0.00356108
0.00118358
-0.00116047
-0.00346965
-0.00574268
-0.00797832
-0.0101754
-0.0123329
-0.0144499
-0.0165258
-0.0185591
-0.0205459
-0.022486
-0.0244197
0.0198851
0.017412
0.0149617
0.0125359
0.0101363
0.0077643
0.00542153
0.00310939
0.000829223
-0.00141767
-0.00363008
-0.00580686
-0.00794696
-0.0100494
-0.0121132
-0.0141378
-0.016122
-0.018064
-0.019964
-0.0218373
0.0206448
0.0182235
0.0158242
0.0134483
0.0110971
0.0087718
0.00647372
0.00420401
0.00196383
-0.000245722
-0.00242358
-0.00456872
-0.00668017
-0.008757
-0.0107983
-0.0128032
-0.0147708
-0.0167
-0.0185911
-0.0204471
0.248894
0.205347
0.165018
0.131612
0.0992289
0.0673089
0.036275
0.00616301
-0.0230276
-0.0512634
-0.0784869
-0.10432
-0.128941
-0.152355
-0.174519
-0.195384
-0.214918
-0.233103
-0.24994
-0.265441
0.233102
0.196024
0.157283
0.125837
0.0956766
0.0658186
0.0368875
0.00897983
-0.0179499
-0.0438876
-0.0687871
-0.0925117
-0.115357
-0.137059
-0.157608
-0.177016
-0.195285
-0.212417
-0.228427
-0.243338
0.208198
0.174615
0.139752
0.111653
0.0850068
0.0585797
0.0329231
0.00816383
-0.015763
-0.0388687
-0.0611664
-0.08269
-0.103075
-0.122733
-0.141527
-0.159426
-0.176439
-0.192571
-0.207834
-0.222246
0.18656
0.156584
0.125688
0.100543
0.0767714
0.0531981
0.0302774
0.00814775
-0.0132544
-0.0339556
-0.0539611
-0.0732708
-0.0917589
-0.109683
-0.126852
-0.143297
-0.159047
-0.174105
-0.188478
-0.20218
0.167611
0.141065
0.113948
0.0915852
0.0704114
0.0494089
0.0289441
0.00915247
-0.0100173
-0.0285955
-0.0465848
-0.0639339
-0.0804759
-0.0970786
-0.112868
-0.128005
-0.142589
-0.15663
-0.170133
-0.183111
0.151205
0.127595
0.10385
0.084014
0.0651781
0.046496
0.0282554
0.010572
-0.00659829
-0.0232865
-0.0395064
-0.0553293
-0.0708803
-0.0853976
-0.099706
-0.113639
-0.127134
-0.140201
-0.152855
-0.165105
0.137135
0.116092
0.0953415
0.0777844
0.0610346
0.0444155
0.0281554
0.0123502
-0.00303518
-0.0180289
-0.0326364
-0.0468717
-0.060766
-0.074211
-0.0873686
-0.1002
-0.112684
-0.124833
-0.136661
-0.14818
0.125115
0.106349
0.0882366
0.0727179
0.0578235
0.043031
0.0285263
0.0143866
0.000583812
-0.0129069
-0.0260944
-0.0389848
-0.0515853
-0.063884
-0.0759435
-0.0877298
-0.0992499
-0.110517
-0.121541
-0.13233
0.114916
0.0981787
0.0823655
0.0686488
0.0553944
0.042212
0.0292571
0.0165907
0.00419019
-0.0079645
-0.0198816
-0.0315669
-0.0430164
-0.0542079
-0.065296
-0.0761394
-0.0867667
-0.0972015
-0.107452
-0.117526
0.106321
0.0913902
0.0775654
0.0654291
0.0536183
0.0418513
0.0302609
0.0188947
0.0077339
-0.00323775
-0.0140266
-0.0246384
-0.0350892
-0.0453984
-0.0554556
-0.0653934
-0.0751914
-0.0848422
-0.0943522
-0.103729
0.0991172
0.0857954
0.073683
0.0629258
0.0523837
0.0418603
0.0314714
0.0212542
0.0111932
0.00127592
-0.00850201
-0.0181436
-0.0276558
-0.0370475
-0.046289
-0.0554275
-0.0644561
-0.0733716
-0.0821792
-0.0908853
0.0931131
0.0812228
0.0705819
0.0610251
0.0515965
0.0421659
0.0328351
0.0236333
0.0145478
0.00556919
-0.00330559
-0.0120787
-0.0207533
-0.0293326
-0.0378116
-0.0462067
-0.0545155
-0.0627387
-0.0708802
-0.0789442
0.0881386
0.077521
0.0681437
0.0596301
0.0511786
0.0427087
0.0343105
0.0260069
0.0177875
0.00964552
0.00157911
-0.00641317
-0.0143333
-0.0221807
-0.0299519
-0.0376674
-0.0453087
-0.0528828
-0.0603958
-0.0678498
0.0840466
0.0745593
0.0662676
0.0586608
0.0510675
0.0434435
0.035869
0.0283621
0.0209147
0.0135223
0.00618482
-0.00109793
-0.00832565
-0.0154833
-0.0225431
-0.0297045
-0.0367567
-0.0437331
-0.0506605
-0.0575419
0.0807101
0.0722247
0.0648662
0.0580474
0.0512068
0.0443269
0.0374783
0.0306753
0.0239111
0.0171824
0.0104894
0.00383308
-0.00278777
-0.00938913
-0.0159946
-0.0224135
-0.0288491
-0.0352684
-0.0416486
-0.0479889
0.0780215
0.0704235
0.0638681
0.0577352
0.0515565
0.0453331
0.0391273
0.0329508
0.0267985
0.0206687
0.0145629
0.00848282
0.00243023
-0.00359476
-0.00959385
-0.0155547
-0.0214929
-0.0274033
-0.0332804
-0.0391232
0.0758881
0.0690751
0.0632111
0.0576749
0.0520776
0.0464326
0.0407945
0.0351731
0.0295644
0.0239679
0.0183854
0.0128189
0.0072702
0.00174094
-0.00376707
-0.00925089
-0.0147113
-0.0201461
-0.0255536
-0.0309323
0.0742304
0.0681106
0.0628419
0.0578247
0.0527378
0.0476021
0.0424656
0.0373363
0.0322113
0.027091
0.0219776
0.0168736
0.011781
0.00670201
0.00163874
-0.003406
-0.00843174
-0.0134358
-0.0184159
-0.0233702
0.0729781
0.0674696
0.0627124
0.0581458
0.0535058
0.0488177
0.0441231
0.0394286
0.0347324
0.0300355
0.0253403
0.0206496
0.0159657
0.0112911
0.00662852
0.00198133
-0.00265139
-0.00726345
-0.0118535
-0.01642
0.0720695
0.067099
0.0627805
0.058604
0.0543546
0.0500591
0.0457531
0.0414425
0.0371262
0.0328057
0.0284838
0.0241636
0.0198474
0.0155384
0.0112439
0.00697387
0.00267219
-0.00159518
-0.0058346
-0.0100516
0.0714471
0.0669482
0.0630041
0.0591633
0.0552529
0.0512992
0.0473323
0.0433573
0.0393736
0.035383
0.0313881
0.0273919
0.0233972
0.0194064
0.0154175
0.0114268
0.00749378
0.00356011
-0.000362763
-0.00426464
0.0710603
0.0669734
0.0633474
0.0597945
0.0561776
0.052521
0.0488498
0.0451687
0.0414776
0.0377785
0.0340743
0.0303681
0.0266625
0.0229607
0.0192651
0.0155781
0.0119045
0.00824423
0.00460069
0.000977628
0.0708606
0.0671309
0.0637729
0.0604644
0.0570989
0.0536977
0.0502815
0.0468542
0.0434164
0.0399701
0.0365183
0.0330636
0.0296091
0.0261574
0.0227113
0.0192738
0.015848
0.0124362
0.00904126
0.00566586
0.0708037
0.0673807
0.0642464
0.0611432
0.0579908
0.0548072
0.0516088
0.0483991
0.0451791
0.0419508
0.0387171
0.0354807
0.0322443
0.0290106
0.0257823
0.0225623
0.0193533
0.0161579
0.0129788
0.00981864
0.0708488
0.0676851
0.0647345
0.061801
0.0588265
0.0558253
0.0528101
0.049784
0.0467483
0.0437051
0.040657
0.0376066
0.0345566
0.0315094
0.0284679
0.0254344
0.0224119
0.0194027
0.0164095
0.0134348
0.0709568
0.0680067
0.0652033
0.0624067
0.0595771
0.0567253
0.0538609
0.0509865
0.0481037
0.0452146
0.0423215
0.0394269
0.0365332
0.0336431
0.0307588
0.0278829
0.0250179
0.0221663
0.0193303
0.0165126
0.0710964
0.068316
0.0656264
0.0629362
0.0602205
0.0574872
0.0547429
0.05199
0.0492301
0.0464652
0.0436976
0.0409296
0.0381634
0.0354014
0.0326458
0.029899
0.0271633
0.0244409
0.0217341
0.0190452
0.071229
0.0685721
0.0659628
0.0633486
0.0607159
0.0580698
0.0554148
0.0527532
0.0500865
0.0474167
0.0447459
0.0420761
0.0394095
0.0367481
0.034094
0.0314494
0.0288164
0.026197
0.0235933
0.0210072
0.0713455
0.0687685
0.0662094
0.0636436
0.0610652
0.0584773
0.0558829
0.0532837
0.0506813
0.0480776
0.0454743
0.0428734
0.0402767
0.0376862
0.0351037
0.0325313
0.0299707
0.027424
0.0248929
0.0223793
0.0713885
0.0688331
0.0662819
0.0637258
0.0611629
0.0585952
0.0560247
0.0534531
0.050882
0.0483129
0.0457475
0.0431874
0.0406342
0.0380894
0.0355547
0.0330316
0.0305217
0.0280266
0.0255478
0.0230867
0.273456
0.275772
0.282134
0.290557
0.301299
0.31341
0.326338
0.338983
0.34995
0.357476
0.359201
0.353186
0.335893
0.309914
0.241692
0.272125
0.274304
0.280298
0.288177
0.298104
0.309097
0.32051
0.331177
0.339652
0.344177
0.342524
0.332914
0.312199
0.283343
0.215073
0.270677
0.272741
0.278375
0.285721
0.294866
0.304822
0.314894
0.323906
0.330436
0.332806
0.328953
0.31726
0.294853
0.265472
0.202409
0.269078
0.271001
0.276224
0.282963
0.291227
0.300017
0.308586
0.315752
0.320119
0.320103
0.313837
0.299939
0.276021
0.2458
0.187732
0.267323
0.269087
0.273863
0.279948
0.287268
0.294822
0.301817
0.307075
0.309244
0.306851
0.29826
0.282346
0.257302
0.226392
0.173233
0.265405
0.267002
0.271305
0.276702
0.283044
0.289335
0.294749
0.298135
0.298209
0.293635
0.283023
0.265509
0.239853
0.208788
0.160432
0.263319
0.264737
0.268545
0.273225
0.27856
0.28357
0.287416
0.288989
0.287098
0.280563
0.268249
0.24954
0.223701
0.192973
0.149126
0.261056
0.262288
0.265576
0.269513
0.273819
0.277539
0.279839
0.279671
0.275955
0.267681
0.253964
0.234418
0.208734
0.178731
0.139021
0.258613
0.259648
0.262399
0.265569
0.26883
0.271265
0.272057
0.270239
0.264854
0.255068
0.240238
0.220185
0.194929
0.16596
0.129999
0.255984
0.256816
0.259013
0.2614
0.263613
0.264778
0.264119
0.260758
0.253875
0.242813
0.227148
0.206881
0.182276
0.154573
0.121986
0.253169
0.253791
0.255422
0.257018
0.258186
0.258114
0.256075
0.251295
0.243096
0.230991
0.214752
0.194529
0.170748
0.144469
0.114906
0.250169
0.250576
0.251635
0.252437
0.252578
0.251312
0.24798
0.241917
0.232588
0.219667
0.20309
0.183128
0.160302
0.135537
0.108684
0.246986
0.247175
0.247662
0.247676
0.246817
0.244416
0.239888
0.232688
0.222417
0.208894
0.192191
0.172666
0.150886
0.127671
0.103247
0.243629
0.243599
0.243518
0.242759
0.240938
0.237471
0.231858
0.223671
0.212641
0.198713
0.182068
0.163119
0.142443
0.120773
0.0985279
0.240108
0.23986
0.239223
0.237712
0.234979
0.230525
0.223945
0.214923
0.203309
0.189156
0.172723
0.154455
0.134911
0.114747
0.0944601
0.236439
0.235976
0.2348
0.232569
0.228981
0.223631
0.216205
0.206498
0.194464
0.180243
0.164149
0.146635
0.128226
0.109507
0.0909807
0.232641
0.231969
0.230277
0.227366
0.22299
0.216837
0.20869
0.198441
0.186137
0.171984
0.156328
0.139614
0.122322
0.104973
0.0880296
0.22874
0.227867
0.225689
0.222143
0.217052
0.210196
0.201449
0.190795
0.178354
0.164381
0.149237
0.133345
0.117137
0.101071
0.0855498
0.224767
0.223703
0.221073
0.216945
0.211216
0.203758
0.194529
0.183594
0.171132
0.157428
0.142846
0.127779
0.112608
0.0977318
0.0834875
0.220758
0.219515
0.216473
0.211818
0.205532
0.197571
0.187972
0.176867
0.164479
0.151114
0.137122
0.122865
0.108674
0.0948933
0.0817923
0.216756
0.215348
0.211936
0.206816
0.200053
0.191684
0.181816
0.170636
0.158401
0.145421
0.132031
0.118555
0.10528
0.0924972
0.0804165
0.212811
0.211254
0.207516
0.201991
0.194831
0.186143
0.176097
0.164923
0.152898
0.140332
0.127537
0.114802
0.102371
0.0904909
0.0793165
0.208979
0.207289
0.203271
0.197403
0.189919
0.180994
0.170847
0.159742
0.147968
0.135826
0.123606
0.111562
0.0999002
0.0888261
0.0784513
0.205324
0.203518
0.199264
0.193112
0.185375
0.176283
0.166098
0.155107
0.143607
0.131885
0.120206
0.108793
0.0978222
0.0874597
0.0777836
0.201917
0.20001
0.195564
0.189185
0.181256
0.172057
0.161882
0.151036
0.139814
0.128491
0.117308
0.106461
0.0960983
0.0863534
0.0772797
0.198834
0.196845
0.192247
0.185692
0.177624
0.168365
0.158233
0.147544
0.13659
0.125633
0.11489
0.104536
0.0946954
0.0854745
0.076909
0.196163
0.194106
0.189395
0.182709
0.174545
0.16526
0.15519
0.144655
0.133944
0.123305
0.112937
0.102996
0.0935874
0.0847961
0.0766466
0.193998
0.191888
0.187097
0.180319
0.172094
0.162805
0.1528
0.142401
0.131893
0.121512
0.111443
0.101827
0.092756
0.0842968
0.0764677
0.192441
0.190292
0.185451
0.178615
0.170355
0.161072
0.151121
0.140827
0.130468
0.120272
0.110416
0.101028
0.0921936
0.0839663
0.0763631
0.191609
0.18943
0.184568
0.177704
0.169428
0.160151
0.150232
0.139996
0.129718
0.119622
0.10988
0.100613
0.0919018
0.0837939
0.0763034
0.282884
0.285317
0.292792
0.302867
0.31639
0.332722
0.352094
0.374403
0.399655
0.427826
0.458745
0.492128
0.527576
0.564245
0.601576
0.282839
0.285272
0.292742
0.302813
0.316327
0.332645
0.351994
0.374268
0.399466
0.427559
0.458361
0.491581
0.526808
0.563157
0.600153
0.282748
0.285181
0.292642
0.302706
0.316201
0.33249
0.351794
0.373998
0.399089
0.427024
0.457595
0.490488
0.525272
0.560982
0.59731
0.282612
0.285046
0.292504
0.302545
0.316013
0.332259
0.351495
0.373595
0.398525
0.426225
0.456446
0.488851
0.52297
0.557725
0.593055
0.282431
0.284866
0.29231
0.302331
0.315764
0.331952
0.351098
0.373059
0.397776
0.425161
0.454919
0.486675
0.519906
0.553393
0.587398
0.282205
0.284642
0.292067
0.302065
0.315453
0.33157
0.350604
0.372391
0.396842
0.423837
0.453015
0.483963
0.516084
0.547993
0.580349
0.281935
0.284374
0.291779
0.301747
0.315081
0.331114
0.350014
0.371595
0.395728
0.422255
0.450739
0.480721
0.511506
0.541537
0.571922
0.28162
0.284062
0.291444
0.301378
0.31465
0.330585
0.34933
0.370671
0.394436
0.42042
0.448095
0.476956
0.506177
0.534037
0.562126
0.281261
0.283708
0.291064
0.300959
0.314161
0.329985
0.348553
0.369623
0.392969
0.418335
0.445088
0.472676
0.5001
0.525508
0.550971
0.28086
0.283312
0.290638
0.300491
0.313614
0.329314
0.347687
0.368453
0.391332
0.416006
0.441725
0.467887
0.493277
0.515967
0.538457
0.280415
0.282874
0.290169
0.299975
0.313011
0.328576
0.346733
0.367164
0.389529
0.413438
0.438011
0.462597
0.485711
0.505432
0.524576
0.279928
0.282392
0.289657
0.299412
0.312355
0.327772
0.345695
0.365761
0.387565
0.410637
0.433955
0.456812
0.477399
0.493922
0.509306
0.279399
0.281866
0.289102
0.298803
0.311646
0.326904
0.344575
0.364249
0.385448
0.407612
0.429568
0.450542
0.468343
0.481456
0.492606
0.27883
0.281332
0.288507
0.29815
0.310886
0.325975
0.343378
0.362633
0.383186
0.404374
0.424863
0.443796
0.458549
0.468057
0.474415
0.27822
0.280729
0.287872
0.297454
0.310075
0.324985
0.342103
0.360911
0.380776
0.400919
0.41984
0.436565
0.448006
0.453725
0.454634
0.277571
0.280093
0.287196
0.296711
0.309209
0.323925
0.340734
0.35906
0.378184
0.397198
0.414434
0.428765
0.436628
0.438376
0.43306
0.276884
0.279426
0.286486
0.295932
0.308302
0.322813
0.339298
0.357115
0.375451
0.393257
0.408685
0.42041
0.424424
0.421989
0.409478
0.276162
0.278739
0.285768
0.295164
0.307433
0.321778
0.337989
0.35536
0.372983
0.389639
0.403275
0.412257
0.412167
0.405225
0.384304
0.275407
0.278028
0.285041
0.294413
0.30662
0.320863
0.336892
0.353942
0.371008
0.386684
0.39866
0.404852
0.40041
0.388329
0.357503
0.274586
0.277178
0.284066
0.293263
0.305195
0.319037
0.33447
0.350637
0.366406
0.380191
0.389502
0.39194
0.382546
0.364508
0.320246
0.274586
0.277178
0.284066
0.293263
0.305195
0.319037
0.33447
0.350637
0.366406
0.380191
0.389502
0.39194
0.382546
0.364508
0.320246
0.275407
0.278027
0.285041
0.294413
0.30662
0.320863
0.336892
0.353942
0.371008
0.386683
0.39866
0.404852
0.40041
0.388329
0.357503
0.276162
0.278739
0.285768
0.295164
0.307433
0.321778
0.337989
0.35536
0.372983
0.389639
0.403275
0.412257
0.412166
0.405225
0.384304
0.276883
0.279426
0.286486
0.295932
0.308302
0.322813
0.339298
0.357115
0.375451
0.393257
0.408685
0.42041
0.424424
0.421988
0.409478
0.277571
0.280093
0.287196
0.296711
0.309209
0.323924
0.340734
0.35906
0.378184
0.397198
0.414434
0.428765
0.436628
0.438376
0.43306
0.27822
0.280729
0.287872
0.297454
0.310075
0.324985
0.342103
0.360911
0.380776
0.400918
0.41984
0.436565
0.448006
0.453725
0.454634
0.27883
0.281332
0.288507
0.29815
0.310886
0.325975
0.343378
0.362633
0.383186
0.404374
0.424863
0.443796
0.458549
0.468057
0.474415
0.279399
0.281865
0.289102
0.298803
0.311646
0.326904
0.344575
0.364249
0.385448
0.407612
0.429568
0.450542
0.468343
0.481456
0.492606
0.279928
0.282392
0.289657
0.299412
0.312355
0.327771
0.345695
0.365761
0.387565
0.410637
0.433955
0.456812
0.477399
0.493922
0.509306
0.280415
0.282874
0.290169
0.299975
0.313011
0.328576
0.346733
0.367164
0.389529
0.413438
0.438011
0.462597
0.485711
0.505432
0.524576
0.28086
0.283312
0.290638
0.300491
0.313614
0.329314
0.347687
0.368453
0.391332
0.416006
0.441725
0.467887
0.493277
0.515967
0.538457
0.281261
0.283708
0.291064
0.300959
0.314161
0.329985
0.348553
0.369623
0.392969
0.418335
0.445088
0.472676
0.5001
0.525508
0.550971
0.28162
0.284062
0.291444
0.301378
0.31465
0.330585
0.34933
0.370671
0.394436
0.42042
0.448095
0.476956
0.506177
0.534037
0.562126
0.281935
0.284374
0.291779
0.301747
0.315081
0.331114
0.350014
0.371595
0.395728
0.422255
0.450739
0.480721
0.511506
0.541537
0.571922
0.282205
0.284642
0.292067
0.302065
0.315453
0.33157
0.350604
0.372391
0.396842
0.423837
0.453015
0.483963
0.516084
0.547993
0.580349
0.282431
0.284866
0.29231
0.302331
0.315764
0.331952
0.351098
0.373059
0.397776
0.425161
0.454919
0.486675
0.519906
0.553393
0.587398
0.282612
0.285046
0.292504
0.302545
0.316013
0.332259
0.351495
0.373595
0.398525
0.426225
0.456446
0.488851
0.52297
0.557725
0.593055
0.282748
0.285181
0.292642
0.302706
0.316201
0.33249
0.351794
0.373998
0.399089
0.427024
0.457595
0.490488
0.525272
0.560982
0.59731
0.282839
0.285272
0.292742
0.302813
0.316327
0.332645
0.351994
0.374268
0.399466
0.427559
0.458361
0.491581
0.526808
0.563157
0.600153
0.282884
0.285317
0.292792
0.302867
0.31639
0.332722
0.352094
0.374403
0.399655
0.427826
0.458745
0.492128
0.527576
0.564245
0.601576
0.191609
0.18943
0.184568
0.177704
0.169427
0.16015
0.150232
0.139996
0.129718
0.119622
0.10988
0.100613
0.0919018
0.0837938
0.0763033
0.192441
0.190292
0.185451
0.178615
0.170355
0.161072
0.151121
0.140827
0.130468
0.120272
0.110416
0.101028
0.0921935
0.0839663
0.076363
0.193998
0.191888
0.187097
0.180319
0.172094
0.162805
0.1528
0.142401
0.131893
0.121512
0.111443
0.101827
0.092756
0.0842968
0.0764676
0.196163
0.194106
0.189395
0.182708
0.174545
0.16526
0.15519
0.144655
0.133944
0.123305
0.112937
0.102996
0.0935874
0.084796
0.0766465
0.198834
0.196845
0.192247
0.185692
0.177624
0.168365
0.158233
0.147544
0.13659
0.125633
0.11489
0.104536
0.0946953
0.0854744
0.0769089
0.201916
0.20001
0.195564
0.189185
0.181256
0.172057
0.161882
0.151036
0.139814
0.128491
0.117308
0.106461
0.0960982
0.0863533
0.0772796
0.205324
0.203518
0.199264
0.193112
0.185375
0.176283
0.166098
0.155107
0.143607
0.131885
0.120206
0.108793
0.0978221
0.0874596
0.0777836
0.208979
0.207289
0.20327
0.197403
0.189919
0.180994
0.170847
0.159741
0.147968
0.135826
0.123606
0.111562
0.0999002
0.088826
0.0784512
0.212811
0.211254
0.207516
0.201991
0.19483
0.186143
0.176097
0.164923
0.152898
0.140332
0.127537
0.114802
0.102371
0.0904908
0.0793165
0.216756
0.215348
0.211936
0.206816
0.200053
0.191684
0.181816
0.170636
0.158401
0.145421
0.132031
0.118555
0.10528
0.0924971
0.0804165
0.220758
0.219515
0.216473
0.211818
0.205532
0.197571
0.187972
0.176867
0.164479
0.151114
0.137122
0.122865
0.108674
0.0948932
0.0817923
0.224767
0.223703
0.221073
0.216945
0.211216
0.203757
0.194529
0.183594
0.171132
0.157428
0.142846
0.127779
0.112608
0.0977318
0.0834875
0.22874
0.227867
0.225689
0.222143
0.217052
0.210196
0.201449
0.190795
0.178354
0.164381
0.149237
0.133345
0.117137
0.101071
0.0855497
0.232641
0.231969
0.230277
0.227366
0.22299
0.216837
0.20869
0.198441
0.186137
0.171984
0.156328
0.139614
0.122322
0.104973
0.0880295
0.236439
0.235976
0.2348
0.232569
0.228981
0.223631
0.216205
0.206497
0.194464
0.180243
0.164149
0.146635
0.128226
0.109507
0.0909806
0.240108
0.23986
0.239223
0.237712
0.234979
0.230525
0.223945
0.214923
0.203309
0.189156
0.172723
0.154455
0.134911
0.114747
0.09446
0.243629
0.243599
0.243518
0.242758
0.240938
0.23747
0.231858
0.223671
0.212641
0.198713
0.182068
0.163119
0.142443
0.120773
0.0985279
0.246986
0.247175
0.247662
0.247676
0.246817
0.244416
0.239888
0.232688
0.222417
0.208893
0.192191
0.172665
0.150886
0.127671
0.103247
0.250169
0.250575
0.251635
0.252437
0.252578
0.251312
0.247979
0.241917
0.232588
0.219667
0.20309
0.183128
0.160302
0.135537
0.108684
0.253169
0.253791
0.255422
0.257018
0.258186
0.258114
0.256075
0.251295
0.243096
0.230991
0.214751
0.194529
0.170748
0.144469
0.114906
0.255984
0.256816
0.259013
0.2614
0.263613
0.264778
0.264119
0.260758
0.253875
0.242813
0.227148
0.206881
0.182276
0.154573
0.121986
0.258613
0.259648
0.262399
0.265569
0.26883
0.271265
0.272057
0.270239
0.264854
0.255068
0.240238
0.220185
0.194928
0.16596
0.129999
0.261056
0.262288
0.265576
0.269513
0.273819
0.277539
0.279839
0.279671
0.275955
0.267681
0.253964
0.234418
0.208734
0.178731
0.139021
0.263319
0.264737
0.268544
0.273225
0.27856
0.28357
0.287416
0.288989
0.287098
0.280563
0.268249
0.24954
0.223701
0.192972
0.149126
0.265405
0.267001
0.271305
0.276702
0.283044
0.289335
0.294749
0.298135
0.298209
0.293635
0.283023
0.265509
0.239853
0.208787
0.160432
0.267323
0.269087
0.273863
0.279948
0.287268
0.294822
0.301817
0.307075
0.309244
0.306851
0.298259
0.282346
0.257302
0.226392
0.173233
0.269078
0.271001
0.276224
0.282963
0.291227
0.300017
0.308586
0.315752
0.320119
0.320103
0.313837
0.299939
0.276021
0.2458
0.187732
0.270677
0.272741
0.278375
0.28572
0.294866
0.304822
0.314894
0.323906
0.330436
0.332806
0.328953
0.31726
0.294853
0.265472
0.202408
0.272125
0.274304
0.280298
0.288177
0.298104
0.309097
0.32051
0.331177
0.339652
0.344177
0.342524
0.332914
0.312199
0.283343
0.215073
0.273456
0.275772
0.282134
0.290557
0.301299
0.31341
0.326338
0.338983
0.34995
0.357476
0.359201
0.353185
0.335893
0.309914
0.241692
0.0713885
0.068833
0.0662818
0.0637258
0.0611629
0.0585951
0.0560246
0.053453
0.0508819
0.0483129
0.0457475
0.0431873
0.0406341
0.0380893
0.0355546
0.0330315
0.0305216
0.0280266
0.0255478
0.0230866
0.0713455
0.0687684
0.0662093
0.0636436
0.0610652
0.0584773
0.0558828
0.0532836
0.0506813
0.0480775
0.0454743
0.0428733
0.0402767
0.0376861
0.0351037
0.0325312
0.0299707
0.0274239
0.0248928
0.0223793
0.0712289
0.068572
0.0659627
0.0633486
0.0607158
0.0580697
0.0554148
0.0527531
0.0500865
0.0474167
0.0447459
0.0420761
0.0394094
0.036748
0.034094
0.0314494
0.0288163
0.0261969
0.0235932
0.0210072
0.0710963
0.068316
0.0656263
0.0629361
0.0602205
0.0574871
0.0547428
0.0519899
0.04923
0.0464651
0.0436975
0.0409295
0.0381634
0.0354013
0.0326458
0.0298989
0.0271632
0.0244408
0.0217341
0.0190451
0.0709567
0.0680067
0.0652032
0.0624066
0.059577
0.0567252
0.0538608
0.0509865
0.0481037
0.0452145
0.0423214
0.0394268
0.0365332
0.033643
0.0307587
0.0278828
0.0250179
0.0221662
0.0193303
0.0165125
0.0708487
0.067685
0.0647344
0.0618009
0.0588264
0.0558252
0.05281
0.0497839
0.0467482
0.043705
0.0406569
0.0376066
0.0345565
0.0315094
0.0284678
0.0254344
0.0224118
0.0194026
0.0164094
0.0134347
0.0708037
0.0673806
0.0642463
0.0611431
0.0579907
0.0548071
0.0516087
0.048399
0.045179
0.0419507
0.038717
0.0354806
0.0322442
0.0290105
0.0257823
0.0225622
0.0193532
0.0161578
0.0129787
0.00981857
0.0708605
0.0671308
0.0637729
0.0604644
0.0570988
0.0536977
0.0502814
0.0468541
0.0434163
0.0399701
0.0365182
0.0330636
0.029609
0.0261573
0.0227112
0.0192737
0.0158479
0.0124362
0.00904119
0.00566579
0.0710603
0.0669733
0.0633473
0.0597944
0.0561775
0.0525209
0.0488498
0.0451686
0.0414775
0.0377784
0.0340743
0.030368
0.0266625
0.0229606
0.019265
0.015578
0.0119045
0.00824416
0.00460062
0.000977557
0.0714471
0.0669481
0.063004
0.0591632
0.0552529
0.0512992
0.0473323
0.0433572
0.0393736
0.0353829
0.031388
0.0273918
0.0233971
0.0194064
0.0154175
0.0114267
0.00749371
0.00356004
-0.000362837
-0.00426472
0.0720695
0.0670989
0.0627805
0.0586039
0.0543545
0.050059
0.045753
0.0414424
0.0371261
0.0328056
0.0284838
0.0241635
0.0198473
0.0155383
0.0112438
0.0069738
0.00267212
-0.00159525
-0.00583468
-0.0100516
0.0729781
0.0674696
0.0627124
0.0581457
0.0535057
0.0488176
0.044123
0.0394285
0.0347324
0.0300354
0.0253402
0.0206495
0.0159657
0.011291
0.00662845
0.00198126
-0.00265147
-0.00726353
-0.0118536
-0.0164201
0.0742303
0.0681106
0.0628418
0.0578247
0.0527377
0.047602
0.0424655
0.0373362
0.0322112
0.0270909
0.0219775
0.0168735
0.0117809
0.00670193
0.00163866
-0.00340607
-0.00843182
-0.0134358
-0.018416
-0.0233703
0.075888
0.069075
0.063211
0.0576748
0.0520775
0.0464325
0.0407944
0.035173
0.0295643
0.0239678
0.0183853
0.0128188
0.00727012
0.00174086
-0.00376715
-0.00925097
-0.0147113
-0.0201462
-0.0255537
-0.0309324
0.0780214
0.0704235
0.0638681
0.0577351
0.0515565
0.045333
0.0391272
0.0329507
0.0267984
0.0206686
0.0145628
0.00848274
0.00243015
-0.00359484
-0.00959393
-0.0155548
-0.021493
-0.0274034
-0.0332804
-0.0391233
0.08071
0.0722247
0.0648661
0.0580473
0.0512068
0.0443268
0.0374782
0.0306752
0.023911
0.0171823
0.0104894
0.00383299
-0.00278785
-0.00938921
-0.0159947
-0.0224136
-0.0288491
-0.0352685
-0.0416487
-0.047989
0.0840466
0.0745592
0.0662675
0.0586608
0.0510674
0.0434434
0.0358689
0.028362
0.0209146
0.0135222
0.00618473
-0.00109801
-0.00832574
-0.0154834
-0.0225432
-0.0297046
-0.0367568
-0.0437332
-0.0506606
-0.057542
0.0881385
0.0775209
0.0681436
0.05963
0.0511786
0.0427086
0.0343104
0.0260068
0.0177875
0.00964543
0.00157902
-0.00641325
-0.0143334
-0.0221808
-0.029952
-0.0376675
-0.0453088
-0.0528829
-0.0603958
-0.0678498
0.093113
0.0812227
0.0705819
0.061025
0.0515965
0.0421658
0.0328351
0.0236333
0.0145477
0.00556911
-0.00330568
-0.0120788
-0.0207534
-0.0293327
-0.0378117
-0.0462068
-0.0545155
-0.0627388
-0.0708803
-0.0789443
0.0991172
0.0857953
0.0736829
0.0629258
0.0523836
0.0418602
0.0314713
0.0212541
0.0111931
0.00127583
-0.00850209
-0.0181437
-0.0276559
-0.0370476
-0.0462891
-0.0554276
-0.0644562
-0.0733717
-0.0821793
-0.0908854
0.106321
0.0913901
0.0775653
0.065429
0.0536182
0.0418512
0.0302608
0.0188946
0.00773381
-0.00323783
-0.0140266
-0.0246385
-0.0350893
-0.0453984
-0.0554557
-0.0653935
-0.0751914
-0.0848423
-0.0943522
-0.103729
0.114916
0.0981787
0.0823654
0.0686488
0.0553943
0.0422119
0.029257
0.0165906
0.00419011
-0.00796458
-0.0198817
-0.031567
-0.0430165
-0.054208
-0.0652961
-0.0761395
-0.0867668
-0.0972016
-0.107452
-0.117526
0.125115
0.106349
0.0882365
0.0727179
0.0578234
0.043031
0.0285262
0.0143866
0.000583729
-0.012907
-0.0260944
-0.0389849
-0.0515854
-0.0638841
-0.0759436
-0.0877299
-0.09925
-0.110517
-0.121541
-0.13233
0.137135
0.116092
0.0953414
0.0777843
0.0610345
0.0444154
0.0281553
0.0123502
-0.00303526
-0.0180289
-0.0326365
-0.0468718
-0.0607661
-0.0742111
-0.0873686
-0.1002
-0.112684
-0.124833
-0.136661
-0.14818
0.151205
0.127595
0.10385
0.0840139
0.065178
0.046496
0.0282553
0.0105719
-0.00659838
-0.0232866
-0.0395064
-0.0553294
-0.0708804
-0.0853977
-0.099706
-0.113639
-0.127134
-0.140202
-0.152855
-0.165105
0.167611
0.141065
0.113948
0.0915851
0.0704113
0.0494088
0.0289441
0.00915239
-0.0100174
-0.0285956
-0.0465849
-0.0639339
-0.080476
-0.0970787
-0.112868
-0.128005
-0.142589
-0.15663
-0.170133
-0.183111
0.18656
0.156584
0.125688
0.100543
0.0767714
0.053198
0.0302773
0.00814768
-0.0132545
-0.0339557
-0.0539612
-0.0732709
-0.091759
-0.109683
-0.126852
-0.143297
-0.159047
-0.174105
-0.188478
-0.202181
0.208198
0.174615
0.139752
0.111653
0.0850068
0.0585796
0.032923
0.00816375
-0.0157631
-0.0388687
-0.0611665
-0.0826901
-0.103075
-0.122733
-0.141527
-0.159427
-0.176439
-0.192571
-0.207834
-0.222246
0.233102
0.196024
0.157282
0.125837
0.0956765
0.0658186
0.0368874
0.00897975
-0.01795
-0.0438877
-0.0687872
-0.0925118
-0.115357
-0.137059
-0.157608
-0.177017
-0.195285
-0.212417
-0.228427
-0.243338
0.248893
0.205347
0.165018
0.131612
0.0992288
0.0673088
0.0362749
0.00616293
-0.0230277
-0.0512635
-0.078487
-0.10432
-0.128941
-0.152355
-0.174519
-0.195384
-0.214918
-0.233104
-0.24994
-0.265441
0.0206447
0.0182234
0.0158242
0.0134483
0.011097
0.00877176
0.00647367
0.00420397
0.00196379
-0.000245762
-0.00242362
-0.00456876
-0.00668021
-0.00875703
-0.0107983
-0.0128032
-0.0147708
-0.0167
-0.0185911
-0.0204471
0.019885
0.0174119
0.0149616
0.0125359
0.0101362
0.00776425
0.00542149
0.00310934
0.00082918
-0.00141771
-0.00363012
-0.0058069
-0.00794699
-0.0100494
-0.0121133
-0.0141378
-0.016122
-0.018064
-0.019964
-0.0218373
0.0184409
0.0158962
0.013375
0.0108792
0.00841044
0.00597052
0.00356103
0.00118353
-0.00116051
-0.0034697
-0.00574272
-0.00797836
-0.0101755
-0.012333
-0.01445
-0.0165258
-0.0185592
-0.0205459
-0.022486
-0.0244197
0.0163762
0.0137295
0.0111071
0.00851091
0.00594297
0.00340514
0.000899211
-0.0015731
-0.00401017
-0.00641048
-0.00877257
-0.0110951
-0.0133769
-0.0156167
-0.0178136
-0.0199672
-0.0220757
-0.024132
-0.0261352
-0.0281602
0.0137152
0.0109408
0.00819135
0.00546915
0.00277627
0.00011472
-0.00251355
-0.00510671
-0.007663
-0.0101808
-0.0126585
-0.0150947
-0.017488
-0.0198371
-0.0221413
-0.0244
-0.0266113
-0.0287642
-0.0308563
-0.0330046
0.010481
0.00755083
0.00464647
0.00177026
-0.00107555
-0.00388881
-0.00666746
-0.00940953
-0.0121131
-0.0147765
-0.017398
-0.0199761
-0.0225092
-0.024996
-0.0274356
-0.0298278
-0.0321702
-0.0344476
-0.0366554
-0.0389562
0.00668005
0.0035657
0.000478001
-0.00258062
-0.00560782
-0.00860135
-0.011559
-0.0144788
-0.0173587
-0.0201968
-0.0229914
-0.0257409
-0.0284436
-0.0310981
-0.0337033
-0.0362595
-0.0387637
-0.0411969
-0.043551
-0.0460338
0.00231265
-0.00101562
-0.00431645
-0.00758738
-0.010826
-0.01403
-0.0171971
-0.0203252
-0.0234122
-0.0264563
-0.0294557
-0.0324085
-0.0353132
-0.0381681
-0.0409723
-0.0437261
-0.0464266
-0.049051
-0.051588
-0.054283
-0.00262226
-0.00619635
-0.0097422
-0.0132573
-0.0167394
-0.020186
-0.0235949
-0.0269642
-0.0302916
-0.0335754
-0.0368137
-0.0400048
-0.043147
-0.0462389
-0.0492793
-0.0522689
-0.0552048
-0.0580626
-0.0608281
-0.0637678
-0.00814238
-0.0119938
-0.0158166
-0.0196083
-0.0233665
-0.027089
-0.0307737
-0.0344185
-0.0380215
-0.041581
-0.0450952
-0.0485626
-0.0519817
-0.0553511
-0.0586699
-0.0619386
-0.0651552
-0.0682965
-0.0713488
-0.0745698
-0.0142444
-0.0184099
-0.0225458
-0.0266499
-0.0307202
-0.0347547
-0.0387515
-0.042709
-0.0466255
-0.0504995
-0.0543298
-0.058115
-0.0618543
-0.0655465
-0.0691912
-0.0727889
-0.0763382
-0.0798229
-0.0832364
-0.0867812
-0.020961
-0.0254739
-0.0299568
-0.0344079
-0.0388254
-0.0432078
-0.0475536
-0.0518615
-0.0561304
-0.0603595
-0.0645481
-0.0686955
-0.0728015
-0.0768659
-0.0808891
-0.0848712
-0.088812
-0.09271
-0.0965782
-0.100497
-0.0282971
-0.0331947
-0.0380616
-0.0428965
-0.0476982
-0.0524657
-0.0571985
-0.0618958
-0.0665575
-0.0711835
-0.0757741
-0.0803299
-0.0848517
-0.0893411
-0.0937994
-0.0982264
-0.102623
-0.107013
-0.111449
-0.1158
-0.0362813
-0.0415994
-0.0468858
-0.0521401
-0.0573618
-0.0625508
-0.0677074
-0.0728321
-0.0779258
-0.0829899
-0.088026
-0.0930363
-0.0980234
-0.102991
-0.107943
-0.112877
-0.117796
-0.122761
-0.127896
-0.132744
-0.0449325
-0.050708
-0.05645
-0.0621589
-0.0678355
-0.0734808
-0.0790965
-0.0846846
-0.0902475
-0.0957882
-0.101311
-0.106819
-0.112318
-0.117814
-0.123315
-0.128818
-0.134321
-0.139945
-0.145921
-0.151334
-0.0542914
-0.0605568
-0.0667863
-0.0729812
-0.0791437
-0.0852762
-0.0913818
-0.0974643
-0.103528
-0.109579
-0.115622
-0.121665
-0.127715
-0.133784
-0.139883
-0.146005
-0.152148
-0.158502
-0.165462
-0.171506
-0.0643773
-0.0711683
-0.0779178
-0.0846289
-0.0913053
-0.0979514
-0.104572
-0.111174
-0.117763
-0.124348
-0.130937
-0.137541
-0.144172
-0.150844
-0.157574
-0.164354
-0.171172
-0.178308
-0.186383
-0.193112
-0.0752471
-0.0825909
-0.0898853
-0.097135
-0.104346
-0.111523
-0.118675
-0.12581
-0.132938
-0.140069
-0.147215
-0.154392
-0.161613
-0.168901
-0.176277
-0.183729
-0.191234
-0.199175
-0.208471
-0.215919
-0.0869354
-0.0948586
-0.10272
-0.110525
-0.118282
-0.126
-0.133689
-0.141359
-0.149023
-0.156695
-0.164393
-0.172132
-0.179934
-0.187826
-0.195836
-0.203948
-0.21212
-0.220852
-0.231436
-0.239614
-0.0994961
-0.108018
-0.116459
-0.124827
-0.133133
-0.141387
-0.149601
-0.157791
-0.165972
-0.174161
-0.18238
-0.19065
-0.198997
-0.207453
-0.216055
-0.224785
-0.23357
-0.24304
-0.254934
-0.263822
-0.112979
-0.122112
-0.131137
-0.140064
-0.148905
-0.157675
-0.166388
-0.175062
-0.183718
-0.192376
-0.201062
-0.209803
-0.218629
-0.227581
-0.236704
-0.245976
-0.255289
-0.265404
-0.278584
-0.28814
-0.127431
-0.137179
-0.146779
-0.156247
-0.165595
-0.174842
-0.184005
-0.193107
-0.202171
-0.211224
-0.220296
-0.229419
-0.238631
-0.247979
-0.257522
-0.267232
-0.276961
-0.287597
-0.301998
-0.312166
-0.142896
-0.153249
-0.163404
-0.173377
-0.183185
-0.192848
-0.20239
-0.211836
-0.221215
-0.23056
-0.239908
-0.249298
-0.258774
-0.268392
-0.278227
-0.28825
-0.298263
-0.309274
-0.324804
-0.335533
-0.159402
-0.170341
-0.181013
-0.191438
-0.201637
-0.211634
-0.221458
-0.23114
-0.240716
-0.250225
-0.259712
-0.269225
-0.278817
-0.288557
-0.298534
-0.308725
-0.31888
-0.330109
-0.346658
-0.357932
-0.176965
-0.188452
-0.199585
-0.210387
-0.220885
-0.231109
-0.241093
-0.250877
-0.260505
-0.270025
-0.279493
-0.288968
-0.298514
-0.308213
-0.318176
-0.328391
-0.338546
-0.349837
-0.367293
-0.379155
-0.19558
-0.207562
-0.219079
-0.230161
-0.24084
-0.251154
-0.261147
-0.270866
-0.280367
-0.289712
-0.298967
-0.308207
-0.317512
-0.326981
-0.336751
-0.346834
-0.356861
-0.368081
-0.386381
-0.39904
-0.215233
-0.227659
-0.239489
-0.250757
-0.261505
-0.271779
-0.281633
-0.291126
-0.300325
-0.309303
-0.318141
-0.326928
-0.335759
-0.344749
-0.354064
-0.363756
-0.373413
-0.384308
-0.403317
-0.417239
-0.235832
-0.248626
-0.260669
-0.272006
-0.282695
-0.292798
-0.302385
-0.311531
-0.320321
-0.328844
-0.337197
-0.345484
-0.353814
-0.362313
-0.371163
-0.380447
-0.389699
-0.400089
-0.419436
-0.434767
-0.257185
-0.270014
-0.281883
-0.29286
-0.303026
-0.31247
-0.321294
-0.329605
-0.337519
-0.345157
-0.352645
-0.360116
-0.367703
-0.375555
-0.383884
-0.392853
-0.402067
-0.412554
-0.43298
-0.451777
-0.279631
-0.292552
-0.304258
-0.31482
-0.324322
-0.332861
-0.340544
-0.34749
-0.35382
-0.359659
-0.365128
-0.370342
-0.3754
-0.380393
-0.385442
-0.390677
-0.395883
-0.401983
-0.418219
-0.443493
-0.0234546
-0.0274938
-0.0314604
-0.0353258
-0.0390501
-0.0425878
-0.0458914
-0.0489115
-0.0515974
-0.0538979
-0.0557626
-0.0571439
-0.0579986
-0.0582899
-0.0579895
-0.0570799
-0.0555566
-0.0534298
-0.0507267
-0.0474921
-0.0437892
-0.0396996
-0.0353196
-0.030764
-0.0261337
-0.0216063
-0.0170927
-0.0133102
-0.00839298
-0.00773093
-0.0249582
-0.0290277
-0.032992
-0.0368591
-0.040583
-0.04411
-0.0473909
-0.0503768
-0.0530173
-0.0552611
-0.0570583
-0.0583621
-0.0591304
-0.0593277
-0.0589275
-0.057914
-0.0562847
-0.054052
-0.051245
-0.0479105
-0.0441137
-0.0399379
-0.0354806
-0.030859
-0.0261721
-0.0216084
-0.017047
-0.0132968
-0.00822602
-0.00788561
-0.0277902
-0.0319256
-0.0358882
-0.0397606
-0.0434841
-0.04699
-0.0502262
-0.0531452
-0.0556971
-0.0578312
-0.0594983
-0.0606532
-0.0612563
-0.0612746
-0.0606847
-0.0594746
-0.0576454
-0.0552133
-0.0522112
-0.0486895
-0.0447169
-0.0403798
-0.0357785
-0.0310333
-0.0262428
-0.0216055
-0.0169766
-0.0132344
-0.00807304
-0.00799685
-0.031887
-0.036107
-0.0400591
-0.0439321
-0.0476478
-0.0511153
-0.0542795
-0.057095
-0.0595129
-0.061483
-0.0629581
-0.0638951
-0.0642577
-0.0640174
-0.0631551
-0.0616639
-0.05955
-0.056835
-0.0535571
-0.0497717
-0.0455519
-0.0409887
-0.0361858
-0.0312679
-0.0263336
-0.0215923
-0.0168769
-0.0131326
-0.00789512
-0.00806466
-0.0371908
-0.04151
-0.0454391
-0.0493035
-0.052998
-0.0564039
-0.059463
-0.0621331
-0.0643671
-0.0661161
-0.0673354
-0.0679852
-0.068034
-0.0674584
-0.0662456
-0.0643948
-0.0619189
-0.058846
-0.0552205
-0.0511039
-0.0465751
-0.0417297
-0.0366761
-0.0315436
-0.0264319
-0.021561
-0.0167434
-0.0129876
-0.00767976
-0.00808539
-0.0436893
-0.0481111
-0.0519969
-0.0558349
-0.0594855
-0.0627971
-0.0657095
-0.068185
-0.070179
-0.0716446
-0.0725403
-0.0728326
-0.0724943
-0.071509
-0.0698711
-0.0675875
-0.0646785
-0.0611799
-0.0571432
-0.0526367
-0.0477451
-0.0425699
-0.0372241
-0.031842
-0.0265252
-0.0215032
-0.0165723
-0.012793
-0.00742966
-0.008043
-0.0513849
-0.055902
-0.0597159
-0.0635003
-0.0670734
-0.0702478
-0.0729622
-0.0751854
-0.0768759
-0.0779904
-0.0784919
-0.0783527
-0.0775535
-0.0760854
-0.0739511
-0.071166
-0.067759
-0.063774
-0.0592701
-0.0543227
-0.0490228
-0.0434776
-0.0378055
-0.0321451
-0.0266017
-0.0214105
-0.0163605
-0.012543
-0.00714891
-0.00791845
-0.0602947
-0.0648857
-0.0685898
-0.0722817
-0.075731
-0.0787128
-0.0811672
-0.0830707
-0.0843866
-0.0850758
-0.0851077
-0.0844618
-0.0831276
-0.0811052
-0.0784065
-0.0750562
-0.0710923
-0.0665671
-0.0615476
-0.0561161
-0.0503703
-0.0444226
-0.038397
-0.0324356
-0.0266499
-0.0212748
-0.0161054
-0.0122318
-0.0068426
-0.00769289
-0.0704391
-0.0750654
-0.0786128
-0.0821603
-0.0854247
-0.088145
-0.0902658
-0.0917729
-0.0926351
-0.0928191
-0.0923022
-0.0910728
-0.0891302
-0.0864843
-0.0831573
-0.0791836
-0.0746104
-0.0694987
-0.063923
-0.0579723
-0.0517506
-0.0453751
-0.0389761
-0.0326968
-0.0266592
-0.0210883
-0.0158057
-0.0118537
-0.00651768
-0.00734866
-0.0818317
-0.0864353
-0.0897711
-0.0931079
-0.0961099
-0.098486
-0.100188
-0.101213
-0.101535
-0.10113
-0.0999824
-0.0980924
-0.0954697
-0.0921351
-0.0881211
-0.0834722
-0.0782449
-0.0725081
-0.0663438
-0.059847
-0.0531275
-0.0463064
-0.0395208
-0.0329127
-0.0266196
-0.0208437
-0.0154612
-0.0114041
-0.00618294
-0.00687023
-0.0944667
-0.0989688
-0.102034
-0.105079
-0.107724
-0.109659
-0.110848
-0.111297
-0.110988
-0.109905
-0.108045
-0.105419
-0.102049
-0.0979651
-0.0932121
-0.087844
-0.081926
-0.0755344
-0.0687578
-0.0616964
-0.0544653
-0.0471882
-0.0400102
-0.0330678
-0.0265225
-0.0205345
-0.0150728
-0.0108787
-0.00584851
-0.00624534
-0.108304
-0.112607
-0.115343
-0.118001
-0.120178
-0.121565
-0.122138
-0.121911
-0.120877
-0.119028
-0.116377
-0.112944
-0.108763
-0.103878
-0.0983421
-0.0922198
-0.0855839
-0.0785172
-0.0711139
-0.0634781
-0.0557299
-0.0479939
-0.0404249
-0.0331481
-0.02636
-0.0201549
-0.0146427
-0.0102746
-0.00552533
-0.00546583
-0.123255
-0.127248
-0.129607
-0.131769
-0.133353
-0.134077
-0.133927
-0.132924
-0.13107
-0.128372
-0.124853
-0.120548
-0.115503
-0.109773
-0.103422
-0.0965205
-0.0891498
-0.0813978
-0.0733628
-0.0651518
-0.0568893
-0.0486987
-0.0407471
-0.033141
-0.0261263
-0.0197005
-0.0141744
-0.00959011
-0.00522439
-0.00452826
-0.139169
-0.14274
-0.144692
-0.146242
-0.147098
-0.14704
-0.146062
-0.144184
-0.141421
-0.137795
-0.133343
-0.128112
-0.12216
-0.115553
-0.108363
-0.10067
-0.0925587
-0.0841213
-0.0754593
-0.0666809
-0.0579151
-0.049281
-0.040962
-0.0330361
-0.0258174
-0.0191681
-0.0136721
-0.00882525
-0.00495602
-0.00343427
-0.155825
-0.15888
-0.160424
-0.161239
-0.16123
-0.160278
-0.15837
-0.155526
-0.151775
-0.147154
-0.141713
-0.135514
-0.128625
-0.121122
-0.113085
-0.104598
-0.0957515
-0.0866388
-0.0773638
-0.0680341
-0.0587833
-0.049723
-0.0410581
-0.0328259
-0.0254314
-0.0185566
-0.0131413
-0.0079817
-0.00472934
-0.00219047
-0.172937
-0.175424
-0.176593
-0.17655
-0.175545
-0.173595
-0.17067
-0.16678
-0.161973
-0.156303
-0.149834
-0.142639
-0.134798
-0.126394
-0.117513
-0.108244
-0.0986779
-0.0889098
-0.0790442
-0.0691865
-0.0594757
-0.0500119
-0.0410281
-0.032506
-0.0249691
-0.0178669
-0.012588
-0.00706304
-0.00455172
-0.000808031
-0.190161
-0.192098
-0.192962
-0.191943
-0.189824
-0.186794
-0.182776
-0.177778
-0.171863
-0.165107
-0.157586
-0.149385
-0.140592
-0.131296
-0.121588
-0.111558
-0.101299
-0.0909036
-0.0804772
-0.070121
-0.0599808
-0.0501402
-0.040869
-0.0320756
-0.0244336
-0.017102
-0.0120188
-0.00607491
-0.00442836
0.000697906
-0.207118
-0.208624
-0.209284
-0.207179
-0.203853
-0.199681
-0.194516
-0.188362
-0.181309
-0.173449
-0.16487
-0.155668
-0.145937
-0.135772
-0.125265
-0.114507
-0.103588
-0.0926007
-0.0816491
-0.0708285
-0.0602938
-0.0501062
-0.0405822
-0.0315374
-0.0238305
-0.0162669
-0.0114403
-0.0050248
-0.00436169
0.00230859
-0.223427
-0.224743
-0.225322
-0.222028
-0.217433
-0.212083
-0.205736
-0.198399
-0.190194
-0.18123
-0.171605
-0.161423
-0.150784
-0.139784
-0.128516
-0.117069
-0.105532
-0.0939927
-0.0825559
-0.0713082
-0.0604166
-0.0499133
-0.0401735
-0.0308974
-0.0231674
-0.0153688
-0.0108592
-0.00392182
-0.00435163
0.00400286
-0.238737
-0.240244
-0.240863
-0.236292
-0.230398
-0.223856
-0.216308
-0.207781
-0.198433
-0.188382
-0.177738
-0.166611
-0.155103
-0.143312
-0.131329
-0.119239
-0.107129
-0.0950819
-0.0832023
-0.0715666
-0.0603572
-0.0495701
-0.0396522
-0.0301647
-0.0224533
-0.0144166
-0.0102818
-0.00277637
-0.00439599
0.00575832
-0.25276
-0.254977
-0.255734
-0.24981
-0.242623
-0.234894
-0.226142
-0.216436
-0.205966
-0.194861
-0.183239
-0.171213
-0.158887
-0.146356
-0.133708
-0.121025
-0.10839
-0.09588
-0.0836011
-0.0716166
-0.0601289
-0.0490891
-0.0390308
-0.0293505
-0.0216985
-0.0134203
-0.00971373
-0.00159972
-0.00449078
0.00755231
-0.265289
-0.268871
-0.269817
-0.262474
-0.254027
-0.245127
-0.235181
-0.224321
-0.212766
-0.200654
-0.188105
-0.175234
-0.162145
-0.148929
-0.13567
-0.122445
-0.109334
-0.0964064
-0.0837712
-0.0714764
-0.0597487
-0.0484863
-0.0383237
-0.028468
-0.0209138
-0.0123908
-0.00916001
-0.000403657
-0.00463058
0.00936279
-0.27622
-0.281932
-0.283043
-0.274231
-0.264574
-0.254521
-0.2434
-0.231424
-0.218834
-0.205768
-0.19235
-0.178695
-0.164902
-0.151058
-0.137242
-0.123526
-0.109987
-0.0966862
-0.0837364
-0.0711676
-0.0592367
-0.0477793
-0.0375467
-0.0275312
-0.02011
-0.0113396
-0.00862478
0.000800082
-0.00480899
0.011169
-0.285552
-0.294244
-0.295404
-0.285081
-0.27427
-0.263078
-0.250808
-0.237762
-0.224191
-0.210232
-0.196008
-0.181631
-0.167194
-0.152778
-0.138459
-0.124302
-0.110381
-0.0967481
-0.0835229
-0.0707141
-0.0586142
-0.0469872
-0.036716
-0.0265546
-0.0192972
-0.0102777
-0.00811122
0.00200016
-0.005019
0.0129521
-0.293415
-0.305961
-0.306934
-0.295069
-0.283149
-0.270822
-0.257431
-0.243368
-0.228875
-0.214086
-0.199121
-0.184083
-0.169061
-0.15413
-0.139359
-0.124808
-0.110547
-0.0966213
-0.0831573
-0.0701397
-0.0579023
-0.0461286
-0.035847
-0.0255523
-0.0184853
-0.00921617
-0.00762205
0.0031858
-0.00525382
0.0146955
-0.300111
-0.317306
-0.317703
-0.30426
-0.291251
-0.277779
-0.263301
-0.248276
-0.232925
-0.217372
-0.201731
-0.186095
-0.170545
-0.155151
-0.139977
-0.125075
-0.110516
-0.096334
-0.0826651
-0.0694672
-0.0571213
-0.0452217
-0.0349551
-0.0245384
-0.0176838
-0.00816608
-0.00716023
0.00434655
-0.0055074
0.0163848
-0.306106
-0.328553
-0.327826
-0.312764
-0.298637
-0.284004
-0.268479
-0.25255
-0.236407
-0.220157
-0.203902
-0.187727
-0.171704
-0.155897
-0.140364
-0.125152
-0.110331
-0.0959235
-0.0820793
-0.0687259
-0.0562959
-0.0442876
-0.0340566
-0.0235271
-0.016901
-0.00713709
-0.0067258
0.00547336
-0.00577114
0.0180068
-0.3121
-0.339979
-0.337649
-0.320928
-0.305558
-0.28971
-0.273162
-0.256375
-0.23949
-0.222595
-0.205777
-0.189108
-0.172655
-0.156472
-0.140615
-0.125123
-0.110065
-0.0954555
-0.0814556
-0.0679614
-0.0554613
-0.0433524
-0.0331659
-0.0225271
-0.0161335
-0.00612808
-0.00630426
0.00656488
-0.00602597
0.0195511
-0.320075
-0.352125
-0.347619
-0.329136
-0.312243
-0.295066
-0.277485
-0.259855
-0.242256
-0.224748
-0.207401
-0.190274
-0.173423
-0.156897
-0.140744
-0.124998
-0.109729
-0.0949354
-0.0807959
-0.0671723
-0.0546114
-0.0424071
-0.0322696
-0.0215243
-0.0153632
-0.00512459
-0.00587873
0.00763063
-0.00626394
0.0210202
-0.339721
-0.365577
-0.355606
-0.335285
-0.31686
-0.298487
-0.280062
-0.261772
-0.243626
-0.225659
-0.207918
-0.190454
-0.173316
-0.156545
-0.14019
-0.124276
-0.108876
-0.0939779
-0.0797781
-0.0661004
-0.0535577
-0.0413259
-0.0313132
-0.020509
-0.0146463
-0.00418048
-0.00556414
0.00863994
-0.00660393
0.0224402
-0.391293
-0.374183
-0.354791
-0.334023
-0.315326
-0.29683
-0.27842
-0.260174
-0.242066
-0.224119
-0.206378
-0.188898
-0.171734
-0.154937
-0.138566
-0.122652
-0.107282
-0.0924358
-0.0783379
-0.0647666
-0.0524128
-0.0403069
-0.0305791
-0.0198236
-0.0143678
-0.0036853
-0.0057126
0.00928659
-0.00719726
0.0236001
-0.410085
-0.377837
-0.354596
-0.333467
-0.314215
-0.295367
-0.276758
-0.258373
-0.240162
-0.222144
-0.20436
-0.186861
-0.169702
-0.152932
-0.136608
-0.120758
-0.105471
-0.0907203
-0.0767394
-0.0632867
-0.0510863
-0.0391051
-0.0295758
-0.0189076
-0.0137236
-0.00299254
-0.00545736
0.00993707
-0.0074289
0.0245534
-0.413917
-0.376301
-0.352965
-0.332053
-0.312534
-0.293512
-0.274802
-0.25635
-0.238102
-0.220074
-0.202305
-0.184843
-0.167741
-0.151042
-0.134801
-0.11904
-0.103848
-0.0891946
-0.0753155
-0.0619624
-0.0498738
-0.0379891
-0.0285954
-0.0180011
-0.0130108
-0.00226778
-0.00507842
0.0105915
-0.00753728
0.0254816
-0.41349
-0.373308
-0.350783
-0.330285
-0.310687
-0.291625
-0.27289
-0.25442
-0.236168
-0.218153
-0.200414
-0.182998
-0.165955
-0.149325
-0.13316
-0.117482
-0.102376
-0.0878088
-0.0740206
-0.0607562
-0.0487677
-0.036969
-0.0276975
-0.0171678
-0.0123554
-0.00159491
-0.00472986
0.0112105
-0.00764536
0.0263782
-0.410929
-0.370216
-0.348543
-0.328396
-0.308794
-0.289746
-0.271013
-0.252539
-0.23429
-0.21629
-0.198581
-0.181207
-0.164218
-0.147653
-0.13156
-0.115958
-0.100933
-0.0864506
-0.0727522
-0.059577
-0.0476901
-0.0359795
-0.0268328
-0.0163695
-0.0117351
-0.000957259
-0.00440966
0.0117999
-0.00776089
0.0272434
-0.406735
-0.366977
-0.346208
-0.32639
-0.306855
-0.287859
-0.269145
-0.250678
-0.232439
-0.214458
-0.196778
-0.179447
-0.162512
-0.146009
-0.129985
-0.114459
-0.0995136
-0.0851147
-0.0715053
-0.0584193
-0.0466338
-0.0350126
-0.0259896
-0.0155953
-0.0111346
-0.000344541
-0.00410215
0.0123635
-0.00787219
0.0280752
-0.401558
-0.363634
-0.343754
-0.324281
-0.304883
-0.285975
-0.267299
-0.248851
-0.230629
-0.212671
-0.195024
-0.177737
-0.160854
-0.144413
-0.128457
-0.113004
-0.0981368
-0.0838193
-0.0702968
-0.0572984
-0.0456115
-0.0340788
-0.0251753
-0.0148508
-0.0105561
0.00024129
-0.00380584
0.0128999
-0.00797601
0.02887
-0.3959
-0.360308
-0.341233
-0.322114
-0.30291
-0.284113
-0.265493
-0.247075
-0.228876
-0.210945
-0.193334
-0.17609
-0.15926
-0.142878
-0.126988
-0.111606
-0.0968137
-0.082575
-0.0691363
-0.056223
-0.0446314
-0.0331852
-0.0243966
-0.0141412
-0.0100042
0.000796706
-0.00352331
0.0134067
-0.00807278
0.0296246
-0.390079
-0.35707
-0.3387
-0.31994
-0.300963
-0.282295
-0.263741
-0.245362
-0.227193
-0.209292
-0.191717
-0.174517
-0.157737
-0.141413
-0.125586
-0.110271
-0.0955516
-0.0813885
-0.0680303
-0.0551991
-0.0436989
-0.0323367
-0.0236577
-0.0134701
-0.00948209
0.00131925
-0.00325638
0.0138821
-0.00816272
0.0303355
-0.384312
-0.353958
-0.336202
-0.317799
-0.299068
-0.280538
-0.26206
-0.243726
-0.22559
-0.207723
-0.190184
-0.173026
-0.156296
-0.140027
-0.124259
-0.109009
-0.094358
-0.0802669
-0.0669852
-0.0542326
-0.0428194
-0.0315378
-0.0229624
-0.0128408
-0.00899228
0.00180689
-0.00300631
0.0143243
-0.00824566
0.0309998
-0.378754
-0.351005
-0.333783
-0.315728
-0.297251
-0.278861
-0.260465
-0.242181
-0.224082
-0.206248
-0.188745
-0.171629
-0.154946
-0.138728
-0.123017
-0.107828
-0.0932409
-0.0792177
-0.0660081
-0.0533297
-0.0419984
-0.0307933
-0.022315
-0.0122564
-0.00853731
0.00225763
-0.00277429
0.0147319
-0.00832143
0.0316145
-0.373519
-0.348241
-0.331483
-0.313761
-0.295535
-0.277285
-0.258973
-0.24074
-0.22268
-0.20488
-0.187413
-0.170336
-0.153697
-0.137527
-0.121869
-0.106736
-0.0922085
-0.0782484
-0.0651058
-0.0524966
-0.0412415
-0.0301079
-0.0217194
-0.0117202
-0.00811972
0.0026695
-0.00256153
0.0151034
-0.00838988
0.0321766
-0.368692
-0.345698
-0.329341
-0.31193
-0.293942
-0.275826
-0.257598
-0.239418
-0.221396
-0.203629
-0.186196
-0.169157
-0.152558
-0.136433
-0.120823
-0.105741
-0.0912684
-0.0773661
-0.0642849
-0.0517393
-0.0405538
-0.0294861
-0.0211794
-0.0112352
-0.00774189
0.00304067
-0.00236918
0.0154373
-0.00845092
0.0326836
-0.364341
-0.343404
-0.327392
-0.310264
-0.292495
-0.274505
-0.256356
-0.238227
-0.220242
-0.202508
-0.185107
-0.168101
-0.151539
-0.135454
-0.119887
-0.104852
-0.090428
-0.0765776
-0.0635516
-0.0510633
-0.0399403
-0.028932
-0.0206984
-0.0108042
-0.00740603
0.00336944
-0.00219831
0.0157325
-0.00850447
0.0331329
-0.360519
-0.341384
-0.325665
-0.308786
-0.291214
-0.273337
-0.255261
-0.237181
-0.219231
-0.201526
-0.184153
-0.167177
-0.150648
-0.134599
-0.11907
-0.104074
-0.0896939
-0.0758891
-0.0629116
-0.0504736
-0.0394054
-0.0284494
-0.0202797
-0.0104296
-0.00711416
0.00365426
-0.00204991
0.0159876
-0.00855047
0.0335224
-0.357271
-0.339662
-0.324186
-0.30752
-0.290116
-0.272338
-0.254328
-0.23629
-0.218371
-0.200692
-0.183344
-0.166394
-0.149893
-0.133874
-0.118377
-0.103416
-0.0890722
-0.0753062
-0.0623699
-0.0499747
-0.0389531
-0.0280418
-0.0199262
-0.0101139
-0.00686806
0.00389378
-0.00192485
0.0162019
-0.00858887
0.0338501
-0.354631
-0.338259
-0.322977
-0.306483
-0.289218
-0.271521
-0.253566
-0.235564
-0.217671
-0.200014
-0.182687
-0.165759
-0.14928
-0.133286
-0.117815
-0.102883
-0.0885683
-0.0748338
-0.061931
-0.0495707
-0.038587
-0.0277121
-0.0196404
-0.00985889
-0.00666927
0.00408684
-0.00182386
0.0163743
-0.00861962
0.0341142
-0.352628
-0.337191
-0.322054
-0.305692
-0.288533
-0.270899
-0.252986
-0.235012
-0.21714
-0.1995
-0.182189
-0.165277
-0.148816
-0.13284
-0.117389
-0.102478
-0.0881864
-0.0744759
-0.0615985
-0.0492648
-0.0383099
-0.0274626
-0.0194241
-0.0096662
-0.00651905
0.00423248
-0.00174757
0.0165043
-0.00864271
0.0343136
-0.351282
-0.336471
-0.321432
-0.305158
-0.28807
-0.270479
-0.252595
-0.23464
-0.216782
-0.199154
-0.181854
-0.164954
-0.148504
-0.132541
-0.117103
-0.102206
-0.0879299
-0.0742356
-0.0613753
-0.0490595
-0.0381239
-0.0272952
-0.0192791
-0.00953706
-0.00641837
0.00432998
-0.00169645
0.0165912
-0.00865811
0.0344471
-0.350605
-0.336109
-0.321119
-0.304889
-0.287837
-0.270267
-0.252398
-0.234453
-0.216602
-0.19898
-0.181686
-0.164791
-0.148347
-0.13239
-0.11696
-0.10207
-0.0878011
-0.0741149
-0.0612632
-0.0489564
-0.0380305
-0.0272112
-0.0192064
-0.00947228
-0.00636786
0.00437886
-0.00167081
0.0166347
-0.00866581
0.034514
)
;

boundaryField
{
    inlet
    {
        type            zeroGradient;
    }
    outlet
    {
        type            fixedValue;
        value           uniform 0;
    }
    cylinder
    {
        type            zeroGradient;
    }
    top
    {
        type            symmetryPlane;
    }
    bottom
    {
        type            symmetryPlane;
    }
    defaultFaces
    {
        type            empty;
    }
}


// ************************************************************************* //
