/*--------------------------------*- C++ -*----------------------------------*\
  =========                 |
  \\      /  F ield         | OpenFOAM: The Open Source CFD Toolbox
   \\    /   O peration     | Website:  https://openfoam.org
    \\  /    A nd           | Version:  7
     \\/     M anipulation  |
\*---------------------------------------------------------------------------*/
FoamFile
{
    version     2.0;
    format      ascii;
    class       volScalarField;
    location    "40";
    object      p;
}
// * * * * * * * * * * * * * * * * * * * * * * * * * * * * * * * * * * * * * //

dimensions      [0 2 -2 0 0 0 0];

internalField   nonuniform List<scalar> 
6386
(
-0.201113
-0.203418
-0.205905
-0.208611
-0.207941
-0.211585
-0.210586
-0.214875
-0.213493
-0.211296
-0.218532
-0.216709
-0.214079
-0.210833
-0.222617
-0.22028
-0.217173
-0.213423
-0.227189
-0.224253
-0.220628
-0.216345
-0.211893
-0.232302
-0.228679
-0.224494
-0.219649
-0.21465
-0.209727
-0.238006
-0.233601
-0.228819
-0.223386
-0.2178
-0.21222
-0.206251
-0.244344
-0.239062
-0.233646
-0.227595
-0.221368
-0.215031
-0.208134
-0.200607
-0.251349
-0.245097
-0.239016
-0.232311
-0.225365
-0.218141
-0.210123
-0.201087
-0.189548
-0.259038
-0.251731
-0.244959
-0.237551
-0.229782
-0.221506
-0.212137
-0.201404
-0.188404
-0.17577
-0.267416
-0.258981
-0.251491
-0.243316
-0.23459
-0.225054
-0.214074
-0.20147
-0.186897
-0.172727
-0.276467
-0.266845
-0.258611
-0.24958
-0.239728
-0.228676
-0.215816
-0.2012
-0.185008
-0.169413
-0.286152
-0.275302
-0.266291
-0.25629
-0.2451
-0.232233
-0.21724
-0.200518
-0.182709
-0.165772
-0.296405
-0.284306
-0.274473
-0.263358
-0.250568
-0.235565
-0.218227
-0.199356
-0.179963
-0.161754
-0.307127
-0.293778
-0.283064
-0.270657
-0.255956
-0.238503
-0.218666
-0.197646
-0.17673
-0.157307
-0.318186
-0.303606
-0.291933
-0.278016
-0.261055
-0.240876
-0.218447
-0.195325
-0.172962
-0.152383
-0.329413
-0.313637
-0.300906
-0.285217
-0.265642
-0.24252
-0.217471
-0.192326
-0.168604
-0.146931
-0.340602
-0.32368
-0.30977
-0.292007
-0.269485
-0.243278
-0.215641
-0.188583
-0.163601
-0.140903
-0.351508
-0.333505
-0.318268
-0.298107
-0.272357
-0.243001
-0.212862
-0.184027
-0.157895
-0.134253
-0.361856
-0.342847
-0.326111
-0.303224
-0.274041
-0.241553
-0.209046
-0.178592
-0.151427
-0.12694
-0.371341
-0.351409
-0.332982
-0.307067
-0.274334
-0.238807
-0.204107
-0.172208
-0.144142
-0.118924
-0.379637
-0.358873
-0.338546
-0.309355
-0.273053
-0.234647
-0.197964
-0.164812
-0.135984
-0.110169
-0.386406
-0.364904
-0.342469
-0.309829
-0.270031
-0.22897
-0.190544
-0.156343
-0.126908
-0.100645
-0.391307
-0.369162
-0.344428
-0.308254
-0.265126
-0.221684
-0.181778
-0.146746
-0.116874
-0.090333
-0.394006
-0.371311
-0.344122
-0.304427
-0.258218
-0.21271
-0.171604
-0.135969
-0.105851
-0.0792242
-0.394186
-0.371033
-0.341285
-0.298182
-0.249211
-0.201986
-0.159972
-0.123965
-0.0937995
-0.0672692
-0.391555
-0.368034
-0.335693
-0.289386
-0.238033
-0.189468
-0.146849
-0.110703
-0.0806582
-0.0543035
-0.38586
-0.362058
-0.327167
-0.277946
-0.224639
-0.175129
-0.13222
-0.096179
-0.0663859
-0.0400629
-0.376884
-0.352895
-0.315576
-0.263808
-0.209011
-0.15896
-0.116082
-0.0804127
-0.0510477
-0.02453
-0.364463
-0.34039
-0.300834
-0.246952
-0.191151
-0.140968
-0.0984407
-0.0634213
-0.0347327
-0.00855747
-0.348484
-0.32444
-0.282906
-0.227394
-0.17109
-0.121176
-0.0793352
-0.0452581
-0.0172602
0.0078613
-0.328886
-0.305
-0.2618
-0.205188
-0.148882
-0.0996431
-0.0588622
-0.0259346
0.00119581
0.0249465
-0.305667
-0.282082
-0.23758
-0.180424
-0.124607
-0.0764676
-0.0370488
-0.00548558
0.0205197
0.0427274
-0.278876
-0.255757
-0.210381
-0.153208
-0.0983521
-0.0517208
-0.0139599
0.0160048
0.0406387
0.0611305
-0.248617
-0.226162
-0.180404
-0.12361
-0.0702313
-0.0254954
0.0103094
0.0384473
0.0614841
0.0800504
-0.215055
-0.193502
-0.147755
-0.0917359
-0.0404142
0.0020773
0.035647
0.0617468
0.0829844
0.0994043
-0.178417
-0.158066
-0.112162
-0.0580609
-0.00907216
0.0308531
0.0619277
0.0858033
0.105056
0.119088
-0.138916
-0.120087
-0.074082
-0.0226382
0.0236
0.0606734
0.0890282
0.110523
0.12755
0.138719
-0.0967505
-0.0791759
-0.0346425
0.0142744
0.057416
0.0913797
0.116847
0.135835
0.150188
0.157458
-0.0523048
-0.0362306
0.00630284
0.052404
0.092169
0.122813
0.145293
0.16167
0.172709
0.174855
-0.00605733
0.00848634
0.0485793
0.0914875
0.127632
0.154796
0.174221
0.187835
0.195156
0.192915
0.0417288
0.0545348
0.0918835
0.131255
0.16357
0.187127
0.203387
0.213944
0.217531
0.216379
0.0906484
0.101517
0.135869
0.171425
0.199742
0.219586
0.232527
0.239824
0.240445
0.239971
0.140274
0.149045
0.180177
0.211704
0.235897
0.25195
0.261473
0.265537
0.263615
0.262282
0.190176
0.19672
0.22445
0.251793
0.271783
0.283994
0.29005
0.290951
0.286623
0.283681
0.23992
0.244144
0.268329
0.291394
0.307146
0.315502
0.318091
0.315895
0.309152
0.30418
0.289075
0.290916
0.311463
0.330208
0.341733
0.346259
0.345419
0.340193
0.331027
0.32383
0.337214
0.336641
0.353507
0.367946
0.375298
0.376059
0.371857
0.363677
0.352103
0.342597
0.383918
0.380933
0.394126
0.404324
0.4076
0.404695
0.397229
0.38619
0.372259
0.360426
0.428782
0.423419
0.432997
0.439068
0.438407
0.431973
0.421368
0.407586
0.391377
0.377245
0.471417
0.463742
0.469812
0.47192
0.4675
0.457702
0.444112
0.427728
0.409347
0.392975
0.511456
0.501564
0.504281
0.502631
0.494668
0.481706
0.46531
0.446485
0.426061
0.407541
0.548554
0.53657
0.536133
0.530974
0.519717
0.503818
0.48482
0.463738
0.441417
0.42087
0.582392
0.56847
0.565118
0.556737
0.542467
0.523884
0.502511
0.479373
0.455321
0.432892
0.612678
0.596998
0.591008
0.579728
0.562755
0.541766
0.518265
0.493289
0.467685
0.443545
0.639154
0.621918
0.613602
0.599775
0.580434
0.557339
0.531977
0.505396
0.478433
0.452777
0.661592
0.643025
0.632723
0.616729
0.595379
0.570497
0.543555
0.515615
0.487498
0.460542
0.679799
0.660144
0.648221
0.630465
0.607482
0.581149
0.552924
0.52388
0.494823
0.466798
0.69362
0.673132
0.659974
0.640878
0.616656
0.58922
0.56002
0.530138
0.500364
0.471514
0.702934
0.681882
0.66789
0.647889
0.622832
0.594653
0.564797
0.534349
0.504091
0.474684
0.707659
0.686319
0.671904
0.651445
0.625964
0.597409
0.56722
0.536487
0.505991
0.476322
0.707753
0.686406
0.671983
0.651516
0.626027
0.597464
0.567267
0.536528
0.50603
0.476368
0.703214
0.682139
0.668124
0.648099
0.623016
0.594813
0.564932
0.534463
0.504189
0.47477
0.694077
0.673552
0.660356
0.641217
0.616952
0.589473
0.560232
0.53031
0.500501
0.471618
0.680421
0.660714
0.648739
0.630922
0.607878
0.581483
0.553198
0.524099
0.494991
0.466917
0.66236
0.643731
0.633362
0.61729
0.59586
0.570899
0.543881
0.515871
0.487691
0.460677
0.640049
0.622742
0.614347
0.600425
0.580987
0.557797
0.532344
0.505683
0.47865
0.452932
0.61368
0.597923
0.591842
0.580452
0.563367
0.54227
0.518669
0.493606
0.467927
0.443721
0.58348
0.569478
0.566026
0.557523
0.54313
0.524429
0.502949
0.479719
0.45559
0.433092
0.549711
0.537645
0.537101
0.531812
0.520423
0.504399
0.48529
0.464113
0.441715
0.421097
0.512663
0.50269
0.505298
0.503511
0.49541
0.482321
0.465812
0.446893
0.426391
0.407797
0.47266
0.464907
0.470866
0.472834
0.468275
0.458349
0.444646
0.428168
0.40971
0.393261
0.430048
0.424613
0.434081
0.440013
0.439212
0.43265
0.421935
0.408061
0.391774
0.377562
0.385198
0.382147
0.395233
0.405295
0.408433
0.405404
0.397829
0.3867
0.372691
0.360774
0.338502
0.33787
0.354633
0.36894
0.376158
0.376798
0.372491
0.364224
0.352571
0.342976
0.290367
0.292155
0.312605
0.331224
0.342621
0.347031
0.346089
0.340777
0.331532
0.324238
0.241213
0.245391
0.269486
0.292431
0.308061
0.316305
0.318796
0.316516
0.309697
0.304619
0.191469
0.197974
0.22562
0.252851
0.272726
0.28483
0.290791
0.291611
0.287212
0.284152
0.141569
0.150306
0.181362
0.212783
0.236868
0.252819
0.26225
0.266236
0.264254
0.262801
0.0919469
0.102788
0.137069
0.172527
0.200741
0.220489
0.233341
0.240562
0.24114
0.24057
0.0430344
0.0558169
0.0931006
0.132381
0.164599
0.188065
0.204239
0.214717
0.218279
0.217128
-0.00474094
0.00978292
0.0498155
0.0926376
0.128691
0.155769
0.175114
0.188651
0.195951
0.193839
-0.0509735
-0.0349162
0.00756042
0.0535802
0.0932586
0.123821
0.146225
0.162528
0.173532
0.175766
-0.095401
-0.0778396
-0.0333613
0.015478
0.0585365
0.0924207
0.117814
0.136729
0.151026
0.15831
-0.137543
-0.118726
-0.0727754
-0.021406
0.0247514
0.0617461
0.0900268
0.111447
0.128405
0.139546
-0.177017
-0.156676
-0.110826
-0.056799
-0.00788926
0.0319569
0.0629555
0.0867544
0.105933
0.119918
-0.213625
-0.192082
-0.146385
-0.0904436
-0.0391991
0.00321218
0.0367037
0.062725
0.0838844
0.100247
-0.247153
-0.224708
-0.179001
-0.122283
-0.0689826
-0.0243292
0.0113954
0.0394528
0.0624087
0.0809088
-0.277376
-0.254267
-0.208943
-0.151845
-0.0970702
-0.0505227
-0.0128442
0.017038
0.0415883
0.0620076
-0.304128
-0.280554
-0.236105
-0.179025
-0.123291
-0.075237
-0.0359029
-0.00442418
0.0214951
0.0436259
-0.327307
-0.303431
-0.260285
-0.203751
-0.147531
-0.0983796
-0.0576853
-0.0248441
0.00219774
0.0258681
-0.346863
-0.322829
-0.28135
-0.225918
-0.169702
-0.119878
-0.0781273
-0.0441376
-0.0162307
0.00880593
-0.362801
-0.338737
-0.299238
-0.245436
-0.189726
-0.139635
-0.0972001
-0.0622708
-0.0336736
-0.00759139
-0.37518
-0.3512
-0.313937
-0.262252
-0.207547
-0.157592
-0.114808
-0.0792305
-0.0499559
-0.0235443
-0.384114
-0.360321
-0.325486
-0.276349
-0.223138
-0.173724
-0.130911
-0.0949645
-0.0652618
-0.0390389
-0.389769
-0.366257
-0.33397
-0.287748
-0.236492
-0.188026
-0.145506
-0.109456
-0.0795027
-0.0532445
-0.392361
-0.369217
-0.339522
-0.296503
-0.24763
-0.200507
-0.158594
-0.122685
-0.0926135
-0.0661799
-0.392146
-0.36946
-0.34232
-0.302709
-0.256599
-0.211193
-0.170189
-0.134654
-0.104634
-0.0781059
-0.389414
-0.367277
-0.342589
-0.306496
-0.263468
-0.220129
-0.180327
-0.145397
-0.115624
-0.0891845
-0.384483
-0.36299
-0.340597
-0.308034
-0.268334
-0.227377
-0.189056
-0.154958
-0.125623
-0.0994642
-0.377688
-0.356933
-0.336644
-0.307525
-0.271319
-0.233017
-0.196438
-0.163391
-0.134665
-0.108955
-0.36937
-0.349448
-0.331053
-0.305205
-0.272565
-0.237139
-0.202543
-0.170749
-0.142785
-0.117674
-0.359867
-0.340868
-0.324161
-0.301334
-0.272237
-0.239848
-0.207443
-0.177093
-0.150032
-0.125652
-0.349504
-0.331512
-0.3163
-0.296192
-0.270522
-0.24126
-0.211221
-0.182489
-0.156459
-0.132926
-0.338587
-0.321677
-0.307788
-0.290071
-0.267621
-0.241502
-0.213961
-0.187002
-0.162122
-0.139532
-0.327391
-0.311628
-0.298915
-0.283264
-0.263752
-0.240711
-0.215753
-0.190703
-0.16708
-0.145514
-0.31616
-0.301594
-0.289936
-0.276051
-0.259144
-0.239036
-0.21669
-0.193657
-0.17139
-0.150915
-0.3051
-0.291766
-0.281066
-0.268685
-0.254026
-0.236634
-0.21687
-0.195933
-0.175108
-0.155785
-0.29438
-0.282296
-0.272475
-0.261381
-0.248625
-0.233671
-0.216394
-0.197595
-0.178287
-0.160172
-0.284131
-0.273296
-0.264296
-0.254313
-0.243148
-0.230316
-0.21537
-0.198708
-0.180974
-0.164125
-0.274451
-0.264845
-0.256622
-0.247605
-0.23777
-0.22674
-0.213911
-0.199339
-0.183211
-0.167694
-0.265405
-0.256987
-0.249509
-0.241346
-0.23263
-0.223103
-0.212137
-0.199558
-0.185033
-0.17093
-0.257032
-0.249743
-0.242984
-0.235587
-0.227823
-0.219543
-0.21017
-0.199441
-0.186469
-0.173887
-0.249347
-0.243115
-0.237049
-0.230353
-0.223407
-0.216168
-0.208127
-0.199072
-0.242345
-0.237085
-0.231685
-0.225644
-0.219411
-0.213049
-0.206111
-0.19854
-0.236008
-0.231628
-0.226863
-0.221439
-0.215843
-0.210229
-0.204201
-0.230303
-0.226709
-0.222542
-0.217705
-0.212692
-0.207724
-0.225187
-0.222285
-0.218679
-0.214401
-0.209931
-0.220613
-0.218312
-0.215224
-0.211478
-0.216526
-0.214744
-0.212131
-0.208884
-0.21287
-0.211533
-0.209351
-0.209583
-0.208636
-0.206624
-0.206007
-0.20394
-0.201486
-0.10023
-0.108253
-0.115716
-0.122643
-0.129057
-0.134981
-0.140442
-0.145463
-0.150066
-0.154274
-0.158112
-0.0863408
-0.0940422
-0.101297
-0.108129
-0.114559
-0.120609
-0.1263
-0.131653
-0.136693
-0.141452
-0.145971
-0.0739395
-0.0812774
-0.0882651
-0.0949277
-0.101289
-0.107372
-0.113201
-0.118805
-0.124215
-0.129472
-0.134621
-0.0629279
-0.0699162
-0.0766384
-0.083116
-0.0893706
-0.0954234
-0.101297
-0.107015
-0.112601
-0.118081
-0.123467
-0.053186
-0.0598305
-0.0662709
-0.072524
-0.0786064
-0.0845343
-0.0903225
-0.0959849
-0.10153
-0.106968
-0.112293
-0.0445453
-0.0508359
-0.0569676
-0.0629523
-0.068802
-0.0745282
-0.0801398
-0.0856461
-0.0910524
-0.0963714
-0.101606
-0.0368183
-0.0427568
-0.0485693
-0.0542653
-0.0598542
-0.0653452
-0.0707465
-0.0760681
-0.0813185
-0.0865138
-0.0916594
-0.0298937
-0.0354867
-0.0409803
-0.0463825
-0.0517008
-0.0569435
-0.0621184
-0.0672347
-0.0722987
-0.0773205
-0.0822982
-0.0236877
-0.0289441
-0.0341224
-0.0392294
-0.044271
-0.0492536
-0.0541832
-0.0590661
-0.0639058
-0.0687079
-0.0734719
-0.0181172
-0.0230479
-0.0279172
-0.0327305
-0.0374924
-0.0422077
-0.0468811
-0.0515174
-0.0561203
-0.0606957
-0.0652469
-0.0130942
-0.0177145
-0.0222862
-0.0268135
-0.0313003
-0.0357506
-0.0401687
-0.044559
-0.0489253
-0.0532724
-0.057603
-0.00856251
-0.0128876
-0.0171742
-0.0214256
-0.0256451
-0.0298365
-0.0340033
-0.038149
-0.0422766
-0.0463894
-0.0504896
-0.00446253
-0.00850919
-0.0125247
-0.0165122
-0.0204748
-0.0244153
-0.0283366
-0.0322414
-0.0361325
-0.0400125
-0.0438842
-0.000749507
-0.00453369
-0.00829194
-0.012028
-0.0157445
-0.0194436
-0.0231275
-0.0267988
-0.0304599
-0.0341131
-0.037761
0.00261019
-0.000925211
-0.00443948
-0.00793617
-0.0114174
-0.0148851
-0.0183409
-0.021787
-0.0252255
-0.0286582
-0.0320873
0.00565713
0.00235629
-0.000927819
-0.00419793
-0.00745582
-0.010703
-0.0139409
-0.0171712
-0.0203957
-0.0236159
-0.0268335
0.00842758
0.00534641
0.00227845
-0.000778281
-0.00382518
-0.00686345
-0.00989436
-0.0129193
-0.0159395
-0.0189565
-0.0219716
0.0109481
0.00807265
0.00520758
0.00235154
-0.000496483
-0.00333747
-0.00617245
-0.0090025
-0.0118287
-0.0146522
-0.0174742
0.0132442
0.0105612
0.00788633
0.00521868
0.00255763
-9.75615e-05
-0.00274771
-0.00539367
-0.00803632
-0.0106765
-0.0133151
0.0153385
0.0128352
0.0103381
0.00784684
0.00536114
0.00288046
0.000404141
-0.00206845
-0.00453798
-0.00700508
-0.00947048
0.0172551
0.0149175
0.0125857
0.010259
0.0079372
0.00561977
0.0033063
0.000996355
-0.00131055
-0.0036149
-0.00591724
0.0190086
0.0168245
0.0146465
0.0124734
0.0103047
0.00813989
0.00597882
0.00382121
0.00166675
-0.000484927
-0.00263422
-0.00478144
0.0206065
0.0185673
0.0165334
0.0145039
0.0124784
0.0104565
0.00843813
0.00642325
0.00441161
0.002403
0.000397139
-0.00160614
0.0220658
0.0201621
0.0182626
0.016367
0.014475
0.0125864
0.0107014
0.00881978
0.00694155
0.0050666
0.00319477
0.001326
0.0234022
0.0216238
0.0198491
0.0180778
0.0163098
0.0145453
0.0127842
0.0110267
0.00927273
0.0075223
0.00577537
0.00403194
0.0246244
0.0229622
0.0213031
0.0196472
0.0179945
0.0163452
0.0146995
0.0130573
0.0114189
0.00978426
0.00815347
0.0065266
0.0257422
0.0241874
0.0226354
0.0210865
0.0195408
0.0179984
0.0164595
0.0149244
0.0133931
0.0118659
0.0103428
0.00882407
0.0267635
0.025308
0.0238552
0.0224052
0.0209584
0.0195149
0.018075
0.0166389
0.0152068
0.013779
0.0123556
0.0109369
0.0276955
0.0263316
0.0249702
0.0236116
0.0222561
0.0209039
0.0195554
0.0182108
0.0168703
0.0155343
0.0142028
0.0128763
0.0285444
0.0272648
0.0259876
0.0247131
0.0234417
0.0221736
0.0209092
0.0196488
0.0183926
0.017141
0.0158942
0.0146524
0.0293154
0.0281132
0.0269134
0.0257161
0.0245219
0.023331
0.0221438
0.0209606
0.0197818
0.0186076
0.0174383
0.0162742
0.0300132
0.0288818
0.0277527
0.0266261
0.0255025
0.0243822
0.0232656
0.022153
0.0210448
0.0199413
0.0188428
0.0177496
0.0306418
0.029575
0.0285102
0.0274479
0.0263885
0.0253324
0.02428
0.0232316
0.0221876
0.0211483
0.020114
0.0190851
0.0312058
0.0301969
0.0291901
0.0281859
0.0271846
0.0261865
0.025192
0.0242016
0.0232155
0.0222341
0.0212577
0.0202865
0.0317067
0.0307497
0.029795
0.0288428
0.0278936
0.0269475
0.026005
0.0250665
0.0241322
0.0232025
0.0222778
0.0213584
0.0321449
0.0312346
0.0303263
0.0294205
0.0285175
0.0276177
0.0267213
0.0258287
0.0249404
0.0240565
0.0231775
0.0223036
0.0325235
0.0316539
0.0307864
0.0299212
0.0290587
0.0281993
0.0273432
0.0264908
0.0256425
0.0247985
0.0239593
0.023125
0.0328429
0.0320083
0.0311757
0.0303453
0.0295175
0.0286926
0.0278709
0.0270528
0.0262386
0.0254286
0.0246231
0.0238223
0.0331041
0.0322987
0.0314951
0.0306937
0.0298948
0.0290986
0.0283055
0.0275158
0.0267298
0.0259477
0.0251698
0.0243965
0.0333024
0.0325202
0.0317398
0.0309615
0.0301855
0.0294121
0.0286417
0.0278744
0.0271106
0.0263505
0.0255943
0.0248423
0.0334438
0.0326784
0.0319147
0.031153
0.0303933
0.0296361
0.0288816
0.0281299
0.0273814
0.0266363
0.0258948
0.0251571
0.0335079
0.0327541
0.032002
0.0312518
0.0305037
0.0297579
0.0290144
0.0282736
0.0275355
0.0268004
0.0260683
0.0253394
0.185027
0.166961
0.150127
0.133615
0.116184
0.0984827
0.0811803
0.0643581
0.0479739
0.0320765
0.0167242
0.00194199
-0.0122561
-0.025789
-0.0388193
-0.0509072
-0.0620944
-0.0725617
-0.0823977
-0.0916187
0.175699
0.158193
0.14012
0.124206
0.108387
0.0922296
0.0764527
0.0613081
0.0466731
0.0324935
0.0188119
0.0056974
-0.00675861
-0.0183586
-0.0297423
-0.0405953
-0.0507879
-0.0604058
-0.0695283
-0.0781734
0.164727
0.148363
0.130575
0.11562
0.101683
0.0874559
0.0733672
0.05986
0.0468916
0.0343552
0.0222742
0.0107298
-0.000232403
-0.0106778
-0.0212607
-0.0313143
-0.0407347
-0.0496427
-0.0581311
-0.0662283
0.153305
0.138419
0.121833
0.108051
0.0957312
0.0832433
0.0706868
0.0585728
0.0469809
0.035788
0.0249492
0.0144814
0.00440162
-0.00526714
-0.0142584
-0.0232102
-0.0318948
-0.0401742
-0.0480769
-0.0556533
0.142574
0.129247
0.114165
0.101596
0.0906197
0.0796121
0.0684351
0.0575611
0.0471605
0.0371406
0.0274301
0.0180406
0.00900924
0.000359275
-0.00792082
-0.0161509
-0.0241663
-0.0318529
-0.0392218
-0.0463222
0.132886
0.120975
0.107411
0.0960187
0.0861779
0.0764152
0.0664591
0.0566974
0.0473414
0.038339
0.0296099
0.0211419
0.0129555
0.00505463
-0.00256969
-0.0101383
-0.0175001
-0.0245936
-0.0314421
-0.0380847
0.124211
0.113537
0.101411
0.0911414
0.0822936
0.0735881
0.0647015
0.0559332
0.0474969
0.0393745
0.0314917
0.0238261
0.0163954
0.00920991
0.0022411
-0.00477024
-0.0115792
-0.0181516
-0.0245287
-0.0307452
0.116456
0.106869
0.0960642
0.0868446
0.0788787
0.0710789
0.0631214
0.0552329
0.0476082
0.0402501
0.0330924
0.0260998
0.0192671
0.012598
0.00610345
-8.81108e-05
-0.00627934
-0.0123948
-0.0183657
-0.0241919
0.109535
0.100917
0.0913005
0.0830385
0.0758576
0.0688405
0.0616896
0.0545771
0.0476726
0.0409909
0.0344798
0.0281073
0.0218725
0.015787
0.00986087
0.00410103
-0.00164163
-0.00732428
-0.0128942
-0.0183432
0.103364
0.0956105
0.0870517
0.0796485
0.0731649
0.0668301
0.0603818
0.0539536
0.0476895
0.0416095
0.0356735
0.0298529
0.0241438
0.0185522
0.0130806
0.00773106
0.00240694
-0.00285865
-0.00803455
-0.0131169
0.0978613
0.0908782
0.0832524
0.076612
0.0707473
0.065011
0.0591779
0.0533535
0.0476586
0.0421144
0.0366899
0.0313602
0.0261199
0.0209726
0.0159188
0.0109553
0.00601088
0.00112552
-0.00368331
-0.00841982
0.0929465
0.0866494
0.0798436
0.0738776
0.0685618
0.0633533
0.0580612
0.0527704
0.0475817
0.0425155
0.0375477
0.0326578
0.0278405
0.023099
0.0184332
0.0138349
0.0092314
0.00468944
0.000218012
-0.00419574
0.0885477
0.082861
0.0767742
0.0714031
0.0665747
0.0618334
0.0570191
0.052201
0.047463
0.0428235
0.0382634
0.0337652
0.0293239
0.0249405
0.0206158
0.0163468
0.0121119
0.00790591
0.00374072
-0.000380799
0.0846013
0.0794574
0.074001
0.0691543
0.0647593
0.0604333
0.056043
0.0516453
0.04731
0.0430532
0.0388597
0.0347144
0.0306122
0.0265529
0.0225384
0.0185739
0.0146892
0.0107995
0.00691775
0.00306619
0.0810515
0.076391
0.0714875
0.0671034
0.0630946
0.0591393
0.055127
0.0511048
0.0471312
0.0432202
0.0393599
0.0355384
0.031752
0.0280017
0.0242901
0.0206198
0.0169976
0.013376
0.00976212
0.00617166
0.0778504
0.0736205
0.0692027
0.0652274
0.0615635
0.0579404
0.0542663
0.0505809
0.0469329
0.0433348
0.0397772
0.0362504
0.0327514
0.029281
0.0258405
0.022431
0.0190552
0.0156836
0.0123215
0.00897821
0.0749563
0.0711107
0.0671204
0.0635071
0.0601521
0.0568272
0.0534567
0.0500739
0.0467198
0.043405
0.040122
0.0368632
0.033626
0.030411
0.0272192
0.0240511
0.0209076
0.0177682
0.0146384
0.0115244
0.0723335
0.0688313
0.0652183
0.0619262
0.0588482
0.055792
0.0526948
0.0495846
0.046496
0.043438
0.0404049
0.0373903
0.0343923
0.0314114
0.0284483
0.0255034
0.0225764
0.0196521
0.0167372
0.0138358
0.0699513
0.0667564
0.063477
0.0604708
0.057642
0.0548282
0.0519774
0.0491135
0.0462652
0.0434407
0.0406352
0.0378438
0.0350648
0.0322987
0.0295462
0.0268073
0.0240813
0.0213557
0.0186398
0.0159364
0.067783
0.0648638
0.0618802
0.0591289
0.0565246
0.0539301
0.051302
0.0486608
0.0460306
0.0434185
0.0408208
0.0382336
0.0356557
0.0330876
0.0305302
0.0279833
0.0254453
0.0229013
0.0203686
0.0178489
0.0658057
0.0631342
0.0604136
0.0578902
0.0554885
0.0530925
0.0506662
0.0482267
0.0457945
0.0433756
0.0409673
0.0385664
0.0361719
0.0337845
0.0314049
0.0290334
0.0266696
0.0243071
0.0219497
0.019599
0.0639998
0.0615511
0.0590649
0.0567459
0.0545274
0.0523115
0.0500682
0.0478118
0.0455597
0.0433171
0.0410817
0.038851
0.0366241
0.0344014
0.0321832
0.0299707
0.0277664
0.0255827
0.0233929
0.0211991
0.0623482
0.0601003
0.0578236
0.0556883
0.0536359
0.0515838
0.049507
0.0474174
0.0453298
0.0432487
0.0411726
0.0390994
0.0370287
0.0349612
0.0328975
0.0308389
0.0287865
0.0267439
0.0246983
0.022651
0.0608361
0.0587696
0.0566806
0.0547107
0.0528091
0.0509062
0.0489809
0.0470435
0.0451062
0.043173
0.041243
0.0393144
0.0373872
0.0354618
0.0335389
0.0316193
0.0297038
0.0277945
0.0258842
0.0239737
0.0594505
0.0575479
0.0556274
0.0538068
0.0520423
0.0502753
0.0484882
0.0466894
0.0448894
0.0430916
0.0412954
0.0394996
0.0377041
0.0359094
0.0341161
0.032325
0.0305367
0.0287525
0.026968
0.0251839
0.05818
0.0564258
0.0546567
0.052971
0.0513312
0.0496882
0.048027
0.0463547
0.0446801
0.0430063
0.0413329
0.0396589
0.0379844
0.0363099
0.0346361
0.0329636
0.0312929
0.0296249
0.0279569
0.0262896
0.0570145
0.0553947
0.053762
0.0521983
0.0506721
0.049142
0.0475957
0.0460388
0.0444789
0.0429185
0.0413576
0.0397955
0.0382322
0.0366683
0.0351045
0.0335413
0.0319793
0.0304191
0.0288589
0.0272996
0.0559455
0.0544472
0.0529374
0.0514843
0.0500614
0.0486344
0.0471927
0.0457413
0.0442861
0.0428296
0.0413717
0.0399122
0.0384511
0.036989
0.0355264
0.0340639
0.0326021
0.0311415
0.0296811
0.0282214
0.0549653
0.0535769
0.0521779
0.0508249
0.0494962
0.0481631
0.0468169
0.0454615
0.0441019
0.0427404
0.041377
0.0400115
0.0386442
0.0372754
0.0359059
0.0345362
0.0331667
0.031798
0.0304294
0.0290616
0.0540674
0.0527784
0.0514792
0.0502169
0.0489737
0.0477262
0.0464669
0.045199
0.0439267
0.0426519
0.0413749
0.0400955
0.038814
0.0375309
0.0362468
0.0349621
0.0336775
0.0323934
0.0311093
0.029826
0.0532462
0.0520468
0.0508375
0.0496573
0.0484919
0.047322
0.0461417
0.0449533
0.0437605
0.0425648
0.0413666
0.0401658
0.0389628
0.037758
0.0365521
0.0353454
0.0341386
0.032932
0.0317253
0.0305196
0.0524973
0.0513784
0.0502498
0.0491437
0.0480486
0.0469492
0.0458405
0.0447243
0.0436035
0.0424797
0.0413531
0.0402239
0.0390924
0.037959
0.0368244
0.0356889
0.0345531
0.0334173
0.0322814
0.0311465
0.0518167
0.05077
0.0497136
0.0486741
0.0476426
0.0466067
0.0455625
0.0445114
0.0434559
0.0423971
0.0413355
0.0402712
0.0392045
0.0381361
0.0370663
0.0359956
0.0349245
0.0338533
0.0327813
0.0317107
0.0512018
0.0502191
0.049227
0.048247
0.0472724
0.0462936
0.0453072
0.0443146
0.0433176
0.0423173
0.041314
0.0403081
0.0392999
0.0382899
0.0372784
0.0362661
0.0352533
0.0342406
0.0332282
0.0322164
0.0506505
0.0497241
0.0487888
0.0478616
0.0469376
0.0460094
0.0450745
0.0441339
0.043189
0.0422408
0.0412897
0.040336
0.03938
0.0384221
0.0374628
0.0365026
0.035542
0.0345817
0.0336235
0.032665
0.0501617
0.0492843
0.0483985
0.0475175
0.0466379
0.0457543
0.0448648
0.0439699
0.0430711
0.042169
0.0412641
0.0403566
0.039447
0.0385357
0.0376231
0.0367096
0.0357957
0.034882
0.0339693
0.0330568
0.0497352
0.0488996
0.048056
0.0472147
0.0463735
0.0455284
0.044678
0.0438228
0.0429639
0.0421018
0.041237
0.0403699
0.0395007
0.0386299
0.0377579
0.0368851
0.0360119
0.0351388
0.0342664
0.0333945
0.0493716
0.0485704
0.047762
0.046954
0.046145
0.0453322
0.0445148
0.0436931
0.0428679
0.0420398
0.0412092
0.0403763
0.0395416
0.0387054
0.0378681
0.0370301
0.0361918
0.0353536
0.034516
0.0336789
0.0490724
0.0482985
0.047518
0.0467366
0.0459534
0.0451668
0.044376
0.0435816
0.042784
0.0419837
0.0411812
0.0403767
0.0395706
0.0387631
0.0379547
0.0371457
0.0363364
0.0355273
0.0347188
0.0339109
0.0488403
0.048086
0.0473259
0.046564
0.0458001
0.045033
0.0442624
0.0434886
0.042712
0.0419331
0.0411522
0.0403696
0.0395856
0.0388006
0.0380147
0.0372285
0.0364422
0.0356561
0.0348707
0.034086
0.0486795
0.0479369
0.0471894
0.0464401
0.0456888
0.0449348
0.0441779
0.0434184
0.0426566
0.0418929
0.0411276
0.0403609
0.039593
0.0388244
0.0380552
0.0372857
0.0365162
0.035747
0.0349783
0.0342105
0.0485949
0.0478551
0.0471108
0.0463646
0.0456168
0.0448669
0.0441148
0.0433608
0.0426052
0.0418484
0.0410905
0.0403318
0.0395726
0.0388131
0.0380535
0.0372941
0.0365351
0.0357768
0.0350195
0.0342631
0.184582
0.186111
0.188923
0.192891
0.197801
0.203594
0.210067
0.217162
0.224626
0.232377
0.240047
0.247508
0.254199
0.259962
0.263926
0.266013
0.264777
0.260538
0.250448
0.235851
0.209246
0.183507
0.18497
0.187656
0.191435
0.196087
0.20154
0.207582
0.214137
0.220935
0.227872
0.234562
0.240856
0.246182
0.250365
0.252556
0.252641
0.249323
0.242732
0.230855
0.214536
0.192703
0.182326
0.183716
0.186257
0.189822
0.194184
0.19926
0.204826
0.210793
0.216876
0.222957
0.228637
0.233757
0.237754
0.240452
0.241064
0.239479
0.234638
0.22665
0.214423
0.198693
0.179798
0.181033
0.182343
0.184729
0.188064
0.192117
0.196794
0.201862
0.207219
0.21257
0.217782
0.222457
0.226426
0.229156
0.230468
0.229685
0.226685
0.220726
0.21187
0.199689
0.18457
0.167055
0.179625
0.180849
0.183072
0.186164
0.189895
0.194157
0.198714
0.203448
0.208064
0.212411
0.216109
0.218972
0.220525
0.220575
0.218588
0.214426
0.207636
0.198229
0.186118
0.17152
0.155046
0.178098
0.179232
0.181283
0.184121
0.187517
0.191351
0.195386
0.199489
0.203372
0.206869
0.209625
0.211443
0.211917
0.210847
0.207841
0.202757
0.195356
0.185633
0.173667
0.159679
0.144275
0.176448
0.177487
0.17936
0.181934
0.184984
0.188379
0.191885
0.195355
0.198514
0.201182
0.203041
0.203886
0.203384
0.201341
0.197486
0.191694
0.18387
0.174029
0.162339
0.149052
0.134712
0.174672
0.175613
0.177301
0.179602
0.182298
0.185246
0.188221
0.191062
0.193513
0.195386
0.1964
0.196353
0.194982
0.192109
0.187562
0.181249
0.173167
0.163368
0.152067
0.139511
0.126181
0.172769
0.173607
0.175105
0.177127
0.179463
0.181961
0.184407
0.18663
0.188397
0.189514
0.189744
0.188892
0.186759
0.183194
0.178103
0.171427
0.163232
0.153595
0.142751
0.130924
0.118545
0.170736
0.17147
0.172774
0.174511
0.176485
0.178534
0.180458
0.18208
0.183192
0.183602
0.183112
0.181545
0.178758
0.17463
0.169126
0.162225
0.154032
0.144642
0.134297
0.123189
0.111705
0.168574
0.169201
0.170308
0.171759
0.17337
0.174976
0.176389
0.177435
0.177926
0.177682
0.176542
0.174351
0.171012
0.166439
0.160641
0.153627
0.145528
0.136448
0.126624
0.116218
0.105577
0.166283
0.166801
0.16771
0.168876
0.170128
0.171299
0.172218
0.172715
0.172626
0.171786
0.170067
0.16734
0.163548
0.158637
0.152648
0.145614
0.137681
0.128953
0.11966
0.109933
0.100081
0.163865
0.164274
0.164986
0.165869
0.166767
0.167517
0.167964
0.167945
0.167321
0.165944
0.163717
0.160539
0.156387
0.151231
0.145139
0.13816
0.130447
0.122101
0.113336
0.104259
0.0951431
0.161321
0.161623
0.162139
0.162745
0.1633
0.163646
0.163645
0.163147
0.162034
0.160181
0.157518
0.15397
0.14954
0.144223
0.138102
0.131239
0.123786
0.115837
0.107592
0.0991316
0.0906981
0.158657
0.158853
0.159177
0.159514
0.159738
0.1597
0.15928
0.158342
0.156791
0.154523
0.151492
0.147649
0.143016
0.13761
0.131522
0.124821
0.117655
0.11011
0.102368
0.0944903
0.0866885
0.155877
0.155971
0.156108
0.156186
0.156094
0.155697
0.154889
0.153553
0.151614
0.14899
0.145656
0.141587
0.136819
0.131383
0.125379
0.118876
0.112015
0.104872
0.0976143
0.0902825
0.0830638
0.152989
0.152983
0.152941
0.152773
0.152384
0.151652
0.15049
0.148799
0.146522
0.1436
0.140026
0.135791
0.130946
0.125533
0.119652
0.113372
0.106826
0.10008
0.0932829
0.0864617
0.0797802
0.149999
0.149899
0.149687
0.149287
0.148621
0.147584
0.146103
0.1441
0.141535
0.138369
0.13461
0.130265
0.125395
0.120046
0.11432
0.108281
0.102053
0.0956926
0.0893321
0.0829866
0.0767995
0.146918
0.14673
0.146357
0.145742
0.144821
0.143507
0.141745
0.139472
0.136668
0.133308
0.129416
0.125011
0.120157
0.114908
0.109358
0.103573
0.0976609
0.0916727
0.0857243
0.079821
0.0740885
0.143756
0.143485
0.142964
0.142151
0.141
0.13944
0.137432
0.134933
0.131934
0.128429
0.124449
0.120025
0.115224
0.110101
0.104747
0.0992192
0.0936189
0.0879871
0.0824259
0.076933
0.0716183
0.140525
0.140179
0.139521
0.13853
0.137173
0.135399
0.133182
0.130495
0.127345
0.123737
0.119711
0.115305
0.110586
0.105611
0.100462
0.0951947
0.0898977
0.0846054
0.0794072
0.0742946
0.0693638
0.137238
0.136825
0.136045
0.134895
0.133357
0.131399
0.129008
0.126173
0.122911
0.119238
0.115202
0.110844
0.106232
0.101419
0.0964833
0.0914743
0.0864706
0.0815004
0.0766415
0.0718811
0.0673032
0.13391
0.133437
0.132549
0.13126
0.129568
0.127456
0.124925
0.121977
0.118639
0.114937
0.110921
0.106636
0.102148
0.0975094
0.0927904
0.0880353
0.0833135
0.0786477
0.0741055
0.069671
0.0654174
0.130557
0.130031
0.12905
0.127642
0.125821
0.123584
0.120945
0.117917
0.114536
0.110834
0.106864
0.102673
0.0983245
0.0938666
0.0893644
0.0848567
0.0804043
0.0760254
0.0717784
0.0676452
0.0636899
0.127194
0.126624
0.125564
0.124058
0.122131
0.119797
0.117079
0.114002
0.110606
0.10693
0.103028
0.0989475
0.094748
0.0904753
0.0861876
0.0819193
0.0777233
0.0736139
0.0696416
0.0657872
0.0621061
0.12384
0.123233
0.122109
0.120523
0.118514
0.116109
0.11334
0.11024
0.106854
0.103226
0.0994092
0.0954511
0.0914076
0.0873211
0.0832437
0.0792056
0.0752526
0.0713961
0.067679
0.0640821
0.0606533
0.120511
0.119875
0.1187
0.117053
0.114985
0.112532
0.109736
0.106636
0.103282
0.09972
0.0960025
0.0921759
0.0882923
0.0843908
0.0805179
0.0766999
0.0729765
0.0693564
0.0658763
0.0625171
0.0593203
0.117227
0.11657
0.115357
0.113666
0.111558
0.109079
0.106277
0.103198
0.099894
0.0964116
0.0928036
0.0891143
0.0853919
0.0816723
0.0779967
0.0743882
0.0708809
0.0674814
0.0642208
0.061081
0.0580972
0.114007
0.113334
0.112095
0.110377
0.108247
0.105761
0.102972
0.099931
0.0966907
0.0932995
0.0898083
0.0862593
0.0826972
0.0791547
0.0756683
0.0722581
0.0689534
0.0657591
0.0627017
0.0597638
0.0569755
0.110871
0.110188
0.108935
0.107202
0.105067
0.102589
0.0998292
0.0968396
0.0936746
0.0903826
0.0870125
0.0836047
0.0802001
0.0768285
0.0735222
0.0702988
0.0671833
0.0641795
0.0613094
0.0585572
0.0559481
0.107837
0.10715
0.105892
0.104158
0.10203
0.0995755
0.0968568
0.0939293
0.0908479
0.0876603
0.0844132
0.081145
0.0778933
0.0746853
0.0715494
0.068501
0.0655615
0.0627337
0.060036
0.057454
0.0550086
0.104927
0.104241
0.102985
0.10126
0.0991515
0.0967307
0.0940631
0.0912057
0.0882131
0.0851323
0.0820079
0.078876
0.0757712
0.0727183
0.0697423
0.066857
0.0640802
0.0614145
0.0588747
0.0564482
0.054152
0.102161
0.101479
0.100233
0.0985251
0.0964448
0.0940662
0.0914566
0.0886744
0.0857733
0.0827994
0.079795
0.0767944
0.0738292
0.070922
0.068095
0.0653604
0.0627334
0.0602159
0.0578201
0.0555349
0.0533739
0.0995593
0.0988844
0.0976533
0.0959697
0.0939242
0.0915936
0.0890465
0.0863418
0.0835324
0.0806632
0.0777744
0.0748984
0.0720641
0.0692924
0.066603
0.0640065
0.0615162
0.0591333
0.056868
0.0547104
0.0526713
0.097144
0.0964786
0.0952661
0.0936109
0.0916044
0.0893252
0.0868424
0.084215
0.0814952
0.0787264
0.075947
0.0731874
0.0704744
0.0678271
0.0652631
0.0627922
0.0604252
0.0581637
0.0560154
0.0539721
0.0520419
0.0949371
0.0942825
0.0930908
0.0914664
0.0895011
0.0872741
0.084855
0.0823027
0.079668
0.0769934
0.0743153
0.0716626
0.06906
0.0665253
0.0640742
0.0617156
0.0594587
0.057305
0.0552605
0.0533184
0.0514844
0.0929615
0.0923183
0.0911482
0.0895551
0.0876308
0.0854548
0.0830965
0.0806144
0.0780585
0.07547
0.0728837
0.0703269
0.0678228
0.065388
0.0630366
0.0607767
0.0586164
0.0565569
0.054603
0.0527489
0.0509984
0.0912415
0.0906094
0.0894604
0.0878974
0.0860118
0.0838831
0.0815805
0.0791619
0.0766764
0.0741641
0.0716583
0.0691853
0.0667667
0.0644182
0.0621525
0.0599773
0.0578995
0.0559204
0.0540436
0.0522643
0.0505848
0.089803
0.089181
0.0880511
0.0865152
0.0846642
0.0825772
0.080323
0.077959
0.0755336
0.0730858
0.0706479
0.068245
0.0658977
0.0636208
0.0614261
0.0593209
0.0573111
0.0553981
0.0535845
0.0518666
0.0502452
0.088674
0.0880605
0.0869465
0.0854332
0.0836106
0.0815576
0.0793425
0.0770224
0.0746448
0.0722481
0.0698637
0.067516
0.0652245
0.0630035
0.0608641
0.0588132
0.0568562
0.0549944
0.0532298
0.0515593
0.0499826
0.0878855
0.0872781
0.0861757
0.0846787
0.0828768
0.0808483
0.0786612
0.0763721
0.0740282
0.0716674
0.0693205
0.0670113
0.0647587
0.0625767
0.0604757
0.0584626
0.0565421
0.0547158
0.0529851
0.0513474
0.0498016
0.0874719
0.0868677
0.0857714
0.0842833
0.0824925
0.0804772
0.0783049
0.0760323
0.0737062
0.0713643
0.0690371
0.0667481
0.0645159
0.0623542
0.0602734
0.0582799
0.0563786
0.0545709
0.052858
0.0512375
0.049708
0.191375
0.193045
0.19618
0.200669
0.206352
0.213188
0.221031
0.230004
0.240019
0.251167
0.263386
0.276783
0.291302
0.307057
0.323971
0.342169
0.361511
0.382146
0.403779
0.426634
0.45005
0.191343
0.193009
0.196121
0.200554
0.206114
0.21291
0.220745
0.229686
0.239664
0.250775
0.262956
0.276316
0.290796
0.30651
0.323374
0.34151
0.360763
0.381276
0.402736
0.425416
0.448656
0.191276
0.192934
0.196037
0.200469
0.206079
0.212856
0.220644
0.229551
0.239488
0.250551
0.262671
0.275956
0.290339
0.305936
0.322653
0.340613
0.359647
0.379912
0.401066
0.423395
0.446139
0.191176
0.192832
0.195931
0.200364
0.205956
0.212723
0.220499
0.229385
0.239291
0.250309
0.262366
0.275568
0.289837
0.305288
0.321809
0.339524
0.358238
0.378113
0.398763
0.420496
0.442433
0.191044
0.192697
0.195792
0.200218
0.205785
0.21254
0.220293
0.229146
0.239006
0.249963
0.261934
0.275025
0.289142
0.304399
0.32066
0.338052
0.35634
0.375697
0.395673
0.416617
0.437493
0.190879
0.192528
0.195616
0.200037
0.205608
0.212313
0.220037
0.228848
0.238649
0.249528
0.261391
0.274342
0.288268
0.303282
0.319219
0.336206
0.353965
0.372677
0.391816
0.411783
0.431341
0.190681
0.192326
0.195406
0.19982
0.205369
0.212043
0.219732
0.228494
0.238225
0.249011
0.260745
0.273529
0.287227
0.301951
0.317502
0.334006
0.351132
0.369076
0.387215
0.406017
0.424002
0.190452
0.192092
0.195163
0.199566
0.205093
0.211731
0.219379
0.228084
0.237734
0.248412
0.259997
0.272587
0.286022
0.30041
0.315513
0.331458
0.34785
0.364905
0.381884
0.399338
0.415501
0.19019
0.191825
0.194887
0.199276
0.204779
0.211379
0.218979
0.227619
0.237177
0.247733
0.25915
0.271519
0.284656
0.298663
0.313257
0.328569
0.344129
0.360177
0.375838
0.391768
0.405868
0.189898
0.191527
0.194578
0.198949
0.204427
0.210986
0.218534
0.2271
0.236557
0.246976
0.258205
0.270329
0.283132
0.296715
0.310741
0.325348
0.339978
0.354905
0.369097
0.383333
0.395141
0.189574
0.191198
0.194241
0.198575
0.204034
0.210553
0.218043
0.22653
0.235875
0.246143
0.257166
0.269019
0.281456
0.29457
0.307973
0.321803
0.33541
0.349105
0.36168
0.374064
0.383361
0.189221
0.190838
0.193876
0.198229
0.203603
0.210082
0.21751
0.225909
0.235132
0.245237
0.256035
0.267593
0.279632
0.292236
0.304959
0.317945
0.330437
0.342796
0.353611
0.363994
0.370577
0.188838
0.190449
0.193473
0.197787
0.203139
0.209574
0.216934
0.22524
0.234332
0.24426
0.254816
0.266056
0.277665
0.289718
0.301708
0.313783
0.325073
0.335995
0.344914
0.353159
0.356841
0.188425
0.190033
0.193022
0.197325
0.202645
0.209031
0.216319
0.224523
0.233477
0.243216
0.253513
0.26441
0.27556
0.287023
0.298227
0.309327
0.319331
0.328721
0.335614
0.341598
0.342206
0.187985
0.189591
0.192609
0.196832
0.20212
0.208453
0.215665
0.223763
0.232568
0.242106
0.252128
0.262662
0.273323
0.284156
0.294527
0.304589
0.313227
0.320995
0.325738
0.329353
0.326725
0.187517
0.189118
0.192102
0.196311
0.201564
0.207841
0.214972
0.222959
0.231608
0.240933
0.250665
0.260813
0.270957
0.281124
0.290615
0.299579
0.306776
0.312838
0.315315
0.316466
0.310445
0.187022
0.188617
0.191579
0.195765
0.200978
0.207196
0.214243
0.22211
0.230595
0.239695
0.249121
0.258862
0.268463
0.277925
0.286493
0.294301
0.299992
0.304269
0.304376
0.302984
0.293396
0.186501
0.188099
0.191036
0.195196
0.20037
0.206529
0.21349
0.221236
0.22955
0.238416
0.247523
0.256837
0.265869
0.274593
0.282194
0.28879
0.292912
0.295325
0.29297
0.288972
0.275598
0.185954
0.187547
0.190472
0.19461
0.19975
0.205856
0.212737
0.220367
0.228515
0.237149
0.245933
0.25481
0.263252
0.271202
0.277786
0.283097
0.285567
0.28601
0.281075
0.274411
0.256928
0.185382
0.186959
0.18986
0.193958
0.199043
0.20507
0.211842
0.219324
0.227269
0.235629
0.244043
0.25243
0.260226
0.26734
0.272848
0.276802
0.277577
0.276001
0.268533
0.258981
0.23679
0.185382
0.186954
0.189869
0.19399
0.199103
0.205159
0.21196
0.219468
0.227434
0.235804
0.244217
0.252586
0.260346
0.267408
0.272849
0.276735
0.277428
0.275767
0.268239
0.25867
0.236741
0.18596
0.187573
0.190555
0.194775
0.200013
0.20623
0.213227
0.220974
0.22923
0.237958
0.246808
0.25572
0.264147
0.272041
0.278503
0.283658
0.285909
0.286146
0.281021
0.27432
0.257032
0.18651
0.188147
0.191166
0.195437
0.200742
0.207043
0.214149
0.222037
0.230479
0.239453
0.248633
0.25798
0.266992
0.275644
0.283111
0.289527
0.293427
0.295611
0.293082
0.288988
0.2758
0.187031
0.188666
0.191708
0.196003
0.201343
0.2077
0.214888
0.222894
0.231506
0.240714
0.250219
0.260003
0.269601
0.279012
0.287472
0.295125
0.300625
0.304681
0.304629
0.303096
0.293656
0.187525
0.189166
0.19223
0.196545
0.201924
0.208339
0.215612
0.223739
0.23252
0.241962
0.251784
0.261989
0.272147
0.28228
0.291685
0.300509
0.307535
0.313378
0.315693
0.316669
0.31074
0.187993
0.18964
0.192745
0.197069
0.202484
0.208957
0.216313
0.224557
0.2335
0.243161
0.253283
0.263885
0.274573
0.285387
0.295689
0.305624
0.314103
0.321654
0.32623
0.329642
0.327045
0.188433
0.190083
0.193148
0.197566
0.203014
0.209541
0.216975
0.225329
0.234425
0.244293
0.254698
0.265673
0.276863
0.288319
0.299472
0.310456
0.320315
0.329491
0.336208
0.341966
0.342542
0.188846
0.190499
0.193606
0.19803
0.20351
0.210089
0.217598
0.226055
0.235294
0.245357
0.256029
0.267355
0.279017
0.291076
0.303028
0.315
0.326156
0.336868
0.345602
0.3536
0.35719
0.189229
0.190889
0.194011
0.198467
0.203976
0.210601
0.218179
0.226733
0.236107
0.246352
0.257273
0.268927
0.281029
0.293651
0.306349
0.319244
0.331611
0.343765
0.354385
0.364501
0.370935
0.189583
0.19125
0.194379
0.198835
0.20441
0.211076
0.218718
0.227362
0.236861
0.247275
0.258427
0.270384
0.282895
0.296037
0.309427
0.323177
0.336667
0.350163
0.362531
0.37463
0.383724
0.189906
0.19158
0.194717
0.199195
0.204806
0.211512
0.219214
0.22794
0.237554
0.248123
0.259487
0.271722
0.284608
0.298228
0.312253
0.326791
0.34131
0.356041
0.370018
0.383952
0.395508
0.190199
0.191879
0.195026
0.199527
0.205161
0.211908
0.219664
0.228466
0.238185
0.248894
0.260451
0.272938
0.286165
0.300219
0.314821
0.330073
0.345528
0.361384
0.376821
0.392434
0.406238
0.19046
0.192146
0.195303
0.199819
0.205478
0.212263
0.220068
0.228937
0.23875
0.249584
0.261315
0.274028
0.287561
0.302004
0.317122
0.333017
0.349309
0.366176
0.382922
0.400045
0.415873
0.19069
0.192382
0.195547
0.200075
0.205754
0.212577
0.220425
0.229352
0.239248
0.250194
0.262077
0.274989
0.288792
0.303578
0.319151
0.335613
0.352642
0.370402
0.388301
0.40676
0.424376
0.190888
0.192584
0.195758
0.200294
0.206002
0.212849
0.220732
0.22971
0.239678
0.250719
0.262735
0.275819
0.289854
0.304937
0.320903
0.337853
0.355519
0.37405
0.392943
0.412557
0.431716
0.191054
0.192754
0.195934
0.200476
0.206178
0.213079
0.220991
0.230011
0.24004
0.251161
0.263287
0.276515
0.290745
0.306076
0.322371
0.339733
0.357932
0.37711
0.396834
0.417417
0.437869
0.191187
0.19289
0.196075
0.200622
0.206348
0.213262
0.221198
0.230251
0.240327
0.251511
0.263725
0.277067
0.291453
0.306984
0.323542
0.341233
0.35986
0.379559
0.399953
0.421319
0.442811
0.191287
0.192993
0.196183
0.200731
0.206469
0.213395
0.221348
0.230425
0.240536
0.251767
0.264047
0.277475
0.291978
0.307658
0.324415
0.342354
0.361302
0.38139
0.402285
0.424239
0.446518
0.191354
0.193066
0.196265
0.20082
0.206536
0.213493
0.221478
0.230587
0.240736
0.252015
0.264355
0.277856
0.292453
0.308248
0.325149
0.343261
0.362422
0.382756
0.40395
0.426257
0.449017
0.191386
0.193099
0.196307
0.200888
0.206668
0.213618
0.221613
0.230742
0.240914
0.252218
0.264589
0.278125
0.292765
0.308613
0.325582
0.343783
0.363063
0.38355
0.404927
0.427406
0.45034
0.0872576
0.0866514
0.0855515
0.0840585
0.0822617
0.0802395
0.0780598
0.0757793
0.0734453
0.0710954
0.0687601
0.0664633
0.0642235
0.0620545
0.0599667
0.0579667
0.0560591
0.0542456
0.0525273
0.0509018
0.0493678
0.0876725
0.0870632
0.0859572
0.0844553
0.0826473
0.080612
0.0784174
0.0761205
0.0737686
0.0713997
0.0690447
0.0667275
0.0644673
0.0622778
0.0601697
0.0581498
0.056223
0.0543908
0.0526545
0.0510117
0.0494612
0.0884637
0.0878482
0.0867306
0.0852123
0.0833837
0.0813239
0.0791013
0.0767733
0.0743876
0.0719827
0.0695901
0.0672342
0.0649348
0.0627062
0.0605595
0.0585016
0.056538
0.05467
0.0528995
0.0512236
0.0496418
0.0895963
0.0889724
0.0878389
0.0862981
0.084441
0.0823472
0.0800855
0.0777136
0.07528
0.0728238
0.0703775
0.0679663
0.0656108
0.0633259
0.0611236
0.059011
0.0569942
0.0550746
0.0532548
0.051531
0.0499041
0.0910395
0.0904054
0.0892529
0.087685
0.0857934
0.083658
0.0813478
0.0789212
0.0764274
0.0739066
0.0713922
0.0689106
0.0664835
0.0641267
0.0618529
0.05967
0.0575847
0.0555985
0.0537149
0.0519292
0.0502437
0.0927649
0.0921198
0.0909463
0.0893485
0.0874182
0.0852354
0.0828696
0.0803795
0.0778153
0.0752181
0.0726229
0.0700573
0.0675444
0.0651009
0.062741
0.0604728
0.0583045
0.0562374
0.0542761
0.0524149
0.0506578
0.0947467
0.0940904
0.0928953
0.0912662
0.0892951
0.0870614
0.0846349
0.0820745
0.0794315
0.0767481
0.074061
0.0713991
0.0687874
0.0662436
0.0637836
0.0614162
0.0591508
0.0569888
0.0549363
0.0529865
0.0511451
0.0969605
0.0962934
0.0950776
0.0934179
0.0914058
0.08912
0.0866299
0.0839946
0.0812664
0.0784887
0.0757002
0.0729312
0.0702088
0.0675521
0.0649787
0.0624985
0.0601224
0.057852
0.055695
0.0536433
0.0517051
0.0993832
0.0987067
0.0974724
0.0957845
0.0937336
0.0913967
0.0888425
0.0861299
0.0833122
0.0804341
0.0775362
0.0746507
0.0718068
0.0690253
0.0663261
0.0637199
0.0612199
0.0588276
0.0565529
0.0543863
0.0523384
0.101993
0.101309
0.10006
0.0983483
0.0962628
0.0938782
0.0912618
0.088472
0.0855627
0.0825801
0.0795666
0.0765565
0.0735814
0.0706643
0.0678272
0.0650824
0.0624453
0.0599177
0.057512
0.055217
0.0530466
0.104767
0.104079
0.102821
0.101092
0.0989786
0.0965522
0.093878
0.0910134
0.088013
0.0849237
0.0817902
0.078649
0.0755344
0.0724713
0.069485
0.0665892
0.063802
0.0611256
0.0585754
0.0561385
0.0538322
0.107686
0.106997
0.105736
0.103999
0.101867
0.0994069
0.0966821
0.0937479
0.090659
0.0874632
0.0842075
0.0809301
0.0776687
0.0744506
0.0713042
0.0682452
0.0652949
0.0624562
0.0597475
0.0571546
0.0546986
0.110728
0.110044
0.108788
0.107052
0.104913
0.102431
0.0996654
0.0966695
0.0934977
0.0901981
0.0868197
0.083403
0.0799889
0.0766074
0.0732908
0.0700567
0.0669303
0.0639153
0.061034
0.0582705
0.0556503
0.113873
0.113198
0.111958
0.110237
0.108104
0.105613
0.10282
0.0997729
0.0965263
0.0931282
0.0896292
0.0860719
0.0825009
0.0789488
0.0754523
0.0720316
0.0687159
0.0655104
0.0624416
0.0594921
0.0566926
0.117101
0.116443
0.115228
0.113535
0.111425
0.108942
0.106136
0.103053
0.0997427
0.0962541
0.0926392
0.0889422
0.0852115
0.0814829
0.0777977
0.074179
0.070661
0.0672503
0.0639784
0.060827
0.0578319
0.120393
0.119757
0.118581
0.116932
0.114862
0.112406
0.109607
0.106503
0.103145
0.0995769
0.0958534
0.09202
0.0881289
0.0842192
0.0803373
0.0765097
0.0727761
0.0691452
0.065654
0.0622834
0.0590755
0.12373
0.123123
0.121998
0.120411
0.118401
0.115994
0.113222
0.110119
0.10673
0.103097
0.0992759
0.0953121
0.0912622
0.0871684
0.083083
0.079036
0.0750736
0.0712069
0.0674792
0.0638713
0.060432
0.127093
0.126523
0.125462
0.123955
0.122028
0.119693
0.116974
0.113894
0.110496
0.106817
0.102911
0.0988261
0.0946213
0.0903425
0.086048
0.0817718
0.0775673
0.0734487
0.0694666
0.0656019
0.0619111
0.130463
0.129938
0.128957
0.127549
0.125727
0.12349
0.12085
0.117822
0.114439
0.110736
0.106763
0.10257
0.0982171
0.0937546
0.0892469
0.0847327
0.080273
0.075886
0.0716302
0.0674878
0.0635239
0.133824
0.133351
0.132464
0.131175
0.129484
0.127372
0.124842
0.121894
0.118556
0.114854
0.110837
0.106551
0.102061
0.0974187
0.0926959
0.0879359
0.0832083
0.0785358
0.0739862
0.0695438
0.065283
0.13716
0.136747
0.135968
0.134819
0.133283
0.131326
0.128936
0.126103
0.122841
0.11917
0.115135
0.110777
0.106164
0.10135
0.0964123
0.0914002
0.0863926
0.0814174
0.0765528
0.0717861
0.0672028
0.140453
0.140108
0.139452
0.138462
0.137107
0.135335
0.133121
0.130437
0.127289
0.123683
0.11966
0.115256
0.110539
0.105564
0.100415
0.0951466
0.0898476
0.0845524
0.0793504
0.0742336
0.0692995
0.143691
0.143422
0.142901
0.142091
0.140942
0.139386
0.137381
0.134885
0.13189
0.128389
0.124414
0.119994
0.115196
0.110076
0.104724
0.0991974
0.0935974
0.0879649
0.0824023
0.0769074
0.0715919
0.14686
0.146672
0.146301
0.145689
0.144771
0.143461
0.141703
0.139436
0.136636
0.133283
0.129396
0.124996
0.120148
0.114904
0.109359
0.103577
0.0976682
0.0916819
0.0857345
0.0798319
0.0741013
0.149947
0.149848
0.149638
0.149241
0.148578
0.147546
0.146071
0.144073
0.141515
0.138356
0.134604
0.130267
0.125404
0.120064
0.114344
0.108311
0.102089
0.0957332
0.0893766
0.0830346
0.0768525
0.152942
0.152938
0.152898
0.152733
0.152348
0.151622
0.150466
0.148782
0.146513
0.143599
0.140034
0.135808
0.130974
0.12557
0.119699
0.113428
0.10689
0.100152
0.0933617
0.0865472
0.079874
0.155836
0.155931
0.156071
0.156153
0.156065
0.155674
0.154873
0.153545
0.151614
0.149
0.145677
0.141619
0.136863
0.131439
0.125447
0.118956
0.112106
0.104975
0.097727
0.0904054
0.0831986
0.158621
0.158818
0.159145
0.159486
0.159715
0.159684
0.159271
0.158342
0.1568
0.154543
0.151524
0.147694
0.143075
0.137683
0.131611
0.124924
0.117773
0.110242
0.102514
0.09465
0.0868639
0.16129
0.161593
0.162112
0.162722
0.163282
0.163635
0.163642
0.163153
0.162052
0.160211
0.157561
0.154028
0.149613
0.144313
0.13821
0.131364
0.123929
0.115997
0.10777
0.0993272
0.0909136
0.163837
0.164248
0.164963
0.165851
0.166755
0.167512
0.167967
0.167958
0.167345
0.165981
0.163769
0.160607
0.156472
0.151335
0.145263
0.138305
0.130613
0.122288
0.113545
0.104489
0.0953974
0.16626
0.16678
0.167692
0.168862
0.17012
0.171298
0.172227
0.172734
0.172657
0.171831
0.170127
0.167417
0.163644
0.158754
0.152787
0.145776
0.137868
0.129165
0.119897
0.110196
0.100373
0.168555
0.169183
0.170293
0.171749
0.173366
0.17498
0.176402
0.177458
0.177962
0.177733
0.176608
0.174435
0.171117
0.166567
0.160793
0.153805
0.145734
0.136682
0.126887
0.116512
0.105904
0.17072
0.171455
0.172762
0.174505
0.176485
0.178542
0.180475
0.182109
0.183233
0.183657
0.183184
0.181636
0.17887
0.174766
0.169288
0.162416
0.154253
0.144896
0.134584
0.123512
0.112066
0.172756
0.173596
0.175097
0.177124
0.179467
0.181973
0.184428
0.186662
0.188441
0.189573
0.18982
0.188987
0.186876
0.183337
0.178272
0.171628
0.163466
0.153866
0.143059
0.131273
0.118937
0.174663
0.175604
0.177296
0.179602
0.182305
0.18526
0.188245
0.191097
0.193561
0.195448
0.196479
0.196451
0.195102
0.192255
0.187737
0.181457
0.173411
0.163653
0.152393
0.139883
0.126602
0.176441
0.177481
0.179357
0.181937
0.184994
0.188396
0.191912
0.195392
0.198564
0.201247
0.203123
0.203986
0.203507
0.201489
0.197663
0.191906
0.184119
0.174322
0.162679
0.149445
0.13516
0.178094
0.179228
0.181283
0.184127
0.187529
0.191371
0.195416
0.199529
0.203425
0.206936
0.209708
0.211544
0.21204
0.210995
0.208019
0.20297
0.195608
0.185931
0.174016
0.160087
0.144747
0.179624
0.180848
0.183074
0.186171
0.189909
0.194179
0.198745
0.203489
0.208118
0.212478
0.216192
0.219072
0.220645
0.220719
0.218762
0.214634
0.207884
0.198524
0.186466
0.171932
0.155531
0.181034
0.182343
0.184732
0.188072
0.192131
0.196814
0.201891
0.207257
0.212619
0.217843
0.222533
0.226517
0.229265
0.230597
0.229842
0.226876
0.220962
0.212156
0.200032
0.184979
0.167545
0.18233
0.183718
0.186262
0.189831
0.194197
0.199278
0.20485
0.210824
0.216916
0.223006
0.228698
0.233832
0.237845
0.240563
0.241201
0.239651
0.234864
0.226939
0.214787
0.199127
0.180321
0.183513
0.184978
0.18767
0.191456
0.196116
0.201578
0.207629
0.214194
0.221003
0.227953
0.234658
0.240967
0.246312
0.250513
0.252728
0.25284
0.24957
0.243044
0.23127
0.215053
0.193332
0.18459
0.186125
0.188956
0.192949
0.197886
0.203708
0.210211
0.217337
0.224829
0.232605
0.240297
0.247773
0.254473
0.260236
0.26419
0.266253
0.264996
0.260749
0.250713
0.236231
0.209864
0.0482514
0.0475095
0.046763
0.0460147
0.0452648
0.0445128
0.0437587
0.0430027
0.0422452
0.0414864
0.0407266
0.0399661
0.0392051
0.0384438
0.0376825
0.0369215
0.0361609
0.0354011
0.0346423
0.0338846
0.0483356
0.0475908
0.0468412
0.0460897
0.0453362
0.04458
0.043821
0.0430594
0.0422956
0.0415299
0.0407626
0.0399939
0.0392242
0.0384537
0.0376827
0.0369114
0.0361403
0.0353694
0.0345992
0.0338298
0.0484959
0.0477392
0.0469768
0.0462126
0.0454464
0.044677
0.0439041
0.043128
0.0423492
0.0415681
0.0407851
0.0400004
0.0392143
0.0384272
0.0376394
0.0368512
0.036063
0.0352751
0.0344879
0.0337015
0.0487273
0.0479508
0.0471678
0.0463839
0.0455982
0.0448091
0.0440159
0.0432189
0.0424188
0.0416162
0.0408112
0.0400043
0.0391958
0.0383861
0.0375754
0.0367641
0.0359527
0.0351414
0.0343308
0.0335209
0.0490261
0.0482221
0.0474109
0.0466001
0.0457883
0.0449728
0.0441525
0.043328
0.0425001
0.0416692
0.0408358
0.0400003
0.0391629
0.038324
0.0374841
0.0366435
0.0358026
0.0349618
0.0341217
0.0332822
0.0493897
0.048551
0.0477043
0.04686
0.0460157
0.0451674
0.0443138
0.0434555
0.0425934
0.0417281
0.0408603
0.03999
0.0391177
0.0382438
0.0373687
0.0364928
0.0356165
0.0347404
0.033865
0.0329901
0.0498171
0.0489362
0.0480469
0.0471624
0.0462793
0.0453922
0.044499
0.0436006
0.0426982
0.0417925
0.0408839
0.0399729
0.0390597
0.0381447
0.0372285
0.0363113
0.0353938
0.0344765
0.03356
0.032644
0.0503078
0.0493776
0.0484383
0.0475071
0.0465792
0.045647
0.0447081
0.0437634
0.0428144
0.0418621
0.0409068
0.039949
0.0389888
0.0380268
0.0370634
0.0360991
0.0351344
0.03417
0.0332072
0.0322442
0.0508625
0.0498754
0.0488789
0.0478945
0.0469154
0.045932
0.044941
0.0439437
0.042942
0.0419369
0.0409288
0.039918
0.0389049
0.0378897
0.0368732
0.0358556
0.0348376
0.0338199
0.0328041
0.0317881
0.0514825
0.050431
0.0493697
0.0483251
0.0472885
0.0462476
0.0451982
0.044142
0.0430811
0.042017
0.04095
0.0398803
0.0388082
0.0377342
0.0366589
0.0355827
0.034506
0.0334291
0.0323507
0.0312738
0.0521702
0.0510461
0.0499119
0.0488002
0.0476995
0.0465944
0.0454798
0.0443578
0.0432311
0.0421012
0.0409686
0.0398331
0.0386953
0.0375556
0.0364145
0.0352725
0.03413
0.0329875
0.0318446
0.0307028
0.0529286
0.0517235
0.0505079
0.0493214
0.0481497
0.0469736
0.0457869
0.044592
0.0433925
0.04219
0.0409849
0.0397772
0.0385671
0.0373551
0.0361419
0.0349278
0.0337135
0.0324992
0.0312848
0.0300711
0.0537617
0.0524667
0.0511604
0.0498912
0.0486411
0.0473866
0.0461203
0.0448451
0.0435655
0.0422832
0.0409985
0.0397114
0.0384219
0.0371308
0.0358385
0.0345455
0.0332524
0.0319595
0.0306666
0.0293744
0.0546745
0.0532796
0.0518728
0.0505121
0.0491758
0.0478351
0.0464812
0.0451179
0.0437502
0.0423805
0.0410086
0.0396346
0.0382584
0.0368807
0.0355021
0.034123
0.032744
0.0313656
0.0299871
0.0286093
0.0556725
0.0541673
0.0526489
0.0511873
0.0497562
0.0483211
0.0468711
0.045411
0.0439469
0.0424814
0.0410143
0.0395454
0.0380746
0.0366027
0.03513
0.0336573
0.032185
0.0307136
0.0292421
0.0277712
0.0567624
0.0551354
0.0534933
0.0519203
0.0503852
0.0488465
0.0472912
0.0457251
0.0441555
0.0425854
0.0410145
0.0394421
0.0378683
0.0362938
0.034719
0.0331445
0.0315709
0.0299989
0.0284266
0.0268549
0.0579518
0.0561904
0.054411
0.0527152
0.051066
0.0494137
0.047743
0.0460608
0.044376
0.0426917
0.0410075
0.0393225
0.0376367
0.0359507
0.034265
0.0325803
0.0308971
0.0292162
0.027535
0.0258542
0.0592494
0.0573396
0.0554079
0.0535764
0.051802
0.0500254
0.0482282
0.046419
0.0446081
0.0427992
0.0409916
0.0391841
0.0373765
0.0355694
0.0337634
0.0319592
0.0301575
0.0283594
0.0265606
0.0247619
0.0606651
0.0585914
0.0564905
0.054509
0.0525971
0.0506842
0.0487485
0.0468
0.0448513
0.0429065
0.0409644
0.0390236
0.0370836
0.0351451
0.0332088
0.0312753
0.0293455
0.0274214
0.0254959
0.0235698
0.0622103
0.0599554
0.0576661
0.0555184
0.0534554
0.0513931
0.0493055
0.0472046
0.0451052
0.0430119
0.0409233
0.0388372
0.0367533
0.034672
0.0325943
0.030521
0.0284535
0.0263953
0.0243336
0.0222698
0.0638976
0.0614421
0.0589427
0.0566109
0.0543815
0.0521553
0.0499011
0.0476331
0.0453689
0.0431137
0.0408655
0.0386215
0.036381
0.0341441
0.0319114
0.029684
0.0274643
0.0252641
0.0230575
0.0208463
0.0657416
0.0630638
0.0603294
0.0577929
0.0553802
0.0529739
0.0505367
0.0480854
0.0456409
0.0432093
0.0407879
0.0383734
0.0359649
0.0335629
0.031168
0.0287807
0.0264007
0.0240229
0.0216487
0.0192801
0.067759
0.0648342
0.0618365
0.0590717
0.0564566
0.053852
0.0512132
0.0485602
0.0459177
0.0432929
0.0406821
0.0380814
0.0354894
0.0329068
0.0303344
0.027772
0.0252179
0.0226566
0.0201061
0.017568
0.069969
0.0667695
0.0634757
0.0604559
0.0576166
0.0547932
0.0519319
0.0490564
0.046196
0.043359
0.0405406
0.0377358
0.0349429
0.0321622
0.0293946
0.02664
0.0238977
0.0211549
0.0184212
0.0156995
0.0723942
0.0688883
0.065261
0.0619555
0.0588675
0.0558022
0.0526949
0.0495737
0.0464732
0.0434031
0.0403575
0.0373299
0.0343183
0.0313231
0.0283452
0.0253849
0.0224419
0.0195008
0.0165683
0.0136487
0.0750608
0.0712127
0.0672084
0.0635819
0.0602175
0.0568844
0.0535046
0.0501113
0.046746
0.0434196
0.0401247
0.0368534
0.0336032
0.0303745
0.0271685
0.0239855
0.0208265
0.0176708
0.014524
0.0113922
0.0779989
0.073768
0.0693366
0.0653488
0.0616765
0.058046
0.0543634
0.0506683
0.04701
0.0434012
0.0398324
0.036294
0.0327828
0.0292995
0.0258455
0.022422
0.0190317
0.0156447
0.0122662
0.00890594
0.081244
0.076584
0.0716677
0.0672719
0.0632558
0.0592943
0.0552746
0.0512438
0.0472609
0.0433402
0.0394698
0.0356377
0.0318401
0.028078
0.024354
0.0206709
0.0170355
0.0133997
0.00977062
0.00616423
0.0848371
0.0796957
0.0742275
0.0693701
0.0649691
0.0606382
0.0562418
0.0518367
0.0474934
0.0432282
0.039026
0.0348715
0.0307594
0.0266894
0.0226632
0.0186863
0.0147905
0.0108883
0.00699307
0.00312741
0.0888259
0.0831437
0.0770464
0.071666
0.066833
0.0620883
0.0572694
0.0524454
0.0477008
0.0430545
0.0384874
0.0339819
0.0295329
0.0251418
0.0208094
0.0165321
0.0122819
0.00806295
0.00388635
-0.000246906
0.0932658
0.0869756
0.0801608
0.074187
0.0688682
0.0636579
0.0583628
0.0530677
0.0478742
0.0428028
0.0378295
0.0329336
0.0281099
0.0233612
0.0186874
0.0140807
0.00946993
0.00491946
0.000438576
-0.00398519
0.0982203
0.0912464
0.0836136
0.076967
0.071101
0.0653648
0.0595305
0.0537035
0.0480055
0.042458
0.0370299
0.0316962
0.0264515
0.0212993
0.0162405
0.011272
0.00632207
0.00143015
-0.00338592
-0.00812997
0.103761
0.0960193
0.0874556
0.0800479
0.073565
0.0672322
0.0607847
0.054356
0.0480907
0.0420094
0.0360718
0.0302494
0.024538
0.018944
0.0134698
0.00811793
0.00279084
-0.00247873
-0.00765908
-0.0127459
0.109968
0.101364
0.0917455
0.0834811
0.0763028
0.0692899
0.0621419
0.0550311
0.0481276
0.0414467
0.0349361
0.0285639
0.0223291
0.0162436
0.0103185
0.00456044
-0.00118226
-0.00686652
-0.0124382
-0.0178886
0.116923
0.107354
0.0965487
0.0873288
0.0793676
0.0715742
0.0636222
0.0557377
0.0481163
0.0407615
0.0336067
0.0266165
0.0197848
0.0131147
0.00661803
0.000437242
-0.00574873
-0.0118617
-0.0178302
-0.0236536
0.124709
0.114057
0.101933
0.0916656
0.0828245
0.074128
0.0652496
0.0564878
0.0480572
0.0399408
0.0320644
0.0244061
0.0169844
0.00981014
0.00285279
-0.00416978
-0.010979
-0.0175443
-0.0239133
-0.0301226
0.133415
0.121531
0.107972
0.0965816
0.0867491
0.0769985
0.0670535
0.0573007
0.0479526
0.0389584
0.0302378
0.0217781
0.0135994
0.00570544
-0.00191156
-0.00947049
-0.0168227
-0.0239066
-0.0307448
-0.0373767
0.143131
0.129838
0.114763
0.102196
0.0912303
0.0802383
0.0690753
0.058212
0.0478214
0.037812
0.0281123
0.0187334
0.00971323
0.00107635
-0.00718913
-0.0154063
-0.0234107
-0.0310859
-0.0384418
-0.0455279
0.153883
0.139041
0.122463
0.108684
0.0963791
0.0839123
0.0713727
0.0592714
0.0476918
0.0365121
0.0256864
0.0152298
0.00515857
-0.00450323
-0.013468
-0.0224006
-0.0310691
-0.0393317
-0.0472167
-0.0547745
0.16534
0.149017
0.131226
0.116273
0.102359
0.0881616
0.0740948
0.0606041
0.047652
0.0351333
0.0230711
0.0115478
0.000610255
-0.00981001
-0.0203994
-0.0304415
-0.0398397
-0.0487247
-0.057191
-0.0652656
0.176418
0.158931
0.140817
0.124886
0.109089
0.0929626
0.0772097
0.0620859
0.0474725
0.033315
0.0196544
0.00655866
-0.00588175
-0.0174632
-0.0288247
-0.0396526
-0.0498197
-0.0594127
-0.0685101
-0.0771287
0.185902
0.167857
0.150937
0.134385
0.116961
0.0992761
0.0819891
0.0651842
0.0488211
0.0329473
0.0176212
0.00286815
-0.0112996
-0.024829
-0.0378374
-0.0498964
-0.0610557
-0.0714959
-0.0813036
-0.0904945
0.033128
0.032373
0.0316197
0.0308685
0.0301194
0.0293726
0.0286284
0.0278868
0.0271481
0.0264124
0.0256799
0.0249508
0.0330617
0.032295
0.03153
0.030767
0.0300063
0.0292481
0.0284926
0.0277401
0.0269908
0.0262451
0.025503
0.0247648
0.0329162
0.0321324
0.0313505
0.0305707
0.0297934
0.0290187
0.0282471
0.0274787
0.0267139
0.0259529
0.0251959
0.0244432
0.032712
0.0319048
0.0310994
0.0302962
0.0294955
0.0286977
0.0279031
0.0271119
0.0263245
0.0255411
0.024762
0.0239875
0.0324437
0.0316068
0.0307719
0.0299392
0.0291093
0.0282822
0.0274586
0.0266385
0.0258224
0.0250106
0.0242033
0.0234008
0.0321162
0.0312438
0.0303734
0.0295055
0.0286402
0.0277781
0.0269194
0.0260644
0.0252136
0.0243671
0.0235254
0.0226888
0.0317286
0.0308148
0.0299031
0.0289939
0.0280875
0.0271842
0.0262845
0.0253886
0.024497
0.0236099
0.0227277
0.0218507
0.0312816
0.0303204
0.0293614
0.028405
0.0274515
0.0265012
0.0255545
0.0246118
0.0236733
0.0227395
0.0218107
0.0208871
0.0307724
0.0297582
0.0287462
0.0277367
0.0267302
0.025727
0.0247274
0.0237317
0.0227404
0.0217538
0.0207721
0.0197958
0.030199
0.0291262
0.0280554
0.026987
0.0259215
0.0248592
0.0238006
0.0227459
0.0216956
0.0206499
0.0196092
0.0185738
0.0295627
0.0284244
0.0272882
0.0261545
0.0250236
0.023896
0.022772
0.021652
0.0205362
0.019425
0.0183188
0.0172177
0.028859
0.0276487
0.0264406
0.0252351
0.0240324
0.0228329
0.021637
0.020445
0.0192572
0.0180739
0.0168954
0.0157219
0.0280836
0.0267948
0.0255082
0.0242241
0.022943
0.021665
0.0203905
0.0191198
0.0178532
0.0165909
0.0153332
0.0140804
0.0272329
0.0258585
0.0244865
0.023117
0.0217504
0.0203869
0.0190268
0.0176703
0.0163178
0.0149695
0.0136255
0.0263019
0.0248346
0.0233698
0.0219076
0.0204483
0.0189919
0.0175389
0.0160895
0.0146437
0.0132019
0.0117641
0.0252848
0.023717
0.0221518
0.0205893
0.0190295
0.0174728
0.0159193
0.0143691
0.0128224
0.0112794
0.00974014
0.0241751
0.0224986
0.0208249
0.019154
0.017486
0.0158209
0.0141588
0.0125
0.0108444
0.00919217
0.00754326
0.0229652
0.0211714
0.0193807
0.0175931
0.0158083
0.0140265
0.0122476
0.0104718
0.00869893
0.00692907
0.00516214
0.0216458
0.0197255
0.017809
0.0158957
0.0139855
0.0120782
0.0101739
0.00827237
0.00637362
0.00447751
0.00258387
0.0202082
0.0181514
0.0160994
0.0140511
0.0120062
0.00996426
0.00792525
0.00588902
0.00385533
0.00182394
-0.000205443
0.0186378
0.0164351
0.0142379
0.0120451
0.00985587
0.00766989
0.0054869
0.00330664
0.00112874
-0.00104717
-0.00322153
0.0169174
0.0145605
0.0122086
0.0098613
0.00751809
0.0051785
0.00284209
0.000508383
-0.00182313
-0.00415295
-0.00648166
0.0150387
0.0125157
0.0099981
0.00748565
0.00497796
0.00247447
-2.55032e-05
-0.00252263
-0.00501759
-0.00751106
-0.0100038
0.0129882
0.0102855
0.00758991
0.0049008
0.00221745
-0.000460902
-0.00313511
-0.00580604
-0.00847462
-0.0111417
-0.0138082
0.0107421
0.00784683
0.00496118
0.00208373
-0.000786578
-0.00365074
-0.0065098
-0.00936488
-0.0122171
-0.0150676
-0.0179175
0.00827684
0.00517636
0.00208826
-0.000989446
-0.0040582
-0.00711922
-0.0101738
-0.0132233
-0.0162691
-0.0193126
-0.0223552
0.00556713
0.00224781
-0.00105558
-0.00434581
-0.00762469
-0.0108937
-0.0141543
-0.0174083
-0.0206573
-0.023903
-0.027147
0.0025862
-0.000966484
-0.00449881
-0.00801433
-0.0115152
-0.0150033
-0.0184805
-0.0219487
-0.0254101
-0.0288666
-0.0323201
-0.00070311
-0.00450287
-0.00827742
-0.0120305
-0.0157648
-0.0194823
-0.0231854
-0.0268766
-0.0305583
-0.0342328
-0.0379026
-0.00434129
-0.00840141
-0.012431
-0.0164333
-0.0204112
-0.0243676
-0.0283054
-0.0322273
-0.0361359
-0.0400339
-0.043924
-0.00836245
-0.0126985
-0.0169966
-0.0212599
-0.0254919
-0.029696
-0.033876
-0.0380351
-0.0421765
-0.0463032
-0.0504173
-0.0128121
-0.0174405
-0.0220206
-0.0265566
-0.0310522
-0.0355116
-0.0399388
-0.0443383
-0.0487136
-0.0530696
-0.0574088
-0.0177507
-0.0226861
-0.0275602
-0.0323784
-0.0371451
-0.0418651
-0.046543
-0.0511834
-0.0557899
-0.0603683
-0.0649215
-0.0232343
-0.0284917
-0.0336709
-0.0387786
-0.0438204
-0.0488028
-0.0537317
-0.058613
-0.0634501
-0.0682484
-0.0730071
-0.0293526
-0.0349425
-0.0404326
-0.0458307
-0.0511442
-0.0563811
-0.0615492
-0.0666574
-0.0717118
-0.0767223
-0.0816865
-0.0361886
-0.0421195
-0.0479237
-0.0536105
-0.059189
-0.0646682
-0.0700561
-0.0753625
-0.0805954
-0.0857707
-0.0908935
-0.0438259
-0.0501044
-0.0562229
-0.062193
-0.0680266
-0.0737347
-0.0793262
-0.0848097
-0.0901904
-0.0954802
-0.100682
-0.0523763
-0.059004
-0.0654263
-0.0716594
-0.0777197
-0.0836231
-0.0893842
-0.0950165
-0.100528
-0.105928
-0.11121
-0.0620291
-0.0689959
-0.0756946
-0.0821466
-0.0883728
-0.0943944
-0.100233
-0.105913
-0.111457
-0.11689
-0.122223
-0.0729525
-0.0802641
-0.0872232
-0.0938545
-0.100181
-0.106226
-0.112013
-0.11757
-0.122928
-0.128126
-0.13321
-0.0852676
-0.0929383
-0.10016
-0.106955
-0.113346
-0.119351
-0.124992
-0.130289
-0.135268
-0.139956
-0.144397
-0.099074
-0.107063
-0.114489
-0.121375
-0.127744
-0.13362
-0.139026
-0.143987
-0.148523
-0.152655
-0.156409
)
;

boundaryField
{
    inlet
    {
        type            zeroGradient;
    }
    outlet
    {
        type            fixedValue;
        value           nonuniform 0();
    }
    cylinder
    {
        type            zeroGradient;
    }
    top
    {
        type            symmetryPlane;
    }
    bottom
    {
        type            symmetryPlane;
    }
    defaultFaces
    {
        type            empty;
    }
    procBoundary0to1
    {
        type            processor;
        value           nonuniform List<scalar> 
133
(
-0.19896
-0.201185
-0.203272
-0.205516
-0.205516
-0.206479
-0.208778
-0.208778
-0.208522
-0.208522
-0.207395
-0.209491
-0.209491
-0.207548
-0.207548
-0.204523
-0.204523
-0.200054
-0.200054
-0.190344
-0.190344
-0.178601
-0.178601
-0.161615
-0.187538
-0.176625
-0.159818
-0.187538
-0.188254
-0.197936
-0.197936
-0.202447
-0.202447
-0.205533
-0.205533
-0.207522
-0.207522
-0.205416
-0.206571
-0.206571
-0.206838
-0.206838
-0.204549
-0.203611
-0.203611
-0.201393
-0.199227
-0.161615
-0.150312
-0.139718
-0.128779
-0.117523
-0.106796
-0.0967845
-0.0872444
-0.0782092
-0.0697834
-0.0619217
-0.0545803
-0.0477504
-0.0414056
-0.0355142
-0.03005
-0.024986
-0.0202955
-0.015953
-0.0119348
-0.00821802
-0.00821802
-0.00692714
-0.00360726
-0.000539987
0.00229186
0.00490359
0.0073096
0.00952275
0.0115547
0.0134159
0.0151156
0.0166619
0.0180617
0.019321
0.0204444
0.0214352
0.0222959
0.0230266
0.0236279
0.0240947
0.0244234
0.024614
0.0242251
0.0240308
0.023695
0.0232179
0.0226035
0.0218574
0.0209791
0.0199691
0.018825
0.0175439
0.016122
0.0145537
0.0128326
0.0122861
0.0122861
0.0103306
0.00820472
0.00589778
0.00339813
0.000692597
-0.00223302
-0.00539467
-0.00880972
-0.0124964
-0.016475
-0.0207678
-0.0253982
-0.0303909
-0.0357725
-0.0415697
-0.0478089
-0.0545219
-0.0617356
-0.069459
-0.0777373
-0.0866167
-0.0959924
-0.105834
-0.116391
-0.127476
-0.138235
-0.148651
-0.159818
)
;
    }
}


// ************************************************************************* //
