/*--------------------------------*- C++ -*----------------------------------*\
  =========                 |
  \\      /  F ield         | OpenFOAM: The Open Source CFD Toolbox
   \\    /   O peration     | Website:  https://openfoam.org
    \\  /    A nd           | Version:  7
     \\/     M anipulation  |
\*---------------------------------------------------------------------------*/
FoamFile
{
    version     2.0;
    format      ascii;
    class       volScalarField;
    location    "35";
    object      p;
}
// * * * * * * * * * * * * * * * * * * * * * * * * * * * * * * * * * * * * * //

dimensions      [0 2 -2 0 0 0 0];

internalField   nonuniform List<scalar> 
6386
(
-0.213554
-0.215835
-0.218307
-0.221006
-0.220345
-0.22398
-0.22299
-0.22728
-0.225902
-0.223687
-0.230953
-0.229131
-0.226482
-0.223202
-0.23506
-0.232719
-0.229594
-0.225811
-0.239659
-0.236715
-0.23307
-0.228755
-0.224258
-0.244804
-0.241167
-0.236961
-0.232085
-0.227041
-0.222056
-0.250544
-0.246118
-0.241312
-0.235848
-0.230219
-0.224578
-0.218526
-0.25692
-0.251612
-0.24617
-0.240087
-0.233816
-0.227416
-0.220432
-0.212792
-0.263965
-0.257681
-0.251573
-0.244834
-0.237842
-0.23055
-0.22244
-0.213284
-0.201619
-0.271697
-0.264353
-0.25755
-0.250107
-0.242288
-0.233938
-0.224468
-0.213606
-0.200471
-0.187705
-0.280119
-0.271642
-0.264119
-0.255905
-0.247123
-0.237505
-0.226412
-0.21367
-0.198957
-0.184656
-0.289216
-0.279547
-0.271278
-0.262203
-0.252287
-0.241142
-0.228154
-0.213392
-0.197056
-0.18133
-0.298947
-0.288046
-0.278997
-0.268947
-0.257683
-0.244707
-0.229573
-0.212698
-0.19474
-0.177672
-0.309245
-0.297093
-0.28722
-0.276048
-0.263171
-0.248042
-0.23055
-0.211518
-0.191975
-0.173633
-0.320011
-0.306608
-0.29585
-0.283377
-0.268572
-0.250976
-0.230973
-0.209787
-0.18872
-0.169162
-0.331114
-0.316477
-0.304755
-0.29076
-0.273678
-0.253338
-0.230734
-0.207441
-0.184925
-0.164211
-0.342381
-0.326547
-0.313762
-0.29798
-0.278264
-0.254965
-0.229733
-0.204415
-0.180539
-0.158729
-0.353604
-0.336625
-0.322652
-0.304782
-0.282098
-0.2557
-0.227873
-0.200641
-0.175505
-0.15267
-0.36454
-0.346479
-0.331171
-0.310884
-0.284953
-0.255394
-0.225061
-0.196052
-0.169766
-0.145986
-0.37491
-0.355843
-0.339026
-0.315993
-0.286612
-0.253912
-0.221209
-0.19058
-0.163264
-0.138638
-0.384408
-0.364418
-0.345898
-0.319818
-0.286872
-0.251127
-0.21623
-0.184158
-0.155941
-0.130585
-0.392707
-0.371885
-0.351453
-0.322079
-0.285551
-0.246924
-0.210044
-0.176721
-0.147745
-0.121793
-0.399469
-0.377909
-0.355356
-0.322515
-0.282482
-0.241199
-0.202578
-0.168208
-0.138627
-0.112229
-0.404351
-0.382148
-0.357282
-0.320893
-0.277525
-0.23386
-0.193762
-0.158565
-0.128552
-0.101879
-0.407019
-0.384267
-0.356932
-0.317011
-0.270558
-0.224831
-0.183537
-0.14774
-0.117488
-0.0907326
-0.407156
-0.383945
-0.35404
-0.310701
-0.261487
-0.214047
-0.17185
-0.135687
-0.105395
-0.0787399
-0.404472
-0.380891
-0.348382
-0.301834
-0.25024
-0.201466
-0.15867
-0.122375
-0.092211
-0.0657279
-0.398711
-0.374849
-0.339781
-0.290317
-0.236774
-0.187061
-0.143981
-0.107799
-0.077889
-0.0514183
-0.389659
-0.365609
-0.328106
-0.276096
-0.221069
-0.170824
-0.127782
-0.0919776
-0.0624931
-0.0357987
-0.377152
-0.353016
-0.313274
-0.259152
-0.203131
-0.152761
-0.110078
-0.0749292
-0.0461174
-0.0198132
-0.361077
-0.336971
-0.295248
-0.239503
-0.182988
-0.132897
-0.0909089
-0.0567127
-0.0285933
-0.00337251
-0.341377
-0.317429
-0.27404
-0.217204
-0.160697
-0.11129
-0.0703751
-0.0373321
-0.010091
0.0137447
-0.318049
-0.294402
-0.249714
-0.192345
-0.136338
-0.0880426
-0.0484981
-0.0168272
0.00927827
0.0315635
-0.291144
-0.267964
-0.222407
-0.165032
-0.109999
-0.0632231
-0.0253458
0.0047182
0.0294428
0.050006
-0.260767
-0.238253
-0.192323
-0.13533
-0.0817951
-0.0369255
-0.00101353
0.0272147
0.0503339
0.0689652
-0.227085
-0.205478
-0.159568
-0.103352
-0.0518915
-0.0092809
0.0243858
0.0505674
0.0718792
0.0883572
-0.190325
-0.169925
-0.123852
-0.0695861
-0.0204656
0.0195659
0.0507271
0.0746758
0.0939954
0.108078
-0.1507
-0.131827
-0.0856606
-0.0340702
0.0122877
0.0494555
0.0778867
0.0994458
0.116531
0.127744
-0.108412
-0.0907933
-0.0461174
0.0029342
0.0461826
0.0802292
0.105763
0.124807
0.13921
0.146514
-0.0638488
-0.0477281
-0.00506894
0.0411532
0.0810121
0.111727
0.134265
0.15069
0.161769
0.163938
-0.0174823
-0.0028974
0.0373084
0.0803231
0.116549
0.143773
0.163246
0.1769
0.18425
0.182025
0.0304189
0.0432604
0.0807099
0.120174
0.152558
0.176164
0.192463
0.203051
0.206658
0.205525
0.079449
0.090348
0.124788
0.160423
0.188796
0.20868
0.221652
0.228971
0.229605
0.229151
0.12918
0.137975
0.169184
0.200776
0.225015
0.241098
0.250643
0.254722
0.252807
0.251492
0.179182
0.185746
0.21354
0.240936
0.26096
0.273192
0.279262
0.28017
0.275845
0.272917
0.22902
0.233258
0.257496
0.280602
0.296378
0.304746
0.307342
0.305147
0.298402
0.29344
0.278262
0.280112
0.300702
0.319477
0.331016
0.335547
0.334705
0.329475
0.320302
0.31311
0.326481
0.325913
0.342811
0.35727
0.364627
0.365385
0.361175
0.352985
0.341401
0.331895
0.373258
0.370273
0.383489
0.393698
0.396971
0.394056
0.386576
0.375522
0.361576
0.349739
0.418188
0.412821
0.422413
0.428487
0.427815
0.421364
0.41074
0.396939
0.380712
0.36657
0.460883
0.453198
0.459276
0.461377
0.45694
0.44712
0.433506
0.417098
0.398696
0.382311
0.500973
0.491068
0.493785
0.492122
0.484136
0.471147
0.454722
0.43587
0.415421
0.396885
0.538114
0.526114
0.525671
0.520493
0.509208
0.493276
0.474246
0.453133
0.430786
0.410219
0.571987
0.558047
0.554683
0.546278
0.531976
0.513357
0.491948
0.468777
0.444695
0.422244
0.602301
0.5866
0.580594
0.569285
0.552276
0.531248
0.507709
0.482698
0.457063
0.432899
0.628797
0.611539
0.603203
0.589344
0.569964
0.546828
0.521424
0.494807
0.467811
0.442129
0.651247
0.632656
0.622332
0.606303
0.584912
0.559987
0.533003
0.505025
0.476874
0.44989
0.669459
0.649778
0.637831
0.620038
0.597013
0.570636
0.542368
0.513285
0.484194
0.456141
0.683276
0.662762
0.649579
0.630446
0.60618
0.5787
0.549457
0.519535
0.489727
0.46085
0.692578
0.671501
0.657483
0.637446
0.612345
0.584122
0.554223
0.523736
0.493444
0.46401
0.697285
0.675919
0.661479
0.640985
0.615461
0.586862
0.556631
0.52586
0.495331
0.465633
0.697352
0.67598
0.661534
0.641033
0.615503
0.586897
0.55666
0.525884
0.495353
0.465667
0.692778
0.67168
0.657645
0.637588
0.612466
0.584223
0.554304
0.523799
0.493494
0.46405
0.683599
0.663052
0.64984
0.630672
0.606372
0.578856
0.549578
0.519623
0.489785
0.46088
0.669892
0.650166
0.638179
0.620338
0.597262
0.570833
0.542515
0.513385
0.484251
0.456158
0.651772
0.633127
0.622752
0.606661
0.585204
0.560213
0.533165
0.505127
0.476925
0.449896
0.629395
0.612076
0.60368
0.589745
0.570286
0.547071
0.521592
0.494908
0.467855
0.442125
0.602953
0.587186
0.581112
0.569716
0.552616
0.531499
0.507877
0.482794
0.4571
0.432887
0.572671
0.558663
0.555225
0.546725
0.532323
0.513609
0.492113
0.468868
0.444727
0.422227
0.538811
0.526745
0.526224
0.520946
0.509556
0.493525
0.474407
0.453221
0.430816
0.4102
0.501666
0.491698
0.494337
0.492571
0.484479
0.471389
0.454878
0.435955
0.415451
0.396866
0.461557
0.453814
0.459816
0.461815
0.457273
0.447356
0.433658
0.417182
0.398727
0.382293
0.418832
0.413412
0.422934
0.428909
0.428135
0.421591
0.410888
0.397023
0.380746
0.366554
0.373861
0.370831
0.383983
0.3941
0.397276
0.394274
0.386721
0.375608
0.361614
0.349725
0.327036
0.326431
0.343273
0.357649
0.364917
0.365594
0.361317
0.353073
0.341443
0.331882
0.278765
0.280587
0.301129
0.31983
0.331289
0.335747
0.334844
0.329566
0.320349
0.313097
0.229468
0.233686
0.257887
0.280929
0.296635
0.304938
0.307479
0.305241
0.298457
0.293427
0.179574
0.186125
0.213892
0.241236
0.2612
0.273376
0.279398
0.280269
0.275911
0.272908
0.129518
0.138307
0.169499
0.201049
0.225238
0.241274
0.250777
0.254824
0.25289
0.251498
0.0797333
0.0906331
0.125065
0.160669
0.189003
0.208849
0.221784
0.229077
0.229712
0.229205
0.0306529
0.0435005
0.0809508
0.120395
0.152749
0.176326
0.192595
0.203158
0.206786
0.205694
-0.0172955
-0.00270013
0.0375146
0.0805188
0.116725
0.143928
0.16338
0.177013
0.184395
0.182335
-0.0637054
-0.0475709
-0.00489587
0.0413246
0.0811722
0.111874
0.134399
0.150809
0.161909
0.164211
-0.108309
-0.0906732
-0.0459757
0.0030821
0.0463268
0.0803664
0.105893
0.124926
0.139333
0.146704
-0.150633
-0.131741
-0.0855488
-0.0339452
0.0124157
0.0495814
0.0780086
0.0995586
0.116639
0.127883
-0.190289
-0.16987
-0.123769
-0.0694833
-0.0203539
0.0196793
0.0508388
0.07478
0.0940921
0.108192
-0.227078
-0.20545
-0.159509
-0.103271
-0.051796
-0.00918021
0.0244868
0.0506628
0.0719674
0.0884558
-0.260786
-0.238251
-0.192289
-0.135268
-0.0817155
-0.0368376
-0.000923278
0.0273015
0.0504143
0.0690513
-0.291186
-0.267985
-0.222396
-0.164989
-0.109935
-0.063148
-0.0252661
0.00479635
0.029516
0.0500825
-0.31811
-0.294443
-0.249723
-0.192321
-0.13629
-0.08798
-0.0484289
-0.0167574
0.0093448
0.031633
-0.341456
-0.317489
-0.274067
-0.217197
-0.160664
-0.11124
-0.0703161
-0.0372703
-0.0100303
0.0138091
-0.361171
-0.337047
-0.295292
-0.239512
-0.182969
-0.132859
-0.0908598
-0.0566583
-0.0285378
-0.00331232
-0.377259
-0.353106
-0.313334
-0.259177
-0.203125
-0.152735
-0.110039
-0.0748818
-0.0460664
-0.0197568
-0.389778
-0.365712
-0.328181
-0.276135
-0.221077
-0.170809
-0.127752
-0.0919371
-0.0624459
-0.035746
-0.39884
-0.374963
-0.339868
-0.29037
-0.236795
-0.187057
-0.14396
-0.107765
-0.0778455
-0.0513665
-0.40461
-0.381016
-0.348481
-0.3019
-0.250273
-0.201472
-0.158657
-0.122347
-0.0921714
-0.0656774
-0.407302
-0.384079
-0.35415
-0.310779
-0.261532
-0.214065
-0.171846
-0.135666
-0.10536
-0.0786911
-0.407172
-0.384409
-0.357053
-0.317101
-0.270615
-0.224859
-0.183541
-0.147725
-0.117456
-0.0906858
-0.40451
-0.382298
-0.357413
-0.320994
-0.277593
-0.233899
-0.193775
-0.158557
-0.128525
-0.101834
-0.399634
-0.378066
-0.355496
-0.322627
-0.282562
-0.241248
-0.2026
-0.168206
-0.138604
-0.112186
-0.392877
-0.372049
-0.351602
-0.322201
-0.285642
-0.246984
-0.210075
-0.176726
-0.147726
-0.121752
-0.384583
-0.364587
-0.346054
-0.319951
-0.286975
-0.251198
-0.21627
-0.18417
-0.155927
-0.130546
-0.37509
-0.356018
-0.33919
-0.316135
-0.286725
-0.253994
-0.221259
-0.1906
-0.163255
-0.1386
-0.364725
-0.34666
-0.331342
-0.311035
-0.285077
-0.255487
-0.225122
-0.19608
-0.169763
-0.145951
-0.353793
-0.336811
-0.322829
-0.304942
-0.282233
-0.255804
-0.227944
-0.200678
-0.175508
-0.152637
-0.342574
-0.326738
-0.313945
-0.298149
-0.27841
-0.255082
-0.229816
-0.204461
-0.180549
-0.1587
-0.331311
-0.316672
-0.304944
-0.290937
-0.273835
-0.253467
-0.230829
-0.207499
-0.184942
-0.164185
-0.320213
-0.306807
-0.296044
-0.283561
-0.268739
-0.251117
-0.231082
-0.209857
-0.188746
-0.169142
-0.30945
-0.297296
-0.287419
-0.276239
-0.263348
-0.248197
-0.230674
-0.211601
-0.192012
-0.173619
-0.299156
-0.288253
-0.279201
-0.269145
-0.25787
-0.244875
-0.229712
-0.212796
-0.194789
-0.177665
-0.289429
-0.279757
-0.271486
-0.262408
-0.252485
-0.241323
-0.228309
-0.213507
-0.197119
-0.181332
-0.280336
-0.271856
-0.264332
-0.256116
-0.24733
-0.237701
-0.226584
-0.213803
-0.199036
-0.18467
-0.271918
-0.26457
-0.257767
-0.250324
-0.242504
-0.234148
-0.224658
-0.213759
-0.200569
-0.187733
-0.26419
-0.257901
-0.251793
-0.245057
-0.238067
-0.230774
-0.222648
-0.213458
-0.257148
-0.251835
-0.246394
-0.240316
-0.23405
-0.227653
-0.22066
-0.212989
-0.250774
-0.246344
-0.24154
-0.236082
-0.230463
-0.224829
-0.218773
-0.245036
-0.241393
-0.23719
-0.232324
-0.227294
-0.222321
-0.239891
-0.236941
-0.233302
-0.228998
-0.224518
-0.235289
-0.232943
-0.229825
-0.226057
-0.231175
-0.22935
-0.226711
-0.223449
-0.227493
-0.226114
-0.22391
-0.224179
-0.22319
-0.221187
-0.220531
-0.218467
-0.21597
-0.111788
-0.119845
-0.127342
-0.134302
-0.140747
-0.146702
-0.152192
-0.15724
-0.161868
-0.166097
-0.169953
-0.0978188
-0.105552
-0.112839
-0.119702
-0.126162
-0.132242
-0.137961
-0.143341
-0.148408
-0.153189
-0.157729
-0.0853443
-0.0927118
-0.0997291
-0.106421
-0.112812
-0.118924
-0.124781
-0.130413
-0.135849
-0.141132
-0.146304
-0.0742654
-0.0812812
-0.0880314
-0.0945374
-0.10082
-0.106902
-0.112804
-0.118551
-0.124166
-0.129675
-0.135089
-0.0644619
-0.071132
-0.077599
-0.0838794
-0.0899899
-0.0959467
-0.101764
-0.107457
-0.113033
-0.118502
-0.123858
-0.0557591
-0.0620749
-0.0682327
-0.0742445
-0.0801224
-0.0858777
-0.0915195
-0.097057
-0.102495
-0.107847
-0.113115
-0.0479738
-0.0539364
-0.0597743
-0.0654971
-0.0711139
-0.0766341
-0.0820658
-0.0874193
-0.0927026
-0.0979322
-0.103113
-0.0409952
-0.0466108
-0.0521285
-0.0575564
-0.0629019
-0.0681733
-0.0733786
-0.0785269
-0.0836246
-0.0886817
-0.0936963
-0.0347355
-0.0400132
-0.0452146
-0.0503462
-0.0554141
-0.0604249
-0.0653845
-0.0702994
-0.0751729
-0.0800109
-0.0848126
-0.029107
-0.0340585
-0.0389503
-0.0437876
-0.0485753
-0.0533184
-0.0580214
-0.0626894
-0.0673261
-0.0719373
-0.0765265
-0.0240286
-0.0286683
-0.0332612
-0.0378114
-0.0423228
-0.0467998
-0.0512466
-0.0556677
-0.0600671
-0.0644494
-0.0688177
-0.0194379
-0.0237814
-0.0280882
-0.0323614
-0.0366046
-0.0408216
-0.045016
-0.0491914
-0.053351
-0.0574981
-0.061635
-0.0152746
-0.0193392
-0.0233737
-0.0273821
-0.0313673
-0.0353323
-0.03928
-0.0432133
-0.047135
-0.051048
-0.054955
-0.0115005
-0.0153008
-0.0190763
-0.0228314
-0.0265686
-0.0302903
-0.0339988
-0.0376967
-0.0413865
-0.0450708
-0.0487521
-0.00807879
-0.0116278
-0.0151573
-0.0186708
-0.0221706
-0.0256587
-0.0291369
-0.0326074
-0.0360723
-0.0395338
-0.0429939
-0.00496274
-0.00827551
-0.0115731
-0.0148582
-0.0181327
-0.0213982
-0.0246563
-0.0279088
-0.0311574
-0.0344038
-0.03765
-0.00212176
-0.00521298
-0.0082924
-0.011362
-0.0144233
-0.0174776
-0.0205262
-0.0235706
-0.0266123
-0.0296527
-0.0326934
0.000473609
-0.00240973
-0.00528411
-0.00815085
-0.011011
-0.0138656
-0.0167158
-0.0195627
-0.0224076
-0.0252517
-0.0280962
0.00284485
0.000157028
-0.00252455
-0.00520037
-0.00787092
-0.010537
-0.0131995
-0.0158594
-0.0185177
-0.0211753
-0.0238332
0.0050209
0.00251452
1.26396e-05
-0.00248463
-0.0049775
-0.00746659
-0.00995263
-0.0124364
-0.0149185
-0.0173999
-0.0198811
0.00702949
0.00468764
0.00235212
2.14099e-05
-0.0023055
-0.00462917
-0.00695004
-0.00926859
-0.0115854
-0.0139009
-0.016216
0.00886591
0.00668116
0.00450224
0.00232773
0.000156619
-0.00201154
-0.00417702
-0.00634011
-0.00850121
-0.0106608
-0.0128193
-0.0149771
0.0105474
0.00851116
0.00647938
0.00445124
0.00242615
0.000403833
-0.00161585
-0.00363309
-0.00564814
-0.0076613
-0.0096729
-0.0116832
0.0120986
0.0101999
0.00830457
0.00641243
0.00452316
0.00263664
0.000752819
-0.0011284
-0.00300715
-0.00488359
-0.00675793
-0.00863032
0.0135262
0.0117547
0.0099862
0.00822063
0.00645786
0.0046979
0.00294075
0.00118642
-0.000565147
-0.00231399
-0.00406023
-0.00580389
0.0148408
0.0131874
0.0115367
0.00988873
0.00824357
0.00660127
0.00496193
0.00332562
0.00169238
6.22387e-05
-0.00156481
-0.00318872
0.0160514
0.0145073
0.0129657
0.0114268
0.00989071
0.00835756
0.00682752
0.00530073
0.0037773
0.00225734
0.000740903
-0.000771903
0.0171653
0.0157222
0.0142816
0.0128436
0.0114085
0.00997637
0.00854754
0.00712216
0.00570042
0.00428246
0.00286842
0.00145844
0.0181888
0.016839
0.0154916
0.0141468
0.0128049
0.0114661
0.0101308
0.00879907
0.00747122
0.00614744
0.0048279
0.0035128
0.0191277
0.0178638
0.0166022
0.0153433
0.0140872
0.0128344
0.0115852
0.0103397
0.00909826
0.00786114
0.00662854
0.00540068
0.0199861
0.0188012
0.0176185
0.0164384
0.0152612
0.0140873
0.0129171
0.0117507
0.0105886
0.00943098
0.00827807
0.00713014
0.020769
0.0196561
0.0185455
0.0174374
0.0163323
0.0152305
0.0141324
0.0130384
0.0119487
0.0108636
0.00978334
0.00870829
0.0214814
0.0204334
0.0193878
0.018345
0.0173054
0.0162691
0.0152366
0.0142082
0.0131842
0.0121649
0.0111506
0.0101416
0.0221218
0.021133
0.0201466
0.019163
0.0181826
0.0172056
0.0162323
0.0152632
0.0142985
0.0133386
0.0123838
0.0114343
0.0226927
0.0217573
0.0208242
0.0198939
0.0189666
0.0180428
0.0171227
0.0162067
0.0152952
0.0143884
0.0134867
0.0125903
0.0231972
0.0223091
0.0214232
0.0205401
0.01966
0.0187833
0.0179103
0.0170413
0.0161767
0.0153169
0.014462
0.0136125
0.0236354
0.0227887
0.0219441
0.0211023
0.0202634
0.0194278
0.0185959
0.0177679
0.0169443
0.0161253
0.0153112
0.0145022
0.0240069
0.0231956
0.0223865
0.0215799
0.0207763
0.0199759
0.0191791
0.0183861
0.0175973
0.016813
0.0160335
0.015259
0.0243118
0.02353
0.0227504
0.0219732
0.0211989
0.0204278
0.01966
0.0188959
0.0181359
0.0173801
0.0166289
0.0158825
0.0245446
0.0237862
0.02303
0.0222762
0.0215252
0.0207771
0.0200324
0.0192912
0.0185538
0.0178204
0.0170914
0.0163669
0.0247099
0.0239685
0.0232292
0.0224921
0.0217577
0.021026
0.0202973
0.019572
0.0188502
0.0181321
0.017418
0.0167082
0.0247868
0.024057
0.0233293
0.0226038
0.0218808
0.0211605
0.020443
0.0197284
0.0190171
0.0183091
0.0176046
0.0169037
0.174135
0.156038
0.139181
0.122644
0.105182
0.0874474
0.0701119
0.0532557
0.0368353
0.0208978
0.00549699
-0.00934464
-0.0236048
-0.0370902
-0.0501429
-0.0622811
-0.0735117
-0.0840149
-0.0938855
-0.103141
0.164814
0.147278
0.129181
0.113244
0.0973978
0.0812111
0.0654045
0.0502302
0.0355646
0.0213539
0.00764334
-0.00549374
-0.0179611
-0.0295816
-0.0410009
-0.0518985
-0.0621339
-0.0717879
-0.0809426
-0.0896194
0.153847
0.137454
0.119643
0.104667
0.0907068
0.0764549
0.0623405
0.0488077
0.0358127
0.0232477
0.0111343
-0.000450869
-0.011465
-0.0219619
-0.0324931
-0.0425523
-0.052012
-0.0609584
-0.0694781
-0.0776041
0.142429
0.127518
0.110912
0.0971118
0.0847725
0.0722636
0.0596853
0.0475496
0.035936
0.0247216
0.0138628
0.00337978
-0.00670714
-0.0163778
-0.0254256
-0.034414
-0.0431259
-0.0514321
-0.0593613
-0.0669641
0.131707
0.118358
0.103259
0.0906744
0.0796815
0.0686563
0.057461
0.0465687
0.03615
0.0261123
0.0163842
0.00697674
-0.00207501
-0.0107515
-0.0190637
-0.0273204
-0.0353546
-0.0430593
-0.0504493
-0.0575732
0.122031
0.1101
0.096523
0.0851176
0.0752628
0.0654852
0.0555138
0.0457364
0.0363643
0.0273457
0.0185999
0.0101155
0.00191395
-0.0059996
-0.0136388
-0.0212341
-0.0286196
-0.0357359
-0.0426077
-0.0492742
0.113371
0.102679
0.0905431
0.080264
0.0714044
0.0626863
0.0537867
0.045005
0.0365547
0.0284174
0.0205177
0.0128313
0.00537257
-0.00184983
-0.00885588
-0.0158262
-0.022633
-0.0292305
-0.0356357
-0.0418773
0.105635
0.0960318
0.0852202
0.0759935
0.0680179
0.0602074
0.0522392
0.0443396
0.0367034
0.0293334
0.0221636
0.0151596
0.00831835
0.00164555
-0.00485042
-0.0110813
-0.0172985
-0.0234335
-0.0294245
-0.0352717
0.0987354
0.0901025
0.0804828
0.0722162
0.0650274
0.0580015
0.0508417
0.0437203
0.0368065
0.0301149
0.0235938
0.0172109
0.0109649
0.00486603
-0.00107785
-0.00686048
-0.0126221
-0.0183195
-0.0239047
-0.0293713
0.0925895
0.084823
0.076263
0.0688574
0.0623677
0.0560255
0.04957
0.0431346
0.0368628
0.0307745
0.0248295
0.0189993
0.0132795
0.00767609
0.00219114
-0.00317517
-0.00851706
-0.0137979
-0.0189887
-0.0240877
0.0871141
0.0801199
0.0724951
0.0658544
0.059985
0.0542426
0.0484037
0.0425735
0.0368725
0.0313215
0.0258896
0.020552
0.0153027
0.010145
0.00507823
9.83645e-05
-0.00486481
-0.00976495
-0.0145865
-0.0193372
0.0822297
0.0759231
0.0691201
0.0631555
0.0578364
0.0526229
0.0473261
0.0420307
0.0368369
0.0317649
0.0267907
0.021894
0.0170705
0.0123241
0.00765526
0.00305213
-0.00157916
-0.00614123
-0.0106268
-0.0150548
0.0778643
0.0721692
0.066087
0.0607188
0.0558883
0.0511431
0.0463251
0.0415035
0.0367613
0.0321165
0.0275499
0.0230433
0.0185906
0.0141909
0.00984468
0.0055552
0.00134864
-0.00285336
-0.00703381
-0.0111746
0.073954
0.0688031
0.0633527
0.0585103
0.0541144
0.0497855
0.0453927
0.0409926
0.0366545
0.032394
0.028196
0.0240457
0.0199384
0.0158746
0.0118575
0.00789161
0.00399401
9.21927e-05
-0.00380294
-0.00766937
0.0704433
0.0657769
0.0608808
0.0565022
0.0524937
0.0485367
0.0445229
0.0404998
0.0365247
0.0326116
0.0287486
0.0249239
0.0211337
0.017379
0.0136617
0.00998371
0.00635048
0.00271888
-0.000904387
-0.00450527
0.0672841
0.0630495
0.0586403
0.0546717
0.0510093
0.0473855
0.0437111
0.0400258
0.0363778
0.0327788
0.0292197
0.0256908
0.022189
0.018715
0.01527
0.0118547
0.00847101
0.00509111
0.00172085
-0.00163131
0.0644348
0.0605856
0.056605
0.0529995
0.049647
0.0463226
0.0429529
0.0395714
0.0362183
0.0329038
0.0296206
0.0263609
0.0231223
0.0199051
0.0167103
0.013538
0.0103885
0.00724214
0.00410538
0.000983755
0.0618597
0.058355
0.0547526
0.0514694
0.0483951
0.0453404
0.042245
0.0391372
0.0360507
0.0329943
0.0299621
0.0269479
0.0239496
0.0209677
0.0180031
0.0150557
0.0121249
0.00919503
0.00627474
0.00336778
0.059528
0.0563318
0.0530639
0.0500675
0.0472433
0.0444322
0.0415843
0.0387238
0.035879
0.0330574
0.0302543
0.0274648
0.0246871
0.0219216
0.0191684
0.0164273
0.0136973
0.0109657
0.00824601
0.00554019
0.0574131
0.0544936
0.0515223
0.0487816
0.0461829
0.043592
0.0409679
0.0383311
0.0357054
0.0330972
0.0305032
0.0279195
0.0253453
0.0227816
0.0202298
0.0176896
0.0151558
0.0125962
0.0100548
0.00753272
0.0554919
0.0528211
0.0501135
0.0476015
0.0452064
0.042815
0.0403935
0.0379592
0.0355322
0.0331179
0.0307134
0.0283152
0.025922
0.0235338
0.0211503
0.0187726
0.016405
0.0140731
0.0117298
0.00937825
0.0537449
0.051298
0.0488254
0.0465186
0.0443077
0.0420975
0.0398601
0.0376102
0.0353646
0.033128
0.0308985
0.0286732
0.0264518
0.0242348
0.0220232
0.0198184
0.0176221
0.0154388
0.01325
0.0110567
0.0521549
0.0499099
0.0476475
0.045525
0.0434813
0.041436
0.0393662
0.0372843
0.0352045
0.033131
0.0310622
0.0289961
0.0269323
0.0248714
0.0228141
0.020761
0.0187131
0.0166732
0.0146312
0.0125881
0.0507069
0.0486443
0.0465701
0.0446138
0.0427219
0.0408269
0.0389097
0.036981
0.0350526
0.0331282
0.0312066
0.0292864
0.0273672
0.0254497
0.0235344
0.0216221
0.0197133
0.0178097
0.0159053
0.0140009
0.0493876
0.04749
0.0455847
0.0437783
0.0420244
0.0402663
0.0384884
0.0366994
0.0349093
0.0331214
0.0313349
0.0295486
0.0277624
0.0259769
0.0241927
0.0224104
0.0206305
0.0188539
0.0170771
0.0153006
0.0481852
0.046437
0.0446836
0.0430126
0.0413843
0.0397511
0.0381001
0.0364386
0.034775
0.0331121
0.0314494
0.0297862
0.0281223
0.0264584
0.0247949
0.0231326
0.0214719
0.0198134
0.0181548
0.0164969
0.0470893
0.0454765
0.0438597
0.0423113
0.0407973
0.0392781
0.0377429
0.0361977
0.0346497
0.0331013
0.0315523
0.030002
0.0284506
0.0268985
0.0253464
0.0237949
0.0222443
0.0206952
0.0191462
0.0175979
0.0460909
0.0446006
0.0431069
0.0416695
0.0402596
0.0388444
0.0374147
0.0359758
0.0345335
0.0330899
0.0316451
0.0301985
0.0287504
0.0273012
0.0258517
0.0244022
0.0229533
0.0215054
0.0200575
0.0186106
0.0451818
0.0438024
0.0424198
0.0410828
0.0397677
0.0384472
0.0371139
0.0357719
0.0344261
0.0330784
0.031729
0.0303775
0.0290242
0.0276696
0.0263143
0.0249588
0.0236035
0.0222489
0.0208944
0.0195407
0.044355
0.0430759
0.0417933
0.0405473
0.0393184
0.0380842
0.0368386
0.0355849
0.0343271
0.0330671
0.0318049
0.0305404
0.029274
0.0280061
0.0267373
0.0254681
0.0241989
0.0229302
0.0216614
0.0203937
0.0436044
0.0424158
0.0412231
0.0400595
0.0389089
0.0377531
0.0365872
0.0354138
0.0342362
0.033056
0.0318734
0.0306885
0.0295014
0.0283128
0.0271232
0.025933
0.0247426
0.0235525
0.0223622
0.0211732
0.0429247
0.0418174
0.0407056
0.0396162
0.0385365
0.0374518
0.0363581
0.0352575
0.0341527
0.0330451
0.031935
0.0308225
0.0297079
0.0285918
0.0274746
0.026357
0.0252391
0.0241213
0.0230017
0.0218841
0.0423114
0.041277
0.0402375
0.0392148
0.038199
0.0371784
0.0361498
0.0351148
0.0340757
0.0330336
0.0319889
0.0309417
0.0298924
0.0288414
0.0277893
0.0267364
0.0256834
0.0246309
0.023581
0.022531
0.0417612
0.0407915
0.0398163
0.0388532
0.0378947
0.0369317
0.0359615
0.0349855
0.0340055
0.0330224
0.0320368
0.0310487
0.0300586
0.0290669
0.0280741
0.0270807
0.0260872
0.0250942
0.0241033
0.0231123
0.0412711
0.0403585
0.0394401
0.0385299
0.0376223
0.0367105
0.0357923
0.0348688
0.0339415
0.0330111
0.0320783
0.031143
0.0302059
0.0292672
0.0283275
0.0273872
0.0264468
0.0255068
0.0245681
0.0236299
0.0408394
0.0399764
0.0391073
0.0382434
0.0373807
0.0365138
0.0356413
0.034764
0.033883
0.0329992
0.0321129
0.0312244
0.0303341
0.0294424
0.0285497
0.0276565
0.0267632
0.0258702
0.0249783
0.0240871
0.0404647
0.0396439
0.0388172
0.0379931
0.0371689
0.0363409
0.0355079
0.0346705
0.0338298
0.0329864
0.0321406
0.0312928
0.0304433
0.0295925
0.0287408
0.0278887
0.0270366
0.0261848
0.025334
0.0244841
0.0401468
0.039361
0.0385695
0.0377786
0.0369868
0.0361914
0.0353917
0.0345881
0.0337814
0.0329722
0.0321609
0.0313477
0.0305329
0.0297171
0.0289005
0.0280836
0.0272667
0.0264502
0.0256347
0.0248201
0.0398863
0.0391282
0.0383646
0.0376004
0.0368346
0.0360656
0.0352928
0.0345167
0.0337378
0.0329567
0.0321736
0.031389
0.0306031
0.0298162
0.0290288
0.0282411
0.0274536
0.0266666
0.0258805
0.0250954
0.0396849
0.0389467
0.0382036
0.037459
0.0367126
0.0359633
0.0352108
0.0344555
0.0336979
0.0329383
0.032177
0.0314145
0.0306509
0.0298866
0.029122
0.0283573
0.0275929
0.0268292
0.0260664
0.0253047
0.0395456
0.0388195
0.0380891
0.0373571
0.0366234
0.0358873
0.0351487
0.0344079
0.0336651
0.0329208
0.0321753
0.0314287
0.0306814
0.0299336
0.0291856
0.0284378
0.0276903
0.0269436
0.0261977
0.025453
0.0394725
0.0387494
0.0380222
0.0372935
0.0365634
0.0358316
0.0350979
0.0343627
0.0336263
0.0328889
0.0321509
0.0314124
0.0306737
0.0299352
0.0291969
0.0284591
0.0277222
0.0269863
0.0262517
0.0255185
0.174187
0.17571
0.178509
0.182461
0.18735
0.19312
0.199569
0.20664
0.214079
0.221806
0.229453
0.236892
0.243563
0.249308
0.253254
0.255324
0.25407
0.249812
0.239695
0.225067
0.198407
0.173117
0.174574
0.177247
0.181009
0.185641
0.191073
0.197091
0.203622
0.210395
0.217308
0.223975
0.230247
0.235553
0.239716
0.241888
0.241955
0.238615
0.232002
0.220095
0.203741
0.181862
0.171941
0.173324
0.175854
0.179402
0.183745
0.188799
0.194342
0.200285
0.206344
0.212401
0.218058
0.223157
0.227132
0.22981
0.230401
0.228796
0.223933
0.21592
0.203662
0.187896
0.168958
0.170654
0.171957
0.174332
0.177651
0.181685
0.18634
0.191386
0.196719
0.202047
0.207235
0.211888
0.215835
0.218543
0.219834
0.21903
0.216008
0.210024
0.201142
0.18893
0.173776
0.156218
0.169252
0.17047
0.172682
0.175758
0.17947
0.183712
0.188247
0.192957
0.19755
0.201874
0.205549
0.20839
0.209921
0.20995
0.207941
0.203756
0.196941
0.187506
0.175365
0.160731
0.144216
0.167732
0.168859
0.1709
0.173723
0.177101
0.180914
0.184928
0.189009
0.192869
0.196343
0.199076
0.200872
0.201324
0.200232
0.197203
0.192096
0.184669
0.174918
0.162922
0.148899
0.133456
0.166089
0.167122
0.168984
0.171544
0.174577
0.177952
0.181437
0.184885
0.188022
0.190668
0.192504
0.193327
0.192803
0.190738
0.186859
0.181044
0.173194
0.163325
0.151605
0.138284
0.123907
0.164321
0.165256
0.166934
0.169221
0.1719
0.174829
0.177784
0.180604
0.183033
0.184884
0.185876
0.185807
0.184414
0.181519
0.176949
0.170611
0.162505
0.152678
0.141347
0.128759
0.115393
0.162426
0.163259
0.164747
0.166755
0.169076
0.171555
0.173981
0.176184
0.17793
0.179026
0.179234
0.17836
0.176206
0.172619
0.167504
0.160805
0.152585
0.142921
0.132049
0.120192
0.107777
0.160403
0.161131
0.162426
0.16415
0.166108
0.16814
0.170045
0.171648
0.172739
0.173128
0.172617
0.171029
0.168221
0.164071
0.158545
0.15162
0.143403
0.133987
0.123615
0.112478
0.100961
0.158251
0.158873
0.159971
0.16141
0.163006
0.164595
0.16599
0.167016
0.167488
0.167224
0.166064
0.163852
0.160493
0.155899
0.150079
0.143042
0.13492
0.125815
0.115965
0.105532
0.0948595
0.155971
0.156485
0.157385
0.158539
0.159776
0.160931
0.161834
0.162313
0.162205
0.161346
0.159607
0.15686
0.153049
0.148117
0.142106
0.135051
0.127095
0.118344
0.109027
0.0992738
0.0893926
0.153564
0.15397
0.154673
0.155545
0.15643
0.157165
0.157595
0.157559
0.156917
0.155522
0.153277
0.15008
0.145908
0.140733
0.134621
0.127621
0.119888
0.111519
0.102732
0.0936307
0.0844868
0.151034
0.151331
0.15184
0.152435
0.152977
0.153309
0.153293
0.152779
0.15165
0.14978
0.147099
0.143533
0.139085
0.133749
0.12761
0.120727
0.113254
0.105285
0.0970189
0.0885361
0.0800766
0.148383
0.148575
0.148892
0.149219
0.149431
0.149381
0.148946
0.147994
0.146427
0.144143
0.141095
0.137236
0.132586
0.127162
0.121057
0.114338
0.107154
0.0995904
0.0918295
0.0839306
0.0761045
0.145618
0.145707
0.145838
0.145908
0.145805
0.145395
0.144574
0.143225
0.141271
0.138633
0.135284
0.131199
0.126416
0.120964
0.114944
0.108424
0.101547
0.0943878
0.0871122
0.0797613
0.0725202
0.142744
0.142735
0.142687
0.142511
0.142112
0.14137
0.140196
0.138493
0.136203
0.133267
0.129679
0.125431
0.120572
0.115145
0.10925
0.102955
0.0963939
0.089633
0.0828201
0.0759818
0.0692799
0.139771
0.139668
0.13945
0.139044
0.138369
0.137322
0.135831
0.133817
0.13124
0.128062
0.124291
0.119934
0.115052
0.109691
0.103951
0.0978999
0.0916588
0.0852854
0.0789113
0.0725507
0.0663453
0.136707
0.136516
0.136138
0.135517
0.134589
0.133267
0.131496
0.129214
0.126399
0.123029
0.119127
0.114711
0.109847
0.104587
0.0990268
0.0932301
0.0873075
0.0813081
0.0753481
0.0694318
0.0636831
0.133563
0.13329
0.132765
0.131947
0.130789
0.129223
0.127207
0.1247
0.121692
0.118179
0.114191
0.109758
0.104949
0.0998172
0.0944538
0.0889176
0.0833084
0.0776675
0.0720969
0.0665931
0.0612645
0.130351
0.130004
0.129343
0.128347
0.126985
0.125205
0.122982
0.120289
0.117132
0.113518
0.109486
0.105073
0.100348
0.0953653
0.0902101
0.0849362
0.0796325
0.0743333
0.0691279
0.0640067
0.0590642
0.127084
0.12667
0.125887
0.124734
0.123193
0.121231
0.118835
0.115996
0.112729
0.109052
0.105011
0.100648
0.0960316
0.0912142
0.0862745
0.0812611
0.076253
0.0712782
0.0664144
0.0616477
0.0570605
0.123777
0.123303
0.122414
0.121123
0.119428
0.117314
0.11478
0.111829
0.108489
0.104784
0.100766
0.0964785
0.0919887
0.0873476
0.0826266
0.0778694
0.0731456
0.0684776
0.0639329
0.0594945
0.0552342
0.120446
0.11992
0.118938
0.117529
0.115707
0.113469
0.110829
0.107801
0.104418
0.100716
0.0967462
0.0925553
0.0882068
0.0837493
0.0792475
0.0747401
0.0702882
0.0659095
0.0616624
0.057528
0.0535686
0.117106
0.116536
0.115476
0.11397
0.112044
0.109711
0.106994
0.103918
0.100523
0.096849
0.0929492
0.0888709
0.084674
0.080404
0.0761192
0.0718537
0.0676607
0.0635542
0.0595843
0.0557312
0.0520488
0.113775
0.113169
0.112045
0.110461
0.108455
0.106052
0.103285
0.100189
0.0968065
0.0931823
0.0893702
0.0854169
0.0813785
0.0772973
0.0732253
0.0691926
0.0652452
0.0613941
0.0576821
0.0540891
0.0506617
0.11047
0.109836
0.108663
0.107018
0.104954
0.102505
0.0997136
0.0966193
0.0932713
0.0897152
0.0860046
0.0821853
0.0783093
0.0744156
0.0705507
0.0667408
0.0630256
0.0594135
0.055941
0.0525885
0.0493958
0.107211
0.106555
0.105345
0.103658
0.101556
0.0990823
0.0962874
0.0932161
0.0899199
0.0864464
0.0828477
0.0791681
0.0754559
0.0717468
0.0680818
0.064484
0.0609875
0.0575985
0.0543483
0.0512177
0.0482409
0.104017
0.103345
0.102111
0.100397
0.0982741
0.0957954
0.0930155
0.0899841
0.0867543
0.0833743
0.0798949
0.0763582
0.0728089
0.0692794
0.0658063
0.0624094
0.0591181
0.055937
0.0528924
0.0499665
0.047188
0.100906
0.100225
0.0989765
0.0972506
0.0951232
0.0926554
0.0899062
0.0869283
0.0837762
0.0804978
0.077142
0.073749
0.0703596
0.0670037
0.0637133
0.0605058
0.0574063
0.0544182
0.0515636
0.0488259
0.0462293
0.0978976
0.0972137
0.0959605
0.0942345
0.0921165
0.0896733
0.0869673
0.0840538
0.0809875
0.0778158
0.0745854
0.0713346
0.0681008
0.0649109
0.0617934
0.0587635
0.0558425
0.053033
0.0503532
0.0477882
0.0453581
0.0950127
0.0943299
0.0930806
0.0913649
0.0892676
0.0868599
0.0842069
0.0813656
0.0783903
0.0753278
0.0722225
0.0691105
0.066026
0.0629937
0.0600386
0.0571742
0.0544185
0.0517734
0.0492539
0.0468469
0.0445684
0.0922714
0.0915933
0.0903547
0.0886576
0.08659
0.0842262
0.0816333
0.0788691
0.0759875
0.0730341
0.0700512
0.0670728
0.0641303
0.0612462
0.0584425
0.0557312
0.0531274
0.0506329
0.0482597
0.0459963
0.0438556
0.0896942
0.0890239
0.0878011
0.0861291
0.0840977
0.0817836
0.0792549
0.0765703
0.0737824
0.070936
0.0680709
0.0652193
0.06241
0.0596637
0.0569998
0.054429
0.0519641
0.0496065
0.0473658
0.0452322
0.0432156
0.0873023
0.0866419
0.0854386
0.083796
0.0818051
0.0795439
0.0770813
0.0744759
0.0717796
0.0690356
0.0662819
0.0635489
0.060863
0.0582433
0.055707
0.0532637
0.0509243
0.04869
0.0465684
0.0445511
0.0426456
0.0851173
0.0844682
0.0832865
0.0816758
0.0797273
0.0775198
0.0751225
0.0725939
0.0699846
0.0673367
0.0646864
0.0620622
0.0594887
0.0569835
0.0545621
0.0522331
0.0500056
0.047881
0.0458651
0.0439507
0.0421433
0.083162
0.0825246
0.0813652
0.0797868
0.0778805
0.0757253
0.0733903
0.0709335
0.0684047
0.0658446
0.0632878
0.0607614
0.0582882
0.0558847
0.0535647
0.0513361
0.0492069
0.0471782
0.0452544
0.0434298
0.0417076
0.0814601
0.0808342
0.0796964
0.078149
0.0762824
0.0741758
0.0718978
0.0695059
0.0670489
0.0645665
0.0620918
0.0596508
0.0572647
0.0549489
0.0527162
0.0505739
0.0485287
0.0465818
0.0447365
0.0429881
0.0413384
0.0800371
0.0794216
0.0783035
0.0767838
0.0749527
0.0728888
0.0706603
0.0683242
0.0659285
0.063512
0.0611064
0.0587368
0.0564233
0.0541806
0.0520201
0.049949
0.047973
0.0460935
0.0443126
0.0426267
0.0410363
0.0789205
0.0783137
0.0772119
0.0757154
0.0739134
0.0718843
0.0696958
0.0674045
0.0650576
0.0626932
0.0603422
0.0580288
0.0557722
0.0535863
0.0514822
0.0494664
0.0475442
0.0457167
0.0439858
0.0423482
0.0408035
0.0781407
0.0775402
0.0764503
0.0749706
0.0731898
0.0711857
0.0690257
0.0667662
0.0644537
0.0621259
0.0598132
0.057539
0.055322
0.0531758
0.0511108
0.0491334
0.0472484
0.0454571
0.0437607
0.0421565
0.0406434
0.0777317
0.0771344
0.0760509
0.0745803
0.0728109
0.0708203
0.0686755
0.0664327
0.0641384
0.0618299
0.0595372
0.0572836
0.0550874
0.052962
0.0509175
0.0489602
0.0470946
0.0453222
0.0436439
0.0420573
0.0405609
0.180951
0.182615
0.185736
0.190207
0.195864
0.202688
0.210504
0.21945
0.229438
0.24056
0.252754
0.266128
0.280626
0.296362
0.313261
0.331448
0.350784
0.371417
0.393052
0.415912
0.439334
0.180919
0.182578
0.185678
0.190095
0.195638
0.202399
0.210213
0.219129
0.229082
0.240167
0.252324
0.265661
0.280121
0.295818
0.312668
0.330794
0.350041
0.370554
0.392017
0.414705
0.437959
0.180852
0.182504
0.185594
0.19001
0.195596
0.202353
0.210117
0.218997
0.228909
0.239947
0.252042
0.265305
0.279669
0.295249
0.311952
0.329903
0.348933
0.369197
0.390356
0.412694
0.435454
0.180753
0.182402
0.185489
0.189905
0.195476
0.20222
0.209972
0.218833
0.228713
0.239707
0.25174
0.26492
0.27917
0.294605
0.311113
0.32882
0.347529
0.367405
0.388059
0.409803
0.431755
0.180621
0.182268
0.18535
0.189759
0.195311
0.202039
0.209767
0.218595
0.22843
0.239362
0.25131
0.264379
0.278478
0.293719
0.309968
0.327351
0.345636
0.364994
0.384975
0.40593
0.426821
0.180457
0.1821
0.185175
0.189579
0.195121
0.201814
0.209512
0.218299
0.228075
0.238929
0.250769
0.263699
0.277607
0.292605
0.308531
0.32551
0.343265
0.361979
0.381123
0.4011
0.420674
0.18026
0.181899
0.184966
0.189363
0.194896
0.201545
0.209209
0.217946
0.227652
0.238414
0.250125
0.262888
0.276569
0.291278
0.306817
0.323314
0.340436
0.358382
0.376526
0.395338
0.413338
0.180032
0.181666
0.184724
0.18911
0.194617
0.201234
0.208857
0.217538
0.227163
0.237817
0.24938
0.261949
0.275366
0.28974
0.304831
0.320769
0.337158
0.354214
0.371198
0.388661
0.404838
0.179772
0.1814
0.184449
0.188822
0.194305
0.200882
0.208459
0.217074
0.226608
0.23714
0.248534
0.260884
0.274002
0.287995
0.302578
0.317883
0.333439
0.349488
0.365154
0.381092
0.395205
0.17948
0.181103
0.184142
0.188497
0.193955
0.200491
0.208015
0.216557
0.225989
0.236385
0.247591
0.259695
0.272481
0.286049
0.300065
0.314664
0.329291
0.344217
0.358414
0.372657
0.384475
0.179158
0.180776
0.183806
0.188117
0.193563
0.20006
0.207526
0.215988
0.225308
0.235554
0.246554
0.258387
0.270807
0.283907
0.297298
0.311121
0.324724
0.338419
0.350997
0.363387
0.372692
0.178806
0.180418
0.183443
0.187783
0.193133
0.19959
0.206994
0.215369
0.224568
0.23465
0.245425
0.256964
0.268985
0.281575
0.294286
0.307264
0.319752
0.33211
0.342926
0.353314
0.359902
0.178425
0.18003
0.183042
0.187338
0.19267
0.199084
0.20642
0.214701
0.223769
0.233674
0.244208
0.255428
0.26702
0.279059
0.291036
0.303103
0.314388
0.325308
0.334227
0.342474
0.346158
0.178014
0.179616
0.182595
0.186878
0.192178
0.198542
0.205806
0.213987
0.222916
0.232631
0.242907
0.253784
0.264916
0.276365
0.287557
0.298649
0.308646
0.318033
0.324923
0.330907
0.331514
0.177576
0.179176
0.182177
0.186388
0.191655
0.197966
0.205153
0.213228
0.222009
0.231523
0.241524
0.252037
0.26268
0.273499
0.283858
0.293911
0.302541
0.310305
0.315043
0.318654
0.316021
0.177109
0.178704
0.181676
0.185869
0.191101
0.197356
0.204463
0.212425
0.22105
0.230352
0.240062
0.25019
0.260316
0.270468
0.279945
0.2889
0.296088
0.302144
0.304613
0.305758
0.299727
0.176617
0.178205
0.181155
0.185324
0.190517
0.196713
0.203735
0.211579
0.220039
0.229115
0.238519
0.24824
0.257823
0.26727
0.275824
0.283622
0.289302
0.29357
0.293667
0.292265
0.282662
0.176098
0.17769
0.180614
0.184757
0.189911
0.196048
0.202984
0.210706
0.218995
0.227838
0.236923
0.246217
0.25523
0.263938
0.271525
0.278109
0.282219
0.284621
0.282253
0.278241
0.264847
0.175553
0.177139
0.180053
0.184174
0.189293
0.195376
0.202232
0.209838
0.217962
0.226572
0.235334
0.24419
0.252613
0.260547
0.267116
0.272414
0.274869
0.275301
0.270347
0.263667
0.246154
0.174983
0.176554
0.179442
0.183524
0.188588
0.194592
0.20134
0.208797
0.216717
0.225053
0.233445
0.241811
0.249587
0.256684
0.262175
0.266115
0.266874
0.265284
0.257793
0.248219
0.225987
0.174983
0.176547
0.179445
0.183545
0.188632
0.194657
0.201424
0.208895
0.216822
0.225152
0.233522
0.241847
0.249561
0.256577
0.261968
0.265802
0.266437
0.264717
0.257114
0.247469
0.225427
0.175558
0.177162
0.180129
0.184327
0.189539
0.195725
0.202689
0.2104
0.218618
0.227306
0.236114
0.244984
0.253367
0.261217
0.267631
0.272738
0.274935
0.275118
0.269925
0.26316
0.245779
0.176105
0.177735
0.180738
0.184987
0.190266
0.196537
0.20361
0.211463
0.219868
0.228803
0.237942
0.24725
0.256219
0.26483
0.272251
0.278623
0.282473
0.284607
0.282017
0.277863
0.264596
0.176624
0.178251
0.181278
0.185551
0.190866
0.197194
0.204349
0.212321
0.220896
0.230067
0.239533
0.249278
0.258835
0.268206
0.276624
0.284235
0.289689
0.293699
0.293593
0.292005
0.282497
0.177116
0.17875
0.181798
0.186092
0.191446
0.197832
0.205073
0.213167
0.221912
0.231316
0.241101
0.251268
0.261388
0.271482
0.280848
0.289633
0.296616
0.302417
0.304684
0.305612
0.299624
0.177582
0.179222
0.182316
0.186615
0.192005
0.198449
0.205774
0.213985
0.222893
0.232518
0.242603
0.253168
0.26382
0.274597
0.284862
0.29476
0.303201
0.310714
0.315247
0.318616
0.315968
0.178021
0.179662
0.182708
0.187111
0.192534
0.199033
0.206437
0.214758
0.223819
0.233653
0.244022
0.254962
0.266116
0.277538
0.288655
0.299605
0.309429
0.318571
0.32525
0.330971
0.331503
0.178431
0.180077
0.183169
0.187574
0.19303
0.19958
0.207059
0.215484
0.22469
0.234719
0.245356
0.256648
0.268276
0.280302
0.292221
0.304161
0.315285
0.325967
0.334668
0.342633
0.346186
0.178813
0.180465
0.183573
0.18801
0.193495
0.200092
0.207641
0.216163
0.225504
0.235716
0.246603
0.258224
0.270294
0.282884
0.295551
0.308417
0.320755
0.332882
0.343473
0.353562
0.359965
0.179165
0.180825
0.183939
0.188375
0.193927
0.200567
0.20818
0.216793
0.22626
0.236641
0.24776
0.259685
0.272165
0.285277
0.298638
0.312362
0.325825
0.339296
0.351641
0.363717
0.372786
0.179487
0.181154
0.184276
0.188736
0.194323
0.201003
0.208676
0.217372
0.226954
0.237491
0.248824
0.261027
0.273884
0.287475
0.301473
0.315986
0.330481
0.345192
0.359147
0.373063
0.3846
0.179779
0.181452
0.184584
0.189067
0.194678
0.201399
0.209127
0.217898
0.227586
0.238264
0.24979
0.262247
0.275446
0.289473
0.304049
0.319279
0.334712
0.35055
0.36597
0.381568
0.395358
0.180039
0.181718
0.184861
0.189358
0.194994
0.201754
0.209531
0.21837
0.228152
0.238957
0.250657
0.263341
0.276847
0.291264
0.306358
0.322232
0.338505
0.355357
0.372089
0.389201
0.405019
0.180268
0.181953
0.185104
0.189614
0.19527
0.202068
0.209888
0.218786
0.228652
0.239568
0.251422
0.264306
0.278082
0.292844
0.308395
0.324837
0.34185
0.359597
0.377485
0.395936
0.413546
0.180466
0.182155
0.185315
0.189833
0.195518
0.20234
0.210196
0.219145
0.229084
0.240096
0.252083
0.265139
0.279149
0.294209
0.310154
0.327087
0.344738
0.363258
0.382143
0.401752
0.420909
0.18063
0.182323
0.18549
0.190014
0.195694
0.20257
0.210455
0.219447
0.229447
0.240539
0.252638
0.265839
0.280045
0.295354
0.311629
0.328975
0.347161
0.36633
0.386049
0.40663
0.427083
0.180763
0.182459
0.185631
0.19016
0.195863
0.202753
0.210662
0.219688
0.229735
0.240892
0.253079
0.266395
0.280758
0.296267
0.312807
0.330483
0.349099
0.368791
0.389182
0.410548
0.432044
0.180863
0.182562
0.185738
0.190269
0.195987
0.202886
0.210813
0.219863
0.229946
0.24115
0.253403
0.266806
0.281287
0.296946
0.313686
0.331612
0.35055
0.370633
0.391526
0.413484
0.435769
0.18093
0.182635
0.185821
0.190357
0.196048
0.202987
0.210945
0.220027
0.230149
0.2414
0.253714
0.267192
0.281766
0.297542
0.314427
0.332526
0.351679
0.372009
0.393204
0.415517
0.438285
0.180962
0.182668
0.185862
0.190426
0.196189
0.203107
0.211077
0.22018
0.230325
0.241603
0.253948
0.267462
0.28208
0.29791
0.314865
0.333054
0.352327
0.372812
0.394191
0.41668
0.439632
0.0776382
0.07704
0.0759547
0.0744817
0.0727094
0.0707153
0.0685666
0.0663195
0.0640207
0.0617074
0.0594097
0.0571509
0.0549494
0.0528187
0.0507688
0.0488061
0.0469353
0.0451576
0.0434741
0.0418824
0.0403811
0.0780479
0.0774464
0.0763548
0.0748728
0.073089
0.0710815
0.0689177
0.066654
0.064337
0.0620045
0.0596868
0.0574075
0.0551853
0.0530339
0.0509636
0.0489809
0.0470906
0.0452941
0.0435926
0.0419834
0.0404654
0.0788289
0.0782211
0.0771177
0.0756189
0.0738141
0.0717817
0.0695895
0.0672941
0.0649429
0.0625739
0.0602181
0.0578997
0.055638
0.053447
0.0513377
0.0493168
0.0473894
0.0455569
0.0438209
0.0421784
0.0406289
0.0799472
0.0793308
0.0782111
0.0766892
0.0748554
0.0727883
0.0705563
0.0682163
0.0658165
0.0633955
0.0609854
0.0586111
0.0562927
0.054045
0.0518796
0.0498035
0.0478225
0.045938
0.0441523
0.0424616
0.0408666
0.0813723
0.0807455
0.0796063
0.0780568
0.0761877
0.0740781
0.0717967
0.0694012
0.0669403
0.0644537
0.0619747
0.0595292
0.0571384
0.054818
0.0525805
0.0504335
0.0483835
0.0464319
0.044582
0.042829
0.0411749
0.0830766
0.0824385
0.0812777
0.0796974
0.0777887
0.0756308
0.0732927
0.0708325
0.0683
0.0657361
0.0631752
0.0606447
0.0581672
0.0557593
0.0534348
0.0512019
0.0490682
0.047035
0.0451068
0.0432779
0.0415516
0.0850347
0.0843849
0.0832019
0.0815894
0.0796387
0.0774288
0.0750287
0.072497
0.0698844
0.067233
0.0645789
0.0619509
0.0593735
0.0568643
0.0544388
0.0521057
0.0498741
0.0477454
0.0457254
0.043807
0.0419957
0.0872226
0.0865616
0.0853571
0.083713
0.0817201
0.0794567
0.0769915
0.0743834
0.0716841
0.068937
0.0661801
0.0634436
0.0607542
0.0581309
0.0555909
0.0531439
0.0508008
0.0485627
0.0464374
0.0444165
0.0425075
0.0896176
0.0889468
0.087723
0.0860496
0.0840165
0.0817004
0.0791695
0.0764824
0.073692
0.0708428
0.0679749
0.0651203
0.0623079
0.0595585
0.0568914
0.0543173
0.0518491
0.0494882
0.0472442
0.0451074
0.0430878
0.0921981
0.0915195
0.09028
0.0885817
0.0865126
0.0841471
0.0815522
0.0787861
0.0759022
0.0729466
0.0699613
0.0669803
0.0640352
0.0611484
0.058342
0.055628
0.0530214
0.0505241
0.0481481
0.045882
0.0437387
0.0949427
0.0942594
0.0930094
0.0912926
0.0891941
0.086785
0.0841304
0.0812874
0.0783103
0.0752459
0.0721387
0.0690246
0.065938
0.0629037
0.0599464
0.0570798
0.0543217
0.0516744
0.0491526
0.0467434
0.044463
0.0978308
0.0971466
0.0958928
0.094166
0.0920469
0.0896025
0.0868953
0.0839805
0.0809127
0.0777396
0.0745078
0.0712554
0.06802
0.0648286
0.0617094
0.0586779
0.0557552
0.052944
0.0502625
0.0476959
0.0452645
0.100842
0.100162
0.0989123
0.0971857
0.0950575
0.0925888
0.0898386
0.0868598
0.0837066
0.0804272
0.0770704
0.0736764
0.070286
0.066929
0.0636376
0.0604291
0.0573284
0.0543393
0.0514836
0.0487449
0.0461477
0.103957
0.103285
0.10205
0.100336
0.0982122
0.0957328
0.0929523
0.0899201
0.0866898
0.0833092
0.0798292
0.076292
0.0727422
0.0692123
0.0657387
0.0623414
0.0590496
0.0558681
0.0528231
0.0498968
0.0471184
0.107155
0.106498
0.105288
0.103601
0.101497
0.0990237
0.0962283
0.0931566
0.0898602
0.0863865
0.0827877
0.0791081
0.0753959
0.0716868
0.068022
0.0644244
0.060928
0.0575393
0.0542893
0.0511592
0.0481831
0.110417
0.109782
0.108609
0.106964
0.104899
0.10245
0.0996585
0.0965642
0.0932162
0.0896603
0.08595
0.082131
0.0782556
0.0743626
0.0704984
0.0666893
0.0629749
0.0593636
0.0558922
0.0525407
0.0493496
0.113724
0.113118
0.111995
0.11041
0.108404
0.106
0.103234
0.100137
0.0967557
0.093132
0.0893206
0.0853681
0.0813307
0.0772506
0.0731799
0.0691487
0.0652027
0.0613531
0.0576428
0.0540516
0.0506265
0.117058
0.116488
0.115428
0.113922
0.111996
0.109663
0.106946
0.10387
0.100476
0.096803
0.0929042
0.0888271
0.0846317
0.0803633
0.0760803
0.0718168
0.0676258
0.0635215
0.0595539
0.0557034
0.052024
0.120401
0.119875
0.118893
0.117485
0.115662
0.113424
0.110785
0.107757
0.104375
0.100674
0.0967054
0.0925161
0.0881694
0.0837139
0.0792144
0.0747095
0.0702602
0.0658843
0.0616402
0.057509
0.0535533
0.123736
0.123261
0.122372
0.121081
0.119387
0.117272
0.114739
0.111789
0.108449
0.104745
0.100729
0.0964433
0.0919556
0.087317
0.0825987
0.0778445
0.0731238
0.0684592
0.0639181
0.0594836
0.0552277
0.127045
0.126631
0.125848
0.124695
0.123154
0.121192
0.118797
0.115958
0.112692
0.109016
0.104977
0.100617
0.0960024
0.0911877
0.086251
0.081241
0.0762366
0.0712657
0.066406
0.0616438
0.0570616
0.130315
0.129967
0.129307
0.128311
0.126949
0.12517
0.122947
0.120255
0.117099
0.113485
0.109455
0.105044
0.100322
0.0953422
0.0901904
0.0849202
0.0796206
0.0743258
0.0691249
0.0640088
0.0590719
0.133529
0.133257
0.132731
0.131913
0.130756
0.12919
0.127174
0.124667
0.121661
0.118149
0.114163
0.109732
0.104926
0.099797
0.0944372
0.088905
0.0833002
0.077664
0.0720985
0.0666002
0.0612775
0.136676
0.136485
0.136107
0.135486
0.134558
0.133236
0.131465
0.129183
0.12637
0.123001
0.1191
0.114687
0.109826
0.104569
0.0990125
0.09322
0.0873021
0.0813077
0.0753532
0.0694427
0.0637004
0.139742
0.13964
0.139422
0.139015
0.13834
0.137293
0.135802
0.133788
0.131213
0.128036
0.124266
0.119912
0.115032
0.109674
0.103939
0.0978916
0.0916553
0.0852872
0.0789189
0.0725645
0.0663658
0.142718
0.142709
0.142661
0.142485
0.142086
0.141343
0.14017
0.138466
0.136177
0.133242
0.129656
0.125409
0.120553
0.115129
0.109238
0.102948
0.0963915
0.0896361
0.0828293
0.0759974
0.0693025
0.145594
0.145683
0.145814
0.145883
0.14578
0.145371
0.14455
0.1432
0.141247
0.138609
0.135262
0.131178
0.126397
0.120949
0.114933
0.108417
0.101545
0.0943914
0.087122
0.0797778
0.0725439
0.148361
0.148554
0.14887
0.149197
0.149409
0.149358
0.148923
0.14797
0.146404
0.14412
0.141073
0.137215
0.132568
0.127147
0.121045
0.114331
0.107152
0.0995937
0.0918391
0.0839471
0.0761283
0.151014
0.151312
0.15182
0.152415
0.152957
0.153288
0.153272
0.152757
0.151628
0.149758
0.147077
0.143513
0.139066
0.133733
0.127597
0.120718
0.113251
0.105287
0.0970276
0.0885518
0.0800998
0.153547
0.153952
0.154655
0.155527
0.156412
0.157146
0.157576
0.157539
0.156896
0.1555
0.153255
0.150059
0.145888
0.140715
0.134606
0.127611
0.119882
0.11152
0.102739
0.093645
0.0845087
0.155956
0.156469
0.157369
0.158523
0.15976
0.160914
0.161816
0.162293
0.162185
0.161325
0.159585
0.156838
0.153027
0.148097
0.142089
0.135037
0.127087
0.118342
0.109032
0.0992861
0.0894128
0.158239
0.158859
0.159957
0.161396
0.162991
0.164579
0.165973
0.166999
0.167469
0.167203
0.166042
0.163829
0.16047
0.155877
0.150059
0.143026
0.134908
0.12581
0.115967
0.105542
0.0948777
0.160392
0.16112
0.162414
0.164138
0.166096
0.168126
0.17003
0.171631
0.17272
0.173107
0.172595
0.171005
0.168196
0.164046
0.158521
0.1516
0.143387
0.133978
0.123613
0.112485
0.100977
0.162417
0.16325
0.164737
0.166745
0.169065
0.171543
0.173968
0.176169
0.177912
0.179005
0.179211
0.178334
0.176178
0.172591
0.167477
0.16078
0.152564
0.142907
0.132043
0.120196
0.107791
0.164314
0.165248
0.166926
0.169212
0.171891
0.174819
0.177772
0.180589
0.183016
0.184864
0.185852
0.18578
0.184384
0.181487
0.176917
0.170581
0.162479
0.15266
0.141337
0.12876
0.115405
0.166084
0.167116
0.168978
0.171537
0.174569
0.177943
0.181427
0.184872
0.188006
0.190648
0.19248
0.193299
0.19277
0.190702
0.186822
0.181007
0.173161
0.163299
0.15159
0.138282
0.123918
0.167728
0.168855
0.170895
0.173718
0.177096
0.180908
0.18492
0.188998
0.192855
0.196324
0.199052
0.200843
0.201289
0.200193
0.197161
0.192053
0.184629
0.174885
0.162898
0.148892
0.133466
0.169251
0.170467
0.172678
0.175755
0.179467
0.183707
0.18824
0.192948
0.197537
0.201856
0.205525
0.208359
0.209883
0.209904
0.207891
0.203703
0.19689
0.187459
0.175327
0.160711
0.14422
0.170655
0.171955
0.174329
0.177648
0.181681
0.186335
0.191377
0.196707
0.20203
0.207212
0.211857
0.215795
0.218493
0.219773
0.218962
0.215936
0.209957
0.201079
0.188878
0.173738
0.156209
0.171944
0.173325
0.175853
0.1794
0.18374
0.188791
0.194329
0.200267
0.206319
0.212368
0.218015
0.223103
0.227066
0.229733
0.230315
0.228706
0.223854
0.215856
0.203624
0.187874
0.168968
0.173122
0.174579
0.177255
0.18102
0.185653
0.191085
0.197102
0.20363
0.210399
0.217307
0.223968
0.230232
0.235528
0.23968
0.241839
0.241894
0.238558
0.231963
0.220105
0.203794
0.181964
0.174194
0.175721
0.178536
0.182507
0.187418
0.19321
0.199679
0.206767
0.21422
0.221955
0.229603
0.237034
0.243687
0.249401
0.253303
0.255311
0.253992
0.249679
0.239562
0.224989
0.198492
0.0392889
0.0385634
0.0378336
0.0371023
0.0363695
0.035635
0.0348986
0.0341606
0.0334213
0.032681
0.0319399
0.0311984
0.0304567
0.029715
0.0289735
0.0282326
0.0274924
0.0267531
0.0260152
0.0252785
0.0393639
0.0386353
0.0379024
0.0371678
0.0364314
0.0356927
0.0349513
0.0342077
0.033462
0.0327148
0.0319663
0.0312167
0.0304663
0.0297154
0.0289643
0.0282132
0.0274624
0.0267123
0.025963
0.0252149
0.0395067
0.0387661
0.0380204
0.0372733
0.0365242
0.0357722
0.035017
0.0342589
0.0334984
0.0327359
0.0319717
0.0312061
0.0304395
0.029672
0.0289042
0.0281363
0.0273686
0.0266015
0.0258353
0.0250702
0.0397132
0.0389527
0.0381865
0.0374197
0.0366513
0.0358796
0.0351041
0.0343252
0.0335435
0.0327595
0.0319735
0.0311858
0.0303968
0.0296068
0.0288162
0.0280253
0.0272345
0.0264441
0.0256545
0.024866
0.03998
0.039192
0.0383979
0.0376044
0.03681
0.036012
0.0352095
0.0344032
0.0335937
0.0327816
0.0319673
0.0311511
0.0303333
0.0295143
0.0286946
0.0278744
0.0270542
0.0262344
0.0254154
0.0245974
0.0403056
0.0394827
0.0386534
0.0378267
0.0369999
0.0361692
0.0353336
0.0344935
0.03365
0.0328037
0.031955
0.0311042
0.0302516
0.0293978
0.0285429
0.0276876
0.0268322
0.0259771
0.0251229
0.0242695
0.0406891
0.039824
0.0389524
0.0380859
0.0372205
0.0363511
0.035476
0.034596
0.0337123
0.0328257
0.0319365
0.0310451
0.0301518
0.029257
0.0283612
0.0274648
0.0265682
0.025672
0.0247767
0.0238821
0.0411307
0.0402161
0.039295
0.0383823
0.0374722
0.0365579
0.0356372
0.034711
0.033781
0.0328479
0.0319122
0.0309742
0.0300341
0.0290924
0.0281497
0.0272063
0.0262627
0.0253195
0.0243775
0.023436
0.0416314
0.0406598
0.0396821
0.0387165
0.0377555
0.0367901
0.0358175
0.034839
0.0338563
0.0328706
0.0318822
0.0308914
0.0298984
0.0289038
0.027908
0.0269114
0.0259148
0.0249186
0.0239246
0.0229305
0.042193
0.0411569
0.0401149
0.0390896
0.0380715
0.0370487
0.0360178
0.0349804
0.0339388
0.0328942
0.0318469
0.0307971
0.0297452
0.0286915
0.0276367
0.0265811
0.0255253
0.0244699
0.0234161
0.0223626
0.0428182
0.0417094
0.0405952
0.0395033
0.0384213
0.0373346
0.0362387
0.0351358
0.0340287
0.0329187
0.0318061
0.030691
0.0295739
0.0284551
0.0273352
0.0262147
0.025094
0.0239733
0.0228512
0.0217309
0.0435102
0.0423203
0.0411253
0.0399593
0.0388066
0.0376489
0.036481
0.0353055
0.0341258
0.0329433
0.0317585
0.0305712
0.0293819
0.0281909
0.0269988
0.0258061
0.0246132
0.0234206
0.0222277
0.021036
0.0442734
0.0429932
0.0417083
0.0404602
0.0392294
0.0379935
0.0367461
0.0354905
0.0342308
0.0329687
0.0317045
0.030438
0.0291695
0.0278994
0.0266284
0.025357
0.0240856
0.0228145
0.0215435
0.0202734
0.0451128
0.0437326
0.0423479
0.0410089
0.0396921
0.0383701
0.0370353
0.0356916
0.0343442
0.0329948
0.0316436
0.0302903
0.0289352
0.0275787
0.0262215
0.0248641
0.0235069
0.0221504
0.0207939
0.0194382
0.0460343
0.0445435
0.043048
0.0416087
0.0401974
0.0387809
0.0373501
0.0359098
0.0344661
0.0330212
0.0315748
0.0301268
0.0286772
0.0272266
0.0257755
0.0243245
0.022874
0.0214246
0.0199752
0.0185266
0.0470449
0.0454319
0.0438134
0.0422634
0.0407483
0.0392282
0.0376921
0.0361459
0.0345969
0.0330474
0.0314973
0.029946
0.0283935
0.0268403
0.0252871
0.0237345
0.0221828
0.0206327
0.0190826
0.0175332
0.0481524
0.0464044
0.0446495
0.0429772
0.0413481
0.0397145
0.0380629
0.0364008
0.0347365
0.0330729
0.0314096
0.0297457
0.0280812
0.0264166
0.0247526
0.0230896
0.0214283
0.0197693
0.0181102
0.0164517
0.0493657
0.0474688
0.0455623
0.0437549
0.0420006
0.0402424
0.0384643
0.0366751
0.0348847
0.0330966
0.0313099
0.0295234
0.0277371
0.0259514
0.0241671
0.0223847
0.0206048
0.0188283
0.0170515
0.0152752
0.0506952
0.0486337
0.0465586
0.0446016
0.0427097
0.040815
0.0388981
0.0369696
0.0350414
0.0331172
0.0311959
0.029276
0.0273572
0.0254401
0.0235253
0.0216134
0.0197053
0.0178024
0.0158987
0.013995
0.0521525
0.0499088
0.0476459
0.0455232
0.0434799
0.0414354
0.0393663
0.0372851
0.035206
0.0331332
0.0310651
0.0289999
0.026937
0.0248771
0.0228208
0.0207689
0.0187222
0.0166839
0.0146435
0.0126019
0.0537506
0.0513053
0.0488327
0.0465261
0.0443161
0.0421071
0.0398708
0.0376221
0.0353777
0.0331425
0.0309143
0.0286906
0.0264707
0.0242553
0.0220451
0.0198415
0.0176463
0.0154649
0.0132783
0.0110878
0.0555045
0.0528358
0.0501285
0.0476172
0.0452234
0.0428336
0.0404137
0.0379812
0.0355559
0.0331435
0.030741
0.0283452
0.0259547
0.0235697
0.02119
0.0188167
0.0164531
0.0141181
0.011775
0.00942683
0.0574313
0.0545143
0.0515438
0.0488042
0.0462073
0.0436184
0.0409964
0.0383617
0.0357381
0.0331323
0.0305406
0.0279593
0.0253875
0.022826
0.0202762
0.0177376
0.0152064
0.0126552
0.01012
0.00760207
0.0595508
0.0563573
0.0530908
0.0500959
0.0472739
0.0444652
0.0416198
0.0387619
0.0359197
0.0331009
0.0303008
0.0275144
0.0247401
0.0219782
0.0192291
0.0164925
0.0137674
0.011041
0.00832623
0.00562509
0.0618858
0.0583842
0.0547836
0.0515024
0.0484306
0.0453788
0.0422863
0.0391815
0.0360982
0.0330452
0.0300166
0.0270061
0.0240119
0.0210342
0.0180741
0.0151314
0.0122057
0.00928137
0.00636685
0.00346588
0.0644631
0.0606172
0.0566389
0.0530358
0.0496862
0.0463651
0.0429987
0.0396207
0.0362712
0.0329606
0.0296814
0.026426
0.0231919
0.0199796
0.0167899
0.0136231
0.0104795
0.00733944
0.00420929
0.0010946
0.0673135
0.0630825
0.058676
0.0547102
0.051051
0.0474308
0.0437601
0.0400787
0.0364346
0.03284
0.0292854
0.0257613
0.0222647
0.018796
0.0153568
0.0119476
0.00857049
0.00519758
0.00183464
-0.00150979
0.0704729
0.0658103
0.0609173
0.0565418
0.0525368
0.0485836
0.0445739
0.0405549
0.0365843
0.0326759
0.0288178
0.0249983
0.0212137
0.0174648
0.0137538
0.0100825
0.00645656
0.00283264
-0.000782579
-0.00437491
0.0739831
0.0688361
0.0633892
0.0585501
0.0541578
0.049833
0.0454444
0.0410489
0.0367155
0.03246
0.0282673
0.0241227
0.0200213
0.0159638
0.011953
0.00799356
0.00410364
0.000210086
-0.00367608
-0.00753292
0.0778922
0.0722013
0.0661227
0.060758
0.0559313
0.0511902
0.0463767
0.0415598
0.0368225
0.032183
0.027622
0.0231215
0.0186755
0.0142834
0.00994562
0.00566481
0.00146237
-0.00273256
-0.00690351
-0.0110339
0.0822561
0.0759538
0.0691546
0.0631935
0.0578782
0.0526689
0.0473767
0.0420861
0.0368973
0.0318306
0.026862
0.0219712
0.0171539
0.0124139
0.00775152
0.00315551
-0.00146516
-0.00601718
-0.0104931
-0.014911
0.0871389
0.0801494
0.0725283
0.0658909
0.0600251
0.054287
0.0484527
0.0426274
0.0369313
0.0313856
0.0259594
0.0206277
0.015385
0.0102342
0.00517516
0.000203691
-0.00475026
-0.00964103
-0.0144529
-0.0191933
0.092613
0.0848515
0.0762951
0.0688924
0.0624062
0.0560682
0.0496172
0.0431866
0.0369196
0.0308365
0.0248971
0.0190729
0.0133596
0.00776313
0.00228563
-0.00307255
-0.00840549
-0.013677
-0.0188579
-0.0239462
0.098758
0.0901306
0.0805142
0.07225
0.0650643
0.0580425
0.0508872
0.0437703
0.0368611
0.0301745
0.0236586
0.0172816
0.0110418
0.00494968
-0.000986832
-0.00676134
-0.0125142
-0.0182024
-0.0237777
-0.0292338
0.105657
0.0960603
0.0852515
0.0760265
0.0680536
0.060247
0.0522832
0.0443879
0.0367559
0.0293904
0.0222256
0.015227
0.00839159
0.0017248
-0.00476474
-0.0109875
-0.0171962
-0.0233221
-0.0293035
-0.0351403
0.113395
0.102709
0.0905756
0.080297
0.0714394
0.0627252
0.05383
0.0450522
0.0366055
0.0284722
0.0205771
0.012896
0.00544313
-0.00177269
-0.00877174
-0.0157372
-0.0225371
-0.029126
-0.0355219
-0.0417535
0.122058
0.110136
0.0965596
0.0851522
0.0752982
0.0655247
0.0555576
0.0457834
0.0364141
0.0273987
0.018657
0.010177
0.00198002
-0.00592868
-0.0135625
-0.0211511
-0.0285294
-0.035638
-0.0425015
-0.049159
0.131738
0.118402
0.103302
0.0907122
0.0797193
0.0686986
0.0575074
0.046617
0.0361999
0.0261646
0.0164399
0.00703609
-0.00201167
-0.0106837
-0.0189908
-0.0272419
-0.0352701
-0.0429684
-0.0503514
-0.0574674
0.142461
0.12757
0.11096
0.0971516
0.0848138
0.0723116
0.059737
0.0476015
0.035988
0.0247751
0.0139185
0.00343787
-0.00664655
-0.0163143
-0.0253576
-0.0343414
-0.0430482
-0.051349
-0.0592723
-0.0668685
0.153896
0.137518
0.119689
0.104701
0.0907465
0.0765058
0.0623964
0.0488638
0.0358689
0.0233051
0.0111932
-0.000390392
-0.0114026
-0.0218973
-0.0324278
-0.0424846
-0.0519406
-0.0608829
-0.0693981
-0.0775193
0.164953
0.147407
0.129253
0.113282
0.0974366
0.0812591
0.0654559
0.050282
0.0356177
0.0214089
0.00769978
-0.00543647
-0.0179034
-0.0295229
-0.0409406
-0.051836
-0.0620691
-0.0717207
-0.0808728
-0.0895468
0.174414
0.156308
0.139349
0.12275
0.105271
0.0875296
0.0701855
0.0533225
0.0368985
0.0209593
0.00555763
-0.00928423
-0.0235445
-0.0370331
-0.0500867
-0.0622244
-0.0734544
-0.0839573
-0.0938273
-0.103083
0.0245434
0.02381
0.0230786
0.0223495
0.0216229
0.0208988
0.0201775
0.0194591
0.0187439
0.0180319
0.0173234
0.0166185
0.0244683
0.0237233
0.0229804
0.0222397
0.0215015
0.020766
0.0200336
0.0193043
0.0185786
0.0178566
0.0171385
0.0164246
0.0243065
0.0235445
0.0227847
0.0220272
0.0212724
0.0205206
0.019772
0.0190269
0.0182856
0.0175483
0.0168152
0.0160866
0.0240788
0.0232934
0.0225102
0.0217294
0.0209513
0.0201763
0.0194047
0.0186368
0.0178728
0.017113
0.0163578
0.0156073
0.0237807
0.0229657
0.0221529
0.0213427
0.0205353
0.0197311
0.0189304
0.0181336
0.0173408
0.0165525
0.015769
0.0149903
0.0234173
0.022567
0.0217188
0.0208733
0.0200307
0.0191913
0.0183555
0.0175237
0.0166961
0.0158731
0.0150549
0.0142419
0.0229887
0.022097
0.0212076
0.0203208
0.019437
0.0185566
0.0176797
0.0168069
0.0159385
0.0150746
0.0142158
0.0133622
0.0224954
0.0215564
0.0206198
0.0196859
0.018755
0.0178275
0.0169037
0.0159839
0.0150685
0.0141579
0.0132522
0.0123518
0.0219367
0.0209445
0.0199547
0.0189677
0.0179837
0.0170032
0.0160263
0.0150535
0.0140851
0.0131214
0.0121628
0.0112094
0.0213098
0.0202587
0.0192099
0.0181638
0.0171208
0.0160812
0.0150452
0.0140133
0.0129857
0.0119628
0.0109449
0.00993221
0.0206128
0.0194969
0.0183832
0.0172719
0.0161637
0.0150587
0.0139574
0.01286
0.011767
0.0106785
0.00959489
0.0085164
0.0198462
0.0186584
0.0174729
0.0162899
0.0151098
0.013933
0.0127598
0.0115905
0.0104253
0.00926464
0.00810865
0.00695762
0.0190049
0.0177386
0.0164745
0.015213
0.0139544
0.0126991
0.0114472
0.0101991
0.00895503
0.00771525
0.00647998
0.00524944
0.0180843
0.0167324
0.0153829
0.014036
0.0126919
0.011351
0.0100135
0.00867968
0.00734967
0.00602373
0.00470204
0.0170797
0.015635
0.0141928
0.0127532
0.0113165
0.00988275
0.00845232
0.00702535
0.00560203
0.00418252
0.00276695
0.0159856
0.0144403
0.0128977
0.0113578
0.00982065
0.0082865
0.00675549
0.00522777
0.00370346
0.00218266
0.000665447
0.0147952
0.0131412
0.0114901
0.00984175
0.00819625
0.00655366
0.00491409
0.00327762
0.0016443
1.4167e-05
-0.00161278
0.0135009
0.0117296
0.00996138
0.00819618
0.00643386
0.00467442
0.0029179
0.0011643
-0.000586418
-0.0023343
-0.00407943
0.0120936
0.0101958
0.00830161
0.00641067
0.00452271
0.00263765
0.000755417
-0.00112406
-0.00300091
-0.00487529
-0.00674738
0.0105629
0.00852848
0.00649864
0.00447259
0.00244975
0.000429863
-0.0015872
-0.00360162
-0.00561365
-0.00762354
-0.00963163
0.00889997
0.00671829
0.00454245
0.00237113
0.000203396
-0.00196116
-0.0041228
-0.0062818
-0.00843856
-0.0105935
-0.0127471
0.00708229
0.00474461
0.0024132
8.67445e-05
-0.00223565
-0.00455452
-0.00687029
-0.00918343
-0.0114945
-0.013804
-0.0161125
0.00509408
0.002592
9.49617e-05
-0.00239708
-0.00488439
-0.00736757
-0.00984734
-0.0123244
-0.0147995
-0.0172732
-0.0197465
0.00293465
0.000252219
-0.00242346
-0.00509293
-0.00775672
-0.0104156
-0.0130705
-0.0157223
-0.0183719
-0.0210203
-0.0236684
0.000578008
-0.00229863
-0.00516586
-0.00802501
-0.0108771
-0.0137231
-0.0165642
-0.0194015
-0.0222362
-0.0250694
-0.0279023
-0.00200359
-0.00508705
-0.00815823
-0.0112191
-0.0142711
-0.0173155
-0.0203537
-0.023387
-0.0264169
-0.0294448
-0.0324721
-0.004833
-0.00813704
-0.0114253
-0.0147006
-0.0179646
-0.0212189
-0.0244652
-0.027705
-0.0309402
-0.0341724
-0.0374034
-0.00793934
-0.0114787
-0.0149979
-0.0185005
-0.0219887
-0.0254643
-0.0289293
-0.0323858
-0.0358358
-0.0392814
-0.0427246
-0.011354
-0.0151437
-0.018908
-0.0226511
-0.0263756
-0.0300837
-0.0337777
-0.0374602
-0.0411337
-0.0448005
-0.0484633
-0.015123
-0.0191763
-0.0231988
-0.0271943
-0.0311658
-0.0351162
-0.0390484
-0.0429651
-0.0468691
-0.0507633
-0.0546502
-0.0192832
-0.0236149
-0.0279091
-0.0321688
-0.0363975
-0.0405991
-0.0447771
-0.0489349
-0.0530758
-0.0572028
-0.0613184
-0.0238735
-0.028501
-0.0330809
-0.037617
-0.0421135
-0.0465745
-0.0510041
-0.0554069
-0.0597866
-0.064148
-0.0684939
-0.028954
-0.0338931
-0.0387715
-0.0435946
-0.048367
-0.0530936
-0.057779
-0.0624282
-0.0670447
-0.0716344
-0.0762005
-0.0345866
-0.039852
-0.04504
-0.0501573
-0.0552099
-0.0602041
-0.0651461
-0.0700419
-0.0748951
-0.0797113
-0.0844898
-0.0408526
-0.0464562
-0.0519609
-0.0573747
-0.0627051
-0.0679602
-0.073148
-0.0782775
-0.083355
-0.0883906
-0.0933822
-0.0478394
-0.0537905
-0.059616
-0.0653252
-0.0709275
-0.076432
-0.0818469
-0.0871822
-0.0924462
-0.0976549
-0.102814
-0.0556342
-0.0619393
-0.0680855
-0.0740847
-0.0799491
-0.0856898
-0.091316
-0.0968366
-0.102257
-0.10759
-0.112837
-0.0643474
-0.0710081
-0.0774648
-0.083734
-0.0898325
-0.0957762
-0.10158
-0.107258
-0.112818
-0.11827
-0.123608
-0.0741626
-0.0811705
-0.087912
-0.0944087
-0.100682
-0.106752
-0.112643
-0.118378
-0.12398
-0.129474
-0.134874
-0.0852541
-0.0926157
-0.0996265
-0.106312
-0.112695
-0.118799
-0.124648
-0.13027
-0.135698
-0.14097
-0.146132
-0.0977429
-0.105473
-0.112755
-0.119614
-0.12607
-0.132145
-0.13786
-0.143236
-0.148298
-0.153076
-0.157611
-0.111728
-0.119785
-0.127281
-0.134239
-0.140684
-0.146638
-0.152128
-0.157177
-0.161806
-0.166039
-0.169899
)
;

boundaryField
{
    inlet
    {
        type            zeroGradient;
    }
    outlet
    {
        type            fixedValue;
        value           nonuniform 0();
    }
    cylinder
    {
        type            zeroGradient;
    }
    top
    {
        type            symmetryPlane;
    }
    bottom
    {
        type            symmetryPlane;
    }
    defaultFaces
    {
        type            empty;
    }
    procBoundary0to1
    {
        type            processor;
        value           nonuniform List<scalar> 
133
(
-0.211432
-0.213631
-0.215697
-0.217927
-0.217927
-0.218863
-0.221162
-0.221162
-0.220877
-0.220877
-0.219713
-0.221831
-0.221831
-0.21985
-0.21985
-0.216772
-0.216772
-0.212222
-0.212222
-0.202413
-0.202413
-0.190536
-0.190536
-0.17347
-0.201736
-0.19058
-0.173421
-0.201736
-0.202553
-0.212442
-0.212442
-0.217038
-0.217038
-0.220127
-0.220127
-0.222098
-0.222098
-0.219985
-0.221121
-0.221121
-0.221376
-0.221376
-0.219065
-0.218096
-0.218096
-0.215845
-0.213662
-0.17347
-0.162086
-0.151422
-0.140427
-0.129119
-0.118339
-0.108275
-0.0986812
-0.0895897
-0.0811032
-0.0731764
-0.0657648
-0.0588591
-0.0524326
-0.0464544
-0.0408974
-0.0357357
-0.0309421
-0.0264922
-0.0223631
-0.018531
-0.018531
-0.0171349
-0.0136926
-0.0105011
-0.0075452
-0.00480963
-0.00228111
5.25774e-05
0.00220224
0.00417772
0.0059874
0.00763864
0.00913812
0.0104904
0.0116996
0.0127685
0.0136988
0.0144898
0.0151412
0.0156471
0.0160027
0.0162066
0.0159173
0.015715
0.0153627
0.0148618
0.014217
0.0134343
0.0125141
0.0114571
0.0102616
0.00892502
0.00744328
0.00581174
0.0040238
0.00338479
0.00338479
0.00135547
-0.000848077
-0.00323651
-0.00582185
-0.00861731
-0.0116381
-0.0148996
-0.0184207
-0.0222199
-0.0263171
-0.030736
-0.0355001
-0.0406347
-0.0461671
-0.0521241
-0.0585329
-0.0654255
-0.0728288
-0.0807526
-0.089242
-0.0983425
-0.107952
-0.118039
-0.12885
-0.140198
-0.15124
-0.161965
-0.173421
)
;
    }
}


// ************************************************************************* //
