/*--------------------------------*- C++ -*----------------------------------*\
  =========                 |
  \\      /  F ield         | OpenFOAM: The Open Source CFD Toolbox
   \\    /   O peration     | Website:  https://openfoam.org
    \\  /    A nd           | Version:  7
     \\/     M anipulation  |
\*---------------------------------------------------------------------------*/
FoamFile
{
    version     2.0;
    format      ascii;
    class       volScalarField;
    location    "10";
    object      p;
}
// * * * * * * * * * * * * * * * * * * * * * * * * * * * * * * * * * * * * * //

dimensions      [0 2 -2 0 0 0 0];

internalField   nonuniform List<scalar> 
6386
(
-0.292616
-0.29539
-0.29674
-0.297995
-0.299348
-0.300916
-0.30282
-0.305166
-0.308056
-0.311687
-0.292939
-0.29565
-0.296975
-0.29821
-0.299545
-0.301095
-0.302978
-0.305301
-0.308155
-0.311716
-0.293574
-0.296162
-0.297436
-0.298631
-0.299929
-0.301442
-0.303281
-0.305556
-0.308339
-0.311756
-0.294495
-0.296907
-0.298106
-0.29924
-0.300479
-0.301932
-0.303702
-0.305899
-0.308577
-0.311768
-0.295666
-0.297857
-0.298958
-0.300008
-0.301166
-0.302533
-0.304203
-0.306288
-0.30883
-0.311698
-0.297044
-0.298982
-0.299963
-0.300906
-0.301956
-0.303207
-0.304742
-0.306673
-0.309054
-0.311484
-0.298584
-0.300248
-0.30109
-0.301901
-0.302813
-0.303916
-0.305276
-0.307004
-0.309211
-0.311052
-0.30024
-0.301622
-0.302309
-0.302963
-0.303706
-0.304623
-0.305766
-0.307236
-0.309272
-0.310302
-0.301973
-0.303076
-0.303592
-0.304065
-0.304607
-0.305301
-0.306185
-0.307335
-0.309222
-0.309172
-0.303748
-0.304586
-0.30492
-0.305188
-0.305496
-0.305931
-0.306519
-0.307278
-0.308977
-0.308051
-0.305544
-0.306138
-0.306279
-0.306319
-0.306364
-0.306506
-0.30677
-0.307125
-0.308429
-0.306699
-0.30735
-0.307724
-0.307664
-0.307456
-0.307211
-0.307031
-0.306933
-0.30689
-0.307801
-0.304978
-0.309168
-0.309349
-0.309078
-0.308603
-0.308045
-0.307525
-0.307053
-0.306587
-0.307176
-0.302943
-0.311014
-0.311024
-0.310532
-0.309772
-0.308885
-0.308012
-0.307163
-0.306277
-0.306598
-0.300677
-0.312918
-0.312773
-0.312045
-0.310985
-0.309755
-0.308521
-0.307301
-0.306033
-0.306098
-0.298342
-0.314617
-0.313648
-0.312269
-0.310681
-0.309086
-0.307499
-0.305924
-0.305648
-0.296144
-0.3166
-0.315371
-0.313653
-0.311698
-0.309738
-0.307783
-0.306013
-0.305118
-0.294291
-0.318765
-0.31725
-0.315175
-0.31284
-0.310512
-0.308177
-0.306357
-0.304288
-0.292903
-0.319328
-0.316873
-0.314145
-0.311443
-0.308711
-0.306981
-0.30306
-0.292781
-0.321648
-0.31879
-0.315652
-0.312566
-0.309421
-0.30779
-0.301807
-0.297075
-0.320968
-0.317401
-0.313915
-0.310343
-0.308537
-0.301159
-0.307441
-0.319433
-0.315521
-0.311507
-0.309097
-0.30139
-0.305845
-0.321788
-0.317409
-0.312913
-0.309585
-0.301792
-0.302604
-0.319603
-0.314533
-0.310133
-0.301997
-0.299559
-0.31634
-0.310739
-0.301925
-0.296498
-0.311354
-0.301499
-0.29349
-0.3007
-0.290431
-0.287248
-0.299522
-0.287249
-0.300706
-0.290434
-0.311364
-0.301507
-0.293495
-0.316351
-0.310749
-0.301934
-0.296505
-0.319615
-0.314544
-0.310144
-0.302008
-0.299567
-0.321801
-0.317421
-0.312923
-0.309596
-0.301803
-0.302615
-0.319445
-0.315531
-0.311517
-0.309108
-0.301402
-0.305859
-0.320981
-0.317413
-0.313925
-0.310353
-0.308549
-0.301172
-0.307459
-0.321664
-0.318804
-0.315664
-0.312576
-0.309431
-0.307802
-0.301821
-0.297094
-0.319343
-0.316887
-0.314157
-0.311454
-0.308722
-0.306993
-0.303076
-0.292799
-0.318781
-0.317266
-0.315189
-0.312852
-0.310524
-0.308189
-0.30637
-0.304306
-0.292922
-0.316617
-0.315387
-0.313667
-0.311711
-0.309751
-0.307795
-0.306028
-0.305138
-0.294311
-0.314937
-0.314634
-0.313664
-0.312283
-0.310695
-0.309099
-0.307512
-0.30594
-0.305669
-0.296166
-0.312936
-0.31279
-0.312061
-0.311
-0.309769
-0.308535
-0.307316
-0.30605
-0.30612
-0.298366
-0.311033
-0.311042
-0.310549
-0.309787
-0.3089
-0.308026
-0.307179
-0.306296
-0.306621
-0.300703
-0.309187
-0.309366
-0.309094
-0.308618
-0.30806
-0.30754
-0.307069
-0.306606
-0.3072
-0.302971
-0.307369
-0.307741
-0.30768
-0.307471
-0.307226
-0.307047
-0.306951
-0.30691
-0.307825
-0.305006
-0.305563
-0.306154
-0.306295
-0.306334
-0.306379
-0.306522
-0.306787
-0.307145
-0.308453
-0.306728
-0.303767
-0.304602
-0.304935
-0.305203
-0.305511
-0.305947
-0.306537
-0.307298
-0.309002
-0.30808
-0.30199
-0.303091
-0.303607
-0.304079
-0.304621
-0.305317
-0.306203
-0.307355
-0.309246
-0.309198
-0.300256
-0.301636
-0.302323
-0.302976
-0.30372
-0.304638
-0.305783
-0.307255
-0.309295
-0.310328
-0.298598
-0.300261
-0.301103
-0.301914
-0.302826
-0.303929
-0.305291
-0.307021
-0.309232
-0.311077
-0.297057
-0.298994
-0.299975
-0.300917
-0.301967
-0.30322
-0.304755
-0.306689
-0.309073
-0.311507
-0.295677
-0.297867
-0.298968
-0.300017
-0.301176
-0.302544
-0.304215
-0.306302
-0.308846
-0.311718
-0.294504
-0.296915
-0.298114
-0.299247
-0.300487
-0.301941
-0.303711
-0.30591
-0.30859
-0.311784
-0.293581
-0.296168
-0.297442
-0.298637
-0.299935
-0.301448
-0.303288
-0.305564
-0.308348
-0.311768
-0.292943
-0.295654
-0.296978
-0.298214
-0.299548
-0.301099
-0.302982
-0.305306
-0.308161
-0.311723
-0.292617
-0.295391
-0.296741
-0.297996
-0.299349
-0.300917
-0.302821
-0.305168
-0.308058
-0.311689
-0.315911
-0.320031
-0.324836
-0.330332
-0.336552
-0.343497
-0.351133
-0.359376
-0.368084
-0.37704
-0.385942
-0.394391
-0.401881
-0.407797
-0.411434
-0.411988
-0.408465
-0.399872
-0.385418
-0.364278
-0.335993
-0.300649
-0.259082
-0.213001
-0.164745
-0.117023
-0.0724087
-0.0329931
-7.83024e-05
0.0257507
0.0444895
0.0568988
0.063512
0.0658948
0.0642174
0.0605692
0.0539986
0.0473991
0.0378593
0.0300542
0.0177254
0.00920694
-0.316059
-0.320153
-0.324957
-0.330458
-0.336689
-0.343652
-0.351313
-0.359589
-0.368337
-0.37734
-0.386298
-0.394811
-0.402373
-0.408371
-0.412096
-0.412746
-0.409329
-0.400854
-0.386508
-0.365464
-0.337249
-0.301936
-0.260349
-0.214203
-0.165845
-0.117999
-0.0732566
-0.033722
-0.000696561
0.0252297
0.0440519
0.0565326
0.0632058
0.0656396
0.0640057
0.0603938
0.0538559
0.0472823
0.0377699
0.029982
0.0176833
0.00917324
-0.316328
-0.320371
-0.32517
-0.330682
-0.336934
-0.343931
-0.351639
-0.359976
-0.3688
-0.377895
-0.38696
-0.395596
-0.403299
-0.409454
-0.413349
-0.414186
-0.410977
-0.402729
-0.388596
-0.367744
-0.33967
-0.304424
-0.262804
-0.21654
-0.167989
-0.119911
-0.0749254
-0.0351591
-0.00192088
0.0241942
0.0431798
0.0558009
0.0625932
0.0651284
0.0635813
0.0600422
0.05357
0.0470484
0.0375911
0.0298375
0.0175993
0.00910621
-0.316663
-0.320632
-0.325419
-0.330945
-0.337225
-0.344267
-0.352039
-0.36046
-0.36939
-0.378612
-0.387827
-0.396638
-0.40454
-0.410918
-0.415059
-0.416163
-0.413255
-0.405335
-0.391515
-0.370948
-0.34309
-0.307959
-0.26631
-0.219898
-0.171089
-0.122695
-0.077374
-0.0372732
-0.00373611
0.0226512
0.0418747
0.0547029
0.0616719
0.0643588
0.0629425
0.059513
0.0531402
0.0466969
0.0373231
0.0296212
0.0174742
0.00900682
-0.316992
-0.320866
-0.325632
-0.331171
-0.33748
-0.344573
-0.352419
-0.360939
-0.369993
-0.379369
-0.388768
-0.397792
-0.405939
-0.412597
-0.417048
-0.418489
-0.415961
-0.408458
-0.395043
-0.374853
-0.347292
-0.312337
-0.270685
-0.224125
-0.175029
-0.126271
-0.0805273
-0.0400306
-0.00612008
0.0206118
0.0401408
0.0532385
0.0604406
0.063329
0.0620876
0.0588052
0.0525664
0.0462281
0.0369667
0.029334
0.0173093
0.00887655
-0.31724
-0.320996
-0.325729
-0.331278
-0.337611
-0.344753
-0.352674
-0.361298
-0.370488
-0.380032
-0.389634
-0.398899
-0.407326
-0.414304
-0.419116
-0.420951
-0.418869
-0.411858
-0.398934
-0.37921
-0.35203
-0.317328
-0.275724
-0.229053
-0.179686
-0.130524
-0.0843024
-0.0433882
-0.00904389
0.0180921
0.0379859
0.051411
0.0588996
0.0620384
0.0610162
0.0579186
0.0518488
0.0456426
0.0365233
0.0289771
0.0171059
0.00871734
-0.317344
-0.320952
-0.32564
-0.331187
-0.337536
-0.344717
-0.352706
-0.361429
-0.370752
-0.380467
-0.390281
-0.399803
-0.408529
-0.415857
-0.421067
-0.423342
-0.421757
-0.415301
-0.402945
-0.383768
-0.357057
-0.322698
-0.281227
-0.234511
-0.18491
-0.135257
-0.0886875
-0.0472865
-0.0124717
0.0151145
0.0354234
0.0492276
0.0570533
0.0604895
0.05973
0.0568547
0.0509892
0.0449422
0.0359946
0.0285527
0.0168659
0.00853156
-0.317312
-0.32067
-0.325307
-0.33084
-0.337187
-0.34439
-0.352431
-0.361238
-0.370683
-0.380561
-0.390583
-0.400363
-0.409399
-0.41709
-0.422723
-0.425477
-0.424423
-0.418569
-0.406856
-0.388302
-0.362148
-0.328246
-0.28698
-0.24029
-0.190411
-0.140552
-0.0935456
-0.0516638
-0.0163613
0.0117078
0.0324724
0.0467012
0.0549102
0.0586884
0.0582337
0.0556173
0.0499908
0.0441297
0.0353835
0.0280634
0.0165911
0.00832195
-0.317219
-0.320104
-0.324704
-0.330199
-0.336521
-0.343722
-0.351789
-0.360657
-0.370202
-0.380225
-0.39044
-0.400473
-0.409814
-0.417875
-0.423943
-0.427198
-0.426693
-0.421484
-0.410475
-0.39261
-0.367107
-0.333794
-0.292672
-0.246179
-0.196278
-0.146177
-0.0987913
-0.0564554
-0.0206642
0.00790714
0.0291584
0.0438502
0.0524841
0.0566453
0.0565352
0.054213
0.0488589
0.0432096
0.0346935
0.0275124
0.0162837
0.00809148
-0.316277
-0.319456
-0.323822
-0.329247
-0.335521
-0.342687
-0.350751
-0.35965
-0.369266
-0.379406
-0.389787
-0.400064
-0.409692
-0.418116
-0.424621
-0.428389
-0.428437
-0.423946
-0.413609
-0.396488
-0.371695
-0.338943
-0.298438
-0.252132
-0.202276
-0.152028
-0.104341
-0.0615928
-0.0253273
0.00375329
0.0255126
0.0406984
0.0497932
0.0543745
0.0546458
0.0526505
0.0476007
0.0421879
0.033929
0.026904
0.0159461
0.00784324
-0.315275
-0.318566
-0.322678
-0.328007
-0.334202
-0.341296
-0.349318
-0.35821
-0.36786
-0.378085
-0.38861
-0.399075
-0.408983
-0.417754
-0.424684
-0.428958
-0.429538
-0.425745
-0.416208
-0.399874
-0.375865
-0.343802
-0.303916
-0.257966
-0.208286
-0.15801
-0.11011
-0.0670054
-0.0302939
-0.000708694
0.021571
0.0372741
0.0468601
0.0518938
0.0525797
0.0509412
0.0462249
0.0410716
0.0330954
0.0262427
0.0155806
0.00758034
-0.314225
-0.317497
-0.32132
-0.32652
-0.332598
-0.339577
-0.347516
-0.35636
-0.366002
-0.376269
-0.386897
-0.397527
-0.407679
-0.416774
-0.424116
-0.428896
-0.430204
-0.426948
-0.418148
-0.402636
-0.379469
-0.348189
-0.309014
-0.263569
-0.214207
-0.164026
-0.116014
-0.0726234
-0.0355058
-0.00543099
0.0173726
0.033609
0.0437105
0.0492239
0.0503534
0.0490983
0.0447421
0.0398691
0.0321987
0.0255336
0.01519
0.00730578
-0.313165
-0.316347
-0.319813
-0.32484
-0.330761
-0.337581
-0.345391
-0.354143
-0.363732
-0.373997
-0.384683
-0.395438
-0.405795
-0.415181
-0.422906
-0.428167
-0.430021
-0.427461
-0.419402
-0.404723
-0.382433
-0.352011
-0.313649
-0.268848
-0.219945
-0.169993
-0.121979
-0.0783803
-0.040906
-0.0103656
0.0129575
0.0297365
0.0403718
0.0463872
0.0479851
0.0471364
0.0431635
0.0385894
0.0312453
0.0247823
0.0147769
0.00702236
-0.312187
-0.315202
-0.318222
-0.32303
-0.328751
-0.335365
-0.343003
-0.351617
-0.361107
-0.371322
-0.382018
-0.392852
-0.403369
-0.413004
-0.421075
-0.426783
-0.429166
-0.427269
-0.41995
-0.406101
-0.38471
-0.35521
-0.317754
-0.273729
-0.225427
-0.175838
-0.127936
-0.0842155
-0.0464407
-0.0154656
0.00836622
0.0256906
0.0368726
0.043407
0.0454938
0.0450707
0.0415013
0.0372421
0.0302422
0.0239942
0.0143443
0.00673264
-0.311354
-0.314127
-0.316614
-0.321155
-0.326627
-0.332988
-0.340412
-0.348844
-0.358189
-0.368306
-0.378961
-0.389823
-0.40045
-0.410285
-0.418655
-0.424772
-0.427649
-0.426374
-0.419777
-0.406751
-0.386273
-0.357744
-0.321279
-0.278155
-0.23059
-0.181496
-0.133819
-0.0900646
-0.0520501
-0.0206782
0.00364429
0.0215097
0.0332444
0.0403091
0.0429
0.0429174
0.0397679
0.0358369
0.0291963
0.0231749
0.0138948
0.00643886
-0.310694
-0.313141
-0.315033
-0.319265
-0.324436
-0.3305
-0.33767
-0.34588
-0.355035
-0.365006
-0.37557
-0.386407
-0.397088
-0.407068
-0.415683
-0.422161
-0.425495
-0.424793
-0.418885
-0.406664
-0.387105
-0.359584
-0.32418
-0.282063
-0.235356
-0.186879
-0.139539
-0.0958421
-0.0576576
-0.0259375
-0.00115373
0.0172378
0.0295225
0.0371211
0.0402254
0.0406931
0.037976
0.0343836
0.0281143
0.0223297
0.0134311
0.00614291
-0.310159
-0.312175
-0.313482
-0.317392
-0.322212
-0.327943
-0.33483
-0.342783
-0.351708
-0.361487
-0.371909
-0.382666
-0.393343
-0.403407
-0.412204
-0.41901
-0.422742
-0.422558
-0.417295
-0.40585
-0.387203
-0.360715
-0.326426
-0.28541
-0.239678
-0.19194
-0.145051
-0.101511
-0.0632324
-0.0312178
-0.00600521
0.0128958
0.025726
0.033861
0.0374857
0.0384125
0.0361374
0.0328923
0.0270034
0.0214645
0.012956
0.00584656
-0.309646
-0.311122
-0.311945
-0.315558
-0.319973
-0.325342
-0.331922
-0.339589
-0.348247
-0.35779
-0.36802
-0.378643
-0.389257
-0.399344
-0.408257
-0.415478
-0.419365
-0.419662
-0.415019
-0.404346
-0.386637
-0.361247
-0.328176
-0.288392
-0.243781
-0.196919
-0.150593
-0.107283
-0.0689507
-0.0366524
-0.0110037
0.00842532
0.0218219
0.0305151
0.0346785
0.0360805
0.0342598
0.0313725
0.0258714
0.0205869
0.0124737
0.00555202
-0.309914
-0.309813
-0.310372
-0.313706
-0.317621
-0.322581
-0.328813
-0.336147
-0.344487
-0.353735
-0.363711
-0.374135
-0.384625
-0.394677
-0.403638
-0.410627
-0.415186
-0.415955
-0.411968
-0.402144
-0.385489
-0.361349
-0.329667
-0.291283
-0.247937
-0.20206
-0.15636
-0.113304
-0.0749091
-0.0422998
-0.0161793
0.00381336
0.017809
0.0270864
0.0318101
0.033702
0.0323489
0.0298288
0.0247237
0.0197004
0.0119883
0.00526042
-0.309643
-0.306777
-0.308289
-0.311584
-0.315096
-0.319713
-0.325624
-0.332642
-0.340661
-0.349591
-0.359267
-0.369428
-0.379706
-0.389606
-0.398503
-0.40572
-0.410725
-0.4117
-0.408171
-0.399002
-0.383192
-0.360082
-0.329575
-0.292419
-0.250238
-0.205353
-0.160404
-0.117827
-0.0796405
-0.0470092
-0.0206741
-0.000344509
0.0140852
0.0238138
0.0290208
0.0313385
0.0304315
0.0282539
0.0235528
0.0187837
0.0114927
0.00496494
-0.294306
-0.297556
-0.304685
-0.309336
-0.31305
-0.317644
-0.323463
-0.330352
-0.338198
-0.34692
-0.356369
-0.366288
-0.376318
-0.385983
-0.39471
-0.401706
-0.406143
-0.406972
-0.403285
-0.394022
-0.37826
-0.35542
-0.325479
-0.289204
-0.248181
-0.204628
-0.16104
-0.119719
-0.0825563
-0.0506724
-0.0247477
-0.00457142
0.00998553
0.0199593
0.0255891
0.0283033
0.0279177
0.0261237
0.0219614
0.0175081
0.0108085
0.00456296
-0.29442
-0.295925
-0.302237
-0.306842
-0.310451
-0.314832
-0.320454
-0.32712
-0.334634
-0.342889
-0.351746
-0.360965
-0.370192
-0.378944
-0.386661
-0.392685
-0.396188
-0.396209
-0.391848
-0.382195
-0.366463
-0.344189
-0.315429
-0.280924
-0.242133
-0.20105
-0.159918
-0.120808
-0.0854416
-0.0548673
-0.0297304
-0.00991421
0.00468417
0.014923
0.0210514
0.0242867
0.0245581
0.0233034
0.0198253
0.015844
0.00987487
0.00406903
-0.291338
-0.293029
-0.297689
-0.301989
-0.30584
-0.3103
-0.315808
-0.322232
-0.32937
-0.337101
-0.34529
-0.353708
-0.362019
-0.369766
-0.376432
-0.381384
-0.383867
-0.383019
-0.378022
-0.368094
-0.352578
-0.331114
-0.303806
-0.271346
-0.235035
-0.196634
-0.158128
-0.121366
-0.0879042
-0.0587289
-0.0344623
-0.0150768
-0.000507229
0.0099428
0.0165179
0.0202477
0.0211488
0.0204375
0.0176327
0.0141541
0.00890405
0.0035968
-0.285021
-0.287892
-0.29126
-0.294946
-0.298938
-0.303548
-0.308956
-0.315086
-0.321793
-0.328958
-0.336443
-0.344035
-0.351419
-0.358178
-0.363803
-0.367726
-0.369273
-0.367678
-0.362212
-0.352204
-0.337116
-0.316675
-0.291015
-0.260767
-0.227078
-0.191479
-0.155703
-0.121381
-0.0899097
-0.0622141
-0.038896
-0.0200108
-0.00553688
0.00507216
0.012046
0.0162417
0.0177447
0.0175715
0.015426
0.0124653
0.00792133
0.00314788
-0.275806
-0.280257
-0.283144
-0.286237
-0.290142
-0.294807
-0.300092
-0.30589
-0.312112
-0.318665
-0.325418
-0.332165
-0.338616
-0.344392
-0.349041
-0.352035
-0.352759
-0.350558
-0.344798
-0.334911
-0.320457
-0.301235
-0.277391
-0.249484
-0.218503
-0.185762
-0.152753
-0.120903
-0.0914615
-0.0652929
-0.0429832
-0.0246614
-0.0103511
0.000359105
0.00767601
0.0123014
0.0143712
0.014725
0.0132192
0.010787
0.00693299
0.00271859
-0.264541
-0.270477
-0.273467
-0.276212
-0.27993
-0.284539
-0.289672
-0.295132
-0.300852
-0.306778
-0.312792
-0.318706
-0.324252
-0.329096
-0.332844
-0.335004
-0.335028
-0.332365
-0.326479
-0.316889
-0.303236
-0.285369
-0.263429
-0.2379
-0.209619
-0.179698
-0.149409
-0.119998
-0.092575
-0.0679489
-0.0466884
-0.0289843
-0.0149031
-0.00415202
0.00344767
0.00846038
0.0110553
0.0119188
0.0110277
0.00912926
0.00594601
0.00230773
-0.252308
-0.259227
-0.262565
-0.265226
-0.268779
-0.273253
-0.278198
-0.283327
-0.288565
-0.293884
-0.299192
-0.30432
-0.309027
-0.313019
-0.315952
-0.317386
-0.316841
-0.313856
-0.307983
-0.298817
-0.286063
-0.269604
-0.249567
-0.226358
-0.200678
-0.173458
-0.145781
-0.118724
-0.0932719
-0.0701782
-0.0499912
-0.0329499
-0.0191587
-0.00842665
-0.000606077
0.00474749
0.00782198
0.00917275
0.0088678
0.00750201
0.00496834
0.00191484
-0.239689
-0.247137
-0.250865
-0.253613
-0.257062
-0.261369
-0.266096
-0.270907
-0.275704
-0.280467
-0.285131
-0.28955
-0.293509
-0.296751
-0.298974
-0.299796
-0.298808
-0.295624
-0.289869
-0.281204
-0.269384
-0.254316
-0.236106
-0.215093
-0.191855
-0.167171
-0.141953
-0.117132
-0.0935784
-0.0719877
-0.0528838
-0.0365409
-0.0230944
-0.0124392
-0.00445919
0.00118665
0.00469306
0.00650412
0.00675407
0.00591409
0.00400714
0.00153932
-0.227034
-0.2347
-0.238747
-0.241644
-0.245041
-0.24918
-0.253677
-0.258189
-0.262592
-0.266866
-0.270965
-0.274765
-0.27808
-0.280684
-0.282313
-0.282639
-0.281325
-0.278045
-0.272482
-0.264354
-0.253458
-0.239718
-0.22322
-0.204242
-0.183259
-0.160918
-0.137987
-0.115268
-0.0935227
-0.0733911
-0.0553679
-0.0397498
-0.0266959
-0.0161717
-0.0080914
-0.0022026
0.00168713
0.00392803
0.00469965
0.0043733
0.00306869
0.00118063
-0.214578
-0.222235
-0.22649
-0.229531
-0.2329
-0.236884
-0.241156
-0.245388
-0.249445
-0.2533
-0.256915
-0.26019
-0.262963
-0.265037
-0.266186
-0.266131
-0.264596
-0.261302
-0.255983
-0.248404
-0.238399
-0.225902
-0.210982
-0.193866
-0.174942
-0.154749
-0.133928
-0.113166
-0.0931324
-0.0744067
-0.0574522
-0.0425765
-0.0299556
-0.0196117
-0.0114871
-0.00540426
-0.00117975
0.00145781
0.00271645
0.00288671
0.00215858
0.000838554
-0.202427
-0.209929
-0.21429
-0.217436
-0.220779
-0.224617
-0.228677
-0.232653
-0.236406
-0.239904
-0.243114
-0.245951
-0.248279
-0.249919
-0.2507
-0.250369
-0.248699
-0.245456
-0.240415
-0.233384
-0.224223
-0.212877
-0.1994
-0.183977
-0.166925
-0.148688
-0.129803
-0.110859
-0.0924349
-0.0750558
-0.0591495
-0.0450261
-0.0328713
-0.0227515
-0.0146346
-0.00840526
-0.00389373
-0.00089472
0.000815234
0.00146088
0.00128177
0.000513137
-0.190642
-0.197902
-0.202283
-0.205484
-0.208787
-0.212486
-0.216345
-0.220087
-0.223573
-0.226767
-0.229639
-0.232121
-0.234094
-0.235412
-0.235896
-0.235371
-0.233637
-0.230495
-0.225756
-0.219262
-0.210896
-0.200612
-0.188451
-0.174563
-0.159206
-0.142748
-0.125636
-0.108372
-0.0914567
-0.0753609
-0.0604762
-0.0471075
-0.0354446
-0.0255873
-0.0175253
-0.0111951
-0.00644293
-0.00311907
-0.000994302
0.000101913
0.000442754
0.000204689
-0.179277
-0.186234
-0.190565
-0.193773
-0.197017
-0.200575
-0.204243
-0.207768
-0.211018
-0.213952
-0.216545
-0.218736
-0.220426
-0.221486
-0.221769
-0.221123
-0.219382
-0.216379
-0.211959
-0.205987
-0.198368
-0.189061
-0.178098
-0.165601
-0.151779
-0.136936
-0.121444
-0.105729
-0.0902235
-0.0753457
-0.0614505
-0.0488324
-0.0376803
-0.0281181
-0.0201536
-0.0137656
-0.00881744
-0.00520609
-0.00270356
-0.00118459
-0.000354508
-8.63114e-05
-0.168365
-0.174977
-0.179206
-0.18238
-0.185543
-0.188956
-0.19244
-0.195763
-0.198801
-0.201512
-0.203871
-0.205827
-0.207294
-0.208163
-0.208307
-0.207597
-0.205895
-0.203063
-0.198969
-0.193502
-0.186582
-0.178173
-0.168302
-0.157064
-0.144632
-0.131254
-0.117241
-0.102953
-0.0887606
-0.0750339
-0.0620921
-0.0502149
-0.0395859
-0.0303457
-0.0225164
-0.0161107
-0.0110092
-0.00714797
-0.00430505
-0.00239355
-0.0011065
-0.000359283
-0.157931
-0.164171
-0.168259
-0.171365
-0.174427
-0.177689
-0.180992
-0.184126
-0.186971
-0.189487
-0.19165
-0.193416
-0.19471
-0.195439
-0.195495
-0.194768
-0.193141
-0.1905
-0.186734
-0.181751
-0.175484
-0.167902
-0.159024
-0.148929
-0.137754
-0.125706
-0.113041
-0.100065
-0.0870921
-0.0744499
-0.0624219
-0.0512706
-0.0411714
-0.0322745
-0.0246131
-0.0182267
-0.0130122
-0.00893834
-0.0057925
-0.0035205
-0.00181019
-0.000613621
-0.147991
-0.153845
-0.157761
-0.160772
-0.163718
-0.166823
-0.169948
-0.1729
-0.175568
-0.177912
-0.179909
-0.18152
-0.182681
-0.183311
-0.183319
-0.182609
-0.181084
-0.178647
-0.175207
-0.170686
-0.165027
-0.158205
-0.150232
-0.141171
-0.131135
-0.120293
-0.108856
-0.0970835
-0.0852419
-0.0736176
-0.0624614
-0.0520168
-0.0424484
-0.0339111
-0.0264455
-0.020112
-0.0148223
-0.0105724
-0.00716086
-0.00456171
-0.00246301
-0.000848763
-0.138554
-0.144015
-0.147738
-0.150633
-0.153451
-0.156395
-0.159343
-0.162122
-0.164625
-0.166815
-0.16867
-0.170154
-0.171213
-0.171776
-0.171765
-0.171099
-0.169693
-0.167468
-0.164346
-0.160263
-0.155169
-0.149043
-0.141893
-0.133771
-0.124765
-0.115016
-0.104698
-0.0940283
-0.0832328
-0.072561
-0.0622329
-0.0524721
-0.0434308
-0.0352643
-0.0280178
-0.0217672
-0.0164374
-0.0120468
-0.00840641
-0.00551427
-0.00306295
-0.00106424
-0.129621
-0.134691
-0.138207
-0.140972
-0.143652
-0.146433
-0.149208
-0.151818
-0.154167
-0.156217
-0.157947
-0.159327
-0.160307
-0.160826
-0.16082
-0.160214
-0.158939
-0.156927
-0.154112
-0.150441
-0.145871
-0.140383
-0.133983
-0.12671
-0.118637
-0.109879
-0.100578
-0.0909171
-0.0810868
-0.0713037
-0.0617588
-0.0526559
-0.0441338
-0.0363449
-0.0293363
-0.023195
-0.0178574
-0.01336
-0.00952675
-0.00637613
-0.00360852
-0.00125971
-0.121187
-0.125874
-0.129177
-0.1318
-0.134337
-0.136954
-0.139559
-0.142007
-0.14421
-0.146132
-0.147752
-0.149043
-0.149962
-0.150454
-0.150468
-0.149935
-0.148796
-0.146993
-0.144472
-0.141186
-0.1371
-0.132196
-0.126476
-0.119973
-0.112743
-0.104882
-0.0965056
-0.0877668
-0.0788254
-0.0698688
-0.0610618
-0.0525886
-0.0445741
-0.0371654
-0.0304094
-0.0244003
-0.0190842
-0.0145122
-0.0105209
-0.00714619
-0.00409879
-0.001435
-0.113246
-0.117561
-0.120647
-0.123123
-0.125514
-0.12797
-0.130408
-0.1327
-0.134765
-0.136568
-0.13809
-0.139305
-0.140175
-0.14065
-0.140697
-0.140242
-0.139238
-0.137638
-0.135395
-0.132468
-0.128826
-0.124454
-0.119353
-0.113546
-0.107079
-0.100029
-0.0924912
-0.0845936
-0.076469
-0.068279
-0.0601646
-0.0522911
-0.0447697
-0.03774
-0.0312473
-0.0253898
-0.0201216
-0.015505
-0.0113892
-0.00782433
-0.00453344
-0.00159011
-0.105784
-0.109743
-0.112615
-0.114942
-0.117186
-0.119483
-0.12176
-0.123902
-0.125835
-0.127527
-0.128959
-0.13011
-0.130947
-0.131436
-0.131495
-0.131115
-0.130243
-0.128836
-0.126852
-0.124257
-0.121023
-0.117136
-0.112594
-0.107416
-0.101638
-0.0953216
-0.0885443
-0.0814129
-0.0740374
-0.0665564
-0.0590898
-0.0517849
-0.0447394
-0.0380843
-0.031862
-0.026172
-0.0209752
-0.0163418
-0.0121333
-0.00841137
-0.00491272
-0.00172523
-0.098788
-0.102409
-0.105072
-0.107249
-0.109349
-0.111492
-0.113613
-0.115611
-0.117419
-0.119005
-0.120354
-0.121444
-0.122246
-0.122722
-0.122828
-0.122529
-0.121786
-0.120561
-0.118819
-0.116529
-0.113667
-0.11022
-0.106185
-0.101574
-0.0964169
-0.0907629
-0.0846741
-0.0782395
-0.0715494
-0.0647225
-0.0578597
-0.0510916
-0.0445028
-0.0382151
-0.0322671
-0.0267574
-0.0216522
-0.0170276
-0.0127562
-0.00890911
-0.00523747
-0.00184073
-0.0922423
-0.0955449
-0.0980055
-0.100037
-0.101996
-0.10399
-0.105962
-0.107822
-0.10951
-0.110997
-0.112268
-0.113302
-0.114073
-0.114547
-0.114691
-0.114469
-0.113847
-0.112792
-0.111272
-0.109261
-0.106738
-0.103689
-0.10011
-0.0960111
-0.0914128
-0.086356
-0.0808896
-0.0750875
-0.0690233
-0.0627982
-0.0564963
-0.0502328
-0.04408
-0.0381501
-0.0324772
-0.0271577
-0.0221616
-0.0175686
-0.0132622
-0.00932026
-0.00550912
-0.00193718
-0.0861304
-0.0891348
-0.0914026
-0.0932923
-0.0951163
-0.0969677
-0.0987978
-0.100527
-0.102101
-0.103494
-0.10469
-0.105672
-0.106416
-0.106891
-0.107069
-0.106918
-0.106408
-0.105508
-0.104191
-0.102433
-0.100216
-0.0975259
-0.0943579
-0.0907189
-0.0866234
-0.0821041
-0.0771995
-0.0719706
-0.0664766
-0.0608038
-0.0550213
-0.0492303
-0.0434917
-0.037908
-0.0325085
-0.0273859
-0.0225135
-0.0179726
-0.0136566
-0.00964839
-0.00572962
-0.00201532
-0.0804353
-0.0831623
-0.0852476
-0.0870017
-0.0886961
-0.0904123
-0.0921079
-0.093713
-0.0951792
-0.0964823
-0.0976083
-0.0985413
-0.0992593
-0.0997361
-0.0999445
-0.0998577
-0.099448
-0.0986887
-0.0975553
-0.0960268
-0.0940846
-0.0917174
-0.0889183
-0.0856916
-0.0820471
-0.0780109
-0.0736124
-0.0689018
-0.0639263
-0.0587589
-0.053456
-0.0481057
-0.0427586
-0.0375077
-0.0323775
-0.0274562
-0.0227193
-0.0182483
-0.0139458
-0.00989788
-0.00590145
-0.00207605
-0.0751401
-0.0776101
-0.0795241
-0.0811495
-0.0827211
-0.0843098
-0.0858786
-0.0873667
-0.0887309
-0.0899494
-0.0910089
-0.0918948
-0.0925877
-0.0930641
-0.0932993
-0.0932695
-0.09295
-0.0923172
-0.0913485
-0.090025
-0.0883296
-0.0862511
-0.0837819
-0.080924
-0.0776834
-0.0740803
-0.0701367
-0.0658938
-0.0613887
-0.0566825
-0.0518208
-0.0468801
-0.0419015
-0.0369689
-0.032102
-0.0273837
-0.0227916
-0.0184057
-0.0141372
-0.0100738
-0.00602753
-0.00212046
-0.0702278
-0.0724612
-0.0742154
-0.0757196
-0.0771756
-0.0786446
-0.0800948
-0.081473
-0.0827412
-0.0838795
-0.0848758
-0.0857166
-0.0863845
-0.0868583
-0.0871159
-0.0871359
-0.0868963
-0.0863757
-0.0855537
-0.0844129
-0.0829374
-0.0811162
-0.0789411
-0.0764121
-0.0735321
-0.0703164
-0.0667809
-0.0629591
-0.0588794
-0.0545931
-0.0501361
-0.0455745
-0.0409412
-0.0363112
-0.0316999
-0.0271844
-0.0227436
-0.0184554
-0.0142389
-0.010182
-0.00611122
-0.00214974
-0.0656822
-0.0676986
-0.0693048
-0.0706956
-0.0720436
-0.0734009
-0.0747403
-0.0760158
-0.0771939
-0.0782567
-0.0791929
-0.0799902
-0.0806328
-0.0811019
-0.0813774
-0.08144
-0.0812701
-0.0808483
-0.0801559
-0.0791769
-0.0778963
-0.0763034
-0.0743894
-0.0721529
-0.0695938
-0.0667237
-0.0635534
-0.0601097
-0.0564138
-0.0525086
-0.0484215
-0.0442096
-0.0398984
-0.0355546
-0.0311895
-0.0268745
-0.0225893
-0.018409
-0.0142597
-0.0102286
-0.00615622
-0.00216525
-0.0614877
-0.0633059
-0.0647756
-0.0660612
-0.0673087
-0.0685624
-0.0697991
-0.0709789
-0.0720728
-0.0730646
-0.0739438
-0.0746991
-0.0753163
-0.0757784
-0.0760675
-0.0761659
-0.0760559
-0.0757202
-0.0751414
-0.0743047
-0.0731959
-0.0718046
-0.0701216
-0.068144
-0.0658698
-0.0633071
-0.0604625
-0.0573573
-0.0540067
-0.0504461
-0.0466961
-0.0428054
-0.0387933
-0.0347189
-0.0305894
-0.0264707
-0.0223433
-0.0182784
-0.014209
-0.0102204
-0.00616657
-0.00216841
-0.0576296
-0.0592677
-0.0606122
-0.0618006
-0.0629552
-0.0641134
-0.0652551
-0.0663463
-0.0673618
-0.068287
-0.0691123
-0.0698273
-0.0704189
-0.0708722
-0.0711706
-0.0712984
-0.0712394
-0.0709778
-0.0704979
-0.0697855
-0.0688273
-0.0676132
-0.0661334
-0.0643843
-0.062362
-0.0600717
-0.0575167
-0.0547136
-0.0516725
-0.0484226
-0.0449785
-0.0413817
-0.0376461
-0.0338236
-0.0299182
-0.0259901
-0.0220202
-0.0180761
-0.0140966
-0.0101645
-0.00614652
-0.00216075
-0.0540943
-0.0555694
-0.0567998
-0.0578989
-0.0589682
-0.0600386
-0.061093
-0.0621026
-0.0630455
-0.0639087
-0.0646832
-0.0653595
-0.0659257
-0.0663682
-0.0666724
-0.0668237
-0.0668074
-0.0666091
-0.0662143
-0.0656098
-0.0647828
-0.0637235
-0.0624219
-0.0608734
-0.0590728
-0.0570231
-0.0547246
-0.0521901
-0.0494254
-0.0464544
-0.0432868
-0.0399577
-0.0364763
-0.0328882
-0.0291944
-0.0254496
-0.0216352
-0.0178149
-0.0139326
-0.0100683
-0.00610053
-0.00214387
-0.0508695
-0.0521978
-0.0533247
-0.0543423
-0.0553337
-0.056324
-0.0572987
-0.0582334
-0.0591094
-0.059915
-0.060642
-0.0612814
-0.0618225
-0.0622531
-0.0625597
-0.0627292
-0.0627481
-0.0626034
-0.0622813
-0.0617697
-0.0610562
-0.0601313
-0.058985
-0.0576119
-0.0560057
-0.0541674
-0.0520951
-0.0497982
-0.0472794
-0.0445577
-0.0416387
-0.0385522
-0.0353032
-0.0319317
-0.0284362
-0.0248662
-0.0212034
-0.0175074
-0.0137272
-0.0099393
-0.00603321
-0.00211941
-0.0479443
-0.0491413
-0.0501748
-0.0511186
-0.0520394
-0.0529569
-0.0538592
-0.0547257
-0.0555405
-0.0562931
-0.0569758
-0.0575804
-0.058097
-0.0585146
-0.058821
-0.0590041
-0.0590516
-0.0589515
-0.0586911
-0.0582588
-0.0576429
-0.056834
-0.0558222
-0.0546014
-0.0531646
-0.0515111
-0.0496372
-0.0475497
-0.0452482
-0.0427481
-0.0400516
-0.0371835
-0.0341457
-0.030973
-0.0276618
-0.0242567
-0.0207398
-0.0171668
-0.0134908
-0.00978519
-0.00594924
-0.00208905
-0.0453095
-0.0463897
-0.0473397
-0.0482172
-0.0490743
-0.0499264
-0.0507634
-0.0515683
-0.0523274
-0.0530316
-0.0536735
-0.0542455
-0.0547386
-0.0551426
-0.0554465
-0.0556394
-0.0557097
-0.0556464
-0.0554376
-0.0550725
-0.0545397
-0.0538303
-0.052934
-0.0518448
-0.0505546
-0.0490616
-0.0473607
-0.0454563
-0.0433459
-0.0410414
-0.0385424
-0.0358697
-0.0330222
-0.0300304
-0.0268888
-0.0236376
-0.0202593
-0.0168057
-0.0132339
-0.00961366
-0.00585336
-0.00205446
-0.0429578
-0.043935
-0.044811
-0.0456293
-0.0464297
-0.0472235
-0.0480022
-0.0487519
-0.0494611
-0.0501214
-0.050726
-0.0512679
-0.0517387
-0.052129
-0.0524289
-0.0526282
-0.0527163
-0.0526829
-0.0525169
-0.0522081
-0.0517456
-0.0511205
-0.0503229
-0.0493461
-0.0481818
-0.0468272
-0.0452759
-0.0435303
-0.0415864
-0.0394533
-0.0371282
-0.0346285
-0.0319509
-0.029122
-0.0261347
-0.0230253
-0.0197767
-0.0164369
-0.0129668
-0.00943238
-0.00575033
-0.00201734
-0.0408839
-0.0417714
-0.0425825
-0.0433488
-0.0440992
-0.0448416
-0.045569
-0.0462699
-0.0469346
-0.0475558
-0.048127
-0.0486414
-0.0490914
-0.0494683
-0.0497631
-0.0499662
-0.0500678
-0.0500584
-0.0499275
-0.0496653
-0.0492615
-0.0487072
-0.0479927
-0.0471112
-0.0460539
-0.0448172
-0.0433938
-0.0417847
-0.0399842
-0.0379995
-0.0358258
-0.0334775
-0.0309498
-0.0282656
-0.0254167
-0.0224359
-0.0193065
-0.0160731
-0.0126997
-0.00924896
-0.00564484
-0.00197938
-0.039085
-0.0398955
-0.0406507
-0.0413719
-0.042079
-0.0427769
-0.0434598
-0.0441183
-0.0447443
-0.0453311
-0.0458727
-0.0463627
-0.0467937
-0.0471581
-0.0474471
-0.047652
-0.0477637
-0.0477732
-0.0476705
-0.0474463
-0.0470907
-0.0465951
-0.0459498
-0.0451477
-0.04418
-0.0430423
-0.0417267
-0.040233
-0.0385544
-0.0366962
-0.0346522
-0.0324344
-0.0300366
-0.0274786
-0.0247516
-0.0218852
-0.018863
-0.0157265
-0.0124427
-0.00907091
-0.00554155
-0.00194221
-0.0375614
-0.0383073
-0.0390153
-0.0396984
-0.0403689
-0.0410292
-0.0416743
-0.0422968
-0.0428898
-0.0434473
-0.0439634
-0.0444321
-0.0448465
-0.0451993
-0.0454825
-0.0456878
-0.0458068
-0.0458307
-0.0457503
-0.0455566
-0.0452399
-0.0447918
-0.0442027
-0.0434656
-0.0425713
-0.0415151
-0.0402885
-0.0388903
-0.037313
-0.0355602
-0.0336249
-0.031517
-0.029229
-0.0267787
-0.0241562
-0.0213886
-0.01846
-0.0154092
-0.0122056
-0.00890557
-0.00544503
-0.00190747
-0.0363161
-0.0370097
-0.0376793
-0.0383313
-0.0389719
-0.0396015
-0.0402158
-0.0408089
-0.0413749
-0.0419081
-0.0424032
-0.0428541
-0.0432545
-0.0435974
-0.0438751
-0.04408
-0.0442039
-0.0442387
-0.0441753
-0.0440051
-0.0437188
-0.043308
-0.0427633
-0.0420777
-0.0412417
-0.0402503
-0.0390948
-0.0377732
-0.0362772
-0.0346094
-0.0327621
-0.0307433
-0.0285451
-0.026183
-0.0236469
-0.0209616
-0.0181114
-0.0151332
-0.0119981
-0.0087601
-0.00535971
-0.00187672
-0.0353569
-0.0360104
-0.0366505
-0.0372785
-0.0378961
-0.0385021
-0.0390927
-0.0396631
-0.0402081
-0.0407226
-0.0412012
-0.0416383
-0.0420275
-0.0423623
-0.0426355
-0.0428396
-0.0429668
-0.0430092
-0.0429582
-0.0428054
-0.0425416
-0.0421586
-0.0416472
-0.041
-0.040208
-0.0392655
-0.0381637
-0.0369
-0.0354659
-0.0338628
-0.0320827
-0.0301323
-0.0280032
-0.0257093
-0.0232403
-0.0206191
-0.0178307
-0.0149098
-0.0118295
-0.00864142
-0.00528989
-0.00185147
-0.0346968
-0.0353227
-0.0359425
-0.036554
-0.0371558
-0.0377456
-0.0383199
-0.0388746
-0.0394052
-0.0399067
-0.0403739
-0.0408013
-0.0411827
-0.0415118
-0.0417816
-0.0419846
-0.0421136
-0.042161
-0.0421181
-0.0419768
-0.041728
-0.0413637
-0.0408746
-0.0402535
-0.0394911
-0.0385817
-0.0375164
-0.0362921
-0.0349001
-0.0333413
-0.0316071
-0.0297037
-0.0276221
-0.0253752
-0.0229527
-0.0203761
-0.017631
-0.0147504
-0.0117089
-0.00855617
-0.00523974
-0.00183305
-0.0343498
-0.0349622
-0.035572
-0.0361753
-0.0367691
-0.0373507
-0.0379167
-0.0384635
-0.0389867
-0.0394816
-0.0399429
-0.0403653
-0.0407427
-0.0410688
-0.0413368
-0.0415394
-0.0416693
-0.0417192
-0.0416805
-0.041545
-0.0413039
-0.0409492
-0.0404715
-0.0398638
-0.0391166
-0.0382243
-0.0371778
-0.0359738
-0.0346036
-0.0330676
-0.0313573
-0.0294782
-0.0274214
-0.0251989
-0.0228009
-0.0202474
-0.0175253
-0.0146654
-0.0116449
-0.00851041
-0.00521337
-0.00182264
-0.268765
-0.272758
-0.276529
-0.280192
-0.283934
-0.287949
-0.292913
-0.298092
-0.308416
-0.256134
-0.26122
-0.266342
-0.2716
-0.277276
-0.283141
-0.290233
-0.295528
-0.306246
-0.243981
-0.249923
-0.255962
-0.261989
-0.268246
-0.273984
-0.280727
-0.285124
-0.29522
-0.231548
-0.23763
-0.243702
-0.249568
-0.255627
-0.261174
-0.268031
-0.273321
-0.283006
-0.218829
-0.224812
-0.230833
-0.236754
-0.243036
-0.249044
-0.256108
-0.261971
-0.270455
-0.206586
-0.212573
-0.218667
-0.22473
-0.231056
-0.237106
-0.243719
-0.249613
-0.257142
-0.195006
-0.200905
-0.206867
-0.212774
-0.218806
-0.224677
-0.230922
-0.236959
-0.243953
-0.183869
-0.189538
-0.195245
-0.20094
-0.206747
-0.212545
-0.218581
-0.224608
-0.231126
-0.173209
-0.178641
-0.184123
-0.18964
-0.195243
-0.200875
-0.206619
-0.212443
-0.218576
-0.163125
-0.168314
-0.173548
-0.178821
-0.184147
-0.18952
-0.194972
-0.200569
-0.206397
-0.153577
-0.158488
-0.163438
-0.168431
-0.173475
-0.178587
-0.183771
-0.189107
-0.194625
-0.144531
-0.149155
-0.153819
-0.158532
-0.163296
-0.168129
-0.173021
-0.178058
-0.183255
-0.135983
-0.140321
-0.144698
-0.149123
-0.153593
-0.158128
-0.162719
-0.167448
-0.172322
-0.127913
-0.131965
-0.136053
-0.140185
-0.144361
-0.148599
-0.152889
-0.157308
-0.161853
-0.120297
-0.124067
-0.127872
-0.131717
-0.135604
-0.139547
-0.143537
-0.147645
-0.151862
-0.113114
-0.116612
-0.120141
-0.123707
-0.12731
-0.130965
-0.13466
-0.138463
-0.14236
-0.106344
-0.10958
-0.112844
-0.11614
-0.119469
-0.122844
-0.126255
-0.129763
-0.13335
-0.0999682
-0.102954
-0.105964
-0.109002
-0.11207
-0.115177
-0.118315
-0.121539
-0.124829
-0.0939664
-0.0967147
-0.0994838
-0.102278
-0.105096
-0.107948
-0.110827
-0.113781
-0.11679
-0.0883216
-0.0908459
-0.0933877
-0.0959504
-0.0985331
-0.101145
-0.103779
-0.106479
-0.109223
-0.0830158
-0.08533
-0.0876586
-0.0900042
-0.0923662
-0.0947528
-0.0971561
-0.0996178
-0.102114
-0.0801517
-0.0822809
-0.0844238
-0.0865796
-0.0887555
-0.0909442
-0.0931831
-0.0954492
-0.0752952
-0.077239
-0.0791933
-0.0811575
-0.0831376
-0.0851271
-0.0871593
-0.0892122
-0.0707464
-0.0725185
-0.0742982
-0.0760849
-0.0778839
-0.0796892
-0.0815304
-0.0833868
-0.0664921
-0.0681056
-0.0697242
-0.0713473
-0.0729794
-0.0746151
-0.0762805
-0.0779566
-0.0625205
-0.063988
-0.0654583
-0.066931
-0.0684098
-0.0698899
-0.0713941
-0.0729053
-0.0588193
-0.0601529
-0.0614874
-0.0628224
-0.0641609
-0.0654989
-0.0668559
-0.0682169
-0.0553782
-0.0565894
-0.0577999
-0.0590091
-0.0602198
-0.0614283
-0.0626515
-0.063876
-0.0521871
-0.0532869
-0.0543845
-0.0554795
-0.056574
-0.057665
-0.0587668
-0.059868
-0.0492373
-0.050236
-0.0512312
-0.0522227
-0.0532121
-0.0541969
-0.0551891
-0.056179
-0.0465207
-0.047428
-0.0483308
-0.0492289
-0.0501236
-0.0510128
-0.0519064
-0.0527965
-0.0440304
-0.0448555
-0.0456753
-0.0464895
-0.0472993
-0.0481028
-0.0489082
-0.049709
-0.0417605
-0.042512
-0.0432577
-0.0439971
-0.0447311
-0.0454582
-0.0461852
-0.0469067
-0.0397064
-0.0403926
-0.0410723
-0.0417453
-0.0424122
-0.0430718
-0.0437294
-0.0443809
-0.0378645
-0.0384932
-0.039115
-0.0397296
-0.0403376
-0.040938
-0.0415349
-0.042125
-0.0362333
-0.0368118
-0.0373832
-0.0379472
-0.0385041
-0.0390532
-0.0395974
-0.0401346
-0.0348119
-0.0353476
-0.0358759
-0.0363966
-0.0369099
-0.0374153
-0.0379148
-0.038407
-0.0336032
-0.034103
-0.0345952
-0.0350799
-0.0355569
-0.0360258
-0.0364883
-0.036943
-0.0326102
-0.033081
-0.0335443
-0.0339999
-0.0344478
-0.0348878
-0.0353206
-0.0357457
-0.0318418
-0.0322904
-0.0327317
-0.0331653
-0.0335913
-0.0340094
-0.03442
-0.0348229
-0.0313073
-0.0317413
-0.032168
-0.0325872
-0.0329988
-0.0334027
-0.033799
-0.0341874
-0.0310179
-0.031444
-0.0318632
-0.0322754
-0.0326804
-0.0330781
-0.0334685
-0.0338515
-0.0310159
-0.031442
-0.0318612
-0.0322733
-0.0326783
-0.033076
-0.0334664
-0.0338493
-0.0313053
-0.0317393
-0.0321659
-0.0325851
-0.0329967
-0.0334006
-0.0337968
-0.0341853
-0.0318398
-0.0322884
-0.0327296
-0.0331632
-0.0335892
-0.0340073
-0.0344179
-0.0348207
-0.0326082
-0.0330789
-0.0335422
-0.0339978
-0.0344457
-0.0348857
-0.0353185
-0.0357435
-0.0336012
-0.0341009
-0.0345932
-0.0350778
-0.0355547
-0.0360237
-0.0364861
-0.0369408
-0.0348099
-0.0353455
-0.0358738
-0.0363945
-0.0369078
-0.0374131
-0.0379126
-0.0384048
-0.0362312
-0.0368098
-0.0373811
-0.0379451
-0.038502
-0.039051
-0.0395952
-0.0401324
-0.0378625
-0.0384911
-0.0391129
-0.0397275
-0.0403355
-0.0409358
-0.0415326
-0.0421228
-0.0397043
-0.0403905
-0.0410702
-0.0417432
-0.04241
-0.0430696
-0.0437272
-0.0443786
-0.0417585
-0.04251
-0.0432555
-0.0439949
-0.0447289
-0.045456
-0.0461829
-0.0469043
-0.0440284
-0.0448534
-0.0456732
-0.0464874
-0.0472971
-0.0481006
-0.0489059
-0.0497067
-0.0465187
-0.0474259
-0.0483287
-0.0492268
-0.0501214
-0.0510105
-0.0519041
-0.0527941
-0.0492353
-0.0502339
-0.0512291
-0.0522205
-0.0532099
-0.0541946
-0.0551868
-0.0561766
-0.0510827
-0.0521851
-0.0532848
-0.0543824
-0.0554773
-0.0565718
-0.0576627
-0.0587645
-0.0598656
-0.0541636
-0.0553761
-0.0565873
-0.0577978
-0.059007
-0.0602176
-0.061426
-0.0626491
-0.0638736
-0.0574838
-0.0588172
-0.0601508
-0.0614853
-0.0628202
-0.0641587
-0.0654966
-0.0668536
-0.0682145
-0.0610529
-0.0625184
-0.0639858
-0.0654561
-0.0669287
-0.0684075
-0.0698876
-0.0713918
-0.0729029
-0.0648804
-0.0664901
-0.0681035
-0.069722
-0.071345
-0.0729771
-0.0746128
-0.0762782
-0.0779542
-0.0689782
-0.0707443
-0.0725163
-0.074296
-0.0760827
-0.0778817
-0.0796869
-0.0815281
-0.0833844
-0.0733578
-0.0752931
-0.0772368
-0.0791911
-0.0811552
-0.0831353
-0.0851248
-0.087157
-0.0892098
-0.0780316
-0.0801495
-0.0822787
-0.0844215
-0.0865773
-0.0887532
-0.0909419
-0.0931808
-0.0954469
-0.0830136
-0.0853278
-0.0876563
-0.0900019
-0.0923638
-0.0947505
-0.0971537
-0.0996154
-0.102112
-0.0883192
-0.0908435
-0.0933854
-0.095948
-0.0985307
-0.101143
-0.103776
-0.106477
-0.109221
-0.0939639
-0.0967122
-0.0994813
-0.102275
-0.105093
-0.107946
-0.110824
-0.113779
-0.116788
-0.0999655
-0.102951
-0.105961
-0.109
-0.112067
-0.115174
-0.118312
-0.121537
-0.124827
-0.106341
-0.109577
-0.112841
-0.116138
-0.119467
-0.122842
-0.126253
-0.129761
-0.133348
-0.113111
-0.116609
-0.120138
-0.123705
-0.127308
-0.130962
-0.134658
-0.138461
-0.142358
-0.120294
-0.124064
-0.127869
-0.131714
-0.135601
-0.139545
-0.143535
-0.147643
-0.15186
-0.12791
-0.131961
-0.13605
-0.140182
-0.144359
-0.148596
-0.152887
-0.157306
-0.161851
-0.135979
-0.140317
-0.144695
-0.149119
-0.153591
-0.158126
-0.162717
-0.167446
-0.17232
-0.144527
-0.149151
-0.153816
-0.158529
-0.163293
-0.168126
-0.173019
-0.178056
-0.183253
-0.153573
-0.158484
-0.163434
-0.168427
-0.173472
-0.178584
-0.183768
-0.189104
-0.194623
-0.16312
-0.168309
-0.173544
-0.178816
-0.184143
-0.189516
-0.194969
-0.200566
-0.206394
-0.173203
-0.178635
-0.184118
-0.189635
-0.195238
-0.20087
-0.206614
-0.212439
-0.218571
-0.183862
-0.189532
-0.195239
-0.200934
-0.206741
-0.21254
-0.218576
-0.224603
-0.231121
-0.194998
-0.200897
-0.20686
-0.212767
-0.2188
-0.224671
-0.230916
-0.236954
-0.243948
-0.206577
-0.212565
-0.218659
-0.224723
-0.231049
-0.2371
-0.243713
-0.249609
-0.257139
-0.218819
-0.224803
-0.230825
-0.236747
-0.243029
-0.249039
-0.256105
-0.26197
-0.270455
-0.231538
-0.237621
-0.243695
-0.249561
-0.255623
-0.261171
-0.268031
-0.273324
-0.283011
-0.243971
-0.249916
-0.255956
-0.261985
-0.268245
-0.273985
-0.280731
-0.285131
-0.295231
-0.256127
-0.261216
-0.26634
-0.2716
-0.277278
-0.283147
-0.290242
-0.295539
-0.306262
-0.268761
-0.272756
-0.27653
-0.280195
-0.283939
-0.287957
-0.292924
-0.298107
-0.308436
-0.0343476
-0.03496
-0.0355697
-0.036173
-0.0367668
-0.0373483
-0.0379143
-0.038461
-0.0389842
-0.039479
-0.0399403
-0.0403627
-0.04074
-0.0410661
-0.041334
-0.0415365
-0.0416665
-0.0417163
-0.0416775
-0.0415421
-0.041301
-0.0409462
-0.0404686
-0.0398608
-0.0391137
-0.0382214
-0.0371749
-0.035971
-0.0346009
-0.033065
-0.0313548
-0.0294758
-0.0274192
-0.0251969
-0.022799
-0.0202457
-0.0175238
-0.0146642
-0.011644
-0.00850969
-0.00521293
-0.00182248
-0.0346946
-0.0353205
-0.0359402
-0.0365517
-0.0371535
-0.0377432
-0.0383174
-0.0388721
-0.0394026
-0.0399041
-0.0403713
-0.0407986
-0.04118
-0.0415091
-0.0417788
-0.0419818
-0.0421108
-0.0421581
-0.0421152
-0.0419739
-0.0417251
-0.0413607
-0.0408716
-0.0402505
-0.0394881
-0.0385788
-0.0375135
-0.0362893
-0.0348973
-0.0333386
-0.0316046
-0.0297013
-0.0276198
-0.0253731
-0.0229508
-0.0203744
-0.0176295
-0.0147491
-0.0117079
-0.00855544
-0.0052393
-0.00183289
-0.0353547
-0.0360081
-0.0366482
-0.0372762
-0.0378937
-0.0384996
-0.0390902
-0.0396606
-0.0402056
-0.04072
-0.0411986
-0.0416356
-0.0420248
-0.0423595
-0.0426327
-0.0428367
-0.0429638
-0.0430063
-0.0429552
-0.0428024
-0.0425385
-0.0421556
-0.0416441
-0.040997
-0.0402049
-0.0392625
-0.0381608
-0.0368971
-0.0354631
-0.0338601
-0.0320801
-0.0301299
-0.0280009
-0.0257071
-0.0232383
-0.0206173
-0.0178292
-0.0149085
-0.0118285
-0.00864068
-0.00528943
-0.0018513
-0.0363139
-0.0370074
-0.037677
-0.0383289
-0.0389695
-0.039599
-0.0402133
-0.0408064
-0.0413723
-0.0419055
-0.0424005
-0.0428514
-0.0432517
-0.0435945
-0.0438722
-0.0440771
-0.0442009
-0.0442356
-0.0441722
-0.044002
-0.0437156
-0.0433049
-0.0427602
-0.0420745
-0.0412386
-0.0402472
-0.0390918
-0.0377702
-0.0362743
-0.0346066
-0.0327594
-0.0307408
-0.0285427
-0.0261808
-0.0236449
-0.0209597
-0.0181099
-0.0151318
-0.011997
-0.00875933
-0.00535924
-0.00187655
-0.0375592
-0.038305
-0.039013
-0.039696
-0.0403664
-0.0410267
-0.0416717
-0.0422942
-0.0428872
-0.0434446
-0.0439606
-0.0444293
-0.0448436
-0.0451964
-0.0454795
-0.0456848
-0.0458037
-0.0458276
-0.0457471
-0.0455534
-0.0452366
-0.0447885
-0.0441994
-0.0434623
-0.0425681
-0.0415119
-0.0402853
-0.0388872
-0.03731
-0.0355573
-0.0336221
-0.0315143
-0.0292265
-0.0267763
-0.0241541
-0.0213867
-0.0184584
-0.0154079
-0.0122045
-0.00890476
-0.00544453
-0.00190729
-0.0390828
-0.0398932
-0.0406484
-0.0413695
-0.0420765
-0.0427744
-0.0434572
-0.0441157
-0.0447416
-0.0453284
-0.0458699
-0.0463598
-0.0467908
-0.047155
-0.047444
-0.0476489
-0.0477605
-0.0477699
-0.0476672
-0.047443
-0.0470874
-0.0465917
-0.0459464
-0.0451443
-0.0441766
-0.0430389
-0.0417233
-0.0402297
-0.0385512
-0.036693
-0.0346492
-0.0324316
-0.0300339
-0.0274762
-0.0247494
-0.0218832
-0.0188612
-0.015725
-0.0124415
-0.00907006
-0.00554103
-0.00194203
-0.0408817
-0.0417691
-0.0425802
-0.0433464
-0.0440967
-0.044839
-0.0455663
-0.0462672
-0.0469319
-0.047553
-0.0481241
-0.0486384
-0.0490883
-0.0494652
-0.0497599
-0.0499629
-0.0500645
-0.050055
-0.049924
-0.0496618
-0.0492579
-0.0487036
-0.0479891
-0.0471076
-0.0460503
-0.0448136
-0.0433902
-0.0417811
-0.0399808
-0.0379961
-0.0358226
-0.0334745
-0.030947
-0.0282629
-0.0254143
-0.0224338
-0.0193047
-0.0160716
-0.0126985
-0.00924807
-0.00564429
-0.00197918
-0.0429555
-0.0439326
-0.0448086
-0.0456268
-0.0464271
-0.0472209
-0.0479995
-0.0487492
-0.0494582
-0.0501185
-0.050723
-0.0512648
-0.0517355
-0.0521257
-0.0524256
-0.0526248
-0.0527128
-0.0526793
-0.0525133
-0.0522044
-0.0517419
-0.0511167
-0.050319
-0.0493423
-0.048178
-0.0468233
-0.045272
-0.0435266
-0.0415827
-0.0394497
-0.0371248
-0.0346252
-0.0319479
-0.0291192
-0.0261321
-0.0230231
-0.0197748
-0.0164353
-0.0129655
-0.00943143
-0.00574975
-0.00201714
-0.0453072
-0.0463873
-0.0473372
-0.0482146
-0.0490717
-0.0499237
-0.0507606
-0.0515655
-0.0523245
-0.0530286
-0.0536704
-0.0542423
-0.0547353
-0.0551392
-0.0554431
-0.0556358
-0.055706
-0.0556426
-0.0554337
-0.0550685
-0.0545358
-0.0538262
-0.0529299
-0.0518407
-0.0505504
-0.0490575
-0.0473566
-0.0454523
-0.0433419
-0.0410376
-0.0385388
-0.0358662
-0.0330189
-0.0300274
-0.026886
-0.0236352
-0.0202572
-0.0168039
-0.0132325
-0.00961265
-0.00585275
-0.00205424
-0.047942
-0.0491388
-0.0501723
-0.0511161
-0.0520367
-0.0529542
-0.0538564
-0.0547228
-0.0555375
-0.05629
-0.0569726
-0.0575771
-0.0580936
-0.0585111
-0.0588173
-0.0590004
-0.0590478
-0.0589475
-0.058687
-0.0582546
-0.0576387
-0.0568297
-0.0558178
-0.054597
-0.0531601
-0.0515066
-0.0496328
-0.0475453
-0.045244
-0.042744
-0.0400476
-0.0371797
-0.0341422
-0.0309697
-0.0276588
-0.0242541
-0.0207376
-0.0171649
-0.0134893
-0.00978413
-0.00594859
-0.00208882
-0.0508671
-0.0521954
-0.0533221
-0.0543397
-0.055331
-0.0563212
-0.0572958
-0.0582304
-0.0591063
-0.0599118
-0.0606387
-0.061278
-0.061819
-0.0622494
-0.0625559
-0.0627253
-0.0627441
-0.0625992
-0.062277
-0.0617653
-0.0610517
-0.0601267
-0.0589803
-0.0576071
-0.0560009
-0.0541626
-0.0520903
-0.0497935
-0.0472747
-0.0445532
-0.0416344
-0.0385481
-0.0352994
-0.0319282
-0.0284331
-0.0248634
-0.021201
-0.0175054
-0.0137256
-0.00993817
-0.00603252
-0.00211917
-0.0540919
-0.0555669
-0.0567972
-0.0578962
-0.0589654
-0.0600357
-0.06109
-0.0620995
-0.0630423
-0.0639053
-0.0646797
-0.0653559
-0.065922
-0.0663644
-0.0666684
-0.0668195
-0.0668031
-0.0666047
-0.0662097
-0.0656051
-0.0647779
-0.0637185
-0.0624168
-0.0608683
-0.0590676
-0.0570179
-0.0547194
-0.0521849
-0.0494204
-0.0464495
-0.0432821
-0.0399533
-0.0364722
-0.0328844
-0.029191
-0.0254466
-0.0216327
-0.0178127
-0.0139309
-0.0100671
-0.0060998
-0.00214362
-0.0576272
-0.0592652
-0.0606096
-0.0617979
-0.0629524
-0.0641105
-0.065252
-0.0663432
-0.0673585
-0.0682836
-0.0691088
-0.0698236
-0.0704151
-0.0708681
-0.0711664
-0.071294
-0.0712348
-0.0709731
-0.0704929
-0.0697804
-0.0688221
-0.0676078
-0.0661279
-0.0643787
-0.0623563
-0.060066
-0.057511
-0.054708
-0.051667
-0.0484173
-0.0449734
-0.0413769
-0.0376416
-0.0338195
-0.0299146
-0.0259869
-0.0220175
-0.0180739
-0.0140948
-0.0101632
-0.00614575
-0.00216049
-0.0614853
-0.0633034
-0.064773
-0.0660585
-0.0673058
-0.0685595
-0.069796
-0.0709757
-0.0720694
-0.0730611
-0.0739401
-0.0746953
-0.0753123
-0.0757742
-0.0760631
-0.0761613
-0.0760511
-0.0757151
-0.0751362
-0.0742993
-0.0731903
-0.0717988
-0.0701156
-0.0681379
-0.0658636
-0.0633009
-0.0604563
-0.0573512
-0.0540007
-0.0504403
-0.0466906
-0.0428002
-0.0387885
-0.0347145
-0.0305855
-0.0264673
-0.0223403
-0.018276
-0.0142072
-0.010219
-0.00616576
-0.00216813
-0.0656798
-0.0676961
-0.0693021
-0.0706929
-0.0720407
-0.0733979
-0.0747372
-0.0760125
-0.0771905
-0.0782531
-0.0791891
-0.0799863
-0.0806286
-0.0810975
-0.0813728
-0.0814351
-0.0812649
-0.0808429
-0.0801503
-0.079171
-0.0778902
-0.0762971
-0.0743829
-0.0721462
-0.069587
-0.0667169
-0.0635466
-0.0601029
-0.0564072
-0.0525022
-0.0484155
-0.0442039
-0.0398931
-0.0355499
-0.0311852
-0.0268708
-0.0225862
-0.0184064
-0.0142577
-0.0102271
-0.00615538
-0.00216496
-0.0702254
-0.0724587
-0.0742128
-0.0757169
-0.0771728
-0.0786416
-0.0800917
-0.0814697
-0.0827377
-0.0838759
-0.084872
-0.0857126
-0.0863802
-0.0868537
-0.0871111
-0.0871307
-0.0868908
-0.08637
-0.0855477
-0.0844066
-0.0829308
-0.0811093
-0.078934
-0.0764048
-0.0735246
-0.0703088
-0.0667734
-0.0629517
-0.0588722
-0.0545862
-0.0501295
-0.0455683
-0.0409355
-0.0363061
-0.0316953
-0.0271804
-0.0227403
-0.0184527
-0.0142368
-0.0101805
-0.00611033
-0.00214944
-0.0751376
-0.0776076
-0.0795215
-0.0811468
-0.0827182
-0.0843068
-0.0858755
-0.0873634
-0.0887274
-0.0899457
-0.0910049
-0.0918907
-0.0925833
-0.0930594
-0.0932942
-0.0932641
-0.0929443
-0.0923111
-0.091342
-0.0900182
-0.0883224
-0.0862436
-0.0837741
-0.080916
-0.0776752
-0.074072
-0.0701284
-0.0658856
-0.0613807
-0.0566749
-0.0518136
-0.0468733
-0.0418953
-0.0369633
-0.0320971
-0.0273795
-0.0227881
-0.0184028
-0.014135
-0.0100723
-0.00602661
-0.00212014
-0.0804329
-0.0831597
-0.085245
-0.086999
-0.0886933
-0.0904094
-0.0921048
-0.0937097
-0.0951757
-0.0964786
-0.0976044
-0.098537
-0.0992548
-0.0997312
-0.0999393
-0.0998521
-0.099442
-0.0986823
-0.0975484
-0.0960194
-0.0940768
-0.0917092
-0.0889097
-0.0856827
-0.0820381
-0.0780018
-0.0736032
-0.0688927
-0.0639175
-0.0587505
-0.053448
-0.0480983
-0.0427519
-0.0375017
-0.0323723
-0.0274517
-0.0227156
-0.0182453
-0.0139435
-0.00989627
-0.0059005
-0.00207573
-0.086128
-0.0891324
-0.0914001
-0.0932897
-0.0951135
-0.0969648
-0.0987947
-0.100524
-0.102098
-0.10349
-0.104686
-0.105668
-0.106411
-0.106886
-0.107064
-0.106912
-0.106401
-0.105501
-0.104183
-0.102425
-0.100207
-0.097517
-0.0943485
-0.0907091
-0.0866133
-0.082094
-0.0771893
-0.0719606
-0.0664669
-0.0607945
-0.0550127
-0.0492223
-0.0434844
-0.0379015
-0.0325028
-0.0273811
-0.0225096
-0.0179694
-0.0136542
-0.00964673
-0.00572865
-0.00201499
-0.0922399
-0.0955425
-0.0980031
-0.100034
-0.101994
-0.103987
-0.105959
-0.107819
-0.109507
-0.110994
-0.112264
-0.113298
-0.114068
-0.114542
-0.114685
-0.114463
-0.113841
-0.112785
-0.111264
-0.109253
-0.106729
-0.103679
-0.100099
-0.0960003
-0.0914017
-0.0863447
-0.0808783
-0.0750765
-0.0690126
-0.062788
-0.0564868
-0.0502241
-0.0440721
-0.0381432
-0.0324713
-0.0271526
-0.0221575
-0.0175653
-0.0132597
-0.00931856
-0.00550813
-0.00193685
-0.0987856
-0.102407
-0.105069
-0.107247
-0.109347
-0.11149
-0.11361
-0.115608
-0.117416
-0.119002
-0.12035
-0.12144
-0.122242
-0.122716
-0.122822
-0.122523
-0.121779
-0.120553
-0.11881
-0.11652
-0.113657
-0.11021
-0.106173
-0.101562
-0.0964045
-0.0907504
-0.0846616
-0.0782272
-0.0715375
-0.0647113
-0.0578492
-0.0510821
-0.0444943
-0.0382077
-0.0322607
-0.0267521
-0.0216479
-0.0170242
-0.0127537
-0.00890739
-0.00523648
-0.00184041
-0.105782
-0.109741
-0.112613
-0.114939
-0.117184
-0.119481
-0.121757
-0.123899
-0.125832
-0.127524
-0.128956
-0.130106
-0.130942
-0.131428
-0.13149
-0.131109
-0.130236
-0.128828
-0.126843
-0.124247
-0.121012
-0.117124
-0.112581
-0.107403
-0.101624
-0.0953076
-0.0885303
-0.0813993
-0.0740243
-0.066544
-0.0590784
-0.0517746
-0.0447302
-0.0380764
-0.0318553
-0.0261665
-0.0209707
-0.0163384
-0.0121307
-0.00840964
-0.00491173
-0.00172491
-0.113244
-0.117559
-0.120645
-0.123121
-0.125512
-0.127968
-0.130406
-0.132698
-0.134763
-0.136566
-0.138087
-0.139302
-0.140172
-0.140648
-0.140693
-0.140236
-0.139231
-0.13763
-0.135385
-0.132457
-0.128814
-0.124441
-0.119338
-0.113531
-0.107063
-0.100013
-0.0924756
-0.0845784
-0.0764545
-0.0682654
-0.0601521
-0.0522799
-0.0447598
-0.0377315
-0.0312402
-0.0253839
-0.0201169
-0.0155015
-0.0113866
-0.0078226
-0.00453246
-0.0015898
-0.121185
-0.125872
-0.129175
-0.131798
-0.134335
-0.136953
-0.139557
-0.142005
-0.144209
-0.146131
-0.147751
-0.149042
-0.14996
-0.150452
-0.150464
-0.14993
-0.148789
-0.146984
-0.144462
-0.141174
-0.137087
-0.132181
-0.12646
-0.119956
-0.112726
-0.104865
-0.0964882
-0.0877499
-0.0788094
-0.0698538
-0.0610482
-0.0525764
-0.0445635
-0.0371564
-0.0304019
-0.0243943
-0.0190794
-0.0145086
-0.0105183
-0.00714449
-0.00409783
-0.0014347
-0.129619
-0.134689
-0.138206
-0.14097
-0.14365
-0.146432
-0.149207
-0.151817
-0.154166
-0.156217
-0.157947
-0.159326
-0.160306
-0.160824
-0.160817
-0.160209
-0.158932
-0.156918
-0.154101
-0.150428
-0.145856
-0.140367
-0.133965
-0.126691
-0.118618
-0.109859
-0.100559
-0.0908983
-0.0810691
-0.0712872
-0.0617439
-0.0526427
-0.0441224
-0.0363353
-0.0293285
-0.0231888
-0.0178525
-0.0133564
-0.0095242
-0.00637447
-0.0036076
-0.00125943
-0.138552
-0.144013
-0.147737
-0.150632
-0.15345
-0.156395
-0.159343
-0.162121
-0.164625
-0.166815
-0.16867
-0.170154
-0.171213
-0.171775
-0.171763
-0.171094
-0.169686
-0.167458
-0.164334
-0.160248
-0.155152
-0.149024
-0.141873
-0.13375
-0.124743
-0.114994
-0.104677
-0.0940074
-0.0832131
-0.072543
-0.0622167
-0.0524579
-0.0434186
-0.0352542
-0.0280097
-0.0217608
-0.0164325
-0.0120432
-0.00840392
-0.00551268
-0.00306208
-0.00106399
-0.147989
-0.153843
-0.15776
-0.160771
-0.163718
-0.166823
-0.169948
-0.1729
-0.175569
-0.177913
-0.179911
-0.181522
-0.182683
-0.183312
-0.183318
-0.182605
-0.181077
-0.178637
-0.175194
-0.17067
-0.165009
-0.158184
-0.150209
-0.141147
-0.13111
-0.120268
-0.108832
-0.0970603
-0.0852201
-0.0735978
-0.0624438
-0.0520015
-0.0424355
-0.0339005
-0.0264371
-0.0201055
-0.0148174
-0.0105688
-0.00715846
-0.00456022
-0.00246221
-0.000848543
-0.157929
-0.16417
-0.168258
-0.171365
-0.174428
-0.177689
-0.180993
-0.184127
-0.186973
-0.189489
-0.191653
-0.193419
-0.194714
-0.195443
-0.195496
-0.194765
-0.193134
-0.190488
-0.186719
-0.181734
-0.175463
-0.167879
-0.158999
-0.148902
-0.137726
-0.125678
-0.113014
-0.100039
-0.0870681
-0.0744281
-0.0624027
-0.0512541
-0.0411576
-0.0322634
-0.0246043
-0.0182201
-0.0130073
-0.00893493
-0.00579022
-0.00351913
-0.00180947
-0.00061344
-0.168364
-0.174976
-0.179206
-0.18238
-0.185544
-0.188957
-0.192441
-0.195765
-0.198803
-0.201515
-0.203875
-0.205833
-0.207302
-0.208172
-0.208311
-0.207594
-0.205887
-0.20305
-0.198952
-0.193482
-0.186558
-0.178147
-0.168274
-0.157034
-0.144601
-0.131223
-0.117211
-0.102925
-0.088734
-0.0750101
-0.0620713
-0.0501972
-0.0395714
-0.0303341
-0.0225074
-0.016104
-0.0110044
-0.0071447
-0.00430294
-0.00239233
-0.00110588
-0.000359148
-0.179276
-0.186232
-0.190565
-0.193774
-0.197018
-0.200576
-0.204245
-0.207771
-0.211021
-0.213956
-0.216549
-0.218743
-0.220438
-0.221508
-0.221776
-0.221119
-0.219372
-0.216364
-0.21194
-0.205964
-0.198341
-0.189031
-0.178066
-0.165567
-0.151744
-0.136901
-0.12141
-0.105697
-0.0901943
-0.0753196
-0.061428
-0.0488135
-0.0376649
-0.028106
-0.0201444
-0.0137589
-0.00881275
-0.00520302
-0.00270164
-0.00118356
-0.000354007
-8.6231e-05
-0.190641
-0.197901
-0.202283
-0.205484
-0.208788
-0.212488
-0.216347
-0.220089
-0.223576
-0.226769
-0.229642
-0.232125
-0.234107
-0.235465
-0.235901
-0.235364
-0.233624
-0.230477
-0.225734
-0.219236
-0.210866
-0.200578
-0.188415
-0.174524
-0.159167
-0.142709
-0.125598
-0.108336
-0.0914244
-0.0753325
-0.0604519
-0.0470873
-0.0354284
-0.0255748
-0.017516
-0.0111885
-0.00643842
-0.00311624
-0.000992629
0.000102724
0.000443114
0.000204704
-0.202424
-0.209928
-0.21429
-0.217437
-0.220781
-0.22462
-0.22868
-0.232656
-0.236409
-0.239906
-0.243113
-0.245947
-0.248262
-0.249855
-0.250677
-0.250353
-0.248681
-0.245434
-0.24039
-0.233354
-0.224189
-0.212839
-0.199359
-0.183933
-0.16688
-0.148643
-0.129761
-0.110819
-0.0923994
-0.0750248
-0.0591233
-0.0450046
-0.0328544
-0.0227386
-0.0146252
-0.00839876
-0.00388946
-0.000892187
0.000816618
0.00146144
0.00128197
0.000513075
-0.214575
-0.222233
-0.22649
-0.229533
-0.232903
-0.236887
-0.24116
-0.245393
-0.249449
-0.253302
-0.256915
-0.260184
-0.262946
-0.265006
-0.266164
-0.266112
-0.264575
-0.261278
-0.255954
-0.248371
-0.238361
-0.225859
-0.210935
-0.193816
-0.174892
-0.154699
-0.13388
-0.113123
-0.0930934
-0.074373
-0.057424
-0.0425537
-0.029938
-0.0195985
-0.0114777
-0.00539796
-0.0011758
0.00145998
0.00271749
0.00288697
0.00215858
0.000838401
-0.227031
-0.234699
-0.238748
-0.241647
-0.245045
-0.249186
-0.253683
-0.258195
-0.262597
-0.266871
-0.270966
-0.274761
-0.278069
-0.280666
-0.282295
-0.28262
-0.281303
-0.278019
-0.272451
-0.264317
-0.253416
-0.23967
-0.223168
-0.204187
-0.183203
-0.160863
-0.137935
-0.115219
-0.0934799
-0.0733545
-0.0553377
-0.0397258
-0.0266775
-0.0161583
-0.00808208
-0.00219658
0.0016907
0.00392979
0.00470031
0.00437322
0.00306849
0.00118038
-0.239687
-0.247139
-0.25087
-0.253618
-0.257069
-0.261378
-0.266105
-0.270917
-0.275713
-0.280475
-0.285136
-0.289551
-0.293505
-0.296742
-0.298961
-0.29978
-0.298788
-0.295598
-0.289837
-0.281164
-0.269337
-0.254263
-0.236048
-0.215031
-0.191792
-0.167109
-0.141894
-0.117079
-0.0935316
-0.0719481
-0.0528515
-0.0365156
-0.0230753
-0.0124257
-0.00445002
0.00119231
0.00469619
0.0065054
0.0067543
0.00591365
0.0040067
0.00153894
-0.252308
-0.259232
-0.262573
-0.265235
-0.26879
-0.273266
-0.278212
-0.283342
-0.288581
-0.293899
-0.299204
-0.304329
-0.309031
-0.313018
-0.315945
-0.317374
-0.316823
-0.313831
-0.307951
-0.298776
-0.286014
-0.269547
-0.249503
-0.22629
-0.200608
-0.17339
-0.145716
-0.118665
-0.0932209
-0.0701355
-0.0499567
-0.0329233
-0.019139
-0.00841294
-0.000597128
0.00475274
0.00782461
0.0091735
0.00886757
0.00750116
0.00496764
0.00191433
-0.264546
-0.270487
-0.273479
-0.276226
-0.279946
-0.284557
-0.289693
-0.295154
-0.300875
-0.306801
-0.312813
-0.318724
-0.324265
-0.329103
-0.332845
-0.334998
-0.335015
-0.332344
-0.326449
-0.316849
-0.303186
-0.285309
-0.263361
-0.237826
-0.209543
-0.179622
-0.149338
-0.119934
-0.0925197
-0.067903
-0.0466518
-0.0289565
-0.0148829
-0.00413825
0.00345634
0.00846515
0.0110573
0.011919
0.011027
0.00912799
0.00594504
0.00230706
-0.275815
-0.280272
-0.283162
-0.286257
-0.290164
-0.294833
-0.300121
-0.305921
-0.312144
-0.318698
-0.325449
-0.332194
-0.338639
-0.344409
-0.349051
-0.352036
-0.352753
-0.350543
-0.344773
-0.334874
-0.320408
-0.301174
-0.277319
-0.249405
-0.218421
-0.185681
-0.152676
-0.120834
-0.0914018
-0.0652437
-0.0429444
-0.0246322
-0.0103303
0.000372895
0.00768437
0.0123057
0.0143727
0.0147246
0.0132179
0.0107853
0.00693173
0.00271776
-0.285036
-0.287912
-0.291282
-0.294971
-0.298967
-0.303581
-0.308992
-0.315126
-0.321835
-0.329001
-0.336486
-0.344075
-0.351454
-0.358206
-0.363822
-0.367734
-0.369274
-0.367671
-0.362194
-0.352173
-0.33707
-0.316614
-0.290941
-0.260684
-0.22699
-0.191392
-0.15562
-0.121306
-0.0898458
-0.0621617
-0.0388551
-0.0199804
-0.0055156
0.00508596
0.012054
0.0162454
0.0177456
0.0175705
0.0154242
0.0124631
0.00791978
0.00314689
-0.291357
-0.293052
-0.297716
-0.302019
-0.305875
-0.31034
-0.315852
-0.32228
-0.329422
-0.337154
-0.345343
-0.353759
-0.362065
-0.369804
-0.37646
-0.381398
-0.383874
-0.38302
-0.378013
-0.36807
-0.352537
-0.331056
-0.303732
-0.27126
-0.234943
-0.196541
-0.15804
-0.121286
-0.0878361
-0.0586734
-0.0344193
-0.0150452
-0.000485439
0.00995659
0.0165256
0.0202509
0.0211491
0.0204359
0.0176304
0.0141515
0.00890221
0.00359563
-0.29444
-0.29595
-0.302267
-0.306877
-0.310491
-0.314877
-0.320504
-0.327175
-0.334692
-0.34295
-0.351808
-0.361025
-0.370248
-0.378991
-0.386695
-0.392698
-0.396202
-0.39622
-0.391849
-0.38218
-0.366428
-0.344135
-0.315356
-0.280837
-0.242038
-0.200953
-0.159825
-0.120724
-0.0853699
-0.054809
-0.0296854
-0.00988149
0.00470645
0.0149368
0.0210588
0.0242894
0.0245579
0.0233013
0.0198225
0.015841
0.00987277
0.00406769
-0.294327
-0.29758
-0.304716
-0.309373
-0.313092
-0.317692
-0.323517
-0.330411
-0.338262
-0.346987
-0.356437
-0.366356
-0.376382
-0.386039
-0.394745
-0.401704
-0.406161
-0.406992
-0.403295
-0.394014
-0.378232
-0.35537
-0.325409
-0.289117
-0.248084
-0.204528
-0.160944
-0.119631
-0.0824812
-0.0506116
-0.0247009
-0.00453764
0.0100083
0.0199731
0.0255962
0.0283056
0.027917
0.026121
0.0219582
0.0175046
0.0108061
0.00456147
-0.309667
-0.306804
-0.308321
-0.311622
-0.31514
-0.319763
-0.32568
-0.332703
-0.340727
-0.34966
-0.359338
-0.369498
-0.379774
-0.389666
-0.398542
-0.405691
-0.410749
-0.411727
-0.408187
-0.399001
-0.383169
-0.360037
-0.329508
-0.292334
-0.250141
-0.205253
-0.160307
-0.117738
-0.079564
-0.046947
-0.0206264
-0.000310129
0.0141082
0.0238276
0.0290279
0.0313405
0.0304306
0.0282509
0.0235493
0.01878
0.0114902
0.00496332
-0.309939
-0.309843
-0.310407
-0.313747
-0.317668
-0.322635
-0.328872
-0.336211
-0.344555
-0.353807
-0.363784
-0.374209
-0.384698
-0.394744
-0.403693
-0.410579
-0.41522
-0.415987
-0.411987
-0.402145
-0.385467
-0.361304
-0.3296
-0.291197
-0.24784
-0.201958
-0.156262
-0.113215
-0.0748323
-0.0422375
-0.0161316
0.00384756
0.0178318
0.0271
0.0318168
0.0337037
0.0323476
0.0298256
0.02472
0.0196966
0.0119857
0.00525873
-0.309672
-0.311155
-0.311982
-0.315602
-0.320022
-0.325398
-0.331984
-0.339655
-0.348318
-0.357863
-0.368095
-0.378719
-0.389333
-0.399417
-0.408335
-0.415643
-0.419422
-0.4197
-0.41504
-0.404347
-0.386615
-0.361201
-0.328107
-0.288305
-0.243682
-0.196817
-0.150494
-0.107194
-0.0688743
-0.0365906
-0.0109567
0.00845891
0.0218441
0.0305281
0.0346848
0.0360818
0.0342582
0.031369
0.0258675
0.0205829
0.012471
0.00555027
-0.310187
-0.312209
-0.313521
-0.317438
-0.322263
-0.328001
-0.334893
-0.342851
-0.35178
-0.361562
-0.371986
-0.382744
-0.39342
-0.403485
-0.412291
-0.419152
-0.42281
-0.422599
-0.417318
-0.405852
-0.387182
-0.360669
-0.326357
-0.285322
-0.239579
-0.191837
-0.144953
-0.101422
-0.0631564
-0.0311566
-0.00595881
0.0129288
0.0257476
0.0338735
0.0374916
0.0384135
0.0361355
0.0328886
0.0269993
0.0214603
0.0129532
0.00584476
-0.310723
-0.313177
-0.315074
-0.319312
-0.324489
-0.330559
-0.337734
-0.345949
-0.355108
-0.365081
-0.375647
-0.386485
-0.397166
-0.407148
-0.415772
-0.422274
-0.425564
-0.424836
-0.418909
-0.406666
-0.387084
-0.359537
-0.32411
-0.281975
-0.235258
-0.186777
-0.139441
-0.0957537
-0.0575824
-0.0258772
-0.00110803
0.0172701
0.0295436
0.0371332
0.0402309
0.0406939
0.0379739
0.0343797
0.0281101
0.0223254
0.0134282
0.00614107
-0.311385
-0.314164
-0.316656
-0.321203
-0.326681
-0.333048
-0.340476
-0.348912
-0.358261
-0.368381
-0.379038
-0.389901
-0.400529
-0.410366
-0.418741
-0.424868
-0.427715
-0.426418
-0.419801
-0.406753
-0.386251
-0.357698
-0.32121
-0.278068
-0.230492
-0.181395
-0.133722
-0.0899774
-0.051976
-0.0206188
0.00368912
0.0215413
0.0332649
0.0403207
0.0429051
0.0429178
0.0397656
0.0358329
0.0291919
0.0231706
0.0138919
0.006437
-0.312219
-0.315241
-0.318266
-0.323079
-0.328806
-0.335425
-0.343068
-0.351685
-0.361179
-0.371397
-0.382094
-0.392929
-0.403447
-0.413083
-0.421157
-0.426867
-0.429226
-0.427312
-0.419974
-0.406104
-0.384689
-0.355164
-0.317685
-0.273643
-0.22533
-0.175738
-0.127841
-0.0841299
-0.0463681
-0.0154075
0.00840999
0.0257214
0.0368925
0.0434182
0.0454986
0.045071
0.0414989
0.037238
0.0302378
0.0239899
0.0143413
0.00673077
-0.313198
-0.316386
-0.319857
-0.324889
-0.330816
-0.33764
-0.345455
-0.35421
-0.363803
-0.37407
-0.384757
-0.395513
-0.405871
-0.415257
-0.422984
-0.428242
-0.430074
-0.427503
-0.419426
-0.404726
-0.382412
-0.351966
-0.313582
-0.268763
-0.21985
-0.169895
-0.121886
-0.0782968
-0.0408354
-0.0103091
0.013
0.0297663
0.040391
0.0463978
0.0479896
0.0471364
0.043161
0.0385852
0.0312409
0.024778
0.0147739
0.0070205
-0.314259
-0.317536
-0.321364
-0.326569
-0.332652
-0.339636
-0.347578
-0.356426
-0.366071
-0.37634
-0.386969
-0.397599
-0.407751
-0.416847
-0.424189
-0.428965
-0.430244
-0.426988
-0.418171
-0.402639
-0.379448
-0.348145
-0.308948
-0.263487
-0.214115
-0.163932
-0.115924
-0.0725427
-0.0354376
-0.0053765
0.0174135
0.0336377
0.0437289
0.049234
0.0503576
0.0490982
0.0447395
0.0398649
0.0321943
0.0255294
0.015187
0.00730395
-0.315309
-0.318605
-0.322721
-0.328055
-0.334255
-0.341353
-0.349378
-0.358274
-0.367926
-0.378152
-0.388679
-0.399144
-0.409052
-0.417823
-0.424754
-0.429024
-0.429611
-0.425785
-0.41623
-0.399877
-0.375845
-0.343759
-0.303853
-0.257887
-0.208198
-0.157919
-0.110024
-0.0669281
-0.0302285
-0.000656559
0.0216101
0.0373014
0.0468776
0.0519034
0.0525836
0.0509409
0.0462223
0.0410675
0.0330911
0.0262386
0.0155777
0.00757856
-0.316311
-0.319494
-0.323865
-0.329294
-0.335572
-0.342742
-0.350809
-0.35971
-0.369328
-0.379471
-0.389854
-0.400127
-0.409757
-0.418182
-0.424686
-0.428451
-0.428495
-0.423984
-0.41363
-0.39649
-0.371675
-0.338902
-0.298378
-0.252057
-0.202192
-0.151943
-0.104259
-0.0615195
-0.0252654
0.00380265
0.0255497
0.0407242
0.0498097
0.0543835
0.0546494
0.0526501
0.0475981
0.0421839
0.0339248
0.0269
0.0159432
0.00784152
-0.317256
-0.32014
-0.324745
-0.330243
-0.336569
-0.343773
-0.351844
-0.360714
-0.370261
-0.380285
-0.390501
-0.400533
-0.409874
-0.417935
-0.424002
-0.427255
-0.426745
-0.421519
-0.410495
-0.392611
-0.367089
-0.333755
-0.292615
-0.246108
-0.196199
-0.146097
-0.0987148
-0.0563869
-0.0206063
0.00795326
0.029193
0.0438743
0.0524994
0.0566536
0.0565385
0.0542126
0.0488565
0.0432059
0.0346895
0.0275087
0.016281
0.00808984
-0.317345
-0.320705
-0.325346
-0.330882
-0.337232
-0.344438
-0.352481
-0.36129
-0.370736
-0.380616
-0.390638
-0.400418
-0.409454
-0.417145
-0.422777
-0.425528
-0.424468
-0.418601
-0.406873
-0.388302
-0.36213
-0.328209
-0.286927
-0.240225
-0.190339
-0.140479
-0.0934753
-0.0516008
-0.016308
0.0117502
0.0325042
0.0467234
0.0549243
0.058696
0.0582367
0.0556169
0.0499885
0.0441262
0.0353798
0.0280599
0.0165886
0.00832043
-0.317373
-0.320984
-0.325675
-0.331225
-0.337577
-0.344761
-0.352751
-0.361476
-0.3708
-0.380517
-0.390331
-0.399852
-0.408579
-0.415905
-0.421114
-0.423386
-0.421796
-0.415329
-0.40296
-0.383769
-0.357041
-0.322665
-0.28118
-0.234452
-0.184845
-0.13519
-0.0886241
-0.0472297
-0.0124237
0.0151526
0.035452
0.0492476
0.057066
0.0604963
0.0597327
0.0568543
0.050987
0.044939
0.0359913
0.0285496
0.0168636
0.00853017
-0.317267
-0.321025
-0.32576
-0.331311
-0.337647
-0.344791
-0.352714
-0.361339
-0.37053
-0.380075
-0.389677
-0.398942
-0.407369
-0.414347
-0.419157
-0.420989
-0.418902
-0.411882
-0.398947
-0.379209
-0.352016
-0.317299
-0.275682
-0.229001
-0.179629
-0.130466
-0.0842468
-0.0433384
-0.00900186
0.0181255
0.038011
0.0514285
0.0589107
0.0620444
0.0610185
0.0579182
0.0518469
0.0456398
0.0365203
0.0289744
0.0171039
0.00871611
-0.317015
-0.32089
-0.325658
-0.3312
-0.33751
-0.344605
-0.352452
-0.360973
-0.370029
-0.379405
-0.388804
-0.397828
-0.405975
-0.412632
-0.417082
-0.418521
-0.415988
-0.408477
-0.395053
-0.374852
-0.347279
-0.312312
-0.270649
-0.224081
-0.174981
-0.126222
-0.0804805
-0.0399885
-0.00608461
0.02064
0.040162
0.0532533
0.0604499
0.063334
0.0620896
0.0588049
0.0525648
0.0462258
0.0369642
0.0293316
0.0173076
0.0088755
-0.316681
-0.320652
-0.32544
-0.330968
-0.337249
-0.344293
-0.352066
-0.360488
-0.369418
-0.378641
-0.387856
-0.396666
-0.404568
-0.410946
-0.415086
-0.416188
-0.413276
-0.40535
-0.391523
-0.370947
-0.34308
-0.307939
-0.266281
-0.219863
-0.171051
-0.122655
-0.0773366
-0.0372395
-0.0037078
0.0226738
0.0418917
0.0547146
0.0616794
0.0643628
0.0629441
0.0595127
0.053139
0.046695
0.037321
0.0296193
0.0174728
0.00900598
-0.316341
-0.320386
-0.325185
-0.330699
-0.336952
-0.34395
-0.351659
-0.359996
-0.368821
-0.377916
-0.386981
-0.395617
-0.403319
-0.409474
-0.413368
-0.414203
-0.410992
-0.40274
-0.388602
-0.367743
-0.339662
-0.304409
-0.262783
-0.216514
-0.167961
-0.119882
-0.0748981
-0.0351345
-0.00190025
0.0242107
0.0431922
0.0558095
0.0625986
0.0651313
0.0635824
0.060042
0.0535691
0.047047
0.0375896
0.0298361
0.0175983
0.00910559
-0.316067
-0.320162
-0.324966
-0.330469
-0.3367
-0.343664
-0.351325
-0.359601
-0.368349
-0.377353
-0.38631
-0.394823
-0.402386
-0.408383
-0.412107
-0.412756
-0.409338
-0.40086
-0.386511
-0.365463
-0.337244
-0.301927
-0.260336
-0.214187
-0.165827
-0.117982
-0.0732399
-0.033707
-0.000684014
0.0252397
0.0440595
0.0565378
0.0632091
0.0656414
0.0640064
0.0603937
0.0538553
0.0472815
0.0377691
0.0299812
0.0176827
0.00917287
-0.315914
-0.320034
-0.32484
-0.330336
-0.336555
-0.343501
-0.351137
-0.35938
-0.368089
-0.377044
-0.385946
-0.394395
-0.401885
-0.407801
-0.411438
-0.411992
-0.408467
-0.399875
-0.38542
-0.364278
-0.335992
-0.300646
-0.259078
-0.212995
-0.16474
-0.117017
-0.0724031
-0.032988
-7.40722e-05
0.0257541
0.044492
0.0569006
0.0635131
0.0658954
0.0642176
0.0605692
0.0539984
0.0473988
0.037859
0.0300539
0.0177252
0.00920681
)
;

boundaryField
{
    inlet
    {
        type            zeroGradient;
    }
    outlet
    {
        type            fixedValue;
        value           uniform 0;
    }
    cylinder
    {
        type            zeroGradient;
    }
    top
    {
        type            symmetryPlane;
    }
    bottom
    {
        type            symmetryPlane;
    }
    defaultFaces
    {
        type            empty;
    }
    procBoundary1to0
    {
        type            processor;
        value           nonuniform List<scalar> 
133
(
-0.314919
-0.314919
-0.317069
-0.319424
-0.321157
-0.321157
-0.323823
-0.324256
-0.324256
-0.323449
-0.323449
-0.326276
-0.324503
-0.324503
-0.322115
-0.322115
-0.318304
-0.318304
-0.311899
-0.311899
-0.299517
-0.299517
-0.283871
-0.283871
-0.297945
-0.28387
-0.28387
-0.312292
-0.311908
-0.311908
-0.318316
-0.318316
-0.322128
-0.322128
-0.324517
-0.324517
-0.326291
-0.323463
-0.323463
-0.324271
-0.324271
-0.32384
-0.321174
-0.321174
-0.319441
-0.317087
-0.317087
-0.264481
-0.25096
-0.238049
-0.225394
-0.212761
-0.200587
-0.18911
-0.178195
-0.167795
-0.157968
-0.148698
-0.139942
-0.131681
-0.123896
-0.116558
-0.109645
-0.103134
-0.0970052
-0.0912376
-0.0858135
-0.0807148
-0.0780338
-0.0780338
-0.0733599
-0.0689803
-0.0648825
-0.0610549
-0.0574858
-0.0541656
-0.0510847
-0.0482349
-0.0456088
-0.0432
-0.041003
-0.0390137
-0.0372291
-0.0356476
-0.034269
-0.0330961
-0.032132
-0.0313858
-0.0308662
-0.0305849
-0.030583
-0.0308642
-0.0313838
-0.03213
-0.0330941
-0.034267
-0.0356456
-0.0372271
-0.0390117
-0.041001
-0.043198
-0.0456068
-0.0482329
-0.0482329
-0.0499777
-0.0529496
-0.0561503
-0.0595889
-0.0632742
-0.0672177
-0.0714305
-0.0759242
-0.0807126
-0.0858111
-0.0912351
-0.0970026
-0.103131
-0.109642
-0.116555
-0.123892
-0.131677
-0.139938
-0.148694
-0.157963
-0.167789
-0.178188
-0.189102
-0.200577
-0.21275
-0.225383
-0.238038
-0.250951
-0.264475
)
;
    }
}


// ************************************************************************* //
