/*--------------------------------*- C++ -*----------------------------------*\
  =========                 |
  \\      /  F ield         | OpenFOAM: The Open Source CFD Toolbox
   \\    /   O peration     | Website:  https://openfoam.org
    \\  /    A nd           | Version:  7
     \\/     M anipulation  |
\*---------------------------------------------------------------------------*/
FoamFile
{
    version     2.0;
    format      ascii;
    class       volScalarField;
    location    "10";
    object      p;
}
// * * * * * * * * * * * * * * * * * * * * * * * * * * * * * * * * * * * * * //

dimensions      [0 2 -2 0 0 0 0];

internalField   nonuniform List<scalar> 
8500
(
-0.369096
-0.372591
-0.37199
-0.369141
-0.364389
-0.357939
-0.35008
-0.341117
-0.331262
-0.320564
-0.370166
-0.373471
-0.372745
-0.36978
-0.364921
-0.358373
-0.350422
-0.341383
-0.331449
-0.320571
-0.372301
-0.375228
-0.374249
-0.371054
-0.36598
-0.359235
-0.351101
-0.341911
-0.331817
-0.320579
-0.375488
-0.377849
-0.376495
-0.372954
-0.36756
-0.360521
-0.352112
-0.342692
-0.332359
-0.320572
-0.379711
-0.381322
-0.379468
-0.375469
-0.369649
-0.362218
-0.353444
-0.343715
-0.333059
-0.320531
-0.384946
-0.385625
-0.383151
-0.378583
-0.372233
-0.364315
-0.355082
-0.344966
-0.3339
-0.320427
-0.391166
-0.390736
-0.387522
-0.382276
-0.375295
-0.366795
-0.357013
-0.346427
-0.334862
-0.320226
-0.39834
-0.396624
-0.392556
-0.386527
-0.378817
-0.369644
-0.359222
-0.348081
-0.335923
-0.319886
-0.406432
-0.403258
-0.398223
-0.391311
-0.382778
-0.372844
-0.361693
-0.349911
-0.337058
-0.319361
-0.415399
-0.410601
-0.404492
-0.396599
-0.387156
-0.376378
-0.364412
-0.351904
-0.338246
-0.318596
-0.425197
-0.418611
-0.411324
-0.402362
-0.391928
-0.38023
-0.36737
-0.354048
-0.339466
-0.317532
-0.435773
-0.427239
-0.418678
-0.408566
-0.397071
-0.384389
-0.370562
-0.356343
-0.340706
-0.316108
-0.447068
-0.436431
-0.426509
-0.415176
-0.402561
-0.388842
-0.373991
-0.358795
-0.341963
-0.31426
-0.459011
-0.446125
-0.434765
-0.422153
-0.408372
-0.393582
-0.377667
-0.36143
-0.343247
-0.311936
-0.47152
-0.456253
-0.443387
-0.429452
-0.41448
-0.398606
-0.381615
-0.364297
-0.344613
-0.309133
-0.484499
-0.466733
-0.452311
-0.437025
-0.420854
-0.40391
-0.38587
-0.367479
-0.346192
-0.305984
-0.497834
-0.477475
-0.461463
-0.444817
-0.427463
-0.409492
-0.390479
-0.371089
-0.348122
-0.302608
-0.511395
-0.488378
-0.47076
-0.452763
-0.434264
-0.415348
-0.395514
-0.375259
-0.350289
-0.29839
-0.525034
-0.49933
-0.480111
-0.46079
-0.441206
-0.421477
-0.401108
-0.380319
-0.353042
-0.293606
-0.538591
-0.510209
-0.489413
-0.468809
-0.448215
-0.427843
-0.407375
-0.386934
-0.36046
-0.304188
-0.551897
-0.520888
-0.498555
-0.476713
-0.45517
-0.434282
-0.41403
-0.394841
-0.376973
-0.37248
-0.56478
-0.531233
-0.507421
-0.484386
-0.461921
-0.440501
-0.420326
-0.401797
-0.387222
-0.395416
-0.577072
-0.541117
-0.515895
-0.491712
-0.468335
-0.446301
-0.425888
-0.407221
-0.392448
-0.401707
-0.588619
-0.550411
-0.523866
-0.498592
-0.474313
-0.451591
-0.430698
-0.411505
-0.395769
-0.403825
-0.599277
-0.558998
-0.531229
-0.504928
-0.47977
-0.456315
-0.434777
-0.414836
-0.397911
-0.403405
-0.608918
-0.566761
-0.53788
-0.510629
-0.484628
-0.460413
-0.438114
-0.417247
-0.398934
-0.401179
-0.617423
-0.573591
-0.543717
-0.515602
-0.488803
-0.463819
-0.44068
-0.418763
-0.39894
-0.397709
-0.624682
-0.579379
-0.548638
-0.519753
-0.492211
-0.466464
-0.442436
-0.419394
-0.398015
-0.393271
-0.630586
-0.584018
-0.552541
-0.522984
-0.494761
-0.46827
-0.443329
-0.419127
-0.396192
-0.387982
-0.635029
-0.587401
-0.555319
-0.525194
-0.496358
-0.469152
-0.443294
-0.417925
-0.393466
-0.381882
-0.637901
-0.589416
-0.556864
-0.526278
-0.496903
-0.469019
-0.442257
-0.415737
-0.389805
-0.374971
-0.639086
-0.589951
-0.557067
-0.526128
-0.496291
-0.467775
-0.440136
-0.412499
-0.385161
-0.367222
-0.638466
-0.588891
-0.555812
-0.524631
-0.494414
-0.465321
-0.436843
-0.408138
-0.379476
-0.358597
-0.635918
-0.586118
-0.552986
-0.521677
-0.491165
-0.461554
-0.432288
-0.402579
-0.372682
-0.349046
-0.631313
-0.581516
-0.548474
-0.517153
-0.486435
-0.456373
-0.42638
-0.395739
-0.364708
-0.338514
-0.624525
-0.574965
-0.542162
-0.510946
-0.480115
-0.449677
-0.419026
-0.38754
-0.355483
-0.326944
-0.615428
-0.566352
-0.533937
-0.502948
-0.472102
-0.441367
-0.410138
-0.377903
-0.344937
-0.314276
-0.603901
-0.555567
-0.523695
-0.493055
-0.462295
-0.43135
-0.399633
-0.366754
-0.333006
-0.300455
-0.58983
-0.542507
-0.511334
-0.48117
-0.4506
-0.419539
-0.387432
-0.354025
-0.319629
-0.285428
-0.573114
-0.527078
-0.496764
-0.467203
-0.436934
-0.405857
-0.373467
-0.339656
-0.304756
-0.269149
-0.553665
-0.509201
-0.479906
-0.451079
-0.421221
-0.390235
-0.357678
-0.323599
-0.288345
-0.251578
-0.531406
-0.488804
-0.46069
-0.432727
-0.403399
-0.372617
-0.340018
-0.305813
-0.270366
-0.232685
-0.506287
-0.465838
-0.439066
-0.412098
-0.38342
-0.352962
-0.320453
-0.286273
-0.250801
-0.212448
-0.478276
-0.44027
-0.414998
-0.389157
-0.361252
-0.331242
-0.298963
-0.264967
-0.229644
-0.190858
-0.447369
-0.412088
-0.38847
-0.363886
-0.336879
-0.307448
-0.275546
-0.241897
-0.206906
-0.167916
-0.413584
-0.381302
-0.359488
-0.336289
-0.310306
-0.281589
-0.250215
-0.217083
-0.182609
-0.143638
-0.376966
-0.347945
-0.328076
-0.306387
-0.281557
-0.253691
-0.223001
-0.190556
-0.156789
-0.11805
-0.33759
-0.312074
-0.294283
-0.274226
-0.250675
-0.223802
-0.193954
-0.162368
-0.129499
-0.0911581
-0.295557
-0.273769
-0.258181
-0.239872
-0.217727
-0.191989
-0.163145
-0.132598
-0.100844
-0.0628997
-0.250995
-0.233136
-0.219864
-0.203415
-0.182801
-0.158341
-0.130664
-0.101344
-0.0709747
-0.0334191
-0.204059
-0.190304
-0.179449
-0.164964
-0.146005
-0.122967
-0.0966192
-0.0686706
-0.0395379
-0.00346944
-0.154929
-0.145425
-0.137077
-0.124655
-0.107471
-0.0859961
-0.0611394
-0.034733
-0.00704991
0.027557
-0.103807
-0.0986726
-0.0929075
-0.0826408
-0.0673486
-0.0475787
-0.0243726
0.000332912
0.0263746
0.0594913
-0.0509137
-0.0502399
-0.0471228
-0.0390946
-0.025809
-0.00788428
0.0135137
0.0363688
0.0606184
0.0921154
0.003522
-0.000350589
8.13625e-05
0.00579176
0.0169608
0.0329009
0.0523314
0.0731893
0.0955108
0.125212
0.0592238
0.0507886
0.0484869
0.0518107
0.0607581
0.0745753
0.0918749
0.11059
0.130852
0.158489
0.115938
0.102927
0.0978648
0.0987416
0.105368
0.116925
0.131925
0.148364
0.166455
0.191472
0.173389
0.155811
0.147974
0.146353
0.150566
0.159727
0.17225
0.186302
0.202103
0.223448
0.231295
0.209178
0.198564
0.194405
0.196122
0.202752
0.212606
0.224109
0.237102
0.25327
0.289363
0.262754
0.249376
0.242654
0.241809
0.245791
0.252791
0.261394
0.269736
0.276494
0.347293
0.316259
0.300141
0.290849
0.287406
0.28868
0.292759
0.298194
0.299392
0.287122
0.40479
0.369412
0.350591
0.338738
0.33269
0.331269
0.33252
0.335158
0.333534
0.320869
0.461541
0.42192
0.400446
0.386057
0.377415
0.373327
0.371841
0.371804
0.368291
0.357038
0.517234
0.473489
0.449425
0.432536
0.421322
0.414592
0.41041
0.407673
0.401984
0.390817
0.571555
0.523825
0.497243
0.477905
0.464151
0.454805
0.447954
0.442515
0.434522
0.422617
0.624193
0.572637
0.543623
0.521895
0.505648
0.493724
0.484233
0.476107
0.465794
0.452695
0.674846
0.61964
0.588292
0.564249
0.545569
0.531118
0.519027
0.508242
0.495603
0.481014
0.723217
0.664558
0.630984
0.604714
0.583679
0.566768
0.552137
0.538741
0.523789
0.507519
0.769027
0.707125
0.671446
0.643052
0.619754
0.600472
0.583383
0.567451
0.550231
0.532172
0.812007
0.747089
0.709437
0.679036
0.653588
0.632042
0.612599
0.594236
0.574829
0.554944
0.851909
0.784214
0.744732
0.712454
0.684986
0.661305
0.639637
0.618974
0.597492
0.575801
0.888501
0.818279
0.777121
0.743111
0.713769
0.688103
0.664361
0.641556
0.618138
0.594707
0.921573
0.849083
0.806412
0.770828
0.739775
0.712291
0.68665
0.661884
0.636691
0.611628
0.950934
0.876445
0.83243
0.795442
0.762857
0.733742
0.706395
0.679868
0.653084
0.626528
0.976417
0.900203
0.855024
0.81681
0.782885
0.752343
0.7235
0.695432
0.667256
0.639372
0.997878
0.920217
0.874058
0.83481
0.799749
0.767994
0.737882
0.708508
0.679151
0.650129
1.01519
0.936371
0.889421
0.849335
0.813354
0.780615
0.749472
0.719038
0.688725
0.658771
1.02827
0.94857
0.901024
0.860304
0.823624
0.790139
0.758214
0.726977
0.695939
0.665274
1.03702
0.956743
0.908797
0.867651
0.830503
0.796516
0.764065
0.732289
0.700765
0.669619
1.04141
0.960841
0.912694
0.871335
0.833951
0.799713
0.766998
0.734951
0.703182
0.671796
1.04141
0.960841
0.912694
0.871335
0.833951
0.799713
0.766998
0.734951
0.703182
0.671796
1.03702
0.956743
0.908797
0.867651
0.830503
0.796516
0.764065
0.732289
0.700765
0.669619
1.02827
0.94857
0.901024
0.860304
0.823624
0.790139
0.758214
0.726977
0.695939
0.665274
1.01519
0.936371
0.889421
0.849335
0.813354
0.780615
0.749472
0.719038
0.688725
0.658771
0.997878
0.920217
0.874058
0.83481
0.799749
0.767994
0.737882
0.708508
0.679151
0.650129
0.976417
0.900203
0.855024
0.81681
0.782885
0.752343
0.7235
0.695432
0.667256
0.639372
0.950934
0.876445
0.83243
0.795442
0.762857
0.733742
0.706395
0.679868
0.653084
0.626528
0.921573
0.849083
0.806412
0.770828
0.739775
0.712291
0.68665
0.661884
0.636691
0.611628
0.888501
0.818279
0.777121
0.743111
0.713769
0.688103
0.664361
0.641556
0.618138
0.594707
0.851909
0.784214
0.744732
0.712454
0.684986
0.661305
0.639637
0.618974
0.597492
0.575801
0.812007
0.747089
0.709437
0.679036
0.653588
0.632042
0.612599
0.594236
0.574829
0.554944
0.769027
0.707125
0.671446
0.643052
0.619754
0.600472
0.583383
0.567451
0.550231
0.532172
0.723217
0.664558
0.630984
0.604714
0.583679
0.566768
0.552137
0.538741
0.523789
0.507519
0.674846
0.61964
0.588292
0.564249
0.545569
0.531117
0.519027
0.508242
0.495603
0.481014
0.624193
0.572637
0.543623
0.521895
0.505648
0.493724
0.484233
0.476107
0.465794
0.452695
0.571555
0.523825
0.497243
0.477905
0.464151
0.454805
0.447954
0.442515
0.434522
0.422617
0.517234
0.473489
0.449424
0.432536
0.421322
0.414592
0.41041
0.407673
0.401984
0.390817
0.461541
0.42192
0.400446
0.386057
0.377415
0.373327
0.371841
0.371804
0.368291
0.357038
0.40479
0.369412
0.350591
0.338738
0.33269
0.331268
0.33252
0.335158
0.333534
0.320869
0.347293
0.316259
0.300141
0.290849
0.287406
0.28868
0.292758
0.298194
0.299392
0.287122
0.289363
0.262754
0.249375
0.242654
0.241809
0.245791
0.25279
0.261394
0.269736
0.276494
0.231295
0.209178
0.198564
0.194405
0.196122
0.202752
0.212606
0.224109
0.237102
0.25327
0.173389
0.155811
0.147974
0.146353
0.150566
0.159727
0.17225
0.186302
0.202103
0.223448
0.115937
0.102927
0.0978647
0.0987416
0.105368
0.116925
0.131925
0.148363
0.166455
0.191471
0.0592238
0.0507886
0.0484868
0.0518106
0.060758
0.0745752
0.0918749
0.11059
0.130852
0.158489
0.00352193
-0.000350658
8.12927e-05
0.00579169
0.0169607
0.0329008
0.0523313
0.0731892
0.0955108
0.125211
-0.0509138
-0.0502399
-0.0471229
-0.0390946
-0.0258091
-0.00788435
0.0135136
0.0363687
0.0606184
0.0921153
-0.103807
-0.0986727
-0.0929076
-0.0826408
-0.0673487
-0.0475788
-0.0243726
0.000332836
0.0263745
0.0594912
-0.154929
-0.145426
-0.137077
-0.124655
-0.107471
-0.0859962
-0.0611395
-0.0347331
-0.00704999
0.0275569
-0.204059
-0.190304
-0.179449
-0.164964
-0.146005
-0.122967
-0.0966193
-0.0686707
-0.039538
-0.00346952
-0.250995
-0.233136
-0.219864
-0.203415
-0.182801
-0.158341
-0.130664
-0.101344
-0.0709748
-0.0334192
-0.295557
-0.273769
-0.258181
-0.239872
-0.217727
-0.191989
-0.163145
-0.132598
-0.100844
-0.0628998
-0.33759
-0.312074
-0.294283
-0.274226
-0.250675
-0.223802
-0.193954
-0.162368
-0.129499
-0.0911582
-0.376966
-0.347945
-0.328076
-0.306388
-0.281557
-0.253691
-0.223001
-0.190557
-0.156789
-0.11805
-0.413584
-0.381302
-0.359488
-0.336289
-0.310306
-0.281589
-0.250215
-0.217083
-0.182609
-0.143638
-0.447369
-0.412088
-0.38847
-0.363886
-0.336879
-0.307448
-0.275546
-0.241897
-0.206906
-0.167916
-0.478276
-0.44027
-0.414998
-0.389157
-0.361252
-0.331242
-0.298963
-0.264967
-0.229644
-0.190858
-0.506287
-0.465838
-0.439066
-0.412098
-0.38342
-0.352962
-0.320453
-0.286273
-0.250801
-0.212448
-0.531406
-0.488804
-0.46069
-0.432727
-0.4034
-0.372617
-0.340018
-0.305813
-0.270366
-0.232685
-0.553665
-0.509201
-0.479906
-0.451079
-0.421222
-0.390235
-0.357679
-0.323599
-0.288345
-0.251578
-0.573114
-0.527078
-0.496764
-0.467203
-0.436934
-0.405857
-0.373467
-0.339656
-0.304756
-0.269149
-0.58983
-0.542507
-0.511334
-0.48117
-0.4506
-0.419539
-0.387432
-0.354025
-0.319629
-0.285428
-0.603901
-0.555567
-0.523695
-0.493055
-0.462295
-0.43135
-0.399633
-0.366754
-0.333006
-0.300455
-0.615429
-0.566353
-0.533937
-0.502948
-0.472102
-0.441367
-0.410138
-0.377903
-0.344937
-0.314276
-0.624525
-0.574965
-0.542162
-0.510946
-0.480116
-0.449677
-0.419026
-0.38754
-0.355483
-0.326944
-0.631313
-0.581516
-0.548474
-0.517153
-0.486435
-0.456373
-0.42638
-0.395739
-0.364708
-0.338514
-0.635918
-0.586118
-0.552986
-0.521677
-0.491166
-0.461554
-0.432289
-0.402579
-0.372682
-0.349046
-0.638467
-0.588891
-0.555812
-0.524632
-0.494414
-0.465321
-0.436843
-0.408139
-0.379476
-0.358597
-0.639086
-0.589951
-0.557067
-0.526128
-0.496291
-0.467775
-0.440136
-0.412499
-0.385161
-0.367222
-0.637901
-0.589416
-0.556865
-0.526278
-0.496903
-0.469019
-0.442257
-0.415737
-0.389805
-0.374971
-0.635029
-0.587401
-0.555319
-0.525194
-0.496359
-0.469152
-0.443294
-0.417925
-0.393466
-0.381882
-0.630586
-0.584018
-0.552541
-0.522984
-0.494761
-0.46827
-0.443329
-0.419127
-0.396192
-0.387982
-0.624682
-0.579379
-0.548638
-0.519753
-0.492211
-0.466464
-0.442436
-0.419394
-0.398015
-0.393271
-0.617424
-0.573591
-0.543717
-0.515602
-0.488803
-0.463819
-0.44068
-0.418763
-0.39894
-0.397709
-0.608918
-0.566761
-0.53788
-0.510629
-0.484628
-0.460413
-0.438114
-0.417247
-0.398935
-0.401179
-0.599277
-0.558998
-0.531229
-0.504928
-0.47977
-0.456315
-0.434777
-0.414836
-0.397911
-0.403405
-0.588619
-0.550411
-0.523866
-0.498592
-0.474313
-0.451591
-0.430698
-0.411505
-0.395769
-0.403825
-0.577072
-0.541117
-0.515895
-0.491712
-0.468335
-0.446301
-0.425888
-0.407221
-0.392448
-0.401707
-0.56478
-0.531234
-0.507421
-0.484386
-0.461921
-0.440501
-0.420326
-0.401797
-0.387222
-0.395416
-0.551898
-0.520888
-0.498555
-0.476713
-0.45517
-0.434282
-0.41403
-0.394841
-0.376973
-0.37248
-0.538592
-0.510209
-0.489413
-0.468809
-0.448215
-0.427843
-0.407375
-0.386934
-0.36046
-0.304188
-0.525034
-0.49933
-0.480111
-0.46079
-0.441206
-0.421477
-0.401108
-0.380319
-0.353042
-0.293606
-0.511395
-0.488378
-0.47076
-0.452763
-0.434264
-0.415348
-0.395514
-0.375259
-0.350289
-0.29839
-0.497834
-0.477475
-0.461463
-0.444817
-0.427463
-0.409492
-0.390479
-0.371089
-0.348122
-0.302608
-0.484499
-0.466733
-0.452311
-0.437025
-0.420854
-0.40391
-0.38587
-0.367479
-0.346192
-0.305984
-0.47152
-0.456253
-0.443387
-0.429452
-0.41448
-0.398606
-0.381615
-0.364297
-0.344613
-0.309133
-0.459011
-0.446125
-0.434765
-0.422153
-0.408372
-0.393582
-0.377667
-0.36143
-0.343247
-0.311936
-0.447068
-0.436431
-0.426509
-0.415176
-0.402561
-0.388842
-0.373991
-0.358795
-0.341963
-0.31426
-0.435773
-0.427239
-0.418678
-0.408566
-0.397071
-0.384389
-0.370562
-0.356343
-0.340706
-0.316108
-0.425197
-0.418611
-0.411324
-0.402362
-0.391928
-0.38023
-0.36737
-0.354048
-0.339466
-0.317532
-0.415399
-0.410601
-0.404492
-0.396599
-0.387156
-0.376378
-0.364412
-0.351904
-0.338246
-0.318596
-0.406432
-0.403258
-0.398223
-0.391311
-0.382778
-0.372844
-0.361693
-0.349911
-0.337058
-0.319361
-0.39834
-0.396624
-0.392556
-0.386527
-0.378817
-0.369644
-0.359222
-0.348081
-0.335923
-0.319886
-0.391166
-0.390736
-0.387522
-0.382276
-0.375295
-0.366796
-0.357013
-0.346427
-0.334862
-0.320226
-0.384946
-0.385625
-0.383151
-0.378583
-0.372233
-0.364315
-0.355082
-0.344966
-0.3339
-0.320427
-0.379711
-0.381322
-0.379468
-0.375469
-0.369649
-0.362218
-0.353444
-0.343715
-0.333059
-0.320531
-0.375488
-0.377849
-0.376495
-0.372954
-0.36756
-0.360521
-0.352112
-0.342692
-0.332359
-0.320572
-0.372301
-0.375228
-0.374249
-0.371054
-0.36598
-0.359236
-0.351101
-0.341911
-0.331817
-0.320579
-0.370166
-0.373471
-0.372745
-0.36978
-0.364921
-0.358373
-0.350422
-0.341383
-0.331449
-0.320571
-0.369096
-0.372591
-0.37199
-0.369141
-0.364389
-0.357939
-0.35008
-0.341117
-0.331262
-0.320564
-0.310811
-0.297054
-0.282922
-0.267719
-0.251871
-0.235696
-0.219426
-0.203297
-0.187487
-0.172141
-0.157364
-0.143231
-0.129791
-0.11707
-0.105086
-0.0938218
-0.0833013
-0.073429
-0.0643369
-0.0556757
-0.0480278
-0.0401811
-0.0342552
-0.0263002
-0.02316
-0.0128337
-0.0156291
0.00269984
-0.0144539
0.0258496
-0.311443
-0.297379
-0.283196
-0.267946
-0.25206
-0.235861
-0.219573
-0.20343
-0.187609
-0.172254
-0.157468
-0.143327
-0.129879
-0.11715
-0.105158
-0.0938867
-0.0833592
-0.0734805
-0.0643823
-0.0557158
-0.0480628
-0.0402121
-0.0342815
-0.026325
-0.0231781
-0.0128564
-0.0156368
0.00267141
-0.0144421
0.0257958
-0.312699
-0.298024
-0.283741
-0.268397
-0.252435
-0.236187
-0.219864
-0.203694
-0.187853
-0.172479
-0.157677
-0.143519
-0.130055
-0.11731
-0.105303
-0.0940163
-0.0834749
-0.0735831
-0.064473
-0.0557957
-0.0481326
-0.0402741
-0.0343338
-0.0263746
-0.0232142
-0.0129015
-0.015652
0.00261467
-0.0144184
0.0256885
-0.314572
-0.298982
-0.284549
-0.269067
-0.252992
-0.236672
-0.220296
-0.204089
-0.188216
-0.172816
-0.157988
-0.143806
-0.130318
-0.117549
-0.105519
-0.09421
-0.0836478
-0.0737366
-0.0646085
-0.0559153
-0.0482369
-0.0403668
-0.0344121
-0.0264486
-0.0232681
-0.0129691
-0.0156748
0.00252986
-0.014383
0.0255284
-0.317043
-0.300242
-0.285609
-0.269946
-0.253723
-0.237309
-0.220866
-0.204609
-0.188697
-0.173261
-0.1584
-0.144186
-0.130666
-0.117866
-0.105805
-0.0944671
-0.0838773
-0.0739404
-0.0647885
-0.0560739
-0.0483753
-0.0404897
-0.0345158
-0.0265468
-0.0233395
-0.0130586
-0.015705
0.00241735
-0.0143361
0.0253161
-0.320091
-0.301791
-0.286909
-0.271021
-0.254617
-0.238091
-0.221566
-0.20525
-0.18929
-0.173812
-0.158912
-0.144658
-0.131098
-0.118259
-0.106161
-0.0947867
-0.0841625
-0.0741935
-0.065012
-0.0562709
-0.0485472
-0.0406423
-0.0346444
-0.0266688
-0.0234279
-0.0131699
-0.0157422
0.00227759
-0.0142777
0.025053
-0.323686
-0.303612
-0.288429
-0.272279
-0.255664
-0.239007
-0.22239
-0.206007
-0.189992
-0.174466
-0.159519
-0.145218
-0.131613
-0.118728
-0.106585
-0.0951675
-0.0845024
-0.0744952
-0.0652783
-0.0565056
-0.0487518
-0.0408241
-0.0347975
-0.0268139
-0.0235331
-0.0133024
-0.0157862
0.00211118
-0.014208
0.0247402
-0.32779
-0.305685
-0.290149
-0.273701
-0.25685
-0.240048
-0.22333
-0.206873
-0.190799
-0.175218
-0.160219
-0.145866
-0.132208
-0.11927
-0.107075
-0.095608
-0.0848956
-0.0748442
-0.0655863
-0.0567771
-0.0489882
-0.0410341
-0.0349742
-0.0269817
-0.0236542
-0.0134555
-0.0158368
0.00191881
-0.0141273
0.0243796
-0.332357
-0.307987
-0.292043
-0.275268
-0.25816
-0.241202
-0.224377
-0.207842
-0.191704
-0.176065
-0.161008
-0.146597
-0.13288
-0.119884
-0.10763
-0.0961068
-0.0853408
-0.0752393
-0.0659348
-0.0570842
-0.0492556
-0.0412716
-0.0351738
-0.0271714
-0.0237908
-0.0136288
-0.0158936
0.00170124
-0.0140359
0.0239729
-0.337325
-0.310497
-0.294081
-0.276955
-0.259577
-0.242455
-0.22552
-0.208905
-0.192702
-0.177002
-0.161883
-0.147409
-0.133627
-0.120566
-0.108248
-0.0966618
-0.0858362
-0.0756789
-0.0663225
-0.0574257
-0.0495527
-0.0415356
-0.0353952
-0.0273821
-0.0239421
-0.0138214
-0.0159561
0.00145934
-0.013934
0.0235221
-0.342617
-0.313187
-0.29623
-0.278737
-0.261083
-0.243795
-0.22675
-0.210056
-0.193786
-0.178023
-0.16284
-0.148298
-0.134447
-0.121314
-0.108926
-0.0972713
-0.0863802
-0.0761615
-0.0667479
-0.0578004
-0.0498784
-0.0418251
-0.0356376
-0.0276131
-0.0241074
-0.0140326
-0.016024
0.00119407
-0.013822
0.0230293
-0.348124
-0.316032
-0.298454
-0.280584
-0.26266
-0.245207
-0.228057
-0.211286
-0.19495
-0.179123
-0.163873
-0.149261
-0.135335
-0.122126
-0.109662
-0.0979329
-0.0869707
-0.0766853
-0.0672094
-0.0582068
-0.0502313
-0.0421388
-0.0358998
-0.0278635
-0.0242858
-0.0142617
-0.0160969
0.000906449
-0.0137004
0.0224971
-0.353699
-0.319003
-0.300713
-0.282464
-0.264288
-0.246679
-0.22943
-0.212588
-0.196189
-0.180297
-0.164979
-0.150292
-0.136288
-0.122999
-0.110453
-0.0986447
-0.0876059
-0.0772488
-0.0677056
-0.0586436
-0.0506102
-0.0424756
-0.0361808
-0.0281322
-0.0244765
-0.0145077
-0.0161744
0.000597547
-0.0135695
0.0219276
-0.359131
-0.322067
-0.302967
-0.284341
-0.265946
-0.248196
-0.23086
-0.213954
-0.197496
-0.181542
-0.166154
-0.151391
-0.137305
-0.12393
-0.111298
-0.0994049
-0.0882843
-0.0778503
-0.068235
-0.0591095
-0.0510138
-0.0428345
-0.0364796
-0.0284184
-0.0246787
-0.0147699
-0.0162561
0.000268479
-0.0134297
0.0213236
-0.36411
-0.325159
-0.305161
-0.286171
-0.26761
-0.249743
-0.232335
-0.215375
-0.198863
-0.182849
-0.167392
-0.152551
-0.13838
-0.124916
-0.112194
-0.10021
-0.0890029
-0.0784874
-0.0687952
-0.0596023
-0.0514402
-0.0432137
-0.0367945
-0.0287208
-0.0248912
-0.0150472
-0.0163412
-7.96419e-05
-0.0132814
0.0206874
-0.368138
-0.328157
-0.307243
-0.287905
-0.269249
-0.251298
-0.233838
-0.216834
-0.200275
-0.184204
-0.168679
-0.153759
-0.139502
-0.125946
-0.113129
-0.101052
-0.089754
-0.0791533
-0.0693805
-0.0601172
-0.0518852
-0.0436099
-0.0371225
-0.029037
-0.0251121
-0.0153382
-0.0164288
-0.000445528
-0.0131249
0.0200218
-0.370573
-0.331027
-0.309245
-0.289538
-0.270857
-0.252861
-0.235365
-0.21833
-0.201729
-0.185604
-0.170012
-0.155013
-0.140666
-0.127015
-0.114101
-0.101927
-0.0905347
-0.0798452
-0.0699885
-0.060652
-0.0523471
-0.0440215
-0.037463
-0.029366
-0.0253413
-0.0156416
-0.01652
-0.000827175
-0.0129622
0.0193296
-0.370953
-0.33386
-0.311242
-0.291106
-0.272477
-0.254492
-0.236989
-0.219937
-0.203303
-0.187128
-0.171467
-0.156384
-0.141942
-0.128188
-0.115167
-0.102886
-0.0913894
-0.0806016
-0.0706518
-0.061234
-0.0528487
-0.0444663
-0.037831
-0.029718
-0.025589
-0.0159611
-0.0166219
-0.0012226
-0.0127996
0.0186139
-0.3672
-0.335315
-0.312737
-0.292368
-0.273978
-0.256137
-0.238701
-0.221679
-0.205045
-0.188838
-0.173119
-0.157956
-0.143415
-0.129549
-0.116408
-0.104005
-0.0923874
-0.0814839
-0.0714237
-0.0619081
-0.0534266
-0.0449739
-0.0382481
-0.0301099
-0.0258642
-0.0163055
-0.0167348
-0.00163682
-0.0126319
0.0178746
-0.348377
-0.331356
-0.312518
-0.292479
-0.274603
-0.257066
-0.239783
-0.22285
-0.206265
-0.190075
-0.174348
-0.159152
-0.14456
-0.130628
-0.117409
-0.104921
-0.0932143
-0.0822247
-0.0720753
-0.0624858
-0.053918
-0.0454189
-0.0385984
-0.0304688
-0.0260808
-0.0166489
-0.0167864
-0.00208815
-0.012394
0.0171032
-0.29624
-0.321929
-0.312294
-0.292613
-0.274918
-0.25741
-0.240018
-0.222949
-0.206238
-0.189944
-0.174141
-0.1589
-0.144287
-0.130354
-0.117149
-0.104689
-0.0930125
-0.0820648
-0.0719455
-0.0624112
-0.053855
-0.0454395
-0.0385795
-0.0306056
-0.0260563
-0.016954
-0.0166543
-0.00267602
-0.0119579
0.0161201
-0.276656
-0.308534
-0.304279
-0.286397
-0.270192
-0.253833
-0.237236
-0.220775
-0.204553
-0.18866
-0.173187
-0.158218
-0.143827
-0.130074
-0.117013
-0.104666
-0.0930734
-0.0821945
-0.0721154
-0.0626277
-0.0540713
-0.0457092
-0.0387922
-0.0309292
-0.0262077
-0.0173796
-0.0166448
-0.00333608
-0.0115754
0.0149629
-0.268733
-0.296593
-0.29451
-0.278361
-0.263655
-0.248595
-0.232999
-0.217344
-0.201796
-0.186469
-0.171473
-0.156905
-0.14285
-0.129375
-0.11654
-0.104377
-0.0929288
-0.0821673
-0.0721697
-0.0627593
-0.0542315
-0.0459383
-0.0389865
-0.031235
-0.0263654
-0.0177941
-0.0166609
-0.00398128
-0.0112334
0.013773
-0.262766
-0.285354
-0.284882
-0.270351
-0.256858
-0.242978
-0.228366
-0.213528
-0.198675
-0.183942
-0.169454
-0.155319
-0.141631
-0.128465
-0.115887
-0.103936
-0.0926582
-0.0820374
-0.0721427
-0.0628276
-0.0543447
-0.0461336
-0.039159
-0.0315288
-0.0265175
-0.0182138
-0.0166771
-0.00465171
-0.0108788
0.0125123
-0.256899
-0.274355
-0.275027
-0.262069
-0.249658
-0.236901
-0.223292
-0.209309
-0.195198
-0.181105
-0.16717
-0.15351
-0.140226
-0.127403
-0.115111
-0.103398
-0.0923127
-0.0818516
-0.0720762
-0.0628691
-0.0544432
-0.0463214
-0.0393325
-0.0318274
-0.026679
-0.0186475
-0.0167023
-0.00535034
-0.0105143
0.0111793
-0.250469
-0.263358
-0.26464
-0.253216
-0.241857
-0.230205
-0.217637
-0.204566
-0.191259
-0.177871
-0.164549
-0.151418
-0.138589
-0.126153
-0.114186
-0.102744
-0.0918796
-0.0816013
-0.0719655
-0.0628812
-0.0545264
-0.0465017
-0.0395088
-0.0321305
-0.0268533
-0.0190922
-0.0167424
-0.00606918
-0.0101507
0.00978467
-0.243018
-0.252103
-0.25361
-0.24369
-0.233399
-0.222844
-0.211352
-0.19925
-0.186808
-0.17419
-0.161543
-0.149002
-0.136681
-0.12468
-0.113081
-0.101947
-0.0913369
-0.0812685
-0.0717958
-0.0628521
-0.0545851
-0.0466668
-0.0396829
-0.0324328
-0.0270385
-0.0195429
-0.016799
-0.00680114
-0.00979517
0.00833995
-0.234251
-0.240372
-0.241869
-0.233427
-0.224251
-0.214797
-0.204411
-0.193329
-0.181813
-0.170027
-0.158119
-0.146227
-0.134471
-0.122956
-0.111771
-0.100987
-0.0906662
-0.0808377
-0.0715543
-0.0627712
-0.0546109
-0.0468098
-0.0398496
-0.0327297
-0.0272323
-0.0199953
-0.0168729
-0.00753961
-0.00945384
0.00685818
-0.224031
-0.228012
-0.229377
-0.222379
-0.214376
-0.206041
-0.19679
-0.186776
-0.176244
-0.165351
-0.154245
-0.143063
-0.13193
-0.120956
-0.110234
-0.0998425
-0.0898491
-0.0802933
-0.0712278
-0.0626277
-0.0545951
-0.0469237
-0.0400037
-0.033016
-0.0274322
-0.0204445
-0.0169645
-0.00827729
-0.0091333
0.00535512
-0.212343
-0.214933
-0.216136
-0.210538
-0.203764
-0.196571
-0.188478
-0.179576
-0.170078
-0.160136
-0.149892
-0.139481
-0.12903
-0.11865
-0.108442
-0.09849
-0.0888656
-0.0796181
-0.0708018
-0.0624096
-0.0545278
-0.0470002
-0.0401387
-0.033286
-0.0276346
-0.0208851
-0.0170738
-0.00900617
-0.00884017
0.00384937
-0.199268
-0.201113
-0.202196
-0.197941
-0.192436
-0.186405
-0.179488
-0.171729
-0.163308
-0.154368
-0.14504
-0.135458
-0.125745
-0.116016
-0.106374
-0.096908
-0.0876959
-0.0787944
-0.0702609
-0.0621037
-0.0543978
-0.0470302
-0.0402471
-0.0335331
-0.0278349
-0.0213115
-0.0171997
-0.0097178
-0.00858067
0.00236196
-0.18498
-0.186601
-0.187654
-0.184675
-0.180452
-0.175596
-0.169859
-0.163261
-0.155948
-0.148049
-0.139684
-0.13098
-0.122058
-0.113033
-0.104008
-0.0950764
-0.0863207
-0.0778047
-0.0695893
-0.0616964
-0.0541932
-0.0470036
-0.0403204
-0.0337503
-0.0280277
-0.0217175
-0.01734
-0.0104036
-0.00836013
0.00091582
-0.169731
-0.171515
-0.172655
-0.170871
-0.167912
-0.164225
-0.159659
-0.154224
-0.148033
-0.1412
-0.133834
-0.12605
-0.117965
-0.10969
-0.10133
-0.0929792
-0.0847236
-0.0766331
-0.0687721
-0.0611741
-0.0539018
-0.0469102
-0.0403495
-0.0339299
-0.0282064
-0.0220969
-0.0174915
-0.0110549
-0.00818266
-0.000464999
-0.153838
-0.156037
-0.157383
-0.156701
-0.154954
-0.152408
-0.148984
-0.144695
-0.139624
-0.133866
-0.127517
-0.120683
-0.11347
-0.105987
-0.0983335
-0.0906065
-0.0828927
-0.0752666
-0.0677961
-0.0605244
-0.0535121
-0.0467398
-0.040325
-0.0340642
-0.0283641
-0.0224434
-0.0176499
-0.0116637
-0.00805076
-0.00175637
-0.137649
-0.140394
-0.142048
-0.142363
-0.141745
-0.140288
-0.13796
-0.134778
-0.130804
-0.126112
-0.120784
-0.114914
-0.108597
-0.101935
-0.0950232
-0.0879566
-0.080822
-0.0736968
-0.0666515
-0.0597372
-0.0530138
-0.0464829
-0.040238
-0.0341456
-0.0284935
-0.0227509
-0.0178102
-0.0122223
-0.00796495
-0.00293541
-0.121517
-0.12484
-0.126873
-0.128071
-0.128472
-0.128028
-0.126729
-0.124598
-0.121678
-0.118025
-0.113705
-0.108796
-0.103384
-0.0975603
-0.0914149
-0.0850376
-0.0785137
-0.0719215
-0.0653331
-0.0588056
-0.052399
-0.0461318
-0.0400804
-0.0341673
-0.0285875
-0.0230139
-0.0179666
-0.0127243
-0.00792346
-0.00398201
-0.105768
-0.109627
-0.112073
-0.114035
-0.11533
-0.115803
-0.11545
-0.114297
-0.112371
-0.109709
-0.106364
-0.102399
-0.0978858
-0.0929046
-0.0875379
-0.0818688
-0.0759792
-0.0699461
-0.0638417
-0.0577273
-0.0516633
-0.0456812
-0.0398459
-0.0341238
-0.0286395
-0.0232278
-0.0181131
-0.0131644
-0.00792228
-0.00488015
-0.0906824
-0.0949878
-0.0978486
-0.100453
-0.102507
-0.103786
-0.104283
-0.104021
-0.103013
-0.101282
-0.0988639
-0.0958073
-0.0921712
-0.0880228
-0.0834344
-0.0784815
-0.0732402
-0.0677845
-0.0621854
-0.0565057
-0.0508067
-0.0451292
-0.0395308
-0.0340114
-0.0286443
-0.0233891
-0.0182439
-0.013539
-0.00795566
-0.00561896
-0.0764756
-0.0811193
-0.0843654
-0.0874939
-0.0901729
-0.0921425
-0.0933841
-0.0939163
-0.0937416
-0.0928669
-0.091314
-0.0891174
-0.0863222
-0.0829822
-0.0791588
-0.0749181
-0.0703287
-0.06546
-0.0603797
-0.055151
-0.0498345
-0.0444781
-0.0391346
-0.0338289
-0.0285986
-0.0234957
-0.0183536
-0.0138462
-0.00801645
-0.00619377
-0.0633011
-0.0681722
-0.0717551
-0.0752977
-0.0784747
-0.0810182
-0.0828978
-0.0841239
-0.084689
-0.0845877
-0.0838282
-0.0824313
-0.0804288
-0.0778602
-0.074776
-0.0712314
-0.0672867
-0.0630046
-0.0584485
-0.0536798
-0.0487578
-0.0437347
-0.0386605
-0.0335778
-0.028501
-0.0235476
-0.0184381
-0.0140862
-0.00809659
-0.00660679
-0.0512527
-0.0562513
-0.0601122
-0.0639699
-0.0675308
-0.070538
-0.0729512
-0.0747707
-0.0759807
-0.0765651
-0.0765201
-0.0758538
-0.0745844
-0.0727408
-0.0703586
-0.067483
-0.0641648
-0.0604591
-0.0564235
-0.0521161
-0.047594
-0.0429112
-0.0381161
-0.0332632
-0.0283531
-0.0235465
-0.0184947
-0.0142612
-0.00818779
-0.00686716
-0.0403763
-0.0454203
-0.0494987
-0.0535862
-0.0574322
-0.0608035
-0.0636524
-0.0659693
-0.0677306
-0.0689121
-0.0694995
-0.0694895
-0.0688883
-0.0677118
-0.0659849
-0.0637409
-0.0610209
-0.0578715
-0.0543435
-0.0504904
-0.0463661
-0.0420247
-0.0375132
-0.0328934
-0.0281593
-0.0234966
-0.0185223
-0.0143756
-0.00828224
-0.00699038
-0.0306839
-0.0357113
-0.0399505
-0.0441974
-0.0482467
-0.0518956
-0.0550918
-0.0578168
-0.0600409
-0.0617329
-0.0628701
-0.0634389
-0.0634351
-0.062863
-0.0617367
-0.0600783
-0.0579189
-0.0552962
-0.0522538
-0.0488394
-0.0451031
-0.0410974
-0.036868
-0.0324803
-0.0279266
-0.0234042
-0.0185218
-0.0144358
-0.00837328
-0.00699723
-0.0221666
-0.0271353
-0.0314865
-0.035837
-0.040024
-0.0438778
-0.0473444
-0.0503974
-0.0530023
-0.0551227
-0.0567289
-0.0577991
-0.0583194
-0.0582845
-0.0576978
-0.0565718
-0.0549271
-0.0527929
-0.0502051
-0.0472053
-0.043839
-0.0401561
-0.0362006
-0.0320392
-0.0276654
-0.0232777
-0.0184962
-0.01445
-0.00845591
-0.00691215
-0.0148079
-0.0196929
-0.0241168
-0.0285287
-0.0328033
-0.0368032
-0.0404747
-0.0437855
-0.0466972
-0.0491698
-0.051168
-0.0526633
-0.0536341
-0.0540661
-0.0539539
-0.0533005
-0.0521172
-0.0504252
-0.0482527
-0.0456349
-0.0426124
-0.0392317
-0.0355353
-0.0315886
-0.0273885
-0.0231277
-0.0184503
-0.0144281
-0.00852722
-0.00676139
-0.00859286
-0.0133841
-0.017851
-0.0222944
-0.0266199
-0.0307198
-0.0345423
-0.0380506
-0.0412036
-0.0439585
-0.0462764
-0.0481232
-0.0494707
-0.0502979
-0.0505913
-0.0503466
-0.0495644
-0.0482607
-0.046456
-0.0441793
-0.0414661
-0.0383593
-0.0348994
-0.0311497
-0.0271112
-0.0229665
-0.0183909
-0.0143807
-0.00858636
-0.00657124
-0.00352038
-0.0082188
-0.0127076
-0.0171626
-0.0215137
-0.0256788
-0.0296087
-0.0332635
-0.0366
-0.0395741
-0.0421438
-0.044271
-0.0459227
-0.0470718
-0.0476984
-0.0477899
-0.0473463
-0.0463706
-0.0448782
-0.0428931
-0.0404462
-0.0375767
-0.0343232
-0.0307462
-0.026851
-0.0228078
-0.0183262
-0.0143194
-0.00863388
-0.0063664
0.000398259
-0.00422019
-0.00871834
-0.0131743
-0.017536
-0.0217413
-0.0257441
-0.0295024
-0.0329718
-0.0361073
-0.038865
-0.041204
-0.0430877
-0.0444846
-0.04537
-0.0457267
-0.0455467
-0.0448299
-0.0435862
-0.0418347
-0.0396023
-0.0369249
-0.0338396
-0.0304037
-0.0266269
-0.0226666
-0.0182657
-0.0142563
-0.00867201
-0.00616727
0.00310593
-0.00144916
-0.0059479
-0.0103993
-0.0147625
-0.0189898
-0.0230375
-0.0268621
-0.0304187
-0.0336617
-0.036546
-0.0390291
-0.0410718
-0.0426398
-0.0437049
-0.0442463
-0.0442518
-0.0437178
-0.0426504
-0.0410652
-0.0389863
-0.036447
-0.033483
-0.0301492
-0.026459
-0.0225579
-0.0182205
-0.0142014
-0.00871431
-0.00598394
0.00454522
1.86228e-05
-0.0044818
-0.0089317
-0.013296
-0.0175344
-0.0216046
-0.025463
-0.0290642
-0.0323624
-0.0353122
-0.0378701
-0.0399958
-0.0416534
-0.042813
-0.0434519
-0.0435557
-0.0431188
-0.0421455
-0.0406492
-0.0386525
-0.0361873
-0.0332889
-0.0300097
-0.0263681
-0.0224949
-0.0182036
-0.0141545
-0.00879424
-0.00582327
-0.238243
-0.250941
-0.262428
-0.272776
-0.282069
-0.290406
-0.297895
-0.304652
-0.310802
-0.316466
-0.321766
-0.326814
-0.331708
-0.336535
-0.341414
-0.346471
-0.35149
-0.357364
-0.373193
-0.398065
-0.216298
-0.228922
-0.240586
-0.251359
-0.261323
-0.270568
-0.279195
-0.287311
-0.295032
-0.302478
-0.309774
-0.31705
-0.324438
-0.332082
-0.340189
-0.34892
-0.357877
-0.368057
-0.388024
-0.406548
-0.195444
-0.208051
-0.219903
-0.231048
-0.241544
-0.251451
-0.260839
-0.269787
-0.278375
-0.286694
-0.294839
-0.302914
-0.311026
-0.319298
-0.327909
-0.33694
-0.345926
-0.356009
-0.374943
-0.390056
-0.175342
-0.187602
-0.19926
-0.210352
-0.220919
-0.231007
-0.24067
-0.249968
-0.258965
-0.267735
-0.27636
-0.284925
-0.293527
-0.302276
-0.311338
-0.320762
-0.330135
-0.340709
-0.359321
-0.373024
-0.156184
-0.168022
-0.179389
-0.190313
-0.200829
-0.210972
-0.220787
-0.23032
-0.239628
-0.24877
-0.257813
-0.266831
-0.275904
-0.285126
-0.294635
-0.304443
-0.314176
-0.325068
-0.34299
-0.355423
-0.138057
-0.149423
-0.160429
-0.171096
-0.181451
-0.191523
-0.201348
-0.210962
-0.22041
-0.229741
-0.239007
-0.248268
-0.257588
-0.267046
-0.276752
-0.286694
-0.296557
-0.307525
-0.32463
-0.336256
-0.120977
-0.131818
-0.142387
-0.1527
-0.162779
-0.172648
-0.182333
-0.191867
-0.201283
-0.210621
-0.219925
-0.229241
-0.238622
-0.248135
-0.257869
-0.2678
-0.277673
-0.288595
-0.304825
-0.315857
-0.104943
-0.115224
-0.125299
-0.135185
-0.144898
-0.154458
-0.163886
-0.173209
-0.182453
-0.191652
-0.20084
-0.210057
-0.219345
-0.228759
-0.238373
-0.248157
-0.25791
-0.268638
-0.283888
-0.294376
-0.0899438
-0.0996414
-0.109187
-0.118592
-0.127871
-0.13704
-0.146118
-0.155123
-0.16408
-0.173015
-0.181956
-0.190935
-0.199988
-0.209162
-0.218514
-0.228015
-0.237513
-0.247899
-0.262068
-0.272002
-0.0759439
-0.0850507
-0.0940439
-0.102934
-0.111732
-0.120451
-0.129105
-0.137713
-0.146291
-0.154862
-0.163448
-0.172078
-0.180778
-0.189589
-0.198558
-0.207657
-0.216776
-0.226683
-0.239681
-0.249018
-0.0629078
-0.071424
-0.0798555
-0.0882101
-0.0964968
-0.104726
-0.112909
-0.12106
-0.129193
-0.137327
-0.145479
-0.153672
-0.161928
-0.170282
-0.178768
-0.187366
-0.195999
-0.205307
-0.217072
-0.225764
-0.0507767
-0.0587155
-0.0665891
-0.0744035
-0.0821659
-0.0898841
-0.0975674
-0.105226
-0.112872
-0.120519
-0.128182
-0.135879
-0.143627
-0.151454
-0.159388
-0.167411
-0.175474
-0.184094
-0.194601
-0.20261
-0.039511
-0.0468883
-0.0542143
-0.0614933
-0.0687304
-0.0759312
-0.0831026
-0.0902523
-0.0973892
-0.104524
-0.111667
-0.118833
-0.126036
-0.133296
-0.140634
-0.148038
-0.155479
-0.163356
-0.172624
-0.179934
-0.0290534
-0.0358934
-0.0426912
-0.0494496
-0.0561718
-0.0628616
-0.0695236
-0.0761633
-0.082787
-0.0894018
-0.0960164
-0.10264
-0.109284
-0.115963
-0.122692
-0.129461
-0.136257
-0.143374
-0.151466
-0.158087
-0.0193578
-0.0256886
-0.031983
-0.0382424
-0.0444684
-0.0506633
-0.0568299
-0.0629714
-0.069092
-0.0751963
-0.08129
-0.0873794
-0.0934722
-0.0995785
-0.105708
-0.111855
-0.118013
-0.124388
-0.131401
-0.137369
-0.0103859
-0.0162376
-0.0220567
-0.0278434
-0.033598
-0.0393214
-0.0450148
-0.0506797
-0.0563184
-0.0619333
-0.0675278
-0.0731056
-0.0786714
-0.0842316
-0.089792
-0.0953484
-0.1009
-0.106579
-0.112637
-0.118004
-0.00209586
-0.00750234
-0.0128784
-0.0182232
-0.0235363
-0.0288173
-0.0340662
-0.0392832
-0.0444691
-0.0496247
-0.0547514
-0.0598509
-0.0649257
-0.0699789
-0.0750136
-0.0800272
-0.0850203
-0.0900693
-0.0953099
-0.10014
0.00553751
0.000542787
-0.00442303
-0.00935846
-0.0142622
-0.019133
-0.0239699
-0.0287723
-0.0335396
-0.0382714
-0.0429678
-0.047629
-0.0522555
-0.0568486
-0.0614092
-0.0659357
-0.070429
-0.0749248
-0.0794839
-0.0838436
0.0125444
0.00792627
0.00333599
-0.00122442
-0.00575309
-0.0102483
-0.0147084
-0.0191319
-0.0235176
-0.0278643
-0.032171
-0.036437
-0.0406615
-0.0448444
-0.0489853
-0.0530835
-0.057139
-0.0611602
-0.0651645
-0.0691172
0.0189459
0.0146695
0.0104202
0.00620016
0.00201169
-0.0021431
-0.00626219
-0.0103437
-0.0143858
-0.0183868
-0.0223451
-0.0262594
-0.0301284
-0.0339508
-0.0377256
-0.0414526
-0.0451308
-0.0487523
-0.0523117
-0.0559141
0.0247593
0.0207907
0.0168483
0.0129345
0.00905175
0.00520246
0.00138884
-0.00238696
-0.00612286
-0.00981692
-0.0134673
-0.0170721
-0.0206299
-0.0241388
-0.0275977
-0.0310064
-0.0343633
-0.0376519
-0.0408578
-0.0441583
0.0300053
0.0263105
0.0226411
0.0189998
0.0153888
0.0118107
0.00826774
0.00476221
0.00129625
-0.00212808
-0.00550881
-0.00884405
-0.012132
-0.0153709
-0.0185593
-0.0216974
-0.0247828
-0.027796
-0.0307214
-0.0337609
0.0346891
0.0312371
0.0278095
0.0244089
0.0210377
0.0176985
0.0143934
0.0111248
0.00789479
0.00470543
0.00155869
-0.00154357
-0.00459953
-0.00760745
-0.010566
-0.0134752
-0.0163325
-0.019119
-0.0218211
-0.0246344
0.0388304
0.0355895
0.0323723
0.0291811
0.0260185
0.0228867
0.0197879
0.0167243
0.0136979
0.0107108
0.00776485
0.00486175
0.00200326
-0.000808992
-0.00357379
-0.00629094
-0.00895805
-0.0115586
-0.0140825
-0.0167002
0.0424262
0.039368
0.0363325
0.0333221
0.030339
0.0273854
0.0244635
0.0215753
0.0187227
0.0159076
0.0131317
0.0103968
0.00770441
0.00505599
0.00245271
-0.000105093
-0.00261522
-0.00506448
-0.00744618
-0.00989654
0.0454836
0.0425799
0.0396981
0.0368404
0.0340087
0.0312054
0.0284322
0.0256911
0.0229839
0.0203123
0.0176779
0.0150824
0.012527
0.0100131
0.00754189
0.00511376
0.00273063
0.000402201
-0.00186761
-0.00417816
0.0479951
0.0452186
0.0424631
0.0397306
0.0370231
0.0343426
0.0316907
0.0290693
0.02648
0.0239244
0.021404
0.0189202
0.0164742
0.0140673
0.0117006
0.00937453
0.0070908
0.00485582
0.00267154
0.000473575
0.0499422
0.0472675
0.0446131
0.0419807
0.0393722
0.0367891
0.0342332
0.0317061
0.0292091
0.0267437
0.0243112
0.021913
0.0195501
0.0172237
0.0149347
0.0126838
0.0104724
0.00830417
0.00617984
0.00406441
0.0513032
0.0487002
0.0461167
0.0435544
0.0410149
0.0384997
0.0360103
0.0335482
0.0311147
0.0287111
0.0263386
0.0239983
0.0216914
0.0194188
0.0171813
0.0149799
0.0128154
0.0106896
0.00860272
0.00654125
0.0520193
0.0494691
0.0469376
0.0444262
0.041936
0.0394684
0.0370245
0.0346054
0.0322124
0.0298464
0.0275085
0.0251997
0.0229209
0.0206731
0.018457
0.0162736
0.0141238
0.0120085
0.00992775
0.00787852
0.286106
0.242823
0.202659
0.169419
0.137215
0.10548
0.0746337
0.0447143
0.0157219
-0.0123266
-0.0393938
-0.0648887
-0.0893448
-0.112549
-0.134484
-0.155125
-0.174435
-0.192394
-0.209004
-0.224278
0.270268
0.233436
0.194842
0.163542
0.133543
0.103852
0.0750915
0.0473613
0.0206186
-0.00512016
-0.0297411
-0.052867
-0.0759888
-0.097596
-0.117937
-0.137143
-0.155213
-0.172144
-0.187951
-0.202657
0.245368
0.212022
0.177291
0.149317
0.122809
0.0965234
0.0710091
0.0463932
0.0226125
-0.000349041
-0.0225804
-0.044277
-0.0641647
-0.0835863
-0.10221
-0.119937
-0.136774
-0.152729
-0.167813
-0.182043
0.223744
0.193984
0.163198
0.138157
0.1145
0.0910443
0.0682405
0.0462279
0.0249442
0.00436931
-0.0155054
-0.034721
-0.0530421
-0.0707877
-0.0878406
-0.104164
-0.119774
-0.134685
-0.148906
-0.162452
0.204787
0.17843
0.151402
0.129121
0.108041
0.0871329
0.0667616
0.0470625
0.0279838
0.009496
-0.00840271
-0.0257098
-0.0423807
-0.0585998
-0.0742168
-0.0892476
-0.103717
-0.117634
-0.131009
-0.143853
0.188348
0.164904
0.141226
0.121453
0.102691
0.0840847
0.0659188
0.0483114
0.0312203
0.0146139
-0.0015163
-0.01717
-0.0323248
-0.0470973
-0.061399
-0.0752416
-0.0886444
-0.101617
-0.114169
-0.126312
0.174221
0.153323
0.132619
0.115107
0.098414
0.0818521
0.0656477
0.0498981
0.0345689
0.0196317
0.00507584
-0.00912122
-0.0229925
-0.0363581
-0.049438
-0.0621881
-0.0745941
-0.0866654
-0.0984126
-0.109846
0.162122
0.14348
0.125396
0.109907
0.0950521
0.0802998
0.0658333
0.0517312
0.0379658
0.024513
0.0113642
-0.00148983
-0.0140615
-0.0263148
-0.0383197
-0.0500601
-0.0615338
-0.0727495
-0.0837168
-0.0944446
0.151822
0.13519
0.119389
0.105686
0.0924559
0.0792979
0.066365
0.0537194
0.0413388
0.0292031
0.0173033
0.00563229
-0.00581062
-0.0170128
-0.0280442
-0.0388443
-0.0494355
-0.0598357
-0.0700497
-0.0800831
0.143107
0.128264
0.114436
0.1023
0.0905003
0.0787444
0.0671633
0.055806
0.0446553
0.0336959
0.0229215
0.012329
0.00195119
-0.00813559
-0.0184411
-0.0284388
-0.038222
-0.0478577
-0.0573547
-0.0667147
0.135764
0.122512
0.110383
0.099614
0.0890701
0.078544
0.0681496
0.0579248
0.0478542
0.0379248
0.0281323
0.0184696
0.00889171
-0.000671207
-0.00974512
-0.0188408
-0.0278715
-0.0367886
-0.0455956
-0.0543002
0.129604
0.117767
0.107098
0.0975181
0.0880763
0.0786316
0.069284
0.0600636
0.0509585
0.0419593
0.0330639
0.0242724
0.0155799
0.00697421
-0.00150921
-0.00992697
-0.0182673
-0.026518
-0.0346826
-0.0427672
0.124457
0.113879
0.104463
0.0959168
0.087442
0.0789478
0.0705225
0.06219
0.0539404
0.045767
0.0376681
0.0296429
0.0216904
0.013809
0.00600105
-0.00174395
-0.0094237
-0.0170379
-0.0245887
-0.0320788
0.120179
0.110717
0.102379
0.0947307
0.0871047
0.0794469
0.0718354
0.0642893
0.0568007
0.0493648
0.0419812
0.0346497
0.0273696
0.0201417
0.012969
0.00584017
-0.00123581
-0.00826132
-0.0152387
-0.0221691
0.116646
0.108173
0.100761
0.0938943
0.0870139
0.0800931
0.0732007
0.0663523
0.0595416
0.0527658
0.0460253
0.0393209
0.0326532
0.0260276
0.0194542
0.0128696
0.00634141
-0.000140182
-0.00658362
-0.0129896
0.11375
0.106154
0.0995387
0.0933516
0.087126
0.0808541
0.0745968
0.0683665
0.0621583
0.0559704
0.0498041
0.0436608
0.0375414
0.0314416
0.0253554
0.0193431
0.0133416
0.00736252
0.00141433
-0.0045018
0.111403
0.10458
0.0986523
0.093057
0.0874069
0.0817074
0.0760119
0.0703307
0.0646602
0.0589998
0.0533512
0.0477167
0.0420981
0.0364963
0.0309119
0.0253537
0.0198139
0.0142962
0.00880443
0.00334009
0.109525
0.103387
0.0980503
0.0929699
0.0878249
0.0826295
0.0774301
0.0722354
0.0670427
0.0618523
0.0566663
0.0514873
0.0463173
0.0411583
0.0360125
0.0308835
0.0257712
0.0206783
0.015607
0.0105595
0.108051
0.102515
0.0976877
0.0930546
0.0883523
0.0836002
0.0788383
0.074074
0.0693056
0.0645338
0.0597614
0.0549909
0.0502247
0.0454652
0.0407149
0.035977
0.0312526
0.0265448
0.0218559
0.0171884
0.10692
0.101914
0.097524
0.0932783
0.088963
0.0845995
0.0802222
0.0758376
0.0714445
0.0670444
0.0626399
0.0582338
0.0538289
0.0494276
0.0450327
0.0406472
0.0362729
0.031913
0.0275701
0.023247
0.106079
0.101538
0.0975212
0.0936097
0.0896308
0.0856064
0.0815658
0.0775143
0.0734517
0.0693795
0.0653006
0.0612178
0.0571339
0.0530515
0.0489738
0.044904
0.040843
0.0367958
0.0327646
0.0287516
0.10548
0.101345
0.0976455
0.0940205
0.0903328
0.0866031
0.0828558
0.0790956
0.0753227
0.0715391
0.0677477
0.0639512
0.0601524
0.0563541
0.0525621
0.0487833
0.0449879
0.0412141
0.0374598
0.0337228
0.105076
0.101293
0.0978614
0.0944797
0.0910412
0.0875647
0.08407
0.0805613
0.0770391
0.0735055
0.0699632
0.066415
0.0628637
0.0593121
0.0557599
0.0522063
0.0486858
0.0451667
0.0416566
0.038163
0.104828
0.101347
0.0981393
0.0949622
0.0917356
0.0884752
0.0851969
0.0819044
0.0785987
0.0752819
0.0719566
0.0686256
0.0652915
0.0619572
0.0586251
0.0552976
0.0519788
0.0486695
0.045373
0.0420923
0.104697
0.101472
0.0984477
0.0954396
0.0923896
0.0893102
0.0862138
0.0831035
0.0799808
0.0768475
0.0737063
0.0705597
0.0674103
0.0642606
0.0611134
0.0579711
0.0548367
0.0517124
0.0486009
0.0455046
0.104648
0.101634
0.0987567
0.0958851
0.0929789
0.090048
0.0871014
0.0841419
0.0811711
0.0781909
0.0752038
0.0722121
0.0692183
0.0662248
0.063234
0.0602483
0.0572705
0.0543026
0.0513472
0.0484068
0.104654
0.101806
0.0990429
0.0962773
0.0934842
0.0906708
0.0878434
0.0850046
0.0821559
0.0792993
0.076437
0.0735711
0.0707041
0.067838
0.0649752
0.0621181
0.0592688
0.0564296
0.0536028
0.0507906
0.104679
0.101952
0.0992691
0.096579
0.093868
0.091141
0.0884023
0.0856542
0.0828981
0.0801361
0.07737
0.074602
0.0718341
0.0690684
0.0663069
0.0635517
0.0608049
0.0580685
0.0553446
0.0526352
0.104719
0.10207
0.0994371
0.0967949
0.0941376
0.0914682
0.0887894
0.0861032
0.0834111
0.0807147
0.0780159
0.0753165
0.0726184
0.0699234
0.0672334
0.0645503
0.061876
0.0592123
0.056561
0.0539241
0.10472
0.102091
0.0994651
0.0968317
0.0941889
0.0915388
0.0888833
0.0862243
0.083563
0.080901
0.07824
0.0755814
0.0729269
0.070278
0.0676361
0.065003
0.06238
0.0597687
0.0571705
0.0545869
0.309192
0.311519
0.317913
0.326376
0.337166
0.349326
0.362301
0.374986
0.385987
0.393542
0.395301
0.389344
0.37215
0.34637
0.278381
0.307854
0.310044
0.316069
0.323988
0.333962
0.345003
0.356464
0.367174
0.375687
0.38025
0.378645
0.36911
0.348515
0.319869
0.251829
0.3064
0.308475
0.314139
0.321524
0.330716
0.340721
0.35084
0.359897
0.366469
0.368883
0.365083
0.353472
0.331189
0.302013
0.239147
0.304794
0.306727
0.31198
0.318757
0.327066
0.335905
0.344522
0.351734
0.356147
0.356179
0.349974
0.336164
0.312376
0.282358
0.224473
0.30303
0.304804
0.309609
0.315731
0.323096
0.330697
0.33774
0.343045
0.345262
0.342923
0.334399
0.318579
0.293668
0.262959
0.20997
0.301103
0.302709
0.30704
0.312473
0.318858
0.325195
0.330658
0.334092
0.334216
0.329698
0.319157
0.30174
0.276217
0.245345
0.197142
0.299006
0.300434
0.304268
0.308982
0.31436
0.319414
0.323307
0.324929
0.323089
0.316612
0.304371
0.285758
0.260049
0.229503
0.185791
0.296733
0.297973
0.301287
0.305256
0.309601
0.313365
0.31571
0.31559
0.311925
0.303709
0.290065
0.270614
0.245053
0.215217
0.175621
0.294277
0.295321
0.298095
0.301295
0.304594
0.30707
0.307906
0.306134
0.300798
0.29107
0.27631
0.256345
0.231203
0.202384
0.166517
0.291635
0.292475
0.294693
0.297109
0.299356
0.30056
0.299942
0.296624
0.289788
0.27878
0.26318
0.242995
0.218492
0.190919
0.158407
0.288805
0.289434
0.291085
0.292707
0.293907
0.29387
0.291868
0.287128
0.278972
0.266916
0.250735
0.230583
0.206891
0.180721
0.151213
0.285789
0.286202
0.287279
0.288104
0.288273
0.287039
0.283739
0.277711
0.26842
0.255541
0.239014
0.219111
0.196359
0.17168
0.144861
0.282589
0.282784
0.283286
0.283319
0.282484
0.28011
0.27561
0.268439
0.258199
0.244709
0.228046
0.208566
0.186843
0.163692
0.139282
0.279214
0.279188
0.27912
0.278376
0.276575
0.273129
0.267538
0.259373
0.248365
0.234461
0.217843
0.198926
0.178288
0.156658
0.134408
0.275673
0.275428
0.2748
0.273302
0.270583
0.266144
0.259579
0.250571
0.23897
0.224829
0.20841
0.190157
0.170632
0.150485
0.130176
0.271982
0.271522
0.270352
0.268129
0.26455
0.259207
0.251788
0.242086
0.230054
0.215834
0.199739
0.182223
0.163813
0.145089
0.126522
0.268162
0.267491
0.265802
0.262894
0.25852
0.252368
0.244219
0.233965
0.221652
0.207486
0.191813
0.17508
0.157768
0.140391
0.12339
0.264237
0.263363
0.261185
0.257637
0.252541
0.245678
0.23692
0.22625
0.213787
0.199787
0.18461
0.168682
0.152434
0.136319
0.120723
0.260238
0.259172
0.256539
0.252402
0.246662
0.239188
0.229939
0.218975
0.206478
0.192733
0.178102
0.162981
0.147751
0.132806
0.118472
0.256203
0.254957
0.251906
0.247239
0.240934
0.232948
0.223317
0.212172
0.199736
0.186314
0.172258
0.157929
0.143661
0.129793
0.116586
0.252174
0.250762
0.247337
0.242197
0.235408
0.227005
0.217096
0.205863
0.193566
0.180515
0.167044
0.15348
0.14011
0.127222
0.115022
0.248202
0.246639
0.242884
0.237334
0.230139
0.221408
0.211309
0.200071
0.187971
0.175319
0.162428
0.149589
0.137046
0.125045
0.113739
0.244343
0.242645
0.238605
0.232706
0.225182
0.216204
0.205993
0.194811
0.182949
0.170707
0.158377
0.146213
0.134425
0.123215
0.112697
0.240661
0.238845
0.234566
0.228378
0.220592
0.211438
0.201179
0.1901
0.178499
0.166664
0.154861
0.143315
0.132204
0.121693
0.111862
0.237228
0.23531
0.230836
0.224414
0.216429
0.20716
0.196901
0.185956
0.174622
0.163174
0.151855
0.140862
0.130347
0.120442
0.111204
0.234122
0.23212
0.22749
0.220887
0.212756
0.203419
0.193195
0.182398
0.171321
0.160228
0.149339
0.138828
0.128824
0.119434
0.110695
0.23143
0.229359
0.224612
0.217874
0.209642
0.200272
0.190102
0.17945
0.168608
0.157824
0.1473
0.137193
0.127613
0.118644
0.110314
0.229247
0.227122
0.222293
0.215459
0.207162
0.197783
0.18767
0.177149
0.166502
0.155969
0.145737
0.135948
0.126697
0.118054
0.11004
0.227678
0.225513
0.220632
0.213738
0.205401
0.196024
0.185962
0.17554
0.165037
0.154684
0.144659
0.135094
0.126075
0.11766
0.109867
0.226839
0.224643
0.219741
0.212817
0.204462
0.195089
0.185056
0.174689
0.164266
0.15401
0.144096
0.134649
0.125751
0.117452
0.10977
0.318661
0.321102
0.328609
0.338721
0.352287
0.368663
0.388073
0.410411
0.435673
0.463833
0.494708
0.528019
0.563354
0.599885
0.637039
0.318615
0.321057
0.328556
0.338667
0.352224
0.368585
0.387973
0.410276
0.435485
0.463566
0.494325
0.527473
0.562586
0.598799
0.635618
0.318524
0.320966
0.328451
0.338559
0.352098
0.368431
0.387774
0.410006
0.435108
0.463032
0.493559
0.526382
0.561053
0.59663
0.632781
0.318388
0.320831
0.328327
0.338398
0.35191
0.3682
0.387475
0.409603
0.434544
0.462233
0.492412
0.524748
0.558755
0.593381
0.628534
0.318206
0.32065
0.328126
0.338183
0.35166
0.367893
0.387078
0.409067
0.433795
0.461171
0.490886
0.522575
0.555696
0.58906
0.622887
0.317979
0.320425
0.327881
0.337917
0.351348
0.367511
0.386584
0.408401
0.432863
0.459848
0.488985
0.519867
0.551879
0.583674
0.615853
0.317707
0.320156
0.327592
0.337598
0.350976
0.367054
0.385994
0.407604
0.431749
0.458268
0.486711
0.51663
0.547309
0.577234
0.607442
0.317391
0.319843
0.327256
0.337228
0.350545
0.366525
0.38531
0.406681
0.430458
0.456434
0.48407
0.512872
0.541988
0.569753
0.597666
0.317031
0.319487
0.326874
0.336808
0.350055
0.365924
0.384533
0.405633
0.428992
0.454351
0.481066
0.508598
0.535921
0.561247
0.586534
0.316628
0.319089
0.326448
0.336339
0.349508
0.365254
0.383667
0.404464
0.427356
0.452024
0.477707
0.503816
0.52911
0.551731
0.574046
0.316181
0.31865
0.325977
0.335822
0.348905
0.364515
0.382714
0.403176
0.425554
0.449459
0.473997
0.498535
0.521556
0.541224
0.560194
0.315692
0.318168
0.325463
0.335257
0.348247
0.36371
0.381675
0.401774
0.423592
0.44666
0.469946
0.492759
0.513259
0.529744
0.544957
0.315161
0.317646
0.324907
0.334647
0.347537
0.362842
0.380556
0.400262
0.421476
0.443637
0.465563
0.486498
0.504219
0.517312
0.528294
0.314589
0.317095
0.32431
0.333993
0.346777
0.361914
0.37936
0.398647
0.419215
0.440402
0.460864
0.479761
0.494442
0.503949
0.510145
0.313977
0.316495
0.323673
0.333295
0.345965
0.360923
0.378084
0.396926
0.416807
0.436949
0.455846
0.472541
0.483918
0.489656
0.490411
0.313325
0.315858
0.322995
0.332551
0.345098
0.359862
0.376716
0.395076
0.414217
0.433232
0.450446
0.464752
0.472563
0.474349
0.468891
0.312634
0.315189
0.322283
0.33177
0.34419
0.358751
0.37528
0.393131
0.411486
0.429293
0.444703
0.456407
0.460383
0.458004
0.44537
0.31191
0.314499
0.321562
0.331001
0.34332
0.357716
0.373972
0.391377
0.409018
0.425676
0.439295
0.44826
0.448143
0.441274
0.420256
0.311151
0.313785
0.320833
0.330249
0.342508
0.356803
0.372878
0.389963
0.407046
0.422723
0.434685
0.440862
0.436407
0.424411
0.393514
0.310327
0.312932
0.319855
0.329096
0.34108
0.354975
0.370456
0.386661
0.402453
0.416246
0.425555
0.427997
0.418623
0.400704
0.356439
0.310327
0.312932
0.319855
0.329096
0.34108
0.354975
0.370456
0.386661
0.402453
0.416246
0.425555
0.427997
0.418623
0.400704
0.356439
0.311151
0.313785
0.320833
0.330249
0.342508
0.356803
0.372878
0.389963
0.407046
0.422723
0.434684
0.440862
0.436407
0.424411
0.393514
0.31191
0.314499
0.321562
0.331001
0.34332
0.357716
0.373972
0.391377
0.409017
0.425676
0.439295
0.44826
0.448143
0.441274
0.420256
0.312634
0.315189
0.322283
0.33177
0.34419
0.358751
0.37528
0.393131
0.411486
0.429293
0.444703
0.456407
0.460383
0.458003
0.44537
0.313325
0.315858
0.322995
0.332551
0.345098
0.359862
0.376716
0.395076
0.414217
0.433232
0.450446
0.464752
0.472563
0.474349
0.468891
0.313977
0.316495
0.323673
0.333295
0.345965
0.360923
0.378084
0.396925
0.416807
0.436949
0.455846
0.472541
0.483918
0.489656
0.490411
0.314589
0.317095
0.32431
0.333993
0.346777
0.361914
0.37936
0.398647
0.419215
0.440402
0.460864
0.479761
0.494442
0.503949
0.510145
0.315161
0.317646
0.324907
0.334647
0.347537
0.362842
0.380556
0.400262
0.421476
0.443637
0.465563
0.486497
0.504219
0.517312
0.528294
0.315692
0.318168
0.325463
0.335257
0.348247
0.36371
0.381675
0.401774
0.423592
0.44666
0.469946
0.492759
0.513258
0.529744
0.544957
0.316181
0.31865
0.325977
0.335822
0.348905
0.364515
0.382714
0.403176
0.425554
0.449459
0.473997
0.498535
0.521556
0.541224
0.560194
0.316628
0.319089
0.326448
0.336339
0.349508
0.365254
0.383667
0.404464
0.427356
0.452024
0.477707
0.503816
0.52911
0.551731
0.574046
0.317031
0.319487
0.326874
0.336808
0.350055
0.365924
0.384533
0.405633
0.428992
0.454351
0.481066
0.508598
0.535921
0.561247
0.586534
0.317391
0.319843
0.327256
0.337228
0.350545
0.366525
0.38531
0.406681
0.430458
0.456434
0.48407
0.512872
0.541988
0.569753
0.597666
0.317707
0.320156
0.327592
0.337598
0.350976
0.367054
0.385994
0.407604
0.431749
0.458268
0.486711
0.51663
0.547309
0.577234
0.607442
0.317979
0.320425
0.327881
0.337917
0.351348
0.367511
0.386584
0.4084
0.432863
0.459848
0.488985
0.519867
0.551879
0.583674
0.615853
0.318206
0.32065
0.328126
0.338183
0.35166
0.367893
0.387078
0.409067
0.433795
0.461171
0.490886
0.522575
0.555696
0.58906
0.622887
0.318388
0.320831
0.328327
0.338398
0.35191
0.3682
0.387475
0.409603
0.434544
0.462233
0.492412
0.524748
0.558755
0.593381
0.628534
0.318524
0.320966
0.328451
0.338559
0.352098
0.368431
0.387774
0.410006
0.435108
0.463032
0.493559
0.526382
0.561053
0.59663
0.632781
0.318615
0.321057
0.328556
0.338667
0.352224
0.368585
0.387973
0.410276
0.435485
0.463566
0.494325
0.527473
0.562586
0.598799
0.635618
0.318661
0.321102
0.328609
0.338721
0.352287
0.368663
0.388073
0.410411
0.435673
0.463833
0.494708
0.528019
0.563354
0.599885
0.637039
0.226839
0.224643
0.219741
0.212817
0.204462
0.195089
0.185056
0.174689
0.164266
0.15401
0.144096
0.134648
0.125751
0.117452
0.10977
0.227678
0.225513
0.220632
0.213737
0.205401
0.196024
0.185962
0.17554
0.165037
0.154684
0.144659
0.135094
0.126075
0.11766
0.109867
0.229247
0.227122
0.222293
0.215459
0.207162
0.197782
0.18767
0.177149
0.166502
0.155969
0.145737
0.135947
0.126697
0.118054
0.11004
0.23143
0.229359
0.224612
0.217874
0.209642
0.200272
0.190101
0.17945
0.168608
0.157824
0.1473
0.137193
0.127613
0.118644
0.110314
0.234122
0.23212
0.22749
0.220887
0.212756
0.203419
0.193195
0.182398
0.171321
0.160228
0.149339
0.138828
0.128824
0.119434
0.110695
0.237228
0.23531
0.230836
0.224414
0.216429
0.20716
0.196901
0.185956
0.174622
0.163174
0.151855
0.140862
0.130347
0.120442
0.111204
0.240661
0.238845
0.234566
0.228378
0.220592
0.211438
0.201179
0.1901
0.178499
0.166664
0.154861
0.143315
0.132204
0.121693
0.111862
0.244343
0.242645
0.238605
0.232706
0.225182
0.216204
0.205993
0.194811
0.182948
0.170707
0.158377
0.146213
0.134425
0.123215
0.112696
0.248202
0.246638
0.242884
0.237334
0.230139
0.221408
0.211309
0.200071
0.187971
0.175319
0.162428
0.149589
0.137046
0.125045
0.113739
0.252174
0.250762
0.247337
0.242197
0.235408
0.227005
0.217095
0.205863
0.193566
0.180515
0.167044
0.15348
0.14011
0.127222
0.115022
0.256203
0.254957
0.251906
0.247239
0.240934
0.232948
0.223317
0.212172
0.199736
0.186314
0.172258
0.157929
0.143661
0.129793
0.116586
0.260238
0.259172
0.256539
0.252402
0.246662
0.239188
0.229939
0.218975
0.206478
0.192733
0.178102
0.162981
0.147751
0.132806
0.118472
0.264237
0.263363
0.261185
0.257637
0.252541
0.245678
0.23692
0.22625
0.213787
0.199787
0.18461
0.168682
0.152434
0.136319
0.120723
0.268162
0.267491
0.265802
0.262894
0.25852
0.252368
0.244219
0.233965
0.221651
0.207485
0.191813
0.17508
0.157768
0.140391
0.12339
0.271982
0.271522
0.270352
0.268129
0.26455
0.259207
0.251788
0.242086
0.230054
0.215834
0.199739
0.182223
0.163813
0.145089
0.126522
0.275673
0.275428
0.2748
0.273302
0.270583
0.266144
0.259579
0.250571
0.23897
0.224829
0.20841
0.190157
0.170632
0.150485
0.130175
0.279214
0.279188
0.27912
0.278376
0.276575
0.273129
0.267538
0.259373
0.248365
0.234461
0.217843
0.198925
0.178288
0.156657
0.134408
0.282589
0.282784
0.283286
0.283319
0.282484
0.28011
0.27561
0.268439
0.258198
0.244709
0.228046
0.208566
0.186843
0.163692
0.139282
0.285789
0.286202
0.287279
0.288104
0.288273
0.287039
0.283739
0.277711
0.26842
0.255541
0.239014
0.219111
0.196359
0.17168
0.144861
0.288805
0.289434
0.291085
0.292707
0.293907
0.29387
0.291868
0.287128
0.278972
0.266916
0.250735
0.230583
0.206891
0.180721
0.151213
0.291635
0.292475
0.294693
0.297109
0.299356
0.30056
0.299942
0.296624
0.289788
0.27878
0.26318
0.242995
0.218492
0.190919
0.158407
0.294277
0.295321
0.298095
0.301295
0.304594
0.30707
0.307906
0.306134
0.300798
0.29107
0.27631
0.256345
0.231203
0.202384
0.166517
0.296733
0.297973
0.301287
0.305256
0.309601
0.313365
0.31571
0.31559
0.311925
0.303709
0.290065
0.270613
0.245053
0.215217
0.175621
0.299006
0.300434
0.304268
0.308982
0.314359
0.319414
0.323307
0.324929
0.323088
0.316612
0.304371
0.285758
0.260049
0.229503
0.185791
0.301103
0.302709
0.30704
0.312473
0.318858
0.325195
0.330658
0.334092
0.334215
0.329698
0.319157
0.30174
0.276217
0.245345
0.197142
0.30303
0.304804
0.309609
0.315731
0.323096
0.330697
0.33774
0.343045
0.345262
0.342923
0.334399
0.318579
0.293668
0.262958
0.20997
0.304794
0.306727
0.31198
0.318757
0.327066
0.335905
0.344522
0.351734
0.356147
0.356179
0.349974
0.336164
0.312376
0.282358
0.224473
0.3064
0.308475
0.314139
0.321524
0.330716
0.340721
0.35084
0.359897
0.366469
0.368883
0.365083
0.353472
0.331189
0.302012
0.239147
0.307854
0.310044
0.316069
0.323988
0.333962
0.345003
0.356464
0.367174
0.375687
0.38025
0.378645
0.36911
0.348515
0.319869
0.251829
0.309192
0.311519
0.317913
0.326376
0.337166
0.349326
0.362301
0.374986
0.385987
0.393542
0.395301
0.389344
0.37215
0.34637
0.278381
0.10472
0.102091
0.0994651
0.0968316
0.0941889
0.0915387
0.0888833
0.0862242
0.0835629
0.080901
0.07824
0.0755814
0.0729269
0.0702779
0.0676361
0.0650029
0.06238
0.0597687
0.0571705
0.0545869
0.104719
0.10207
0.0994371
0.0967949
0.0941376
0.0914681
0.0887894
0.0861032
0.083411
0.0807147
0.0780159
0.0753165
0.0726184
0.0699234
0.0672334
0.0645503
0.0618759
0.0592122
0.056561
0.0539241
0.104679
0.101952
0.0992691
0.096579
0.093868
0.091141
0.0884023
0.0856541
0.0828981
0.080136
0.07737
0.074602
0.0718341
0.0690683
0.0663068
0.0635517
0.0608049
0.0580685
0.0553446
0.0526352
0.104654
0.101806
0.0990429
0.0962772
0.0934842
0.0906707
0.0878434
0.0850046
0.0821559
0.0792993
0.0764369
0.0735711
0.070704
0.067838
0.0649752
0.062118
0.0592687
0.0564296
0.0536028
0.0507905
0.104648
0.101634
0.0987567
0.095885
0.0929789
0.0900479
0.0871013
0.0841419
0.0811711
0.0781909
0.0752038
0.0722121
0.0692183
0.0662247
0.0632339
0.0602483
0.0572704
0.0543026
0.0513472
0.0484067
0.104697
0.101472
0.0984476
0.0954396
0.0923895
0.0893101
0.0862137
0.0831035
0.0799807
0.0768474
0.0737062
0.0705596
0.0674102
0.0642606
0.0611134
0.0579711
0.0548367
0.0517124
0.0486008
0.0455046
0.104828
0.101347
0.0981393
0.0949622
0.0917355
0.0884751
0.0851969
0.0819044
0.0785987
0.0752819
0.0719566
0.0686255
0.0652915
0.0619572
0.0586251
0.0552976
0.0519788
0.0486695
0.0453729
0.0420923
0.105076
0.101293
0.0978614
0.0944796
0.0910412
0.0875647
0.08407
0.0805613
0.0770391
0.0735055
0.0699632
0.0664149
0.0628637
0.059312
0.0557599
0.0522063
0.0486858
0.0451666
0.0416565
0.038163
0.10548
0.101345
0.0976455
0.0940205
0.0903327
0.086603
0.0828557
0.0790955
0.0753227
0.0715391
0.0677476
0.0639511
0.0601523
0.0563541
0.0525621
0.0487833
0.0449878
0.0412141
0.0374597
0.0337227
0.106079
0.101538
0.0975211
0.0936096
0.0896307
0.0856064
0.0815658
0.0775143
0.0734516
0.0693794
0.0653005
0.0612178
0.0571338
0.0530515
0.0489738
0.044904
0.040843
0.0367958
0.0327646
0.0287515
0.10692
0.101914
0.0975239
0.0932783
0.0889629
0.0845994
0.0802222
0.0758375
0.0714445
0.0670443
0.0626398
0.0582338
0.0538288
0.0494275
0.0450326
0.0406471
0.0362728
0.0319129
0.0275701
0.0232469
0.108051
0.102515
0.0976876
0.0930545
0.0883523
0.0836001
0.0788382
0.0740739
0.0693055
0.0645338
0.0597614
0.0549908
0.0502246
0.0454652
0.0407149
0.0359769
0.0312526
0.0265447
0.0218559
0.0171883
0.109525
0.103387
0.0980503
0.0929699
0.0878249
0.0826295
0.0774301
0.0722353
0.0670426
0.0618522
0.0566663
0.0514873
0.0463173
0.0411583
0.0360124
0.0308835
0.0257712
0.0206782
0.015607
0.0105595
0.111403
0.10458
0.0986523
0.093057
0.0874068
0.0817074
0.0760119
0.0703307
0.0646602
0.0589997
0.0533512
0.0477166
0.042098
0.0364963
0.0309118
0.0253537
0.0198138
0.0142962
0.00880438
0.00334003
0.11375
0.106154
0.0995387
0.0933516
0.0871259
0.0808541
0.0745967
0.0683664
0.0621582
0.0559704
0.049804
0.0436607
0.0375413
0.0314415
0.0253554
0.019343
0.0133415
0.00736245
0.00141427
-0.00450186
0.116646
0.108173
0.100761
0.0938943
0.0870139
0.080093
0.0732006
0.0663522
0.0595416
0.0527657
0.0460252
0.0393208
0.0326531
0.0260276
0.0194541
0.0128695
0.00634135
-0.000140245
-0.00658369
-0.0129897
0.120179
0.110717
0.102379
0.0947306
0.0871046
0.0794468
0.0718353
0.0642892
0.0568006
0.0493647
0.0419811
0.0346496
0.0273695
0.0201417
0.0129689
0.00584011
-0.00123587
-0.00826138
-0.0152388
-0.0221691
0.124457
0.113879
0.104463
0.0959167
0.087442
0.0789478
0.0705224
0.0621899
0.0539403
0.0457669
0.0376681
0.0296429
0.0216903
0.0138089
0.00600098
-0.00174401
-0.00942377
-0.017038
-0.0245888
-0.0320789
0.129604
0.117767
0.107098
0.0975181
0.0880763
0.0786316
0.0692839
0.0600636
0.0509584
0.0419592
0.0330638
0.0242724
0.0155798
0.00697415
-0.00150928
-0.00992704
-0.0182673
-0.0265181
-0.0346827
-0.0427673
0.135764
0.122512
0.110383
0.099614
0.08907
0.078544
0.0681495
0.0579247
0.0478542
0.0379247
0.0281322
0.0184695
0.00889164
-0.000671275
-0.00974519
-0.0188409
-0.0278716
-0.0367887
-0.0455956
-0.0543003
0.143107
0.128264
0.114435
0.1023
0.0905002
0.0787444
0.0671632
0.055806
0.0446552
0.0336958
0.0229215
0.012329
0.00195112
-0.00813566
-0.0184412
-0.0284389
-0.0382221
-0.0478578
-0.0573548
-0.0667147
0.151822
0.13519
0.119389
0.105686
0.0924559
0.0792979
0.0663649
0.0537193
0.0413388
0.029203
0.0173032
0.00563222
-0.00581069
-0.0170129
-0.0280443
-0.0388443
-0.0494356
-0.0598357
-0.0700498
-0.0800831
0.162122
0.14348
0.125396
0.109907
0.0950521
0.0802997
0.0658332
0.0517311
0.0379658
0.0245129
0.0113642
-0.0014899
-0.0140616
-0.0263149
-0.0383197
-0.0500601
-0.0615338
-0.0727496
-0.0837169
-0.0944447
0.174221
0.153322
0.132619
0.115107
0.098414
0.081852
0.0656476
0.049898
0.0345689
0.0196316
0.00507578
-0.00912129
-0.0229925
-0.0363582
-0.049438
-0.0621882
-0.0745942
-0.0866655
-0.0984127
-0.109846
0.188348
0.164904
0.141226
0.121453
0.102691
0.0840847
0.0659188
0.0483114
0.0312202
0.0146138
-0.00151637
-0.0171701
-0.0323249
-0.0470973
-0.0613991
-0.0752417
-0.0886444
-0.101617
-0.11417
-0.126312
0.204787
0.17843
0.151402
0.129121
0.108041
0.0871329
0.0667615
0.0470624
0.0279837
0.00949593
-0.00840278
-0.0257099
-0.0423808
-0.0585999
-0.0742168
-0.0892477
-0.103717
-0.117634
-0.131009
-0.143854
0.223744
0.193984
0.163198
0.138157
0.1145
0.0910443
0.0682404
0.0462278
0.0249441
0.00436924
-0.0155055
-0.0347211
-0.0530421
-0.0707877
-0.0878406
-0.104164
-0.119775
-0.134685
-0.148906
-0.162452
0.245368
0.212022
0.177291
0.149317
0.122809
0.0965233
0.071009
0.0463931
0.0226124
-0.000349116
-0.0225804
-0.0442771
-0.0641647
-0.0835864
-0.10221
-0.119937
-0.136774
-0.152729
-0.167813
-0.182043
0.270268
0.233435
0.194842
0.163542
0.133542
0.103852
0.0750914
0.0473612
0.0206185
-0.00512024
-0.0297412
-0.0528671
-0.0759889
-0.0975961
-0.117937
-0.137143
-0.155213
-0.172144
-0.187951
-0.202657
0.286106
0.242823
0.202659
0.169419
0.137215
0.10548
0.0746336
0.0447143
0.0157218
-0.0123267
-0.0393938
-0.0648888
-0.0893448
-0.112549
-0.134484
-0.155125
-0.174435
-0.192394
-0.209004
-0.224278
0.0520193
0.0494691
0.0469376
0.0444261
0.041936
0.0394683
0.0370244
0.0346054
0.0322124
0.0298464
0.0275085
0.0251997
0.0229209
0.020673
0.018457
0.0162736
0.0141237
0.0120085
0.00992773
0.00787851
0.0513032
0.0487002
0.0461167
0.0435544
0.0410148
0.0384997
0.0360103
0.0335482
0.0311147
0.0287111
0.0263386
0.0239983
0.0216914
0.0194187
0.0171813
0.0149798
0.0128153
0.0106896
0.0086027
0.00654123
0.0499422
0.0472675
0.0446131
0.0419807
0.0393721
0.0367891
0.0342332
0.031706
0.029209
0.0267437
0.0243112
0.021913
0.0195501
0.0172237
0.0149347
0.0126838
0.0104724
0.00830415
0.00617981
0.00406439
0.0479951
0.0452186
0.0424631
0.0397306
0.0370231
0.0343425
0.0316907
0.0290693
0.02648
0.0239244
0.021404
0.0189201
0.0164742
0.0140673
0.0117005
0.00937451
0.00709078
0.00485579
0.00267152
0.000473553
0.0454835
0.0425799
0.0396981
0.0368403
0.0340087
0.0312053
0.0284321
0.025691
0.0229838
0.0203123
0.0176779
0.0150823
0.0125269
0.0100131
0.00754186
0.00511373
0.00273061
0.000402174
-0.00186763
-0.00417819
0.0424261
0.039368
0.0363325
0.0333221
0.030339
0.0273854
0.0244635
0.0215752
0.0187226
0.0159075
0.0131317
0.0103968
0.00770437
0.00505596
0.00245268
-0.000105124
-0.00261525
-0.00506451
-0.00744621
-0.00989657
0.0388303
0.0355895
0.0323722
0.0291811
0.0260185
0.0228866
0.0197878
0.0167242
0.0136979
0.0107108
0.00776481
0.00486172
0.00200323
-0.000809029
-0.00357383
-0.00629097
-0.00895808
-0.0115586
-0.0140825
-0.0167003
0.0346891
0.0312371
0.0278095
0.0244089
0.0210377
0.0176984
0.0143934
0.0111248
0.00789474
0.00470538
0.00155864
-0.00154361
-0.00459957
-0.00760749
-0.0105661
-0.0134752
-0.0163325
-0.019119
-0.0218212
-0.0246344
0.0300052
0.0263105
0.0226411
0.0189997
0.0153888
0.0118106
0.0082677
0.00476217
0.0012962
-0.00212813
-0.00550885
-0.0088441
-0.012132
-0.0153709
-0.0185594
-0.0216974
-0.0247828
-0.0277961
-0.0307215
-0.033761
0.0247593
0.0207907
0.0168482
0.0129344
0.0090517
0.00520241
0.00138879
-0.002387
-0.00612291
-0.00981697
-0.0134673
-0.0170722
-0.0206299
-0.0241389
-0.0275977
-0.0310065
-0.0343634
-0.0376519
-0.0408578
-0.0441583
0.0189459
0.0146695
0.0104201
0.00620011
0.00201164
-0.00214315
-0.00626224
-0.0103437
-0.0143858
-0.0183868
-0.0223452
-0.0262595
-0.0301284
-0.0339508
-0.0377257
-0.0414526
-0.0451309
-0.0487523
-0.0523117
-0.0559141
0.0125444
0.00792622
0.00333594
-0.00122447
-0.00575314
-0.0102483
-0.0147084
-0.019132
-0.0235177
-0.0278643
-0.0321711
-0.036437
-0.0406616
-0.0448445
-0.0489854
-0.0530836
-0.0571391
-0.0611603
-0.0651645
-0.0691172
0.00553746
0.000542731
-0.00442309
-0.00935851
-0.0142622
-0.019133
-0.02397
-0.0287724
-0.0335396
-0.0382714
-0.0429678
-0.047629
-0.0522556
-0.0568487
-0.0614093
-0.0659358
-0.0704291
-0.0749248
-0.079484
-0.0838437
-0.00209591
-0.0075024
-0.0128784
-0.0182233
-0.0235363
-0.0288173
-0.0340662
-0.0392833
-0.0444692
-0.0496248
-0.0547515
-0.059851
-0.0649257
-0.069979
-0.0750137
-0.0800272
-0.0850204
-0.0900693
-0.09531
-0.10014
-0.0103859
-0.0162376
-0.0220568
-0.0278435
-0.0335981
-0.0393215
-0.0450149
-0.0506798
-0.0563184
-0.0619334
-0.0675278
-0.0731056
-0.0786715
-0.0842316
-0.0897921
-0.0953485
-0.1009
-0.106579
-0.112637
-0.118004
-0.0193579
-0.0256887
-0.0319831
-0.0382424
-0.0444685
-0.0506634
-0.0568299
-0.0629715
-0.0690921
-0.0751964
-0.0812901
-0.0873794
-0.0934722
-0.0995786
-0.105708
-0.111855
-0.118013
-0.124388
-0.131401
-0.137369
-0.0290535
-0.0358935
-0.0426913
-0.0494497
-0.0561719
-0.0628617
-0.0695237
-0.0761634
-0.082787
-0.0894019
-0.0960164
-0.10264
-0.109284
-0.115963
-0.122692
-0.129462
-0.136257
-0.143374
-0.151466
-0.158087
-0.039511
-0.0468883
-0.0542144
-0.0614934
-0.0687304
-0.0759313
-0.0831027
-0.0902524
-0.0973893
-0.104524
-0.111667
-0.118833
-0.126036
-0.133296
-0.140635
-0.148038
-0.155479
-0.163356
-0.172624
-0.179934
-0.0507767
-0.0587156
-0.0665891
-0.0744036
-0.0821659
-0.0898842
-0.0975674
-0.105226
-0.112872
-0.120519
-0.128183
-0.135879
-0.143627
-0.151454
-0.159388
-0.167411
-0.175474
-0.184094
-0.194601
-0.20261
-0.0629079
-0.0714241
-0.0798556
-0.0882101
-0.0964968
-0.104726
-0.112909
-0.12106
-0.129194
-0.137327
-0.145479
-0.153672
-0.161928
-0.170282
-0.178768
-0.187366
-0.195999
-0.205307
-0.217072
-0.225764
-0.075944
-0.0850507
-0.094044
-0.102934
-0.111732
-0.120451
-0.129106
-0.137713
-0.146291
-0.154862
-0.163448
-0.172078
-0.180778
-0.189589
-0.198558
-0.207657
-0.216776
-0.226683
-0.239681
-0.249018
-0.0899438
-0.0996414
-0.109187
-0.118592
-0.127871
-0.13704
-0.146118
-0.155123
-0.16408
-0.173015
-0.181956
-0.190935
-0.199989
-0.209162
-0.218514
-0.228015
-0.237513
-0.247899
-0.262068
-0.272002
-0.104943
-0.115224
-0.125299
-0.135185
-0.144898
-0.154458
-0.163886
-0.173209
-0.182453
-0.191652
-0.20084
-0.210057
-0.219345
-0.228759
-0.238373
-0.248157
-0.25791
-0.268638
-0.283888
-0.294376
-0.120977
-0.131818
-0.142387
-0.1527
-0.162779
-0.172648
-0.182334
-0.191867
-0.201283
-0.210621
-0.219925
-0.229241
-0.238622
-0.248135
-0.257869
-0.2678
-0.277673
-0.288595
-0.304825
-0.315857
-0.138058
-0.149424
-0.160429
-0.171096
-0.181451
-0.191524
-0.201348
-0.210962
-0.22041
-0.229741
-0.239007
-0.248268
-0.257588
-0.267046
-0.276752
-0.286694
-0.296557
-0.307525
-0.32463
-0.336256
-0.156185
-0.168022
-0.179389
-0.190314
-0.200829
-0.210972
-0.220787
-0.23032
-0.239628
-0.24877
-0.257813
-0.266831
-0.275904
-0.285126
-0.294636
-0.304443
-0.314176
-0.325068
-0.34299
-0.355423
-0.175343
-0.187602
-0.19926
-0.210352
-0.220919
-0.231008
-0.240671
-0.249968
-0.258965
-0.267735
-0.27636
-0.284926
-0.293527
-0.302276
-0.311338
-0.320762
-0.330135
-0.340709
-0.359321
-0.373024
-0.195444
-0.208051
-0.219903
-0.231049
-0.241544
-0.251451
-0.26084
-0.269787
-0.278375
-0.286694
-0.294839
-0.302915
-0.311026
-0.319298
-0.327909
-0.336941
-0.345926
-0.35601
-0.374943
-0.390056
-0.216299
-0.228922
-0.240586
-0.25136
-0.261323
-0.270569
-0.279195
-0.287311
-0.295032
-0.302478
-0.309775
-0.31705
-0.324438
-0.332082
-0.34019
-0.34892
-0.357877
-0.368057
-0.388024
-0.406548
-0.238243
-0.250941
-0.262428
-0.272776
-0.28207
-0.290406
-0.297895
-0.304652
-0.310802
-0.316466
-0.321767
-0.326814
-0.331708
-0.336535
-0.341414
-0.346471
-0.35149
-0.357364
-0.373193
-0.398065
0.00454521
1.86063e-05
-0.00448181
-0.00893172
-0.013296
-0.0175344
-0.0216047
-0.025463
-0.0290642
-0.0323624
-0.0353122
-0.0378702
-0.0399958
-0.0416534
-0.042813
-0.0434519
-0.0435557
-0.0431189
-0.0421455
-0.0406492
-0.0386525
-0.0361873
-0.0332889
-0.0300097
-0.0263681
-0.0224949
-0.0182036
-0.0141545
-0.00879423
-0.00582326
0.00310591
-0.00144917
-0.00594792
-0.0103993
-0.0147625
-0.0189898
-0.0230375
-0.0268621
-0.0304188
-0.0336617
-0.0365461
-0.0390292
-0.0410718
-0.0426398
-0.0437049
-0.0442463
-0.0442518
-0.0437178
-0.0426504
-0.0410652
-0.0389863
-0.036447
-0.033483
-0.0301491
-0.026459
-0.0225579
-0.0182205
-0.0142014
-0.0087143
-0.00598394
0.00039824
-0.00422021
-0.00871836
-0.0131744
-0.017536
-0.0217413
-0.0257442
-0.0295024
-0.0329719
-0.0361073
-0.038865
-0.041204
-0.0430877
-0.0444846
-0.04537
-0.0457267
-0.0455467
-0.0448299
-0.0435862
-0.0418347
-0.0396023
-0.0369249
-0.0338396
-0.0304037
-0.0266269
-0.0226666
-0.0182657
-0.0142563
-0.008672
-0.00616726
-0.0035204
-0.00821882
-0.0127076
-0.0171626
-0.0215138
-0.0256788
-0.0296088
-0.0332635
-0.0366
-0.0395741
-0.0421438
-0.044271
-0.0459227
-0.0470718
-0.0476984
-0.0477899
-0.0473463
-0.0463706
-0.0448782
-0.0428931
-0.0404462
-0.0375767
-0.0343232
-0.0307462
-0.026851
-0.0228078
-0.0183262
-0.0143194
-0.00863388
-0.00636639
-0.00859289
-0.0133841
-0.017851
-0.0222944
-0.0266199
-0.0307198
-0.0345423
-0.0380506
-0.0412036
-0.0439586
-0.0462764
-0.0481232
-0.0494708
-0.0502979
-0.0505913
-0.0503466
-0.0495644
-0.0482607
-0.046456
-0.0441793
-0.0414661
-0.0383592
-0.0348994
-0.0311497
-0.0271112
-0.0229664
-0.0183909
-0.0143807
-0.00858635
-0.00657123
-0.0148079
-0.019693
-0.0241168
-0.0285287
-0.0328033
-0.0368032
-0.0404747
-0.0437855
-0.0466972
-0.0491698
-0.051168
-0.0526634
-0.0536341
-0.0540662
-0.0539539
-0.0533005
-0.0521172
-0.0504252
-0.0482527
-0.0456349
-0.0426124
-0.0392317
-0.0355353
-0.0315886
-0.0273885
-0.0231277
-0.0184503
-0.0144281
-0.00852721
-0.00676138
-0.0221666
-0.0271353
-0.0314865
-0.035837
-0.040024
-0.0438779
-0.0473444
-0.0503974
-0.0530023
-0.0551227
-0.0567289
-0.0577991
-0.0583195
-0.0582846
-0.0576979
-0.0565718
-0.0549271
-0.0527929
-0.0502051
-0.0472053
-0.043839
-0.0401561
-0.0362006
-0.0320392
-0.0276654
-0.0232777
-0.0184961
-0.01445
-0.0084559
-0.00691214
-0.030684
-0.0357114
-0.0399505
-0.0441974
-0.0482467
-0.0518956
-0.0550918
-0.0578168
-0.0600409
-0.061733
-0.0628701
-0.063439
-0.0634351
-0.0628631
-0.0617367
-0.0600783
-0.0579189
-0.0552963
-0.0522538
-0.0488394
-0.0451031
-0.0410974
-0.0368679
-0.0324803
-0.0279266
-0.0234042
-0.0185218
-0.0144357
-0.00837327
-0.00699722
-0.0403764
-0.0454203
-0.0494987
-0.0535862
-0.0574322
-0.0608036
-0.0636524
-0.0659693
-0.0677307
-0.0689122
-0.0694996
-0.0694895
-0.0688883
-0.0677119
-0.0659849
-0.0637409
-0.0610209
-0.0578715
-0.0543435
-0.0504904
-0.0463661
-0.0420247
-0.0375132
-0.0328933
-0.0281592
-0.0234966
-0.0185222
-0.0143755
-0.00828223
-0.00699037
-0.0512527
-0.0562513
-0.0601123
-0.0639699
-0.0675308
-0.070538
-0.0729512
-0.0747708
-0.0759807
-0.0765651
-0.0765201
-0.0758539
-0.0745844
-0.0727408
-0.0703586
-0.067483
-0.0641648
-0.0604591
-0.0564235
-0.0521161
-0.047594
-0.0429112
-0.0381161
-0.0332631
-0.0283531
-0.0235465
-0.0184947
-0.0142612
-0.00818777
-0.00686715
-0.0633011
-0.0681723
-0.0717552
-0.0752977
-0.0784748
-0.0810182
-0.0828979
-0.084124
-0.0846891
-0.0845877
-0.0838282
-0.0824313
-0.0804289
-0.0778603
-0.074776
-0.0712315
-0.0672867
-0.0630046
-0.0584485
-0.0536798
-0.0487578
-0.0437347
-0.0386605
-0.0335778
-0.028501
-0.0235475
-0.0184381
-0.0140862
-0.00809657
-0.00660678
-0.0764757
-0.0811194
-0.0843655
-0.0874939
-0.0901729
-0.0921426
-0.0933842
-0.0939164
-0.0937417
-0.092867
-0.091314
-0.0891174
-0.0863222
-0.0829822
-0.0791589
-0.0749181
-0.0703288
-0.06546
-0.0603797
-0.055151
-0.0498345
-0.0444781
-0.0391346
-0.0338288
-0.0285985
-0.0234957
-0.0183536
-0.0138462
-0.00801644
-0.00619375
-0.0906824
-0.0949878
-0.0978486
-0.100453
-0.102507
-0.103786
-0.104283
-0.104021
-0.103013
-0.101282
-0.098864
-0.0958074
-0.0921713
-0.0880228
-0.0834344
-0.0784815
-0.0732402
-0.0677846
-0.0621854
-0.0565057
-0.0508067
-0.0451292
-0.0395308
-0.0340114
-0.0286443
-0.023389
-0.0182439
-0.013539
-0.00795564
-0.00561893
-0.105768
-0.109627
-0.112073
-0.114035
-0.11533
-0.115803
-0.11545
-0.114297
-0.112371
-0.109709
-0.106364
-0.102399
-0.0978858
-0.0929047
-0.0875379
-0.0818689
-0.0759792
-0.0699461
-0.0638418
-0.0577273
-0.0516633
-0.0456812
-0.0398459
-0.0341238
-0.0286394
-0.0232278
-0.0181131
-0.0131643
-0.00792226
-0.00488013
-0.121517
-0.12484
-0.126873
-0.128071
-0.128472
-0.128028
-0.126729
-0.124598
-0.121678
-0.118025
-0.113705
-0.108796
-0.103384
-0.0975603
-0.0914149
-0.0850376
-0.0785137
-0.0719215
-0.0653331
-0.0588056
-0.052399
-0.0461317
-0.0400804
-0.0341673
-0.0285874
-0.0230139
-0.0179666
-0.0127242
-0.00792343
-0.00398198
-0.137649
-0.140394
-0.142048
-0.142363
-0.141745
-0.140288
-0.13796
-0.134778
-0.130804
-0.126112
-0.120784
-0.114914
-0.108597
-0.101935
-0.0950232
-0.0879566
-0.080822
-0.0736968
-0.0666515
-0.0597372
-0.0530138
-0.0464829
-0.040238
-0.0341455
-0.0284935
-0.0227508
-0.0178102
-0.0122222
-0.00796493
-0.00293538
-0.153838
-0.156037
-0.157383
-0.156701
-0.154954
-0.152408
-0.148984
-0.144695
-0.139624
-0.133866
-0.127517
-0.120683
-0.11347
-0.105987
-0.0983335
-0.0906066
-0.0828927
-0.0752666
-0.0677961
-0.0605244
-0.0535121
-0.0467397
-0.040325
-0.0340641
-0.0283641
-0.0224433
-0.0176499
-0.0116636
-0.00805073
-0.00175634
-0.169731
-0.171515
-0.172655
-0.170871
-0.167912
-0.164225
-0.159659
-0.154224
-0.148033
-0.1412
-0.133834
-0.12605
-0.117965
-0.10969
-0.10133
-0.0929792
-0.0847237
-0.0766331
-0.0687721
-0.0611741
-0.0539018
-0.0469102
-0.0403495
-0.0339299
-0.0282063
-0.0220969
-0.0174914
-0.0110549
-0.00818263
-0.000464963
-0.18498
-0.186601
-0.187654
-0.184675
-0.180452
-0.175596
-0.169859
-0.163261
-0.155948
-0.148049
-0.139684
-0.13098
-0.122058
-0.113033
-0.104008
-0.0950764
-0.0863207
-0.0778048
-0.0695893
-0.0616964
-0.0541931
-0.0470036
-0.0403203
-0.0337503
-0.0280276
-0.0217175
-0.0173399
-0.0104035
-0.00836009
0.000915858
-0.199268
-0.201114
-0.202196
-0.197941
-0.192436
-0.186405
-0.179488
-0.171729
-0.163308
-0.154368
-0.145041
-0.135458
-0.125745
-0.116016
-0.106374
-0.096908
-0.0876959
-0.0787944
-0.0702609
-0.0621037
-0.0543978
-0.0470301
-0.040247
-0.0335331
-0.0278349
-0.0213115
-0.0171996
-0.00971774
-0.00858063
0.002362
-0.212343
-0.214933
-0.216137
-0.210538
-0.203764
-0.196571
-0.188478
-0.179576
-0.170078
-0.160136
-0.149892
-0.139481
-0.12903
-0.11865
-0.108442
-0.09849
-0.0888657
-0.0796181
-0.0708018
-0.0624096
-0.0545278
-0.0470002
-0.0401386
-0.0332859
-0.0276345
-0.0208851
-0.0170738
-0.00900611
-0.00884013
0.00384941
-0.224031
-0.228012
-0.229377
-0.222379
-0.214376
-0.206041
-0.19679
-0.186777
-0.176244
-0.165351
-0.154245
-0.143063
-0.131931
-0.120956
-0.110234
-0.0998425
-0.0898491
-0.0802933
-0.0712278
-0.0626277
-0.0545951
-0.0469237
-0.0400036
-0.0330159
-0.0274321
-0.0204444
-0.0169644
-0.00827723
-0.00913325
0.00535516
-0.234251
-0.240372
-0.241869
-0.233427
-0.224251
-0.214797
-0.204411
-0.193329
-0.181813
-0.170027
-0.158119
-0.146227
-0.134472
-0.122956
-0.111771
-0.100988
-0.0906663
-0.0808377
-0.0715543
-0.0627712
-0.0546109
-0.0468098
-0.0398496
-0.0327296
-0.0272323
-0.0199952
-0.0168728
-0.00753955
-0.00945379
0.00685822
-0.243019
-0.252103
-0.25361
-0.24369
-0.233399
-0.222844
-0.211352
-0.19925
-0.186808
-0.17419
-0.161543
-0.149002
-0.136681
-0.12468
-0.113081
-0.101948
-0.0913369
-0.0812685
-0.0717959
-0.0628521
-0.0545851
-0.0466668
-0.0396829
-0.0324328
-0.0270384
-0.0195429
-0.016799
-0.00680108
-0.00979512
0.00834
-0.250469
-0.263358
-0.26464
-0.253216
-0.241857
-0.230205
-0.217637
-0.204567
-0.191259
-0.177871
-0.164549
-0.151418
-0.138589
-0.126153
-0.114186
-0.102744
-0.0918796
-0.0816013
-0.0719655
-0.0628812
-0.0545264
-0.0465017
-0.0395088
-0.0321304
-0.0268532
-0.0190921
-0.0167424
-0.00606912
-0.0101507
0.00978472
-0.256899
-0.274355
-0.275027
-0.262069
-0.249658
-0.236901
-0.223292
-0.209309
-0.195198
-0.181105
-0.16717
-0.15351
-0.140226
-0.127403
-0.115111
-0.103398
-0.0923128
-0.0818516
-0.0720762
-0.0628691
-0.0544432
-0.0463214
-0.0393325
-0.0318273
-0.0266789
-0.0186474
-0.0167023
-0.00535028
-0.0105143
0.0111794
-0.262766
-0.285354
-0.284882
-0.270351
-0.256858
-0.242978
-0.228366
-0.213528
-0.198675
-0.183942
-0.169454
-0.155319
-0.141631
-0.128465
-0.115887
-0.103937
-0.0926582
-0.0820374
-0.0721427
-0.0628276
-0.0543447
-0.0461335
-0.039159
-0.0315287
-0.0265175
-0.0182138
-0.016677
-0.00465165
-0.0108788
0.0125123
-0.268733
-0.296594
-0.29451
-0.278361
-0.263655
-0.248596
-0.232999
-0.217344
-0.201796
-0.186469
-0.171473
-0.156905
-0.14285
-0.129375
-0.11654
-0.104377
-0.0929289
-0.0821674
-0.0721697
-0.0627593
-0.0542315
-0.0459383
-0.0389865
-0.0312349
-0.0263654
-0.017794
-0.0166608
-0.00398122
-0.0112333
0.0137731
-0.276656
-0.308534
-0.304279
-0.286397
-0.270192
-0.253834
-0.237236
-0.220775
-0.204553
-0.18866
-0.173187
-0.158218
-0.143827
-0.130074
-0.117013
-0.104666
-0.0930734
-0.0821945
-0.0721154
-0.0626277
-0.0540713
-0.0457092
-0.0387922
-0.0309291
-0.0262076
-0.0173795
-0.0166447
-0.00333602
-0.0115753
0.014963
-0.29624
-0.321929
-0.312294
-0.292613
-0.274918
-0.25741
-0.240018
-0.222949
-0.206238
-0.189944
-0.174141
-0.1589
-0.144287
-0.130354
-0.11715
-0.104689
-0.0930125
-0.0820649
-0.0719455
-0.0624112
-0.053855
-0.0454395
-0.0385795
-0.0306056
-0.0260563
-0.0169539
-0.0166542
-0.00267596
-0.0119578
0.0161202
-0.348377
-0.331356
-0.312518
-0.292479
-0.274603
-0.257066
-0.239783
-0.22285
-0.206265
-0.190075
-0.174348
-0.159153
-0.14456
-0.130628
-0.117409
-0.104921
-0.0932143
-0.0822247
-0.0720754
-0.0624858
-0.053918
-0.0454189
-0.0385984
-0.0304688
-0.0260808
-0.0166489
-0.0167863
-0.00208811
-0.012394
0.0171032
-0.3672
-0.335315
-0.312737
-0.292368
-0.273978
-0.256137
-0.238701
-0.221679
-0.205045
-0.188838
-0.173119
-0.157956
-0.143415
-0.129549
-0.116409
-0.104005
-0.0923874
-0.081484
-0.0714237
-0.0619081
-0.0534266
-0.0449739
-0.0382481
-0.0301098
-0.0258642
-0.0163055
-0.0167348
-0.00163677
-0.0126318
0.0178746
-0.370953
-0.33386
-0.311242
-0.291107
-0.272477
-0.254492
-0.236989
-0.219937
-0.203303
-0.187128
-0.171467
-0.156384
-0.141942
-0.128188
-0.115167
-0.102886
-0.0913894
-0.0806016
-0.0706519
-0.061234
-0.0528487
-0.0444663
-0.037831
-0.0297179
-0.025589
-0.0159611
-0.0166219
-0.00122256
-0.0127996
0.0186139
-0.370573
-0.331027
-0.309245
-0.289538
-0.270857
-0.252861
-0.235365
-0.21833
-0.201729
-0.185604
-0.170012
-0.155013
-0.140666
-0.127015
-0.114101
-0.101927
-0.0905347
-0.0798453
-0.0699885
-0.060652
-0.0523471
-0.0440215
-0.037463
-0.029366
-0.0253413
-0.0156416
-0.0165199
-0.000827139
-0.0129621
0.0193296
-0.368138
-0.328157
-0.307243
-0.287905
-0.269249
-0.251298
-0.233838
-0.216834
-0.200275
-0.184204
-0.168679
-0.153759
-0.139502
-0.125946
-0.113129
-0.101052
-0.0897541
-0.0791533
-0.0693806
-0.0601172
-0.0518852
-0.0436099
-0.0371225
-0.029037
-0.0251121
-0.0153381
-0.0164288
-0.000445492
-0.0131248
0.0200218
-0.36411
-0.325159
-0.305161
-0.286171
-0.26761
-0.249743
-0.232335
-0.215375
-0.198863
-0.182849
-0.167392
-0.152551
-0.13838
-0.124916
-0.112194
-0.10021
-0.0890029
-0.0784874
-0.0687953
-0.0596023
-0.0514402
-0.0432137
-0.0367945
-0.0287207
-0.0248912
-0.0150472
-0.0163411
-7.96076e-05
-0.0132814
0.0206874
-0.359131
-0.322067
-0.302967
-0.284341
-0.265946
-0.248196
-0.23086
-0.213954
-0.197496
-0.181542
-0.166154
-0.151391
-0.137305
-0.12393
-0.111299
-0.0994049
-0.0882843
-0.0778503
-0.068235
-0.0591095
-0.0510138
-0.0428345
-0.0364796
-0.0284184
-0.0246787
-0.0147699
-0.016256
0.00026851
-0.0134297
0.0213236
-0.353699
-0.319003
-0.300713
-0.282464
-0.264288
-0.246679
-0.22943
-0.212588
-0.196189
-0.180297
-0.164979
-0.150292
-0.136288
-0.122999
-0.110453
-0.0986447
-0.087606
-0.0772488
-0.0677056
-0.0586436
-0.0506102
-0.0424756
-0.0361808
-0.0281322
-0.0244765
-0.0145077
-0.0161744
0.000597575
-0.0135694
0.0219276
-0.348124
-0.316032
-0.298454
-0.280584
-0.26266
-0.245207
-0.228057
-0.211286
-0.19495
-0.179123
-0.163873
-0.149261
-0.135335
-0.122126
-0.109662
-0.0979329
-0.0869707
-0.0766854
-0.0672095
-0.0582068
-0.0502313
-0.0421388
-0.0358998
-0.0278635
-0.0242858
-0.0142617
-0.0160969
0.000906474
-0.0137004
0.022497
-0.342617
-0.313187
-0.29623
-0.278737
-0.261083
-0.243795
-0.22675
-0.210056
-0.193786
-0.178023
-0.16284
-0.148298
-0.134447
-0.121314
-0.108926
-0.0972713
-0.0863802
-0.0761615
-0.0667479
-0.0578004
-0.0498784
-0.0418251
-0.0356376
-0.0276131
-0.0241074
-0.0140326
-0.016024
0.0011941
-0.013822
0.0230293
-0.337326
-0.310497
-0.294081
-0.276955
-0.259577
-0.242455
-0.22552
-0.208905
-0.192702
-0.177002
-0.161883
-0.147409
-0.133628
-0.120566
-0.108248
-0.0966619
-0.0858362
-0.0756789
-0.0663225
-0.0574257
-0.0495527
-0.0415356
-0.0353952
-0.0273821
-0.0239421
-0.0138214
-0.0159561
0.00145936
-0.013934
0.023522
-0.332357
-0.307988
-0.292043
-0.275268
-0.25816
-0.241202
-0.224377
-0.207842
-0.191704
-0.176065
-0.161008
-0.146597
-0.13288
-0.119884
-0.10763
-0.0961068
-0.0853408
-0.0752393
-0.0659348
-0.0570842
-0.0492556
-0.0412716
-0.0351738
-0.0271714
-0.0237908
-0.0136287
-0.0158935
0.00170125
-0.0140358
0.0239729
-0.32779
-0.305685
-0.290149
-0.273701
-0.25685
-0.240048
-0.22333
-0.206873
-0.190799
-0.175218
-0.160219
-0.145866
-0.132208
-0.11927
-0.107075
-0.0956081
-0.0848956
-0.0748442
-0.0655863
-0.0567771
-0.0489882
-0.0410341
-0.0349742
-0.0269817
-0.0236542
-0.0134555
-0.0158368
0.00191882
-0.0141273
0.0243796
-0.323686
-0.303612
-0.288429
-0.272279
-0.255664
-0.239007
-0.22239
-0.206007
-0.189992
-0.174466
-0.159519
-0.145218
-0.131613
-0.118728
-0.106585
-0.0951675
-0.0845024
-0.0744952
-0.0652783
-0.0565057
-0.0487518
-0.0408241
-0.0347975
-0.0268139
-0.0235331
-0.0133024
-0.0157862
0.0021112
-0.014208
0.0247402
-0.320091
-0.301791
-0.286909
-0.271021
-0.254617
-0.238091
-0.221566
-0.20525
-0.18929
-0.173812
-0.158912
-0.144658
-0.131098
-0.118259
-0.106161
-0.0947867
-0.0841625
-0.0741935
-0.065012
-0.0562709
-0.0485472
-0.0406423
-0.0346444
-0.0266688
-0.0234279
-0.0131699
-0.0157422
0.0022776
-0.0142776
0.0250529
-0.317043
-0.300242
-0.285609
-0.269946
-0.253723
-0.237309
-0.220866
-0.204609
-0.188697
-0.173261
-0.158401
-0.144186
-0.130666
-0.117866
-0.105805
-0.0944671
-0.0838773
-0.0739404
-0.0647885
-0.0560739
-0.0483753
-0.0404897
-0.0345158
-0.0265468
-0.0233394
-0.0130586
-0.0157049
0.00241736
-0.0143361
0.0253161
-0.314572
-0.298982
-0.284549
-0.269067
-0.252992
-0.236672
-0.220296
-0.204089
-0.188216
-0.172816
-0.157988
-0.143806
-0.130318
-0.117549
-0.105519
-0.09421
-0.0836478
-0.0737366
-0.0646085
-0.0559153
-0.0482369
-0.0403668
-0.034412
-0.0264486
-0.0232681
-0.012969
-0.0156748
0.00252987
-0.014383
0.0255284
-0.312699
-0.298024
-0.283741
-0.268397
-0.252435
-0.236187
-0.219864
-0.203695
-0.187853
-0.172479
-0.157677
-0.143519
-0.130055
-0.11731
-0.105303
-0.0940163
-0.0834749
-0.0735831
-0.064473
-0.0557957
-0.0481326
-0.0402741
-0.0343338
-0.0263746
-0.0232142
-0.0129015
-0.015652
0.00261468
-0.0144184
0.0256885
-0.311443
-0.297379
-0.283196
-0.267946
-0.25206
-0.235861
-0.219573
-0.20343
-0.187609
-0.172254
-0.157468
-0.143327
-0.129879
-0.11715
-0.105158
-0.0938867
-0.0833592
-0.0734805
-0.0643823
-0.0557158
-0.0480628
-0.0402121
-0.0342815
-0.026325
-0.0231781
-0.0128564
-0.0156368
0.00267142
-0.014442
0.0257958
-0.310811
-0.297054
-0.282922
-0.267719
-0.251871
-0.235696
-0.219426
-0.203297
-0.187487
-0.172141
-0.157364
-0.143231
-0.129791
-0.11707
-0.105086
-0.0938218
-0.0833013
-0.073429
-0.0643369
-0.0556757
-0.0480278
-0.0401811
-0.0342552
-0.0263002
-0.02316
-0.0128337
-0.0156291
0.00269984
-0.0144539
0.0258496
)
;

boundaryField
{
    inlet
    {
        type            zeroGradient;
    }
    outlet
    {
        type            fixedValue;
        value           uniform 0;
    }
    cylinder
    {
        type            zeroGradient;
    }
    top
    {
        type            symmetryPlane;
    }
    bottom
    {
        type            symmetryPlane;
    }
    defaultFaces
    {
        type            empty;
    }
}


// ************************************************************************* //
