/*--------------------------------*- C++ -*----------------------------------*\
  =========                 |
  \\      /  F ield         | OpenFOAM: The Open Source CFD Toolbox
   \\    /   O peration     | Website:  https://openfoam.org
    \\  /    A nd           | Version:  7
     \\/     M anipulation  |
\*---------------------------------------------------------------------------*/
FoamFile
{
    version     2.0;
    format      ascii;
    class       volScalarField;
    location    "10";
    object      p;
}
// * * * * * * * * * * * * * * * * * * * * * * * * * * * * * * * * * * * * * //

dimensions      [0 2 -2 0 0 0 0];

internalField   nonuniform List<scalar> 
6386
(
-0.386992
-0.396622
-0.406609
-0.416907
-0.404413
-0.427465
-0.413254
-0.438224
-0.422276
-0.409891
-0.44912
-0.43143
-0.417933
-0.404247
-0.460088
-0.440664
-0.426067
-0.411411
-0.471057
-0.449919
-0.434244
-0.418633
-0.403138
-0.481951
-0.459133
-0.442409
-0.425865
-0.40952
-0.39376
-0.49269
-0.468235
-0.4505
-0.43305
-0.415859
-0.399294
-0.38346
-0.503188
-0.477149
-0.458447
-0.440122
-0.422088
-0.404682
-0.387922
-0.371532
-0.513345
-0.485786
-0.466169
-0.447001
-0.42813
-0.409844
-0.392068
-0.374433
-0.356466
-0.523055
-0.49405
-0.473572
-0.4536
-0.433892
-0.414688
-0.395814
-0.376826
-0.357226
-0.345669
-0.532197
-0.501832
-0.480556
-0.459815
-0.439274
-0.419111
-0.399062
-0.378635
-0.357351
-0.342587
-0.54064
-0.509014
-0.487006
-0.465536
-0.444162
-0.423
-0.40171
-0.379772
-0.356777
-0.338941
-0.548241
-0.515466
-0.492798
-0.470638
-0.448432
-0.426235
-0.403642
-0.380145
-0.355432
-0.334692
-0.554844
-0.521049
-0.497797
-0.47499
-0.451952
-0.428685
-0.404741
-0.37965
-0.353234
-0.329781
-0.560287
-0.525616
-0.501862
-0.478449
-0.454581
-0.430214
-0.404881
-0.378184
-0.350098
-0.324136
-0.564399
-0.529012
-0.504843
-0.480867
-0.456174
-0.430683
-0.403938
-0.37564
-0.345934
-0.31768
-0.567004
-0.531078
-0.506584
-0.482091
-0.45658
-0.429951
-0.401784
-0.37191
-0.340658
-0.310331
-0.567926
-0.531651
-0.506927
-0.481966
-0.455648
-0.427876
-0.398295
-0.366894
-0.334187
-0.302012
-0.566987
-0.530568
-0.505713
-0.480333
-0.453228
-0.424322
-0.393354
-0.360494
-0.326444
-0.29265
-0.564013
-0.527668
-0.502782
-0.47704
-0.449175
-0.419156
-0.386849
-0.352625
-0.317364
-0.282182
-0.558839
-0.522794
-0.497983
-0.471937
-0.443349
-0.412257
-0.378682
-0.343208
-0.306889
-0.270553
-0.551308
-0.515798
-0.491168
-0.464883
-0.43562
-0.403514
-0.368763
-0.33218
-0.294974
-0.257721
-0.541276
-0.50654
-0.482202
-0.455748
-0.425872
-0.392831
-0.357021
-0.31949
-0.281587
-0.243654
-0.528616
-0.494897
-0.47096
-0.444417
-0.414003
-0.380125
-0.343398
-0.305105
-0.26671
-0.228335
-0.513219
-0.480761
-0.457337
-0.430789
-0.399931
-0.365337
-0.327855
-0.289003
-0.250337
-0.211756
-0.495001
-0.464041
-0.441245
-0.414786
-0.383591
-0.348423
-0.310373
-0.271182
-0.232478
-0.193926
-0.473898
-0.444672
-0.422616
-0.396349
-0.364941
-0.329362
-0.290949
-0.251654
-0.213156
-0.174869
-0.449875
-0.422609
-0.401408
-0.375444
-0.343965
-0.308156
-0.2696
-0.230446
-0.192402
-0.154606
-0.422925
-0.397835
-0.377603
-0.352063
-0.320668
-0.284829
-0.246366
-0.207604
-0.170256
-0.133092
-0.393069
-0.37036
-0.35121
-0.326224
-0.295084
-0.259428
-0.221306
-0.183202
-0.146811
-0.110247
-0.360361
-0.340222
-0.322267
-0.297971
-0.267268
-0.232023
-0.194498
-0.157331
-0.122228
-0.086503
-0.324883
-0.307489
-0.290841
-0.267378
-0.237306
-0.202706
-0.16604
-0.130047
-0.0961962
-0.0621839
-0.286751
-0.272257
-0.257025
-0.234545
-0.205305
-0.171593
-0.136046
-0.101482
-0.0691532
-0.0369154
-0.246107
-0.234653
-0.220943
-0.1996
-0.171398
-0.138817
-0.104648
-0.0717548
-0.0411961
-0.0108308
-0.203127
-0.194829
-0.182747
-0.162698
-0.135735
-0.104535
-0.0719975
-0.0410017
-0.0124231
0.0159062
-0.158009
-0.152969
-0.142613
-0.124001
-0.0985067
-0.068922
-0.0382588
-0.00937612
0.0170345
0.0431324
-0.110961
-0.109291
-0.100735
-0.0837264
-0.059899
-0.0321648
-0.00361179
0.022959
0.047036
0.0706587
-0.0622439
-0.0640213
-0.0573483
-0.0420873
-0.0201246
0.00553368
0.0317526
0.055841
0.0774501
0.0981887
-0.0121712
-0.0173828
-0.0126919
0.00068006
0.0205891
0.0439592
0.0676365
0.0891169
0.108126
0.125186
0.0389999
0.0303307
0.032971
0.0443238
0.0620039
0.0828897
0.103842
0.122629
0.138762
0.150911
0.0909649
0.0788302
0.079364
0.08858
0.103873
0.122103
0.140184
0.15618
0.168767
0.174599
0.1434
0.127816
0.126198
0.133175
0.145945
0.16138
0.176497
0.189561
0.197552
0.197391
0.195975
0.176977
0.173175
0.177827
0.187962
0.200498
0.212575
0.222681
0.22768
0.225872
0.24835
0.225995
0.21999
0.222248
0.229658
0.239212
0.24818
0.255212
0.257449
0.254178
0.300184
0.274544
0.266332
0.266151
0.270769
0.27728
0.283091
0.286967
0.286352
0.28131
0.351134
0.322302
0.311894
0.309246
0.311034
0.314469
0.317099
0.317801
0.314318
0.307259
0.40086
0.368944
0.356368
0.351251
0.350198
0.350553
0.35001
0.347556
0.341236
0.332013
0.449028
0.414153
0.399453
0.391887
0.388011
0.385315
0.381638
0.376078
0.366978
0.355523
0.495311
0.457618
0.440855
0.430887
0.424236
0.418547
0.411807
0.403225
0.391424
0.377723
0.539396
0.499039
0.480292
0.46799
0.458643
0.450052
0.440352
0.42886
0.414467
0.39855
0.580981
0.538128
0.517491
0.50295
0.491014
0.479644
0.467117
0.452856
0.436003
0.417937
0.619781
0.574613
0.552198
0.535535
0.521145
0.507146
0.491955
0.475093
0.455935
0.435819
0.655527
0.608238
0.584172
0.565527
0.548846
0.532398
0.514729
0.495458
0.474171
0.452132
0.687973
0.638766
0.613191
0.592726
0.57394
0.555247
0.535313
0.513847
0.490623
0.466814
0.716893
0.665983
0.639054
0.61695
0.596269
0.575559
0.553595
0.530164
0.505211
0.479806
0.742086
0.689696
0.66158
0.638036
0.615692
0.593212
0.56947
0.544325
0.517864
0.491055
0.763375
0.709735
0.680612
0.655842
0.632083
0.608101
0.582852
0.556255
0.528519
0.500512
0.780609
0.725959
0.696017
0.670249
0.645338
0.620135
0.593662
0.565889
0.53712
0.508132
0.793667
0.73825
0.707685
0.681158
0.655372
0.629242
0.601841
0.573177
0.543622
0.51388
0.802456
0.74652
0.715535
0.688496
0.662119
0.635365
0.607341
0.578078
0.547995
0.517743
0.806912
0.750709
0.719509
0.69221
0.665535
0.638466
0.610128
0.580565
0.550228
0.519756
0.807002
0.750785
0.719579
0.692275
0.665596
0.638524
0.610182
0.580618
0.550289
0.519848
0.802723
0.746746
0.715743
0.68869
0.662301
0.635536
0.607502
0.578231
0.548155
0.517942
0.794104
0.73862
0.708026
0.681476
0.655668
0.629518
0.602099
0.573417
0.54385
0.514106
0.781203
0.726464
0.696482
0.670681
0.64574
0.620507
0.594005
0.566202
0.5374
0.508375
0.764111
0.710363
0.68119
0.656378
0.632579
0.608557
0.583266
0.556625
0.528841
0.500771
0.742947
0.690432
0.662256
0.638662
0.616269
0.593739
0.569943
0.54474
0.518217
0.491327
0.717858
0.66681
0.639814
0.617652
0.596914
0.576143
0.554113
0.530612
0.505583
0.480084
0.68902
0.639666
0.614019
0.59349
0.574638
0.555875
0.535865
0.514317
0.491006
0.46709
0.656633
0.609192
0.58505
0.566337
0.549583
0.533057
0.515303
0.495941
0.474559
0.452402
0.620924
0.575604
0.553111
0.536376
0.521909
0.507826
0.492541
0.47558
0.456322
0.436078
0.582142
0.539137
0.518423
0.503808
0.491792
0.480332
0.467707
0.453342
0.436383
0.418181
0.540554
0.50005
0.481226
0.468851
0.459423
0.450741
0.440939
0.429338
0.414837
0.398776
0.496447
0.458615
0.441779
0.431739
0.425008
0.419227
0.412384
0.403691
0.391781
0.377928
0.450127
0.415123
0.400353
0.39272
0.388766
0.385979
0.382199
0.37653
0.36732
0.355705
0.401909
0.369875
0.357235
0.352055
0.350927
0.351195
0.350552
0.34799
0.341563
0.332174
0.352121
0.323183
0.312718
0.310013
0.311732
0.315085
0.317619
0.318217
0.31463
0.307402
0.301101
0.275369
0.267106
0.266873
0.27143
0.277866
0.283587
0.287365
0.286653
0.281447
0.249191
0.226755
0.220707
0.222922
0.230278
0.239765
0.248653
0.255593
0.257744
0.254334
0.196735
0.17767
0.173832
0.178448
0.188538
0.201017
0.213024
0.223048
0.22798
0.226111
0.144077
0.128438
0.126792
0.133741
0.146476
0.161864
0.176923
0.189917
0.197869
0.197754
0.0915571
0.07938
0.079893
0.0890895
0.104357
0.12255
0.140587
0.156529
0.169091
0.175091
0.0395087
0.0308084
0.033435
0.0447762
0.0624394
0.0832997
0.104219
0.122968
0.139076
0.15132
-0.0117439
-0.016976
-0.0122921
0.00107568
0.0209766
0.0443308
0.0679852
0.0894376
0.108423
0.125513
-0.0618951
-0.0636832
-0.0570111
-0.0417475
-0.0197848
0.00586649
0.0320714
0.0561403
0.0777297
0.0984744
-0.110687
-0.109019
-0.100458
-0.0834405
-0.0596058
-0.0318704
-0.0033231
0.023236
0.0472994
0.0709209
-0.157805
-0.152758
-0.142393
-0.123766
-0.0982587
-0.0686651
-0.0379999
-0.00912147
0.0172813
0.0433764
-0.202988
-0.194677
-0.182581
-0.162513
-0.13553
-0.104314
-0.0717676
-0.0407691
-0.0121926
0.0161351
-0.246028
-0.234554
-0.220827
-0.199461
-0.171234
-0.13863
-0.104446
-0.0715438
-0.0409813
-0.0106151
-0.286725
-0.272207
-0.256954
-0.234448
-0.205179
-0.171439
-0.135871
-0.101292
-0.0689538
-0.0367118
-0.324906
-0.307483
-0.290811
-0.267319
-0.237215
-0.202584
-0.165891
-0.129877
-0.0960111
-0.0619925
-0.360426
-0.340255
-0.322275
-0.297947
-0.267209
-0.231929
-0.194373
-0.157181
-0.122055
-0.0863261
-0.393172
-0.370427
-0.35125
-0.326231
-0.295054
-0.25936
-0.221203
-0.183071
-0.146657
-0.11008
-0.423059
-0.397931
-0.377671
-0.352097
-0.320664
-0.284785
-0.246285
-0.20749
-0.170117
-0.132935
-0.450035
-0.42273
-0.4015
-0.375502
-0.343984
-0.308134
-0.269539
-0.23035
-0.192277
-0.15446
-0.47408
-0.444813
-0.422728
-0.396426
-0.36498
-0.32936
-0.290905
-0.251574
-0.213044
-0.174733
-0.4952
-0.464199
-0.441373
-0.41488
-0.383646
-0.348437
-0.310346
-0.271117
-0.232379
-0.193802
-0.513431
-0.480931
-0.457479
-0.430897
-0.4
-0.365366
-0.327843
-0.288951
-0.250251
-0.211643
-0.528836
-0.495077
-0.471111
-0.444535
-0.414085
-0.380167
-0.343398
-0.305066
-0.266636
-0.228232
-0.541501
-0.506726
-0.482359
-0.455874
-0.425962
-0.392882
-0.357032
-0.319463
-0.281524
-0.243562
-0.551535
-0.515987
-0.49133
-0.465015
-0.435717
-0.403574
-0.368784
-0.332162
-0.294921
-0.257638
-0.559066
-0.522984
-0.498147
-0.472072
-0.44345
-0.412324
-0.378711
-0.3432
-0.306846
-0.27048
-0.564238
-0.527857
-0.502946
-0.477176
-0.44928
-0.419228
-0.386885
-0.352624
-0.31733
-0.282118
-0.567207
-0.530754
-0.505874
-0.480468
-0.453334
-0.424396
-0.393395
-0.360501
-0.326418
-0.292594
-0.568139
-0.531833
-0.507085
-0.482099
-0.455754
-0.427953
-0.39834
-0.366906
-0.334167
-0.301964
-0.56721
-0.531254
-0.506737
-0.482221
-0.456684
-0.430028
-0.401831
-0.371927
-0.340645
-0.31029
-0.564596
-0.529181
-0.504991
-0.480993
-0.456276
-0.43076
-0.403987
-0.375661
-0.345926
-0.317645
-0.560474
-0.525777
-0.502004
-0.47857
-0.45468
-0.430289
-0.404932
-0.378208
-0.350094
-0.324108
-0.555021
-0.521202
-0.497932
-0.475105
-0.452047
-0.428758
-0.404791
-0.379676
-0.353235
-0.329758
-0.548408
-0.51561
-0.492925
-0.470748
-0.448523
-0.426305
-0.403692
-0.380172
-0.355435
-0.334674
-0.540797
-0.50915
-0.487126
-0.465639
-0.444248
-0.423068
-0.401758
-0.3798
-0.356783
-0.338928
-0.532343
-0.501959
-0.480668
-0.459912
-0.439355
-0.419175
-0.399109
-0.378662
-0.357358
-0.342578
-0.52319
-0.494168
-0.473677
-0.45369
-0.433968
-0.414748
-0.395858
-0.376853
-0.357235
-0.345665
-0.51347
-0.485896
-0.466266
-0.447086
-0.4282
-0.4099
-0.392109
-0.374459
-0.503303
-0.47725
-0.458537
-0.4402
-0.422154
-0.404734
-0.38796
-0.371557
-0.492796
-0.468329
-0.450583
-0.433122
-0.415919
-0.399343
-0.383496
-0.482047
-0.459218
-0.442485
-0.425931
-0.409576
-0.393805
-0.471144
-0.449997
-0.434313
-0.418694
-0.403189
-0.460168
-0.440735
-0.426131
-0.411467
-0.449192
-0.431495
-0.417992
-0.404298
-0.438289
-0.422335
-0.409945
-0.427524
-0.413308
-0.41696
-0.404461
-0.406656
-0.396664
-0.239187
-0.249341
-0.258415
-0.266441
-0.273468
-0.279554
-0.284776
-0.289222
-0.292998
-0.296219
-0.299015
-0.215073
-0.22511
-0.23434
-0.242798
-0.250531
-0.257593
-0.264053
-0.269989
-0.27549
-0.280657
-0.285599
-0.193406
-0.203195
-0.212401
-0.221049
-0.229171
-0.236806
-0.243999
-0.250798
-0.257263
-0.263455
-0.269445
-0.173758
-0.183107
-0.192019
-0.200517
-0.208622
-0.216364
-0.223775
-0.230893
-0.23776
-0.244425
-0.250944
-0.156047
-0.164906
-0.173441
-0.181671
-0.189617
-0.197301
-0.20475
-0.211998
-0.219078
-0.226032
-0.232908
-0.140105
-0.14845
-0.156559
-0.164446
-0.172129
-0.179627
-0.186965
-0.194166
-0.201261
-0.208283
-0.215269
-0.125716
-0.133539
-0.141187
-0.148674
-0.156015
-0.163227
-0.170328
-0.177339
-0.184284
-0.191192
-0.198093
-0.112695
-0.119998
-0.127172
-0.134229
-0.141182
-0.148043
-0.154829
-0.161558
-0.168248
-0.174923
-0.181609
-0.100873
-0.107669
-0.11437
-0.120985
-0.127525
-0.134001
-0.140426
-0.146813
-0.15318
-0.159544
-0.165927
-0.0901148
-0.0964202
-0.102655
-0.108827
-0.114945
-0.121018
-0.127055
-0.133068
-0.13907
-0.145076
-0.151102
-0.0802885
-0.0861269
-0.091912
-0.0976502
-0.103348
-0.109013
-0.114654
-0.120278
-0.125897
-0.131521
-0.137163
-0.071306
-0.0766983
-0.0820506
-0.0873678
-0.0926553
-0.0979187
-0.103164
-0.108398
-0.113629
-0.118865
-0.124114
-0.0630704
-0.0680431
-0.0729851
-0.0779004
-0.0827931
-0.0876674
-0.0925282
-0.0973805
-0.10223
-0.107083
-0.111946
-0.0555107
-0.0600904
-0.0646461
-0.069181
-0.0736981
-0.0782009
-0.0826929
-0.0871779
-0.0916599
-0.0961435
-0.100634
-0.0485655
-0.0527785
-0.0569727
-0.0611502
-0.0653136
-0.0694652
-0.0736078
-0.0777442
-0.0818773
-0.0860104
-0.090147
-0.0421783
-0.0460516
-0.0499096
-0.0537541
-0.0575867
-0.0614095
-0.0652244
-0.0690334
-0.0728387
-0.0766427
-0.0804477
-0.0363043
-0.0398634
-0.0434099
-0.0469451
-0.0504703
-0.053987
-0.0574965
-0.0610003
-0.0645001
-0.0679974
-0.0714941
-0.0308992
-0.0341691
-0.0374284
-0.0406781
-0.0439191
-0.0471524
-0.0503791
-0.0536002
-0.0568169
-0.0600303
-0.0632417
-0.0259267
-0.0289309
-0.031926
-0.0349128
-0.0378919
-0.040864
-0.0438298
-0.04679
-0.0497454
-0.052697
-0.0556454
-0.0213519
-0.0241127
-0.0268657
-0.0296112
-0.0323497
-0.0350816
-0.0378075
-0.0405277
-0.0432429
-0.0459536
-0.0486604
-0.017145
-0.0196832
-0.0222144
-0.0247388
-0.0272568
-0.0297684
-0.0322741
-0.0347741
-0.0372688
-0.0397584
-0.0422436
-0.0132777
-0.0156125
-0.017941
-0.0202633
-0.0225794
-0.0248894
-0.0271934
-0.0294917
-0.0317843
-0.0340716
-0.0363536
-0.0386308
-0.00972567
-0.0118748
-0.0140182
-0.0161556
-0.0182871
-0.0204127
-0.0225323
-0.024646
-0.0267538
-0.0288558
-0.0309522
-0.0330429
-0.00646488
-0.00844479
-0.0104193
-0.0123881
-0.0143512
-0.0163084
-0.0182596
-0.0202047
-0.0221437
-0.0240765
-0.0260032
-0.0279237
-0.00347466
-0.00530043
-0.00712101
-0.00893616
-0.0107456
-0.0125493
-0.0143468
-0.0161382
-0.0179231
-0.0197016
-0.0214736
-0.0232388
-0.000735756
-0.00242124
-0.00410174
-0.00577694
-0.00744653
-0.00911026
-0.0107679
-0.0124191
-0.0140638
-0.0157018
-0.0173328
-0.0189567
0.00176922
0.000211257
-0.00134185
-0.00288976
-0.00443211
-0.00596858
-0.00749888
-0.00902272
-0.0105398
-0.01205
-0.0135529
-0.0150485
0.00405611
0.00261395
0.00117653
-0.000255751
-0.00168252
-0.00310341
-0.00451808
-0.00592621
-0.00732749
-0.00872164
-0.0101084
-0.0114875
0.00613928
0.00480212
0.00346962
0.00214219
0.000820247
-0.000495834
-0.00180568
-0.00310894
-0.00440528
-0.00569438
-0.00697593
-0.00824967
0.0080317
0.0067896
0.00555206
0.00431954
0.00309246
0.00187122
0.000656197
-0.000552226
-0.0017537
-0.00294788
-0.00413445
-0.0053131
0.00974528
0.00858898
0.00743719
0.00629035
0.00514889
0.00401323
0.00288376
0.00176086
0.000644893
-0.00046378
-0.00156483
-0.00265794
0.0112903
0.0102112
0.00913665
0.00806695
0.00700256
0.00594389
0.00489135
0.00384532
0.00280618
0.00177427
0.000749945
-0.000266482
0.0126763
0.0116665
0.0106611
0.00966057
0.00866524
0.00767554
0.00669188
0.00571465
0.0047442
0.0037809
0.00282509
0.00187708
0.0139111
0.0129632
0.0120196
0.0110807
0.010147
0.00921874
0.00829643
0.00738043
0.00647108
0.00556875
0.00467377
0.00378646
0.0150022
0.0141091
0.0132202
0.0123359
0.0114566
0.0105827
0.00971466
0.00885274
0.00799733
0.00714876
0.00630737
0.00547346
0.015955
0.0151099
0.014269
0.0134326
0.0126011
0.0117749
0.0109543
0.0101397
0.00933138
0.00852975
0.00773508
0.00694768
0.0167742
0.0159708
0.0151714
0.0143764
0.0135862
0.0128011
0.0120215
0.0112476
0.0104799
0.00971865
0.0089641
0.00821657
0.0174621
0.0166942
0.0159301
0.0151703
0.0144152
0.013665
0.01292
0.0121807
0.0114473
0.01072
0.00999922
0.00928517
0.018021
0.0172822
0.0165472
0.0158164
0.01509
0.0143684
0.0136518
0.0129406
0.0122351
0.0115355
0.0108421
0.0101552
0.0184481
0.0177325
0.0170207
0.0163128
0.0156093
0.0149103
0.0142162
0.0135272
0.0128435
0.0121655
0.0114933
0.0108272
0.0187429
0.0180436
0.0173479
0.016656
0.0159684
0.0152851
0.0146064
0.0139327
0.013264
0.0126007
0.011943
0.011291
0.0188943
0.0182063
0.0175218
0.0168411
0.0161643
0.0154916
0.0148232
0.0141592
0.0135
0.0128455
0.0121961
0.0115519
0.167739
0.139922
0.112438
0.0872681
0.0622192
0.0372953
0.0128767
-0.0109317
-0.0340817
-0.0565158
-0.0781523
-0.0986982
-0.118494
-0.137327
-0.1551
-0.171828
-0.187498
-0.202083
-0.215563
-0.227932
0.154613
0.129313
0.102738
0.0795428
0.056988
0.0345481
0.0126457
-0.00859052
-0.0291646
-0.0490565
-0.0682599
-0.0867545
-0.104074
-0.120975
-0.137013
-0.152163
-0.16646
-0.179903
-0.192484
-0.204204
0.137115
0.11344
0.0891121
0.0683321
0.0485112
0.028861
0.00970579
-0.00882336
-0.0267551
-0.0440954
-0.0608307
-0.0769331
-0.0922191
-0.107225
-0.121524
-0.135112
-0.148046
-0.160339
-0.171992
-0.18301
0.120852
0.0996417
0.0781901
0.0598755
0.0424707
0.0252166
0.00837286
-0.00792644
-0.0237072
-0.038989
-0.0537712
-0.0680843
-0.0819724
-0.0949879
-0.107717
-0.11997
-0.131703
-0.142937
-0.153686
-0.163956
0.106818
0.0879727
0.0691925
0.0530769
0.0377481
0.0225583
0.00771675
-0.00665718
-0.0205852
-0.0340909
-0.0471754
-0.0598406
-0.0720879
-0.0838206
-0.0953402
-0.106434
-0.117105
-0.127389
-0.137301
-0.14685
0.0949244
0.0781376
0.0617036
0.0475179
0.0339881
0.0205868
0.00748459
-0.00522118
-0.0175508
-0.0295291
-0.0411631
-0.0524576
-0.0634242
-0.074061
-0.0843572
-0.094378
-0.104096
-0.113515
-0.122648
-0.131508
0.0848162
0.0698602
0.0554863
0.0430026
0.0310464
0.0192003
0.00760747
-0.00365463
-0.0146051
-0.0252674
-0.0356504
-0.0457606
-0.0556124
-0.0652231
-0.0744927
-0.0835819
-0.0924495
-0.101085
-0.1095
-0.117706
0.0762415
0.0629253
0.0503458
0.0393495
0.0287654
0.0182694
0.00798547
-0.00202503
-0.0117799
-0.0212998
-0.0305935
-0.039667
-0.0485295
-0.0571882
-0.0656192
-0.0739153
-0.0820102
-0.0899191
-0.0976638
-0.105254
0.0689939
0.0571374
0.046111
0.0364068
0.0270168
0.0176937
0.0085466
-0.000375777
-0.00908968
-0.0176125
-0.0259514
-0.034111
-0.0420954
-0.0498883
-0.0574418
-0.06514
-0.0725802
-0.0798335
-0.0869604
-0.0939725
0.0628782
0.0523145
0.0426291
0.0340457
0.0256955
0.0173926
0.00923406
0.00125814
-0.00655062
-0.0142081
-0.0217223
-0.0290994
-0.0363491
-0.0435032
-0.05061
-0.0573206
-0.0640415
-0.0707031
-0.0772648
-0.083732
0.0577223
0.0483008
0.0397736
0.0321635
0.0247206
0.0173084
0.0100139
0.00286737
-0.00414485
-0.0110358
-0.0178114
-0.0244756
-0.0310321
-0.0374863
-0.0438474
-0.0500884
-0.0562735
-0.0623903
-0.0684277
-0.074391
0.0533798
0.0449662
0.0374408
0.0306773
0.024028
0.0173955
0.0108582
0.00444046
-0.00187027
-0.00808472
-0.0142076
-0.0202426
-0.0261935
-0.0320649
-0.0378608
-0.0435793
-0.0492412
-0.0548418
-0.0603826
-0.065869
0.0497276
0.0422025
0.0355451
0.0295198
0.0235663
0.0176184
0.0117471
0.00597168
0.00028101
-0.00533376
-0.0108764
-0.0163497
-0.0217571
-0.0271023
-0.0323877
-0.037612
-0.0427991
-0.0479328
-0.0530187
-0.0580633
0.0466618
0.0399203
0.0340164
0.0286363
0.0232945
0.0179494
0.0126655
0.00745809
0.00231732
-0.00276405
-0.00778883
-0.0127592
-0.0176778
-0.0225473
-0.0273691
-0.0321419
-0.0368936
-0.0416005
-0.0462686
-0.0509043
0.0440948
0.0380451
0.0327965
0.0279817
0.0231789
0.018366
0.0136015
0.00889757
0.00424549
-0.00036068
-0.00492309
-0.00944348
-0.013924
-0.018367
-0.0227772
-0.0271603
-0.0314827
-0.0357888
-0.0400729
-0.0443312
0.0419529
0.0365146
0.0318373
0.0275189
0.0231924
0.0188506
0.0145466
0.0102906
0.00607447
0.00189367
-0.00225328
-0.00636751
-0.0104505
-0.0145036
-0.0185289
-0.0225285
-0.0264977
-0.0304479
-0.0343782
-0.0382878
0.0401736
0.0352766
0.0310983
0.0272167
0.0233119
0.0193878
0.0154933
0.0116362
0.00780953
0.00400963
0.000235571
-0.00351334
-0.00723815
-0.01094
-0.0146201
-0.0182796
-0.0219178
-0.025539
-0.0291434
-0.0327314
0.0387035
0.0342869
0.0305451
0.0270483
0.0235176
0.0199649
0.0164348
0.0129337
0.0094556
0.00599735
0.00255857
-0.000861072
-0.00426227
-0.00764579
-0.0110124
-0.0143629
-0.017697
-0.0210176
-0.0243244
-0.027618
0.0374967
0.0335072
0.0301478
0.0269909
0.0237924
0.0205703
0.0173652
0.0141823
0.0110163
0.00786479
0.00472768
0.00160491
-0.0015039
-0.00459921
-0.00768152
-0.0107511
-0.0138079
-0.0168546
-0.0198894
-0.0229131
0.0365138
0.0329048
0.0298809
0.0270244
0.0241215
0.021194
0.018279
0.0153809
0.0124949
0.00961908
0.00675371
0.00389895
0.00105469
-0.00177929
-0.00460315
-0.00741651
-0.0102184
-0.0130182
-0.0158058
-0.0185831
0.0357203
0.0324509
0.0297218
0.027131
0.0244914
0.0218268
0.019171
0.0165278
0.0138929
0.0112649
0.00864404
0.00603077
0.00342512
0.000827056
-0.00176347
-0.00434694
-0.00692401
-0.00948793
-0.0120469
-0.0145996
0.0350863
0.0321207
0.0296509
0.0272955
0.0248905
0.0224608
0.020037
0.0176223
0.015213
0.012808
0.0104078
0.00801284
0.00562339
0.00323959
0.000861586
-0.00151067
-0.0038774
-0.00623538
-0.00858863
-0.0109363
0.0345857
0.0318922
0.0296509
0.0275041
0.0253085
0.0230888
0.0208727
0.018663
0.0164564
0.0142521
0.0120507
0.00985284
0.0076588
0.00546884
0.00328324
0.00110222
-0.00107405
-0.00324457
-0.00541027
-0.00757077
0.0341957
0.0317465
0.0297067
0.027745
0.0257363
0.0237045
0.0216745
0.0196488
0.0176244
0.0156008
0.0135788
0.0115589
0.00954156
0.00752711
0.0055159
0.00350829
0.00150457
-0.00049464
-0.00248952
-0.00447971
0.0338966
0.0316667
0.0298049
0.0280077
0.026166
0.0243025
0.0224393
0.0205787
0.0187182
0.0168575
0.0149972
0.0131381
0.0112805
0.00942487
0.0075717
0.00572135
0.00387423
0.00203084
0.0001913
-0.00164399
0.0336711
0.0316386
0.0299342
0.0282831
0.0265907
0.0248779
0.0231645
0.0214522
0.0197392
0.0180252
0.0163108
0.0145968
0.0128836
0.0111718
0.00946182
0.00775408
0.00604904
0.0043472
0.00264884
0.000954391
0.0335044
0.0316494
0.0300845
0.0285635
0.0270046
0.025427
0.0238478
0.0222689
0.0206886
0.0191067
0.0175239
0.015941
0.0143584
0.0127767
0.0111964
0.00961786
0.00804169
0.00646834
0.00489817
0.00333165
0.0333838
0.0316887
0.0302474
0.0288422
0.0274029
0.0259464
0.0244878
0.0230287
0.0215677
0.0201049
0.0186408
0.0171762
0.0157116
0.0142476
0.0127846
0.0113231
0.00986374
0.0084069
0.00695302
0.00550261
0.0332985
0.0317473
0.0304159
0.0291138
0.0277814
0.0264335
0.0250831
0.0237316
0.0223781
0.0210224
0.0196654
0.0183075
0.0169495
0.0155918
0.0142349
0.0128793
0.0115257
0.0101744
0.00882585
0.00748066
0.0332395
0.0318178
0.0305839
0.0293738
0.028137
0.0268864
0.025633
0.0243783
0.0231212
0.021862
0.0206013
0.0193397
0.0180778
0.016816
0.015555
0.0142951
0.0130371
0.0117813
0.0105279
0.00927795
0.0331994
0.0318938
0.0307467
0.0296185
0.0284673
0.0273037
0.0261373
0.0249692
0.0237989
0.0226263
0.0214523
0.0202773
0.0191019
0.0179266
0.0167519
0.0155784
0.0144066
0.013237
0.0120697
0.0109056
0.0331722
0.0319707
0.0309005
0.0298452
0.0287702
0.0276845
0.0265958
0.0255053
0.0244126
0.0233177
0.0222214
0.0211241
0.0200264
0.0189288
0.0178317
0.0167358
0.0156414
0.014549
0.0134598
0.0123734
0.0331533
0.0320444
0.0310425
0.030052
0.0290448
0.0280284
0.027009
0.0259878
0.0249643
0.0239389
0.022912
0.0218843
0.0208562
0.0198282
0.0188008
0.0177745
0.0167498
0.0157271
0.014707
0.0136899
0.033139
0.0321123
0.0311706
0.0302374
0.0292903
0.0283352
0.0273773
0.0264175
0.0254557
0.024492
0.023527
0.0225612
0.021595
0.0206291
0.0196637
0.0186995
0.0177368
0.0167762
0.0158181
0.0148629
0.033127
0.0321725
0.0312836
0.0304006
0.0295063
0.0286053
0.0277016
0.026796
0.0258884
0.0249793
0.0240689
0.0231579
0.0222466
0.0213355
0.0204251
0.0195159
0.0186082
0.0177025
0.0167994
0.0158991
0.0331155
0.0322237
0.0313806
0.0305413
0.0296929
0.0288389
0.0279824
0.0271241
0.026264
0.0254025
0.02454
0.0236768
0.0228136
0.0219507
0.0210885
0.0202275
0.0193681
0.0185107
0.0176558
0.0168037
0.0331041
0.0322657
0.0314616
0.0306597
0.0298506
0.0290369
0.0282209
0.0274032
0.026584
0.0257635
0.0249422
0.0241205
0.0232988
0.0224775
0.021657
0.0208378
0.0200202
0.0192046
0.0183915
0.0175812
0.0330921
0.0322979
0.0315263
0.0307554
0.0299791
0.0291991
0.028417
0.0276334
0.0268486
0.0260627
0.0252762
0.0244895
0.023703
0.022917
0.0221319
0.0213481
0.020566
0.019786
0.0190084
0.0182337
0.0330809
0.0323219
0.0315761
0.0308301
0.03008
0.0293271
0.0285725
0.0278166
0.0270597
0.026302
0.025544
0.024786
0.0240282
0.0232712
0.0225152
0.0217606
0.0210078
0.0202571
0.0195088
0.0187634
0.0330691
0.0323358
0.0316087
0.0308809
0.0301503
0.0294177
0.0286837
0.0279488
0.0272132
0.0264772
0.0257412
0.0250054
0.0242702
0.0235359
0.0228029
0.0220714
0.0213417
0.0206142
0.0198893
0.0191671
0.0330622
0.0323452
0.0316301
0.0309141
0.0301963
0.0294773
0.0287573
0.0280368
0.027316
0.0265951
0.0258744
0.0251542
0.0244348
0.0237165
0.0229996
0.0222843
0.021571
0.0208599
0.0201514
0.0194456
0.0330529
0.0323406
0.0316282
0.0309153
0.0302017
0.0294877
0.0287735
0.0280594
0.0273457
0.0266326
0.0259202
0.025209
0.0244991
0.0237907
0.0230841
0.0223795
0.0216771
0.0209772
0.0202799
0.0195855
0.185728
0.187102
0.190349
0.19485
0.200571
0.207281
0.214836
0.223042
0.231684
0.240495
0.24914
0.257206
0.264184
0.26946
0.272311
0.27192
0.26739
0.257812
0.24225
0.219536
0.182091
0.184392
0.185701
0.188782
0.193049
0.198436
0.204712
0.211708
0.219212
0.226985
0.234731
0.242095
0.248644
0.253863
0.257149
0.257824
0.255148
0.248357
0.236706
0.219525
0.196312
0.162493
0.182931
0.184175
0.187084
0.191098
0.19613
0.201946
0.208361
0.215148
0.222049
0.228759
0.234911
0.240075
0.243754
0.245387
0.244368
0.240067
0.23187
0.219221
0.201719
0.179445
0.148745
0.181333
0.182502
0.185219
0.188957
0.193603
0.198923
0.204715
0.210737
0.21672
0.222345
0.227242
0.23099
0.233115
0.233105
0.230428
0.224564
0.215045
0.201499
0.18372
0.161967
0.13354
0.179594
0.180681
0.183196
0.18664
0.190882
0.195684
0.200831
0.20607
0.211122
0.215662
0.219324
0.221702
0.222356
0.220828
0.21667
0.209471
0.198899
0.184743
0.166952
0.145866
0.119686
0.17771
0.178712
0.181014
0.184153
0.187976
0.192247
0.196738
0.20119
0.205319
0.208801
0.211282
0.21238
0.211696
0.208838
0.20344
0.1952
0.183908
0.169482
0.151994
0.131825
0.107792
0.175679
0.176591
0.178674
0.181495
0.184888
0.188617
0.192446
0.196115
0.199337
0.201799
0.203163
0.203081
0.201202
0.197199
0.190792
0.181774
0.170041
0.155612
0.138641
0.119513
0.0974747
0.173497
0.174316
0.176172
0.178667
0.181621
0.184802
0.18797
0.190864
0.193205
0.194693
0.195015
0.193859
0.190927
0.185959
0.178753
0.169186
0.157241
0.143008
0.126694
0.108671
0.0884944
0.171163
0.171885
0.17351
0.175671
0.178182
0.180813
0.183325
0.185464
0.186958
0.187528
0.18689
0.184773
0.180933
0.175172
0.167359
0.157447
0.145479
0.131598
0.11604
0.099155
0.0807122
0.168676
0.169299
0.170689
0.172513
0.174579
0.176664
0.178533
0.179941
0.180632
0.180348
0.178839
0.175877
0.171271
0.164882
0.15664
0.146555
0.13472
0.121311
0.106571
0.0908276
0.0739913
0.166037
0.166559
0.167713
0.169198
0.170822
0.17237
0.173615
0.174325
0.174262
0.173195
0.17091
0.167221
0.161986
0.15512
0.146605
0.136495
0.124918
0.112064
0.0981775
0.0835539
0.0681981
0.163247
0.163668
0.164586
0.165733
0.166923
0.167948
0.168595
0.168645
0.167884
0.16611
0.163144
0.158843
0.15311
0.145906
0.137254
0.127241
0.116016
0.103776
0.0907513
0.0772097
0.063213
0.16031
0.160629
0.161314
0.162129
0.162895
0.163417
0.163495
0.16293
0.161533
0.159131
0.155581
0.150778
0.144668
0.137248
0.128575
0.118758
0.107956
0.096362
0.0841922
0.0716833
0.0589297
0.15723
0.157449
0.157906
0.158397
0.158753
0.158795
0.15834
0.15721
0.155241
0.15229
0.14825
0.143052
0.136674
0.129147
0.120549
0.111005
0.100675
0.0897442
0.0784076
0.0668744
0.0552546
0.154013
0.154135
0.154369
0.154548
0.154514
0.154104
0.153156
0.151513
0.149038
0.145619
0.14118
0.135683
0.129137
0.121595
0.113153
0.10394
0.0941136
0.083846
0.073312
0.0626939
0.0521057
0.150669
0.150694
0.150717
0.150596
0.150194
0.149365
0.147966
0.145866
0.142952
0.139144
0.134391
0.128685
0.122057
0.114579
0.106354
0.0975149
0.08821
0.0785963
0.0688276
0.0590626
0.0494116
0.147205
0.147139
0.14696
0.146558
0.145812
0.144599
0.142795
0.140293
0.137009
0.132884
0.127898
0.122063
0.115429
0.108079
0.100121
0.0916843
0.0829064
0.0739286
0.0648843
0.0559108
0.0471102
0.143633
0.143481
0.143113
0.142448
0.141388
0.139827
0.137665
0.134819
0.131228
0.126859
0.121713
0.11582
0.109244
0.102074
0.0944192
0.0864015
0.0781474
0.0697816
0.0614187
0.0531769
0.0451475
0.139966
0.139733
0.13919
0.138284
0.136939
0.13507
0.132598
0.129464
0.125629
0.121082
0.11584
0.109951
0.103487
0.0965379
0.0892117
0.0816213
0.0738809
0.0660994
0.0583742
0.0508069
0.0434766
0.136218
0.13591
0.135208
0.134084
0.132486
0.130348
0.127614
0.124246
0.120226
0.115561
0.110284
0.104451
0.0981408
0.0914443
0.0844628
0.0773004
0.0700583
0.0628308
0.0557001
0.0487533
0.0420567
0.132405
0.132028
0.131184
0.129867
0.128047
0.125681
0.122732
0.119182
0.115032
0.110303
0.105041
0.0993091
0.0931875
0.0867655
0.0801375
0.0733975
0.0666347
0.0599297
0.0533513
0.0469741
0.0408519
0.128542
0.128105
0.127136
0.125651
0.123642
0.121087
0.117969
0.114286
0.110055
0.105311
0.100107
0.0945127
0.0886063
0.0824736
0.0762015
0.069874
0.0635687
0.0573543
0.0512877
0.0454325
0.0398312
0.124649
0.124159
0.123082
0.121454
0.11929
0.116585
0.11334
0.109569
0.105302
0.100585
0.0954767
0.0900479
0.084376
0.0785411
0.0726222
0.0666938
0.0608227
0.055067
0.0494734
0.0440962
0.0389673
0.120745
0.120209
0.119042
0.117297
0.115009
0.11219
0.108858
0.10504
0.100777
0.0961231
0.0911404
0.0858996
0.0804751
0.0749412
0.069369
0.0638237
0.0583626
0.0530343
0.047877
0.0429369
0.0382364
0.116848
0.116275
0.115035
0.113198
0.110816
0.107918
0.104535
0.100707
0.0964831
0.091922
0.0870886
0.0820521
0.0768827
0.0716486
0.0664131
0.0612331
0.0561573
0.0512261
0.0464706
0.0419296
0.0376178
0.112979
0.112376
0.111081
0.109175
0.106728
0.103782
0.100382
0.0965758
0.09242
0.0879765
0.0833107
0.0784894
0.0735783
0.0686391
0.0637281
0.0588944
0.0541792
0.049616
0.0452295
0.0410528
0.0370934
0.10916
0.108535
0.1072
0.105247
0.10276
0.0997963
0.0964076
0.0926509
0.0885874
0.0842808
0.0797957
0.075196
0.0705423
0.0658904
0.0612897
0.0567825
0.0524036
0.0481803
0.0441324
0.0402875
0.0366478
0.105412
0.104771
0.103411
0.101431
0.0989291
0.0959718
0.0926197
0.0889357
0.0849838
0.0808285
0.0765328
0.0721569
0.0677566
0.0633818
0.059076
0.0548752
0.0508086
0.0468985
0.0431605
0.0396176
0.0362675
0.101754
0.101105
0.099733
0.0977453
0.0952486
0.0923197
0.0890254
0.0854325
0.081607
0.077613
0.0735112
0.069358
0.0652043
0.0610947
0.0570672
0.0531525
0.049375
0.0457526
0.0422978
0.0390291
0.0359414
0.0982103
0.0975573
0.0961856
0.0942058
0.0917327
0.0888504
0.0856309
0.0821435
0.0784549
0.0746281
0.070721
0.0667863
0.0628701
0.0590124
0.0552459
0.051597
0.048086
0.0447273
0.0415303
0.0385104
0.0356599
0.0948003
0.0941492
0.0927877
0.0908292
0.0883946
0.0855737
0.082442
0.0790703
0.0755252
0.0718678
0.0681532
0.0644301
0.0607406
0.05712
0.053597
0.0501939
0.0469274
0.0438093
0.0408466
0.0380515
0.0354151
0.0915458
0.0909007
0.0895577
0.0876317
0.0852473
0.082499
0.0794644
0.0762148
0.072816
0.0693269
0.0657997
0.0622793
0.058804
0.055405
0.0521073
0.0489301
0.0458871
0.0429876
0.0402369
0.0376445
0.0352006
0.0884676
0.087832
0.0865142
0.084629
0.0823037
0.0796356
0.0767037
0.0735792
0.0703261
0.0670013
0.0636538
0.0603253
0.0570502
0.0538566
0.0507661
0.0477951
0.044955
0.0422532
0.0396933
0.0372827
0.0350116
0.085587
0.0849634
0.0836754
0.081837
0.0795765
0.0769931
0.0741662
0.0711662
0.0680553
0.0648881
0.0617105
0.0585611
0.0554714
0.0524661
0.0495645
0.0467803
0.0441232
0.0415987
0.0392097
0.0369613
0.0348441
0.0829251
0.0823152
0.08106
0.0792719
0.077079
0.0745814
0.0718586
0.0689794
0.0660044
0.0629855
0.0599661
0.0569818
0.0540614
0.051227
0.0484956
0.045879
0.0433853
0.0410188
0.0387814
0.0366765
0.0346955
0.0805036
0.0799083
0.0786871
0.0769503
0.074825
0.0724115
0.0697887
0.067024
0.0641758
0.0612939
0.058419
0.0555843
0.0528162
0.0501346
0.0475547
0.0450866
0.042737
0.0405095
0.0384051
0.0364259
0.034564
0.0783448
0.0777641
0.0765765
0.0748897
0.0728294
0.0704953
0.0679657
0.0653063
0.0625737
0.0598151
0.0570695
0.0543677
0.0517339
0.0491865
0.0467389
0.0444001
0.0421757
0.0400685
0.0380789
0.036208
0.0344488
0.0764723
0.0759055
0.0747494
0.0731092
0.0711085
0.0688466
0.0664007
0.0638351
0.0612042
0.0585537
0.0559203
0.0533332
0.0508149
0.0483824
0.0460475
0.0438186
0.0417002
0.0396947
0.0378021
0.0360224
0.0343497
0.0749115
0.0743568
0.0732287
0.0716295
0.069681
0.0674815
0.0651073
0.0626212
0.0600763
0.0575164
0.0549767
0.0524848
0.0500621
0.0477241
0.0454819
0.043343
0.0413114
0.0393889
0.0375753
0.0358699
0.0342678
0.0736898
0.0731452
0.07204
0.0704744
0.068568
0.0664186
0.0641017
0.0616789
0.0592019
0.0567132
0.0542468
0.0518293
0.0494808
0.0472161
0.0450457
0.0429761
0.0410113
0.0391526
0.0373996
0.0357511
0.0342029
0.0728385
0.0723006
0.0712122
0.0696709
0.0677947
0.0656808
0.0634044
0.0610261
0.0585968
0.0561578
0.0537425
0.0513767
0.0490796
0.0468657
0.0447448
0.0427232
0.0408045
0.0389899
0.0372789
0.0356699
0.0341594
0.0723933
0.0718578
0.0707785
0.0692507
0.0673905
0.0652954
0.0630403
0.0606856
0.0582813
0.0558685
0.05348
0.0511411
0.0488709
0.0466834
0.0445883
0.0425916
0.0406967
0.0389047
0.0372149
0.0356257
0.0341338
0.194074
0.19552
0.199187
0.204267
0.210924
0.218855
0.228149
0.23874
0.250626
0.263808
0.278294
0.294097
0.311224
0.329677
0.349443
0.370491
0.392758
0.416201
0.440687
0.466004
0.491626
0.194033
0.195471
0.19912
0.204162
0.210733
0.218684
0.227957
0.238521
0.250377
0.263524
0.277973
0.293732
0.310809
0.329206
0.348907
0.369881
0.392061
0.415364
0.439624
0.464672
0.490064
0.193952
0.19538
0.199011
0.204037
0.210602
0.21851
0.227745
0.238267
0.250074
0.263163
0.277541
0.293215
0.31019
0.328462
0.348011
0.368799
0.39075
0.413756
0.437629
0.462216
0.487018
0.193832
0.195258
0.198884
0.203906
0.210471
0.218357
0.227571
0.238065
0.249833
0.262869
0.277176
0.292755
0.309602
0.327706
0.347034
0.367535
0.389114
0.411648
0.434921
0.458773
0.482602
0.193673
0.195098
0.19872
0.203736
0.210289
0.21816
0.227351
0.237812
0.249532
0.262502
0.276718
0.292174
0.308855
0.326737
0.345772
0.365891
0.386976
0.40888
0.431352
0.454227
0.476774
0.193474
0.194898
0.198513
0.203518
0.210058
0.217907
0.227068
0.237484
0.249143
0.262028
0.276129
0.291428
0.3079
0.325504
0.344173
0.363816
0.384288
0.405414
0.426894
0.448565
0.469539
0.193235
0.194658
0.198265
0.203255
0.20978
0.217603
0.226726
0.237089
0.248674
0.261457
0.275418
0.290529
0.30675
0.32402
0.342253
0.361328
0.381068
0.401267
0.421568
0.441814
0.460928
0.192958
0.194379
0.197977
0.202959
0.209457
0.217251
0.226329
0.236631
0.248129
0.260794
0.274593
0.289486
0.305414
0.322298
0.340022
0.358437
0.377329
0.396456
0.415395
0.433997
0.450976
0.192642
0.194061
0.19765
0.202626
0.209091
0.216851
0.22588
0.236111
0.247511
0.260041
0.273656
0.2883
0.303896
0.320339
0.337485
0.355151
0.37308
0.39099
0.408388
0.425139
0.439719
0.192287
0.193706
0.197283
0.20224
0.208682
0.216404
0.225377
0.23553
0.246821
0.2592
0.272609
0.286975
0.302198
0.318147
0.334646
0.351475
0.368328
0.384882
0.400566
0.415266
0.427197
0.191895
0.193313
0.196877
0.201816
0.208231
0.215911
0.224823
0.234889
0.24606
0.258272
0.271453
0.285512
0.300323
0.315727
0.331512
0.347415
0.363083
0.378145
0.391946
0.404405
0.413453
0.191465
0.192884
0.196433
0.201355
0.20774
0.215374
0.22422
0.234191
0.24523
0.25726
0.270193
0.283915
0.298276
0.313084
0.328088
0.342981
0.357356
0.370792
0.382547
0.392585
0.398527
0.190998
0.192419
0.195958
0.200857
0.207209
0.214793
0.223568
0.233438
0.244334
0.256167
0.26883
0.282188
0.296061
0.310223
0.324381
0.33818
0.351156
0.362837
0.372389
0.379831
0.382457
0.190495
0.191918
0.195446
0.200323
0.206639
0.214171
0.222869
0.23263
0.243374
0.254995
0.26737
0.280336
0.293685
0.307153
0.320401
0.333024
0.344499
0.354296
0.361494
0.366171
0.365278
0.189957
0.191383
0.194895
0.199753
0.206031
0.213508
0.222124
0.23177
0.24235
0.253746
0.265812
0.278359
0.291148
0.303873
0.316151
0.327517
0.337391
0.345179
0.349875
0.351625
0.347019
0.189383
0.190814
0.194311
0.199147
0.205385
0.212803
0.221332
0.230853
0.241258
0.252413
0.264147
0.276246
0.288435
0.300367
0.311608
0.321636
0.329808
0.335461
0.337514
0.336168
0.32767
0.188775
0.190216
0.193696
0.19851
0.204706
0.212062
0.220499
0.229888
0.240109
0.251006
0.262389
0.274011
0.285561
0.296648
0.306786
0.315391
0.321757
0.325146
0.324415
0.31979
0.307199
0.188134
0.189587
0.193058
0.197856
0.204017
0.211318
0.219672
0.228939
0.238985
0.249635
0.260672
0.271822
0.282732
0.292964
0.301972
0.309108
0.313591
0.314595
0.310935
0.30283
0.285909
0.187462
0.188931
0.192398
0.197186
0.203321
0.21058
0.218865
0.22803
0.237923
0.24835
0.259072
0.269778
0.280076
0.289475
0.297367
0.303025
0.305579
0.304083
0.297299
0.285415
0.264153
0.186747
0.188211
0.191636
0.196369
0.20242
0.209563
0.217691
0.226641
0.236245
0.246286
0.256492
0.266516
0.275923
0.284169
0.290589
0.294388
0.294628
0.290264
0.280029
0.263763
0.237671
0.186683
0.188066
0.191425
0.196085
0.202051
0.209089
0.217085
0.22587
0.235273
0.245073
0.254999
0.264709
0.273777
0.281675
0.287769
0.291308
0.291416
0.287132
0.277261
0.261766
0.236709
0.18744
0.18893
0.192451
0.19731
0.203533
0.210888
0.219274
0.228537
0.238521
0.249027
0.259803
0.270532
0.280811
0.290137
0.297893
0.303347
0.305634
0.30383
0.296757
0.284769
0.263611
0.188128
0.189641
0.193219
0.19815
0.204468
0.211939
0.22047
0.229913
0.240122
0.250911
0.262053
0.273255
0.284152
0.294289
0.303113
0.30997
0.314093
0.314691
0.310657
0.302365
0.285458
0.188768
0.190266
0.19385
0.198794
0.205143
0.212661
0.221266
0.230818
0.241187
0.252206
0.263672
0.275326
0.286844
0.297825
0.307776
0.31612
0.322167
0.325215
0.324195
0.319444
0.306858
0.189375
0.190859
0.194454
0.199414
0.205798
0.213371
0.222061
0.231739
0.242289
0.253564
0.265385
0.277526
0.2897
0.301552
0.312641
0.322451
0.330352
0.335707
0.337496
0.336009
0.32745
0.18995
0.191429
0.195039
0.20002
0.206444
0.214079
0.22286
0.232667
0.243399
0.254927
0.267093
0.2797
0.292495
0.305165
0.317319
0.328495
0.338122
0.345626
0.350056
0.351631
0.346905
0.19049
0.191965
0.195592
0.200595
0.207058
0.214752
0.223618
0.233547
0.244449
0.256211
0.268697
0.281736
0.295108
0.308538
0.321684
0.334137
0.345384
0.354909
0.36184
0.366318
0.36526
0.190994
0.192467
0.196109
0.201133
0.207633
0.215381
0.224326
0.234368
0.245428
0.257408
0.270193
0.283634
0.297544
0.311686
0.325761
0.339409
0.352176
0.363599
0.372887
0.380105
0.382526
0.191462
0.192934
0.196581
0.201633
0.208168
0.215966
0.224986
0.235133
0.24634
0.258524
0.271586
0.285403
0.299814
0.314618
0.329557
0.344318
0.358502
0.371693
0.383184
0.392975
0.398675
0.191893
0.193364
0.197028
0.202095
0.208662
0.216509
0.225598
0.235842
0.247186
0.259558
0.272877
0.28704
0.301914
0.317329
0.333065
0.348854
0.364347
0.379174
0.392709
0.404901
0.413672
0.192286
0.193758
0.197436
0.20252
0.209116
0.217006
0.226159
0.236493
0.247962
0.260506
0.27406
0.288541
0.303838
0.319811
0.336277
0.353007
0.369699
0.386027
0.401445
0.415858
0.42748
0.192642
0.194115
0.197805
0.202913
0.209529
0.217458
0.226668
0.237084
0.248666
0.261367
0.275134
0.289901
0.305581
0.322061
0.339187
0.356769
0.374548
0.392241
0.409372
0.425817
0.440059
0.192959
0.194434
0.198134
0.203278
0.209899
0.217863
0.227125
0.237613
0.249297
0.262137
0.276095
0.291119
0.307141
0.324073
0.341789
0.360133
0.378886
0.397802
0.416472
0.434753
0.451366
0.193238
0.194714
0.198422
0.203519
0.210225
0.218219
0.227527
0.238079
0.249853
0.262817
0.276942
0.292191
0.308515
0.325844
0.344079
0.363093
0.382704
0.402698
0.422728
0.442636
0.461362
0.193478
0.194956
0.198672
0.203802
0.210506
0.218526
0.227873
0.238481
0.250332
0.263402
0.277671
0.293115
0.309698
0.327369
0.346052
0.365643
0.385993
0.406918
0.428123
0.449444
0.470006
0.193678
0.195157
0.19888
0.204029
0.210739
0.218782
0.228162
0.238816
0.250731
0.263889
0.278279
0.293885
0.310685
0.328642
0.347698
0.367773
0.388742
0.410448
0.432639
0.45515
0.477263
0.193838
0.19532
0.199049
0.204205
0.210927
0.218989
0.228396
0.239087
0.251053
0.264282
0.278769
0.294505
0.311478
0.329663
0.349019
0.369481
0.390945
0.413278
0.436264
0.459736
0.483102
0.193959
0.195444
0.199179
0.204343
0.211078
0.219158
0.228589
0.239313
0.251323
0.26461
0.279173
0.29501
0.312116
0.330475
0.350057
0.370807
0.39264
0.415438
0.439014
0.463201
0.487501
0.19404
0.195527
0.199268
0.204441
0.211187
0.219287
0.228741
0.239495
0.251542
0.264876
0.279499
0.295413
0.312616
0.3311
0.35084
0.371792
0.393879
0.41698
0.440919
0.465541
0.490432
0.194079
0.195556
0.199284
0.20444
0.211168
0.219246
0.228681
0.239417
0.251452
0.26478
0.279407
0.295338
0.312577
0.331119
0.350947
0.372026
0.394288
0.417583
0.441717
0.466568
0.491806
0.0723984
0.0718631
0.070784
0.0692565
0.0673967
0.0653019
0.0630473
0.060693
0.0582892
0.0558768
0.0534887
0.0511502
0.0488805
0.0466933
0.0445985
0.0426021
0.0407075
0.0389157
0.0372262
0.0356372
0.0341455
0.0728435
0.0723057
0.0712176
0.0696766
0.0678007
0.0656873
0.0634113
0.0610335
0.0586046
0.0561661
0.0537513
0.0513858
0.0490892
0.0468756
0.044755
0.0427338
0.0408154
0.039001
0.0372902
0.0356814
0.0341712
0.0736947
0.0731501
0.0720452
0.07048
0.068574
0.066425
0.0641086
0.0616863
0.0592097
0.0567215
0.0542555
0.0518384
0.0494903
0.047226
0.0450559
0.0429868
0.0410223
0.0391638
0.0374111
0.0357627
0.0342147
0.0749161
0.0743616
0.0732337
0.0716348
0.0696867
0.0674877
0.065114
0.0626284
0.060084
0.0575246
0.0549853
0.052494
0.0500716
0.0477341
0.0454923
0.0433537
0.0413224
0.0394002
0.0375868
0.0358817
0.0342799
0.0764766
0.0759099
0.074754
0.0731142
0.071114
0.0688526
0.0664072
0.0638421
0.0612118
0.0585618
0.0559289
0.0533423
0.0508246
0.0483924
0.046058
0.0438294
0.0417114
0.0397062
0.0378139
0.0360344
0.034362
0.0783487
0.0777681
0.0765808
0.0748944
0.0728345
0.070501
0.067972
0.0653132
0.0625811
0.0598232
0.0570781
0.0543768
0.0517436
0.0491967
0.0467495
0.0444111
0.0421871
0.0400802
0.0380909
0.0362203
0.0344614
0.080507
0.0799118
0.078691
0.0769546
0.0748298
0.0724168
0.0697946
0.0670306
0.0641831
0.0613018
0.0584275
0.0555934
0.0528259
0.0501449
0.0475654
0.0450978
0.0427486
0.0405215
0.0384174
0.0364385
0.0345769
0.082928
0.0823183
0.0810634
0.0792757
0.0770834
0.0745864
0.0718642
0.0689858
0.0660115
0.0629933
0.0599745
0.0569909
0.0540711
0.0512373
0.0485065
0.0458904
0.0433971
0.0410311
0.038794
0.0366896
0.0347088
0.0855893
0.0849658
0.0836782
0.0818403
0.0795804
0.0769976
0.0741715
0.0711722
0.0680621
0.0648956
0.0617188
0.0585702
0.0554811
0.0524766
0.0495755
0.0467919
0.0441353
0.0416114
0.0392228
0.0369748
0.0348579
0.0884692
0.0878338
0.0865163
0.0846316
0.082307
0.0796396
0.0767086
0.0735848
0.0703326
0.0670087
0.0636621
0.0603343
0.05706
0.0538671
0.0507774
0.047807
0.0449675
0.0422662
0.0397068
0.0372967
0.035026
0.0915467
0.0909018
0.0895592
0.0876337
0.08525
0.0825024
0.0794687
0.07622
0.0728222
0.069334
0.0658077
0.0622883
0.0588138
0.0554157
0.0521188
0.0489423
0.0459
0.0430011
0.0402509
0.037659
0.0352156
0.0948005
0.0941495
0.0927884
0.0908305
0.0883966
0.0855765
0.0824457
0.079075
0.0755309
0.0718746
0.0681611
0.064439
0.0607505
0.0571309
0.0536087
0.0502064
0.0469407
0.0438233
0.0408612
0.0380667
0.0354308
0.0982096
0.0975568
0.0961855
0.0942063
0.0917339
0.0888525
0.085634
0.0821477
0.0784602
0.0746346
0.0707287
0.0667951
0.0628801
0.0590234
0.0552579
0.05161
0.0480998
0.0447419
0.0415456
0.0385263
0.0356764
0.101753
0.101103
0.099732
0.097745
0.0952491
0.092321
0.0890278
0.0854361
0.0816118
0.0776191
0.0735186
0.0693666
0.0652142
0.0611059
0.0570794
0.0531658
0.0493893
0.0457679
0.0423138
0.0390459
0.0359588
0.105409
0.104768
0.103409
0.10143
0.0989287
0.0959723
0.0926214
0.0889385
0.084988
0.0808341
0.0765398
0.0721654
0.0677665
0.0633931
0.0590885
0.054889
0.0508235
0.0469144
0.0431774
0.0396353
0.036286
0.109157
0.108532
0.107197
0.105245
0.102759
0.0997959
0.0964084
0.092653
0.088591
0.0842859
0.0798024
0.0752043
0.0705522
0.0659018
0.0613026
0.0567968
0.0524192
0.048197
0.0441502
0.0403063
0.0366674
0.112975
0.112372
0.111078
0.109172
0.106725
0.103781
0.100382
0.096577
0.0924228
0.087981
0.0833169
0.0784974
0.073588
0.0686506
0.0637413
0.0589092
0.0541955
0.0496335
0.0452483
0.0410727
0.0371143
0.116842
0.116269
0.11503
0.113194
0.110812
0.107916
0.104534
0.100707
0.0964851
0.0919257
0.0870942
0.0820597
0.0768924
0.0716602
0.0664266
0.0612484
0.0561743
0.0512447
0.0464905
0.0419509
0.0376401
0.120738
0.120203
0.119036
0.117292
0.115004
0.112187
0.108855
0.105039
0.100778
0.096126
0.0911454
0.0859068
0.0804846
0.0749529
0.0693828
0.0638395
0.0583804
0.0530538
0.0478982
0.0429596
0.0382604
0.124642
0.124152
0.123075
0.121448
0.119285
0.11658
0.113336
0.109567
0.105302
0.100587
0.0954809
0.0900546
0.0843851
0.0785527
0.0726363
0.0667102
0.0608414
0.0550877
0.049496
0.0441205
0.0389931
0.128534
0.128097
0.127127
0.125643
0.123635
0.121081
0.117964
0.114283
0.110053
0.105312
0.100111
0.0945186
0.088615
0.0824851
0.0762158
0.069891
0.0635883
0.0573762
0.0513118
0.0454586
0.039859
0.132395
0.132019
0.131175
0.129858
0.128039
0.125673
0.122726
0.119178
0.115029
0.110302
0.105043
0.0993142
0.0931957
0.0867769
0.080152
0.0734151
0.0666552
0.059953
0.0533771
0.0470021
0.040882
0.136208
0.135899
0.135198
0.134074
0.132476
0.130339
0.127606
0.12424
0.120222
0.115559
0.110284
0.104455
0.0981483
0.0914554
0.0844775
0.0773186
0.0700799
0.0628556
0.0557278
0.0487836
0.0420892
0.139955
0.139721
0.139179
0.138273
0.136928
0.135059
0.132589
0.129456
0.125623
0.121078
0.11584
0.109954
0.103493
0.0965486
0.0892264
0.0816401
0.0739036
0.0661257
0.0584039
0.0508397
0.043512
0.143621
0.143468
0.1431
0.142435
0.141375
0.139815
0.137654
0.134809
0.13122
0.126854
0.12171
0.115821
0.109249
0.102084
0.0944339
0.0864207
0.0781712
0.0698096
0.0614506
0.0532124
0.045186
0.147192
0.147126
0.146947
0.146544
0.145798
0.144585
0.142782
0.140281
0.136998
0.132877
0.127893
0.122063
0.115434
0.108088
0.100136
0.091704
0.0829313
0.0739584
0.0649187
0.0559493
0.0471522
0.150655
0.15068
0.150702
0.150581
0.150179
0.14935
0.147951
0.145851
0.14294
0.139133
0.134384
0.128682
0.12206
0.114587
0.106368
0.097535
0.0882361
0.0786281
0.0688647
0.0591046
0.0494574
0.153999
0.15412
0.154354
0.154532
0.154497
0.154087
0.153139
0.151496
0.149023
0.145606
0.14117
0.135678
0.129138
0.121602
0.113166
0.10396
0.0941408
0.0838799
0.0733521
0.0627396
0.0521558
0.157214
0.157433
0.157889
0.158379
0.158735
0.158776
0.158321
0.157191
0.155222
0.152274
0.148238
0.143044
0.136672
0.129152
0.120562
0.111026
0.100704
0.0897802
0.0784509
0.0669243
0.0553094
0.160294
0.160613
0.161297
0.162111
0.162875
0.163396
0.163473
0.162908
0.161511
0.159111
0.155564
0.150767
0.144663
0.13725
0.128586
0.118778
0.107985
0.0964004
0.0842392
0.0717378
0.0589898
0.16323
0.163651
0.164568
0.165714
0.166902
0.167925
0.168571
0.16862
0.167859
0.166087
0.163124
0.158828
0.153102
0.145905
0.137263
0.127261
0.116046
0.103816
0.0908021
0.0772696
0.0632791
0.16602
0.166542
0.167695
0.169178
0.1708
0.172346
0.173589
0.174297
0.174234
0.173168
0.170885
0.167201
0.161973
0.155116
0.146611
0.136514
0.124949
0.112108
0.0982328
0.0836198
0.0682713
0.168659
0.169281
0.17067
0.172492
0.174556
0.176638
0.178505
0.17991
0.1806
0.180316
0.17881
0.175852
0.171253
0.164873
0.156643
0.146571
0.134751
0.121357
0.106631
0.0909003
0.0740728
0.171145
0.171867
0.173491
0.17565
0.178158
0.180785
0.183294
0.18543
0.186922
0.187492
0.186855
0.184742
0.180908
0.175157
0.167357
0.15746
0.145509
0.131646
0.116105
0.0992355
0.0808042
0.173479
0.174297
0.176152
0.178645
0.181596
0.184773
0.187936
0.190827
0.193165
0.194651
0.194974
0.193821
0.190895
0.185937
0.178744
0.169195
0.157269
0.143058
0.126764
0.108761
0.0885992
0.175661
0.176572
0.178654
0.181473
0.184862
0.188587
0.192411
0.196075
0.199293
0.201752
0.203116
0.203035
0.201162
0.197169
0.190776
0.181777
0.170067
0.155663
0.138718
0.119613
0.0975966
0.177692
0.178693
0.180994
0.18413
0.187949
0.192215
0.196701
0.201147
0.20527
0.208748
0.211227
0.212325
0.211646
0.208797
0.203414
0.195194
0.183929
0.169534
0.152079
0.131939
0.107937
0.179575
0.180662
0.183175
0.186616
0.190853
0.195649
0.200789
0.206021
0.211064
0.215597
0.219255
0.22163
0.222285
0.220764
0.216619
0.209441
0.198899
0.184781
0.167031
0.145987
0.119857
0.181314
0.182482
0.185198
0.188931
0.19357
0.198882
0.204664
0.210676
0.216647
0.222261
0.227149
0.230889
0.23301
0.233002
0.230334
0.22449
0.215002
0.201498
0.183771
0.162075
0.133727
0.182914
0.184159
0.187068
0.191079
0.196106
0.201915
0.208322
0.2151
0.221992
0.228694
0.234839
0.240001
0.243681
0.245323
0.24432
0.240045
0.231884
0.21928
0.201829
0.17961
0.14899
0.184378
0.185696
0.188789
0.193064
0.198459
0.204743
0.211749
0.219265
0.227051
0.234814
0.2422
0.248776
0.254027
0.257352
0.258073
0.255449
0.248712
0.237113
0.219969
0.196775
0.162972
0.185706
0.187081
0.190341
0.194855
0.200591
0.207316
0.214885
0.223102
0.231752
0.240565
0.249206
0.257262
0.264223
0.26948
0.272314
0.271915
0.267398
0.257866
0.242386
0.219826
0.182573
0.0330648
0.0323525
0.0316402
0.0309274
0.0302139
0.0294999
0.0287858
0.0280718
0.0273582
0.0266451
0.0259329
0.0252217
0.0245118
0.0238035
0.023097
0.0223924
0.0216901
0.0209902
0.020293
0.0195987
0.0330741
0.0323571
0.0316421
0.0309262
0.0302086
0.0294896
0.0287697
0.0280493
0.0273285
0.0266077
0.0258871
0.025167
0.0244477
0.0237294
0.0230126
0.0222974
0.0215841
0.0208731
0.0201646
0.0194589
0.0330812
0.0323479
0.0316209
0.0308932
0.0301627
0.0294301
0.0286962
0.0279614
0.0272259
0.02649
0.0257541
0.0250184
0.0242832
0.023549
0.022816
0.0220846
0.021355
0.0206276
0.0199027
0.0191806
0.0330931
0.0323342
0.0315885
0.0308426
0.0300926
0.0293398
0.0285852
0.0278294
0.0270726
0.026315
0.0255571
0.0247991
0.0240415
0.0232845
0.0225286
0.0217741
0.0210213
0.0202706
0.0195224
0.018777
0.0331046
0.0323105
0.031539
0.0307682
0.0299919
0.029212
0.02843
0.0276466
0.0268618
0.026076
0.0252896
0.024503
0.0237165
0.0229305
0.0221455
0.0213618
0.0205798
0.0197998
0.0190223
0.0182477
0.0331169
0.0322786
0.0314746
0.0306728
0.0298638
0.0290502
0.0282343
0.0274167
0.0265976
0.0257772
0.024956
0.0241343
0.0233127
0.0224915
0.0216711
0.0208519
0.0200344
0.0192188
0.0184058
0.0175956
0.0331287
0.032237
0.031394
0.0305548
0.0297065
0.0288526
0.0279962
0.027138
0.026278
0.0254165
0.0245541
0.0236911
0.0228279
0.0219651
0.021103
0.020242
0.0193827
0.0185254
0.0176705
0.0168186
0.0331406
0.0321863
0.0312974
0.0304146
0.0295204
0.0286195
0.0277159
0.0268103
0.0259029
0.0249938
0.0240836
0.0231726
0.0222614
0.0213505
0.0204402
0.019531
0.0186234
0.0177178
0.0168147
0.0159145
0.0331531
0.0321266
0.031185
0.0302519
0.0293049
0.0283499
0.0273922
0.0264325
0.0254707
0.0245071
0.0235422
0.0225765
0.0216105
0.0206446
0.0196793
0.0187152
0.0177526
0.016792
0.015834
0.0148789
0.033168
0.0320593
0.0310575
0.0300671
0.0290601
0.0280438
0.0270245
0.0260033
0.02498
0.0239547
0.022928
0.0219003
0.0208723
0.0198444
0.0188172
0.0177909
0.0167663
0.0157437
0.0147237
0.0137067
0.0331877
0.0319863
0.0309162
0.0298611
0.0287862
0.0277006
0.0266121
0.0255217
0.024429
0.0233343
0.022238
0.0211409
0.0200433
0.0189458
0.0178488
0.016753
0.0156587
0.0145664
0.0134773
0.0123909
0.0332156
0.0319103
0.0307632
0.0296352
0.028484
0.0273207
0.0261544
0.0249864
0.0238162
0.0226438
0.0214698
0.0202949
0.0191197
0.0179445
0.0167699
0.0155965
0.0144248
0.0132553
0.0120881
0.0109241
0.0332566
0.0318351
0.0306013
0.0293914
0.0281547
0.0269043
0.025651
0.0243964
0.0231395
0.0218804
0.0206198
0.0193584
0.0180966
0.0168349
0.015574
0.0143142
0.0130563
0.0118006
0.0105474
0.00929745
0.0333166
0.0317657
0.0304343
0.0291324
0.0278002
0.0264524
0.0251021
0.0237508
0.0223974
0.0210419
0.019685
0.0183273
0.0169694
0.0156118
0.014255
0.0128996
0.011546
0.0101948
0.0088464
0.00750131
0.033403
0.0317082
0.0302671
0.028862
0.0274228
0.0259665
0.024508
0.0230491
0.0215882
0.0201255
0.0186616
0.0171972
0.0157327
0.0142688
0.0128059
0.0113446
0.00988533
0.00842861
0.00697484
0.00552453
0.0335248
0.0316702
0.0301054
0.0285846
0.0270259
0.0254484
0.0238694
0.0222907
0.0207105
0.0191287
0.0175461
0.0159633
0.0143809
0.0127993
0.0112191
0.00964074
0.00806469
0.00649146
0.0049214
0.00335499
0.033693
0.0316608
0.0299566
0.0283057
0.0266134
0.0249008
0.0231876
0.0214755
0.0197626
0.0180487
0.0163345
0.0146206
0.0129076
0.011196
0.00948612
0.00777851
0.0060736
0.00437188
0.00267364
0.0009793
0.03392
0.0316906
0.029829
0.0280319
0.0261903
0.024327
0.0224641
0.0206036
0.0187433
0.0168828
0.0150227
0.0131636
0.0113062
0.00945075
0.00759772
0.00574751
0.00390052
0.00205725
0.000217832
-0.00161734
0.034221
0.0317722
0.0297326
0.0277711
0.0257625
0.0237309
0.0217012
0.0196756
0.0176514
0.015628
0.0136061
0.0115864
0.0095692
0.0075549
0.00554384
0.00353636
0.00153278
-0.00046631
-0.00246107
-0.00445114
0.034613
0.03192
0.0296789
0.0275322
0.0253368
0.0231173
0.0209014
0.0186919
0.0164855
0.0142813
0.0120801
0.00988244
0.00768855
0.00549874
0.00331329
0.00113241
-0.00104373
-0.00321412
-0.00537971
-0.00754009
0.0351159
0.0321508
0.0296812
0.0273259
0.0249211
0.0224916
0.0200681
0.0176536
0.0152444
0.0128396
0.0104396
0.00804478
0.00565549
0.00327184
0.000893986
-0.00147814
-0.00384473
-0.00620259
-0.00855573
-0.0109033
0.0357525
0.0324838
0.0297548
0.0271641
0.0245246
0.0218603
0.0192047
0.0165617
0.013927
0.0112991
0.00867843
0.00606533
0.00345982
0.000861898
-0.00172849
-0.00431185
-0.00688883
-0.0094526
-0.0120114
-0.0145641
0.036549
0.0329408
0.0299169
0.0270605
0.0241578
0.0212305
0.0183157
0.0154178
0.0125319
0.00965624
0.00679103
0.00393641
0.00109229
-0.00174156
-0.00456529
-0.00737854
-0.0101803
-0.01298
-0.0157676
-0.0185448
0.0375354
0.0335468
0.0301873
0.0270304
0.0238321
0.0206101
0.0174052
0.0142225
0.0110566
0.00790522
0.00476824
0.00164559
-0.0014631
-0.00455831
-0.00764052
-0.01071
-0.0137667
-0.0168133
-0.0198481
-0.0228717
0.0387462
0.0343306
0.0305886
0.0270918
0.0235611
0.0200086
0.0164786
0.0129776
0.00949959
0.00604144
0.00260276
-0.0008168
-0.00421792
-0.00760137
-0.0109679
-0.0143183
-0.0176524
-0.020973
-0.0242797
-0.0275733
0.040221
0.0353253
0.0311466
0.0272646
0.0233598
0.0194359
0.0155414
0.0116843
0.00785768
0.00405783
0.00028381
-0.00346506
-0.00718985
-0.0108917
-0.0145718
-0.0182313
-0.0218694
-0.0254906
-0.029095
-0.0326831
0.0420057
0.0365689
0.0318909
0.027572
0.0232454
0.0189035
0.0145996
0.0103434
0.00612733
0.00194649
-0.0022005
-0.00631475
-0.0103977
-0.014451
-0.0184763
-0.0224759
-0.0264452
-0.0303955
-0.0343258
-0.0382355
0.0441539
0.0381059
0.0328563
0.0280406
0.0232377
0.0184247
0.01366
0.00895589
0.00430367
-0.000302634
-0.00486518
-0.00938569
-0.0138663
-0.0183095
-0.0227198
-0.027103
-0.0314256
-0.0357319
-0.0400161
-0.0442746
0.046728
0.0399887
0.0340832
0.028702
0.0233598
0.0180145
0.0127303
0.00752259
0.00238154
-0.00270009
-0.00772513
-0.0126957
-0.0176146
-0.0224844
-0.0273065
-0.0320797
-0.0368314
-0.0415386
-0.046207
-0.0508429
0.0498018
0.0422792
0.0356198
0.0295931
0.0236391
0.0176909
0.0118191
0.0060432
0.000352108
-0.00526307
-0.0108061
-0.0162798
-0.0216876
-0.0270332
-0.032319
-0.0375436
-0.0427312
-0.0478653
-0.0529516
-0.0579966
0.0534626
0.0450517
0.0375241
0.0307591
0.0241092
0.0174762
0.0109384
0.00451996
-0.00179136
-0.00800639
-0.0141299
-0.0201654
-0.0261169
-0.0319888
-0.0377853
-0.0435044
-0.0491669
-0.054768
-0.0603095
-0.0657964
0.057814
0.0483957
0.0398663
0.0322547
0.0248113
0.0173984
0.0101031
0.00295588
-0.0040571
-0.0109488
-0.0177252
-0.0243902
-0.0309474
-0.0374025
-0.0437644
-0.0500062
-0.0561921
-0.0623097
-0.0683479
-0.0743119
0.0629788
0.0524184
0.0427313
0.034147
0.0257964
0.0174929
0.00933353
0.00135672
-0.00645295
-0.0141114
-0.0216265
-0.0290046
-0.0362554
-0.0434104
-0.050518
-0.05723
-0.063952
-0.0706147
-0.0771775
-0.0836458
0.0691027
0.0572493
0.0462227
0.0365187
0.0271288
0.0178051
0.00865722
-0.000266076
-0.00898102
-0.017505
-0.0258452
-0.0340061
-0.0419918
-0.0497862
-0.0573413
-0.0650406
-0.072482
-0.0797368
-0.0868651
-0.0938786
0.0763569
0.0630437
0.0504667
0.0394723
0.0288888
0.0183925
0.00810808
-0.00190327
-0.0116593
-0.0211805
-0.0304757
-0.0395508
-0.048415
-0.0570754
-0.0655082
-0.0738061
-0.0819028
-0.0898137
-0.0975602
-0.105152
0.0849364
0.0699828
0.0556153
0.043136
0.0311814
0.0193356
0.00774259
-0.00352017
-0.0144718
-0.0251356
-0.0355204
-0.0456326
-0.0554866
-0.0650998
-0.0743714
-0.0834629
-0.092333
-0.100971
-0.109388
-0.117597
0.0950486
0.0782631
0.0618403
0.0476618
0.0341345
0.0207342
0.00763239
-0.00507381
-0.0174046
-0.0293846
-0.0410206
-0.0523174
-0.0632863
-0.0739249
-0.0842252
-0.0942494
-0.10397
-0.113392
-0.122529
-0.131392
0.106945
0.0881008
0.0693377
0.0532318
0.0379063
0.022718
0.00787729
-0.00649702
-0.0204265
-0.0339342
-0.0470213
-0.0596895
-0.0719404
-0.0836763
-0.095199
-0.106297
-0.116972
-0.12726
-0.137176
-0.146729
0.120974
0.0997687
0.078341
0.0600392
0.0426395
0.0253882
0.00854569
-0.00775405
-0.0235365
-0.038821
-0.0536067
-0.0679247
-0.0818205
-0.0948365
-0.107569
-0.119827
-0.131565
-0.142804
-0.153558
-0.163833
0.137248
0.113572
0.089266
0.0684999
0.0486865
0.029041
0.00988789
-0.00864139
-0.0265749
-0.043918
-0.0606569
-0.0767625
-0.0920478
-0.107066
-0.121373
-0.134967
-0.147906
-0.160205
-0.171864
-0.182889
0.154866
0.129518
0.102932
0.0797341
0.0571796
0.0347404
0.0128376
-0.0084003
-0.0289773
-0.0488734
-0.0680831
-0.086587
-0.103911
-0.120817
-0.136862
-0.152018
-0.166323
-0.179773
-0.192361
-0.204089
0.168171
0.140279
0.112731
0.087528
0.0624609
0.0375235
0.0130938
-0.0107237
-0.033882
-0.0563241
-0.0779676
-0.0985149
-0.118327
-0.137171
-0.154953
-0.171689
-0.187369
-0.201963
-0.215452
-0.227829
0.0189075
0.0182196
0.0175352
0.0168545
0.0161777
0.0155051
0.0148367
0.0141728
0.0135135
0.0128591
0.0122098
0.0115655
0.0187562
0.018057
0.0173613
0.0166695
0.0159819
0.0152986
0.01462
0.0139463
0.0132777
0.0126144
0.0119567
0.0113048
0.0184616
0.0177461
0.0170343
0.0163265
0.015623
0.014924
0.01423
0.013541
0.0128574
0.0121794
0.0115073
0.0108412
0.0180348
0.017296
0.0165611
0.0158303
0.0151039
0.0143823
0.0136658
0.0129547
0.0122492
0.0115497
0.0108563
0.0101694
0.0174762
0.0167083
0.0159443
0.0151846
0.0144294
0.0136793
0.0129344
0.0121951
0.0114617
0.0107345
0.0100138
0.00929974
0.0167886
0.0159853
0.015186
0.0143911
0.0136009
0.0128158
0.0120363
0.0112625
0.0104948
0.00973356
0.00897905
0.00823156
0.0159699
0.0151249
0.0142841
0.0134477
0.0126163
0.0117901
0.0109696
0.010155
0.00934675
0.00854516
0.00775053
0.00696317
0.0150177
0.0141246
0.0132358
0.0123515
0.0114723
0.0105985
0.0097305
0.00886863
0.00801327
0.00716475
0.0063234
0.00548954
0.0139272
0.0129794
0.0120359
0.011097
0.0101633
0.00923518
0.00831293
0.00739698
0.00648769
0.00558541
0.00469047
0.0038032
0.0126931
0.0116834
0.0106781
0.00967762
0.00868235
0.00769272
0.00670913
0.00573195
0.00476156
0.00379831
0.00284255
0.00189459
0.0113079
0.010229
0.00915446
0.00808483
0.00702051
0.00596191
0.00490944
0.00386347
0.00282438
0.00179253
0.000768258
-0.00024812
0.00976385
0.00860763
0.00745592
0.00630916
0.00516778
0.00403219
0.00290278
0.00177995
0.000664046
-0.000444569
-0.00154556
-0.00263862
0.0080513
0.00680928
0.00557184
0.0043394
0.00311239
0.00189123
0.000676277
-0.000532078
-0.00173348
-0.0029276
-0.00411412
-0.00529271
0.00616003
0.00482296
0.00349055
0.00216321
0.000841344
-0.000474659
-0.00178443
-0.00308762
-0.00438389
-0.00567293
-0.00695442
0.00407814
0.00263607
0.00119874
-0.000233447
-0.00166013
-0.00308094
-0.00449553
-0.00590359
-0.00730481
-0.00869889
-0.0100856
0.00179266
0.000234801
-0.00131822
-0.00286603
-0.00440829
-0.00594469
-0.00747491
-0.00899867
-0.0105157
-0.0120258
-0.0135287
-0.00071074
-0.00239613
-0.00407653
-0.00575163
-0.00742114
-0.00908479
-0.0107423
-0.0123935
-0.0140381
-0.015676
-0.017307
-0.00344791
-0.00527357
-0.00709406
-0.00890912
-0.0107185
-0.0125221
-0.0143195
-0.0161108
-0.0178957
-0.0196742
-0.021446
-0.00643621
-0.00841602
-0.0103904
-0.0123592
-0.0143222
-0.0162793
-0.0182304
-0.0201754
-0.0221144
-0.0240472
-0.0259738
-0.00969489
-0.0118439
-0.0139872
-0.0161246
-0.018256
-0.0203815
-0.0225011
-0.0246147
-0.0267225
-0.0288244
-0.0309207
-0.0132446
-0.0155793
-0.0179078
-0.02023
-0.022546
-0.0248559
-0.0271599
-0.0294581
-0.0317507
-0.0340379
-0.03632
-0.0171094
-0.0196475
-0.0221786
-0.024703
-0.0272209
-0.0297325
-0.0322381
-0.0347381
-0.0372327
-0.0397224
-0.0422075
-0.0213135
-0.0240742
-0.0268271
-0.0295726
-0.0323111
-0.035043
-0.0377688
-0.040489
-0.0432042
-0.0459149
-0.0486218
-0.0258853
-0.0288894
-0.0318845
-0.0348713
-0.0378504
-0.0408225
-0.0437882
-0.0467484
-0.0497039
-0.0526554
-0.0556039
-0.0308545
-0.0341243
-0.0373836
-0.0406333
-0.0438744
-0.0471077
-0.0503344
-0.0535556
-0.0567723
-0.0599858
-0.0631972
-0.036256
-0.0398151
-0.0433616
-0.0468969
-0.0504222
-0.0539389
-0.0574485
-0.0609524
-0.0644522
-0.0679496
-0.0714463
-0.0421261
-0.0459995
-0.0498576
-0.0537021
-0.0575349
-0.0613578
-0.0651728
-0.0689819
-0.0727872
-0.0765913
-0.0803964
-0.048509
-0.0527222
-0.0569165
-0.0610942
-0.0652578
-0.0694096
-0.0735523
-0.0776888
-0.081822
-0.0859552
-0.0900919
-0.0554496
-0.0600295
-0.0645855
-0.0691206
-0.073638
-0.078141
-0.0826332
-0.0871184
-0.0916005
-0.0960843
-0.100575
-0.063004
-0.0679771
-0.0729196
-0.0778352
-0.0827282
-0.0876029
-0.092464
-0.0973166
-0.102166
-0.107019
-0.111882
-0.0712339
-0.0766268
-0.0819796
-0.0872973
-0.0925853
-0.0978492
-0.103095
-0.10833
-0.113561
-0.118796
-0.124046
-0.0802102
-0.0860493
-0.0918351
-0.097574
-0.103273
-0.108939
-0.11458
-0.120205
-0.125824
-0.131448
-0.13709
-0.0900295
-0.096336
-0.102572
-0.108745
-0.114864
-0.120937
-0.126975
-0.132989
-0.138992
-0.144999
-0.151025
-0.100781
-0.107578
-0.11428
-0.120897
-0.127438
-0.133915
-0.140341
-0.14673
-0.153097
-0.159463
-0.165847
-0.112595
-0.1199
-0.127076
-0.134135
-0.141089
-0.147952
-0.15474
-0.16147
-0.168162
-0.174839
-0.181526
-0.125609
-0.133434
-0.141085
-0.148575
-0.155918
-0.163132
-0.170235
-0.177248
-0.184196
-0.191106
-0.198009
-0.139992
-0.14834
-0.156452
-0.164342
-0.172028
-0.17953
-0.18687
-0.194075
-0.201173
-0.208197
-0.215187
-0.15593
-0.164793
-0.173332
-0.181566
-0.189515
-0.197203
-0.204657
-0.211908
-0.218992
-0.22595
-0.232829
-0.17364
-0.182994
-0.191911
-0.200413
-0.208524
-0.21627
-0.223686
-0.230808
-0.237679
-0.244349
-0.250872
-0.19329
-0.203086
-0.212297
-0.220951
-0.229079
-0.236719
-0.243917
-0.250721
-0.257191
-0.263388
-0.269382
-0.214966
-0.225009
-0.234245
-0.24271
-0.250448
-0.257516
-0.263981
-0.269922
-0.275429
-0.280601
-0.285547
-0.239092
-0.249254
-0.258335
-0.266368
-0.2734
-0.279493
-0.284719
-0.289171
-0.29295
-0.296176
-0.298976
)
;

boundaryField
{
    inlet
    {
        type            zeroGradient;
    }
    outlet
    {
        type            fixedValue;
        value           nonuniform 0();
    }
    cylinder
    {
        type            zeroGradient;
    }
    top
    {
        type            symmetryPlane;
    }
    bottom
    {
        type            symmetryPlane;
    }
    defaultFaces
    {
        type            empty;
    }
    procBoundary0to1
    {
        type            processor;
        value           nonuniform List<scalar> 
133
(
-0.377761
-0.379395
-0.387446
-0.395797
-0.395797
-0.394259
-0.401986
-0.401986
-0.397185
-0.397185
-0.390456
-0.396769
-0.396769
-0.388148
-0.388148
-0.378758
-0.378758
-0.368189
-0.368189
-0.355121
-0.355121
-0.348203
-0.348203
-0.301523
-0.356476
-0.348202
-0.301487
-0.356476
-0.355132
-0.368213
-0.368213
-0.378792
-0.378792
-0.388189
-0.388189
-0.396815
-0.396815
-0.390498
-0.397231
-0.397231
-0.402035
-0.402035
-0.394303
-0.395841
-0.395841
-0.387486
-0.387031
-0.301523
-0.290435
-0.275309
-0.25738
-0.239757
-0.222263
-0.205023
-0.188336
-0.172353
-0.157167
-0.142837
-0.12939
-0.116827
-0.105136
-0.094291
-0.0842566
-0.074992
-0.0664524
-0.0585918
-0.051364
-0.0447246
-0.0447246
-0.0409034
-0.0351283
-0.0298381
-0.0249974
-0.0205735
-0.0165364
-0.0128587
-0.00951532
-0.00648355
-0.00374281
-0.0012747
0.00093719
0.00290711
0.00464733
0.00616783
0.00747633
0.00857812
0.00947486
0.0101674
0.0106449
0.010913
0.0109267
0.0106587
0.0101814
0.00948911
0.00859271
0.00749135
0.00618336
0.00466344
0.0029239
0.00095474
-0.00125629
-0.00372344
-0.00646311
-0.00822811
-0.00822811
-0.0114646
-0.0150242
-0.0189309
-0.0232113
-0.0278942
-0.0330115
-0.0385971
-0.0446885
-0.0513254
-0.0585503
-0.0664079
-0.0749442
-0.0842053
-0.0942359
-0.105077
-0.116764
-0.129322
-0.142765
-0.157091
-0.172274
-0.188255
-0.204942
-0.222184
-0.239682
-0.257313
-0.275252
-0.290388
-0.301487
)
;
    }
}


// ************************************************************************* //
