/*--------------------------------*- C++ -*----------------------------------*\
  =========                 |
  \\      /  F ield         | OpenFOAM: The Open Source CFD Toolbox
   \\    /   O peration     | Website:  https://openfoam.org
    \\  /    A nd           | Version:  7
     \\/     M anipulation  |
\*---------------------------------------------------------------------------*/
FoamFile
{
    version     2.0;
    format      ascii;
    class       volScalarField;
    location    "30";
    object      p;
}
// * * * * * * * * * * * * * * * * * * * * * * * * * * * * * * * * * * * * * //

dimensions      [0 2 -2 0 0 0 0];

internalField   nonuniform List<scalar> 
6386
(
-0.209103
-0.211065
-0.211988
-0.212736
-0.213381
-0.213948
-0.21446
-0.214922
-0.215331
-0.215696
-0.209282
-0.211223
-0.212132
-0.212868
-0.213499
-0.214052
-0.214548
-0.214993
-0.21538
-0.215709
-0.209654
-0.21155
-0.212435
-0.213145
-0.21375
-0.214275
-0.214741
-0.215153
-0.2155
-0.215761
-0.210212
-0.212043
-0.21289
-0.213562
-0.214128
-0.214612
-0.215032
-0.215394
-0.215683
-0.215836
-0.210947
-0.212695
-0.213492
-0.214113
-0.214626
-0.215053
-0.215411
-0.215706
-0.21592
-0.215917
-0.211849
-0.213497
-0.214232
-0.214788
-0.215233
-0.215589
-0.215866
-0.216073
-0.216196
-0.215973
-0.212907
-0.21444
-0.215099
-0.215577
-0.215939
-0.216208
-0.216386
-0.216481
-0.216503
-0.21597
-0.214107
-0.215512
-0.216086
-0.216471
-0.216733
-0.216897
-0.216955
-0.216912
-0.216829
-0.215859
-0.215439
-0.216706
-0.21718
-0.217457
-0.217604
-0.217645
-0.217564
-0.217347
-0.217176
-0.215563
-0.216891
-0.218012
-0.218375
-0.218528
-0.218541
-0.218442
-0.218201
-0.217773
-0.217571
-0.214989
-0.218455
-0.219423
-0.219661
-0.219673
-0.219535
-0.219278
-0.218859
-0.218168
-0.218042
-0.214219
-0.220128
-0.220936
-0.221035
-0.220888
-0.220578
-0.220146
-0.219532
-0.218512
-0.218272
-0.213493
-0.221908
-0.222549
-0.222492
-0.222166
-0.221666
-0.22104
-0.220224
-0.218999
-0.218377
-0.212487
-0.223799
-0.224265
-0.224034
-0.223507
-0.222794
-0.221956
-0.220912
-0.21947
-0.218542
-0.211195
-0.225811
-0.226091
-0.225666
-0.224911
-0.223962
-0.222895
-0.221609
-0.219938
-0.218731
-0.209728
-0.228041
-0.227395
-0.226384
-0.225171
-0.223854
-0.222314
-0.220441
-0.218848
-0.208258
-0.230131
-0.229234
-0.227936
-0.226429
-0.224836
-0.22302
-0.221013
-0.218781
-0.206964
-0.232385
-0.231205
-0.229585
-0.227749
-0.22585
-0.223725
-0.221687
-0.21833
-0.205955
-0.233337
-0.231352
-0.229152
-0.226917
-0.224447
-0.222494
-0.217398
-0.205989
-0.235657
-0.233271
-0.23067
-0.228067
-0.22522
-0.223383
-0.216368
-0.210369
-0.235379
-0.232342
-0.22934
-0.226084
-0.224155
-0.215894
-0.221525
-0.234218
-0.230781
-0.227092
-0.224689
-0.216161
-0.220623
-0.236351
-0.23244
-0.228283
-0.22509
-0.216674
-0.217852
-0.234361
-0.229667
-0.225518
-0.217061
-0.21514
-0.231239
-0.226014
-0.217204
-0.212396
-0.226558
-0.21703
-0.209723
-0.216517
-0.207051
-0.204304
-0.215983
-0.204636
-0.216853
-0.207398
-0.226884
-0.217376
-0.210085
-0.231549
-0.226343
-0.217561
-0.212774
-0.234659
-0.229977
-0.22585
-0.217428
-0.215535
-0.236644
-0.232737
-0.228593
-0.225426
-0.217052
-0.218266
-0.23451
-0.231078
-0.227403
-0.225031
-0.21655
-0.221058
-0.235674
-0.232635
-0.229638
-0.226399
-0.224503
-0.216293
-0.221985
-0.235959
-0.233567
-0.230965
-0.228369
-0.225539
-0.223739
-0.216778
-0.210851
-0.23364
-0.23165
-0.229449
-0.227223
-0.224773
-0.222856
-0.217818
-0.206479
-0.232694
-0.231508
-0.229883
-0.228049
-0.22616
-0.224057
-0.222056
-0.218758
-0.20645
-0.23044
-0.229537
-0.228235
-0.226731
-0.225149
-0.223356
-0.221388
-0.219216
-0.207465
-0.228281
-0.228347
-0.227696
-0.226682
-0.225474
-0.224169
-0.222655
-0.220821
-0.219289
-0.208763
-0.226128
-0.226394
-0.225963
-0.225207
-0.224263
-0.223211
-0.221951
-0.220321
-0.219174
-0.210235
-0.22411
-0.224562
-0.224327
-0.223799
-0.223092
-0.22227
-0.221252
-0.219853
-0.218977
-0.211702
-0.222211
-0.222837
-0.222777
-0.222451
-0.221958
-0.221349
-0.220559
-0.219382
-0.218804
-0.21299
-0.22042
-0.221214
-0.221309
-0.221164
-0.220862
-0.220447
-0.219861
-0.218898
-0.218686
-0.21398
-0.218734
-0.219688
-0.219923
-0.219938
-0.219808
-0.219569
-0.219175
-0.218528
-0.218483
-0.214665
-0.217153
-0.218262
-0.218622
-0.218777
-0.218799
-0.218718
-0.218502
-0.218113
-0.217975
-0.215427
-0.215682
-0.216938
-0.21741
-0.217689
-0.217845
-0.217902
-0.217846
-0.217665
-0.217547
-0.215984
-0.214329
-0.215724
-0.216295
-0.216683
-0.216953
-0.217132
-0.217214
-0.217204
-0.217169
-0.21625
-0.213104
-0.214628
-0.215286
-0.215767
-0.216136
-0.216418
-0.216617
-0.216743
-0.216807
-0.216324
-0.21202
-0.21366
-0.214393
-0.214952
-0.215404
-0.215772
-0.216068
-0.216302
-0.216461
-0.216283
-0.21109
-0.212832
-0.213627
-0.21425
-0.214768
-0.215207
-0.21558
-0.215897
-0.216141
-0.216177
-0.210324
-0.212151
-0.212997
-0.213671
-0.214241
-0.214733
-0.215166
-0.215546
-0.215859
-0.216044
-0.209735
-0.211628
-0.212512
-0.213223
-0.213832
-0.214363
-0.214838
-0.215263
-0.215628
-0.215911
-0.209332
-0.21127
-0.212179
-0.212915
-0.213549
-0.214105
-0.214607
-0.215059
-0.215457
-0.215801
-0.20912
-0.211081
-0.212004
-0.212752
-0.213397
-0.213965
-0.214479
-0.214944
-0.215357
-0.215727
-0.216132
-0.216433
-0.216735
-0.217033
-0.217323
-0.217602
-0.217865
-0.218103
-0.218308
-0.218469
-0.218575
-0.218612
-0.218569
-0.218429
-0.218176
-0.217793
-0.217257
-0.216543
-0.21562
-0.214451
-0.212997
-0.211197
-0.20899
-0.206302
-0.203044
-0.199101
-0.194402
-0.188846
-0.182237
-0.174541
-0.165523
-0.155334
-0.143564
-0.130778
-0.116329
-0.101146
-0.0850688
-0.0675275
-0.0529039
-0.0314587
-0.0244443
0.0045667
-0.216181
-0.216462
-0.216754
-0.217045
-0.217328
-0.217601
-0.217859
-0.218093
-0.218294
-0.218452
-0.218556
-0.218595
-0.218555
-0.218423
-0.218182
-0.217816
-0.217303
-0.216618
-0.215731
-0.214604
-0.213197
-0.211448
-0.209294
-0.206656
-0.203443
-0.19954
-0.194854
-0.189297
-0.182669
-0.17493
-0.165843
-0.155566
-0.143687
-0.130792
-0.116234
-0.100958
-0.0848231
-0.0672358
-0.0526292
-0.0312287
-0.0243074
0.00451861
-0.216308
-0.216556
-0.216831
-0.217111
-0.217385
-0.217651
-0.217902
-0.21813
-0.218327
-0.218482
-0.218585
-0.218624
-0.218588
-0.218463
-0.218235
-0.217886
-0.217396
-0.216742
-0.215892
-0.21481
-0.213451
-0.211757
-0.209658
-0.207075
-0.20391
-0.20005
-0.19539
-0.189835
-0.18319
-0.175414
-0.166259
-0.1559
-0.143914
-0.130913
-0.116242
-0.100875
-0.084671
-0.0670465
-0.0524441
-0.0310802
-0.024259
0.00437949
-0.216507
-0.216705
-0.216957
-0.217225
-0.217488
-0.217745
-0.217989
-0.218211
-0.218403
-0.218555
-0.218656
-0.218695
-0.218663
-0.218545
-0.218329
-0.217998
-0.217532
-0.216909
-0.216097
-0.215061
-0.213753
-0.212115
-0.210075
-0.207549
-0.204436
-0.20062
-0.195993
-0.190446
-0.183788
-0.175981
-0.166761
-0.156327
-0.144233
-0.131134
-0.116347
-0.100895
-0.0846145
-0.0669587
-0.0523575
-0.0310116
-0.0242933
0.00415654
-0.216764
-0.2169
-0.217124
-0.217378
-0.217629
-0.217876
-0.218112
-0.218328
-0.218515
-0.218662
-0.218761
-0.218801
-0.218772
-0.218661
-0.218457
-0.218143
-0.217702
-0.21711
-0.216338
-0.215348
-0.214093
-0.212513
-0.210533
-0.208067
-0.205008
-0.201239
-0.196648
-0.191115
-0.184447
-0.176614
-0.167333
-0.156831
-0.144633
-0.131442
-0.11654
-0.101008
-0.0846489
-0.0669645
-0.0523746
-0.0310887
-0.0243305
0.00385377
-0.21707
-0.217127
-0.217319
-0.21756
-0.217796
-0.218034
-0.218262
-0.218472
-0.218653
-0.218796
-0.218893
-0.218932
-0.218906
-0.218803
-0.21861
-0.218314
-0.217898
-0.217337
-0.216604
-0.215661
-0.21446
-0.212938
-0.211019
-0.208615
-0.20561
-0.201891
-0.197339
-0.191826
-0.185151
-0.177297
-0.16796
-0.157396
-0.145098
-0.131823
-0.11681
-0.101206
-0.0847701
-0.0670501
-0.0524385
-0.0312736
-0.0244326
0.0034761
-0.217413
-0.217371
-0.217529
-0.217757
-0.21798
-0.218207
-0.218428
-0.218631
-0.218806
-0.218946
-0.21904
-0.219079
-0.219056
-0.218959
-0.218779
-0.2185
-0.218108
-0.217579
-0.216885
-0.215989
-0.214841
-0.213378
-0.211521
-0.209179
-0.206226
-0.20254
-0.198048
-0.192561
-0.185883
-0.178014
-0.168624
-0.158006
-0.145613
-0.132264
-0.117143
-0.101475
-0.0849733
-0.0672208
-0.052571
-0.031513
-0.0245852
0.00303091
-0.217792
-0.217616
-0.217741
-0.217958
-0.218167
-0.218385
-0.218598
-0.218794
-0.218964
-0.2191
-0.219191
-0.219231
-0.21921
-0.219121
-0.218952
-0.218691
-0.218322
-0.217825
-0.217169
-0.21632
-0.215224
-0.21382
-0.212025
-0.209745
-0.206845
-0.203217
-0.198763
-0.193303
-0.186625
-0.178746
-0.169309
-0.158644
-0.146163
-0.132748
-0.117526
-0.101802
-0.0852199
-0.0674745
-0.0527824
-0.0318031
-0.0247649
0.00252704
-0.218243
-0.217846
-0.217941
-0.218151
-0.218347
-0.218554
-0.218759
-0.21895
-0.219115
-0.219246
-0.219335
-0.219375
-0.219358
-0.219275
-0.219118
-0.218875
-0.21853
-0.218063
-0.217446
-0.216641
-0.215598
-0.214251
-0.212517
-0.210298
-0.20745
-0.203914
-0.199467
-0.194036
-0.187361
-0.179477
-0.169997
-0.159294
-0.146731
-0.13326
-0.117946
-0.102173
-0.0855272
-0.0677701
-0.0530573
-0.0321427
-0.0249561
0.00197421
-0.218819
-0.218047
-0.218117
-0.218325
-0.218507
-0.218704
-0.218901
-0.219086
-0.219246
-0.219374
-0.219461
-0.219502
-0.219488
-0.219413
-0.219268
-0.219042
-0.21872
-0.218283
-0.217703
-0.216942
-0.215949
-0.214659
-0.212984
-0.210825
-0.208019
-0.204554
-0.200143
-0.194745
-0.188075
-0.180192
-0.17067
-0.159938
-0.147303
-0.133783
-0.118392
-0.102574
-0.0858802
-0.0681016
-0.05338
-0.0325245
-0.0251466
0.00138272
-0.219209
-0.218301
-0.218271
-0.21847
-0.218641
-0.218824
-0.219009
-0.21919
-0.219345
-0.21947
-0.219557
-0.219599
-0.21959
-0.219523
-0.21939
-0.219181
-0.218883
-0.218474
-0.21793
-0.217212
-0.216268
-0.215031
-0.213415
-0.211314
-0.20853
-0.205151
-0.200774
-0.195411
-0.18875
-0.180869
-0.171322
-0.160562
-0.147867
-0.134305
-0.118849
-0.10299
-0.0862651
-0.0684611
-0.0537374
-0.0329399
-0.0253265
0.000762974
-0.219465
-0.218611
-0.218394
-0.218575
-0.218736
-0.218901
-0.21908
-0.219252
-0.219402
-0.219524
-0.219611
-0.219656
-0.219652
-0.219595
-0.219475
-0.219284
-0.219007
-0.218628
-0.218117
-0.21744
-0.216542
-0.215357
-0.213795
-0.21175
-0.209132
-0.205693
-0.20136
-0.196026
-0.189376
-0.181501
-0.171932
-0.161153
-0.148408
-0.134813
-0.119306
-0.103411
-0.0866707
-0.0688382
-0.0541174
-0.0333812
-0.0254877
0.000124963
-0.219772
-0.218922
-0.218481
-0.218642
-0.218787
-0.218928
-0.219094
-0.219258
-0.219403
-0.219524
-0.219612
-0.219661
-0.219665
-0.219618
-0.219513
-0.219339
-0.219086
-0.218733
-0.218256
-0.217617
-0.216762
-0.215626
-0.214115
-0.212102
-0.209527
-0.206169
-0.201875
-0.196574
-0.189938
-0.182074
-0.172489
-0.161699
-0.148915
-0.135295
-0.119753
-0.103825
-0.0870868
-0.0692235
-0.0545082
-0.0338416
-0.0256243
-0.000522129
-0.220116
-0.219244
-0.218536
-0.218667
-0.218787
-0.218894
-0.219042
-0.219197
-0.219337
-0.219458
-0.21955
-0.219605
-0.219619
-0.219584
-0.219493
-0.219339
-0.219108
-0.218782
-0.218336
-0.217733
-0.216919
-0.215828
-0.214365
-0.21243
-0.209872
-0.206567
-0.202312
-0.197045
-0.190425
-0.182576
-0.172982
-0.162188
-0.149379
-0.13574
-0.12018
-0.104222
-0.0875036
-0.0696086
-0.054899
-0.0343144
-0.0257323
-0.00117021
-0.220481
-0.219591
-0.218567
-0.218645
-0.218722
-0.218783
-0.21891
-0.219054
-0.21919
-0.219313
-0.219411
-0.219476
-0.219501
-0.219481
-0.219408
-0.219273
-0.219064
-0.218765
-0.218348
-0.21778
-0.217004
-0.215953
-0.214524
-0.212664
-0.210133
-0.206878
-0.202659
-0.197427
-0.190827
-0.182998
-0.173402
-0.162611
-0.149789
-0.136137
-0.120579
-0.104592
-0.0879112
-0.0699858
-0.0552795
-0.0347934
-0.025809
-0.00181237
-0.220861
-0.219936
-0.21856
-0.218565
-0.218574
-0.218575
-0.218677
-0.218812
-0.218947
-0.219075
-0.219183
-0.219261
-0.219302
-0.219299
-0.219245
-0.219131
-0.218946
-0.218672
-0.218284
-0.217748
-0.217006
-0.215996
-0.214602
-0.212781
-0.2103
-0.207091
-0.202908
-0.197712
-0.191133
-0.183327
-0.173739
-0.162956
-0.150136
-0.136477
-0.120939
-0.104926
-0.0882988
-0.070347
-0.0556398
-0.0352719
-0.0258528
-0.00244271
-0.221196
-0.220168
-0.218467
-0.218402
-0.218318
-0.218251
-0.21833
-0.218459
-0.218597
-0.218734
-0.218857
-0.218953
-0.219013
-0.219031
-0.218998
-0.218907
-0.218745
-0.218496
-0.218135
-0.217628
-0.216917
-0.215934
-0.214637
-0.212801
-0.210362
-0.207196
-0.203048
-0.197887
-0.191334
-0.183555
-0.173983
-0.163216
-0.150412
-0.136752
-0.121253
-0.105217
-0.0886609
-0.0706879
-0.0559758
-0.0357446
-0.0258664
-0.00305673
-0.221416
-0.220158
-0.218256
-0.218151
-0.217944
-0.217801
-0.217858
-0.217984
-0.218128
-0.218278
-0.218419
-0.218536
-0.218619
-0.21866
-0.21865
-0.218583
-0.218446
-0.218223
-0.217889
-0.217409
-0.216728
-0.21571
-0.214487
-0.212711
-0.210311
-0.207186
-0.203074
-0.197954
-0.191431
-0.183688
-0.174144
-0.163402
-0.150632
-0.13698
-0.121541
-0.105483
-0.0890126
-0.0710187
-0.056299
-0.0362132
-0.0258598
-0.00365357
-0.222313
-0.219874
-0.217877
-0.217726
-0.217351
-0.217125
-0.217165
-0.217296
-0.217456
-0.217629
-0.217797
-0.217945
-0.21806
-0.218132
-0.218154
-0.218118
-0.21801
-0.217817
-0.217511
-0.217062
-0.216416
-0.215589
-0.214227
-0.212496
-0.210137
-0.207058
-0.20299
-0.197918
-0.191438
-0.183742
-0.17424
-0.163535
-0.150817
-0.137176
-0.121814
-0.105733
-0.0893591
-0.0713445
-0.0566065
-0.0366814
-0.0258281
-0.00423775
-0.222125
-0.217509
-0.216509
-0.216608
-0.216171
-0.215963
-0.216061
-0.216256
-0.216477
-0.216708
-0.216934
-0.217138
-0.217308
-0.217432
-0.217502
-0.217509
-0.217443
-0.217287
-0.217015
-0.216594
-0.215949
-0.215098
-0.213844
-0.212157
-0.209831
-0.206786
-0.202749
-0.197709
-0.191259
-0.18359
-0.174126
-0.163439
-0.15078
-0.137144
-0.121877
-0.10579
-0.0895177
-0.0715461
-0.0567549
-0.037103
-0.0256887
-0.00480793
-0.206799
-0.208719
-0.213384
-0.214841
-0.214709
-0.214642
-0.214848
-0.215138
-0.215432
-0.215723
-0.216005
-0.216263
-0.216483
-0.216655
-0.21677
-0.216819
-0.216792
-0.216674
-0.216443
-0.21608
-0.215532
-0.21462
-0.213333
-0.211621
-0.209274
-0.2062
-0.202135
-0.197053
-0.19058
-0.182868
-0.173413
-0.162697
-0.150117
-0.136482
-0.121373
-0.105352
-0.0892342
-0.0714872
-0.0565836
-0.0375222
-0.0253038
-0.00551304
-0.205906
-0.206017
-0.210246
-0.211876
-0.211806
-0.211761
-0.212087
-0.212553
-0.213006
-0.213427
-0.213824
-0.214189
-0.214505
-0.214763
-0.214953
-0.215066
-0.21509
-0.215009
-0.214792
-0.214397
-0.213725
-0.212906
-0.211626
-0.209877
-0.207485
-0.20436
-0.200247
-0.195119
-0.188629
-0.180904
-0.171511
-0.16084
-0.14844
-0.134918
-0.120106
-0.104279
-0.0884551
-0.0710605
-0.0561351
-0.0377822
-0.0248012
-0.00618925
-0.202778
-0.202714
-0.205435
-0.206989
-0.207327
-0.207572
-0.208118
-0.208805
-0.209468
-0.210074
-0.210636
-0.211151
-0.211606
-0.211988
-0.212286
-0.212492
-0.212591
-0.212566
-0.212388
-0.212029
-0.211458
-0.210523
-0.209201
-0.207405
-0.204958
-0.201778
-0.197619
-0.192454
-0.185967
-0.178258
-0.168964
-0.158389
-0.14622
-0.132883
-0.118413
-0.10287
-0.0873674
-0.0704101
-0.055497
-0.0378693
-0.0242854
-0.00670264
-0.197122
-0.19791
-0.199345
-0.200533
-0.201284
-0.201979
-0.202835
-0.203776
-0.204682
-0.205518
-0.206291
-0.207002
-0.207638
-0.208184
-0.208628
-0.208962
-0.209168
-0.209231
-0.20912
-0.208812
-0.208242
-0.207321
-0.205978
-0.204152
-0.201671
-0.198457
-0.194279
-0.189107
-0.182658
-0.175007
-0.165859
-0.155436
-0.143545
-0.130466
-0.116371
-0.101194
-0.0860256
-0.0695789
-0.054704
-0.0378049
-0.0237678
-0.00707077
-0.188992
-0.191203
-0.192137
-0.192951
-0.193949
-0.195085
-0.196295
-0.197506
-0.198662
-0.199743
-0.200752
-0.201684
-0.202526
-0.203263
-0.203881
-0.204368
-0.204708
-0.204883
-0.204862
-0.204617
-0.204082
-0.203204
-0.201863
-0.20003
-0.197541
-0.194324
-0.190162
-0.185023
-0.17866
-0.171118
-0.16217
-0.151964
-0.140401
-0.127656
-0.113971
-0.0992411
-0.0844295
-0.0685489
-0.053765
-0.0375726
-0.0232495
-0.00730539
-0.179078
-0.182771
-0.183841
-0.184511
-0.185666
-0.187173
-0.188738
-0.19023
-0.191628
-0.192943
-0.194181
-0.195333
-0.196382
-0.197312
-0.198108
-0.198757
-0.199239
-0.199538
-0.199618
-0.19945
-0.198973
-0.198135
-0.19685
-0.195036
-0.19257
-0.189382
-0.185279
-0.180217
-0.173989
-0.166614
-0.157917
-0.147997
-0.136808
-0.124472
-0.111232
-0.0970162
-0.0825949
-0.0673154
-0.0526942
-0.0371696
-0.0227302
-0.0074249
-0.168398
-0.173165
-0.174686
-0.17548
-0.176803
-0.178603
-0.180488
-0.182253
-0.183881
-0.185409
-0.186852
-0.188202
-0.18944
-0.190548
-0.191508
-0.192309
-0.192927
-0.193346
-0.193528
-0.193446
-0.193038
-0.192266
-0.19104
-0.189271
-0.186856
-0.183731
-0.179722
-0.174781
-0.168732
-0.161577
-0.153178
-0.143602
-0.132829
-0.120961
-0.1082
-0.0945468
-0.0805538
-0.0658903
-0.0515105
-0.0366082
-0.022207
-0.00745076
-0.157511
-0.162937
-0.165003
-0.166107
-0.167643
-0.169683
-0.171836
-0.173851
-0.175694
-0.177413
-0.179036
-0.18056
-0.181962
-0.183224
-0.184329
-0.185263
-0.186002
-0.186529
-0.186806
-0.186806
-0.186471
-0.185765
-0.184604
-0.182903
-0.180563
-0.177525
-0.173639
-0.168856
-0.163021
-0.156129
-0.148062
-0.138876
-0.128549
-0.11719
-0.104935
-0.091872
-0.0783446
-0.0642958
-0.0502329
-0.0359088
-0.0216751
-0.00740381
-0.146742
-0.152536
-0.155102
-0.156588
-0.158374
-0.160623
-0.162996
-0.16523
-0.167271
-0.169165
-0.170948
-0.172621
-0.174166
-0.175563
-0.176792
-0.17784
-0.178684
-0.179306
-0.179668
-0.179744
-0.179479
-0.178834
-0.17773
-0.176122
-0.173875
-0.170944
-0.167201
-0.162599
-0.157002
-0.150401
-0.142688
-0.13392
-0.124058
-0.11323
-0.1015
-0.0890365
-0.0760061
-0.0625601
-0.0488788
-0.0350958
-0.0211298
-0.00730212
-0.1363
-0.142243
-0.14521
-0.147073
-0.149117
-0.151556
-0.154111
-0.156533
-0.158753
-0.160806
-0.162733
-0.16454
-0.16621
-0.167724
-0.169062
-0.17021
-0.171147
-0.171853
-0.172293
-0.17244
-0.172242
-0.171661
-0.170629
-0.169102
-0.166957
-0.164147
-0.16056
-0.156156
-0.15081
-0.144516
-0.137168
-0.128829
-0.11944
-0.109148
-0.097953
-0.0860843
-0.0735735
-0.0607129
-0.0474629
-0.0341932
-0.0205677
-0.00716021
-0.126264
-0.132216
-0.13548
-0.137674
-0.139958
-0.142567
-0.145275
-0.147856
-0.150232
-0.152431
-0.154488
-0.156414
-0.158195
-0.159814
-0.16125
-0.162489
-0.16351
-0.164292
-0.164805
-0.16502
-0.164889
-0.164378
-0.16342
-0.161975
-0.159937
-0.157259
-0.153837
-0.14964
-0.144551
-0.138569
-0.131589
-0.12368
-0.114763
-0.105
-0.0943411
-0.0830537
-0.0710756
-0.0587817
-0.0459974
-0.033222
-0.0199871
-0.0069892
-0.116663
-0.122538
-0.126009
-0.128471
-0.130963
-0.133718
-0.136552
-0.139263
-0.141773
-0.144099
-0.146273
-0.148306
-0.150188
-0.151901
-0.153426
-0.154748
-0.155847
-0.156703
-0.157285
-0.157568
-0.157506
-0.157067
-0.156187
-0.154829
-0.152902
-0.150363
-0.147113
-0.143129
-0.138298
-0.132629
-0.126014
-0.118527
-0.110075
-0.100828
-0.0906993
-0.0799753
-0.0685343
-0.0567891
-0.0444919
-0.0321986
-0.0193876
-0.00679733
-0.10752
-0.11326
-0.11686
-0.119527
-0.122184
-0.125056
-0.127989
-0.130802
-0.133422
-0.135856
-0.138131
-0.140259
-0.14223
-0.144028
-0.145634
-0.147033
-0.148205
-0.149132
-0.149783
-0.150135
-0.150143
-0.149779
-0.148983
-0.147719
-0.145909
-0.143514
-0.14044
-0.13667
-0.132098
-0.126738
-0.120481
-0.113405
-0.105408
-0.0966598
-0.0870515
-0.0768716
-0.0659655
-0.0547532
-0.0429543
-0.031136
-0.0187701
-0.00659051
-0.0988445
-0.104406
-0.108071
-0.110884
-0.113664
-0.11662
-0.119624
-0.122513
-0.125217
-0.127738
-0.130098
-0.132306
-0.134354
-0.136227
-0.137906
-0.139377
-0.140618
-0.141612
-0.142331
-0.142752
-0.142833
-0.142548
-0.14184
-0.140677
-0.138989
-0.136741
-0.133847
-0.130292
-0.125977
-0.12092
-0.115014
-0.108337
-0.100782
-0.0925145
-0.083414
-0.0737592
-0.0633812
-0.0526877
-0.0413913
-0.0300437
-0.018136
-0.00637296
-0.0906365
-0.0959891
-0.0996682
-0.102576
-0.105437
-0.108445
-0.111491
-0.114429
-0.117192
-0.119779
-0.122205
-0.124478
-0.12659
-0.128527
-0.13027
-0.131804
-0.133109
-0.134168
-0.134954
-0.135444
-0.1356
-0.135395
-0.134779
-0.133723
-0.132161
-0.130064
-0.127351
-0.12401
-0.11995
-0.11519
-0.109627
-0.103336
-0.0962098
-0.0884052
-0.079798
-0.0706505
-0.0607906
-0.0506035
-0.0398089
-0.0289295
-0.0174876
-0.0061477
-0.0828942
-0.0880164
-0.0916664
-0.0946237
-0.0975284
-0.100558
-0.103617
-0.106579
-0.109377
-0.112007
-0.114479
-0.116801
-0.118964
-0.120952
-0.12275
-0.12434
-0.125703
-0.126822
-0.127672
-0.12823
-0.128461
-0.12834
-0.127819
-0.126871
-0.125439
-0.123494
-0.120963
-0.117836
-0.114028
-0.109557
-0.104328
-0.0984104
-0.0916999
-0.0843413
-0.0762122
-0.0675552
-0.0582017
-0.0485095
-0.0382128
-0.0277993
-0.0168274
-0.00591694
-0.0756097
-0.0804869
-0.0840732
-0.087042
-0.0899568
-0.0929787
-0.0960275
-0.0989871
-0.101797
-0.104448
-0.106949
-0.109303
-0.111501
-0.113529
-0.115369
-0.117006
-0.118421
-0.119595
-0.120505
-0.12113
-0.121435
-0.121397
-0.120973
-0.120139
-0.118834
-0.117043
-0.114693
-0.111778
-0.108217
-0.10403
-0.0991252
-0.0935685
-0.0872595
-0.080331
-0.0726644
-0.0644817
-0.0556219
-0.0464137
-0.0366089
-0.0266588
-0.0161583
-0.0056824
-0.0687711
-0.0733947
-0.0768899
-0.079838
-0.0827343
-0.0857242
-0.0887389
-0.0916744
-0.094474
-0.0971265
-0.0996368
-0.102006
-0.104225
-0.10628
-0.108152
-0.109827
-0.111284
-0.112508
-0.113473
-0.114161
-0.114538
-0.114584
-0.114256
-0.113532
-0.112359
-0.11072
-0.108551
-0.105844
-0.102526
-0.0986143
-0.0940249
-0.0888169
-0.0828956
-0.0763815
-0.0691617
-0.0614381
-0.0530583
-0.0443233
-0.0350029
-0.0255128
-0.0154832
-0.00544548
-0.0623634
-0.0667298
-0.0701128
-0.0730141
-0.0758677
-0.0788044
-0.0817649
-0.0846566
-0.0874264
-0.0900614
-0.0925637
-0.0949324
-0.0971579
-0.099226
-0.101119
-0.102821
-0.104314
-0.105579
-0.106595
-0.107342
-0.107788
-0.107914
-0.107681
-0.107067
-0.106024
-0.104537
-0.102545
-0.100043
-0.0969615
-0.0933178
-0.0890335
-0.0841621
-0.0786146
-0.0725
-0.0657113
-0.0584317
-0.0505182
-0.0422453
-0.0334006
-0.0243662
-0.014805
-0.0052074
-0.0563693
-0.0604793
-0.0637345
-0.0665677
-0.0693589
-0.0722248
-0.0751145
-0.0779454
-0.0806681
-0.0832688
-0.085747
-0.0881004
-0.0903187
-0.0923878
-0.0942903
-0.0960101
-0.0975285
-0.0988289
-0.0998885
-0.100689
-0.1012
-0.101404
-0.101262
-0.100757
-0.0998418
-0.0985026
-0.0966845
-0.0943819
-0.0915312
-0.0881473
-0.0841578
-0.0796111
-0.0744236
-0.0686936
-0.0623205
-0.05547
-0.0480086
-0.0401863
-0.0318078
-0.0232235
-0.0141268
-0.00496928
-0.0507704
-0.0546278
-0.0577444
-0.0604933
-0.0632064
-0.0659874
-0.0687926
-0.0715483
-0.0742093
-0.076761
-0.079201
-0.0815254
-0.0837239
-0.0857822
-0.0876831
-0.0894107
-0.0909463
-0.0922737
-0.0933705
-0.0942187
-0.0947907
-0.0950672
-0.0950143
-0.0946133
-0.0938226
-0.0926281
-0.0909791
-0.0888702
-0.0862428
-0.0831101
-0.0794049
-0.0751707
-0.0703293
-0.0649693
-0.0589963
-0.0525601
-0.0455366
-0.038153
-0.0302301
-0.022089
-0.0134514
-0.00473216
-0.0455477
-0.049159
-0.0521301
-0.0547825
-0.0574055
-0.0600908
-0.0628007
-0.06547
-0.0680572
-0.0705474
-0.0729367
-0.0752204
-0.0773875
-0.0794241
-0.0813132
-0.0830391
-0.0845833
-0.0859297
-0.0870568
-0.0879468
-0.0885736
-0.0889184
-0.0889494
-0.0886487
-0.0879778
-0.0869233
-0.0854378
-0.0835162
-0.0811042
-0.0782136
-0.0747818
-0.0708478
-0.0663387
-0.0613341
-0.0557458
-0.0497092
-0.0431088
-0.0361515
-0.0286729
-0.0209671
-0.0127816
-0.00449702
-0.040682
-0.0440557
-0.0468778
-0.0494252
-0.0519492
-0.054531
-0.0571378
-0.059712
-0.0622157
-0.0646342
-0.0669626
-0.0691951
-0.0713208
-0.0733259
-0.0751939
-0.0769092
-0.0784537
-0.0798115
-0.0809618
-0.0818872
-0.0825628
-0.0829704
-0.08308
-0.0828746
-0.0823182
-0.081398
-0.0800698
-0.0783282
-0.0761232
-0.073465
-0.0702955
-0.0666495
-0.0624588
-0.0577951
-0.0525762
-0.0469241
-0.0407321
-0.0341881
-0.0271417
-0.019862
-0.01212
-0.00426483
-0.0361548
-0.0393007
-0.0419731
-0.0444099
-0.0468292
-0.0493021
-0.0518003
-0.0542731
-0.0566861
-0.059025
-0.0612841
-0.0634569
-0.0655326
-0.0674978
-0.0693364
-0.0710329
-0.07257
-0.0739319
-0.0750984
-0.0760527
-0.0767708
-0.0772354
-0.0774179
-0.0773019
-0.076854
-0.0760619
-0.0748839
-0.0733146
-0.0713076
-0.0688719
-0.0659533
-0.0625826
-0.0586965
-0.0543592
-0.0494942
-0.0442116
-0.0384129
-0.0322686
-0.0256415
-0.0187774
-0.0114693
-0.00403647
-0.031948
-0.034877
-0.0374011
-0.0397245
-0.0420358
-0.0443967
-0.0467833
-0.0491507
-0.0514679
-0.0537213
-0.0559045
-0.0580109
-0.0600296
-0.0619477
-0.0637496
-0.0654203
-0.0669429
-0.0683019
-0.069478
-0.0704547
-0.0712092
-0.0717246
-0.071974
-0.0719415
-0.0715957
-0.0709236
-0.0698884
-0.0684834
-0.0666654
-0.0644417
-0.0617622
-0.0586542
-0.0550587
-0.0510333
-0.0465066
-0.0415784
-0.0361574
-0.0303988
-0.0241773
-0.0177174
-0.0108319
-0.00381282
-0.0280445
-0.0307681
-0.0331473
-0.0353566
-0.0375585
-0.0398067
-0.0420803
-0.0443401
-0.0465586
-0.0487225
-0.0508253
-0.0528601
-0.0548163
-0.0566815
-0.0584406
-0.0600793
-0.0615811
-0.0629311
-0.0641105
-0.0651034
-0.0658881
-0.0664481
-0.066758
-0.0668027
-0.0665516
-0.0659922
-0.0650912
-0.0638423
-0.0622038
-0.0601817
-0.0577294
-0.0548713
-0.0515522
-0.0478239
-0.0436201
-0.0390308
-0.0339718
-0.0285843
-0.0227538
-0.0166855
-0.0102103
-0.00359471
-0.0244284
-0.0269585
-0.0291974
-0.0312937
-0.0333868
-0.0355228
-0.037684
-0.0398361
-0.0419543
-0.0440266
-0.046046
-0.0480057
-0.0498955
-0.0517033
-0.0534149
-0.0550164
-0.0564921
-0.0578274
-0.0590044
-0.0600078
-0.0608165
-0.0614151
-0.061779
-0.0618935
-0.0617301
-0.061277
-0.0605022
-0.0593995
-0.0579304
-0.0560991
-0.0538619
-0.0512406
-0.0481838
-0.0447378
-0.0408412
-0.0365751
-0.0318621
-0.0268302
-0.0213756
-0.0156853
-0.00960666
-0.00338294
-0.0210847
-0.0234335
-0.0255378
-0.0275238
-0.02951
-0.0315361
-0.0335867
-0.0356322
-0.0376505
-0.0396304
-0.0415651
-0.0434477
-0.0452684
-0.0470157
-0.0486761
-0.0502365
-0.0516816
-0.0529975
-0.054167
-0.0551754
-0.0560026
-0.0566336
-0.0570452
-0.057223
-0.0571405
-0.0567858
-0.0561288
-0.0551631
-0.0538528
-0.052201
-0.0501667
-0.047769
-0.0449602
-0.0417816
-0.0381762
-0.0342174
-0.0298339
-0.025142
-0.0200471
-0.0147201
-0.00902324
-0.00317828
-0.0179999
-0.0201795
-0.022156
-0.0240353
-0.0259178
-0.0278372
-0.0297804
-0.0317217
-0.0336418
-0.0355301
-0.0373801
-0.0391849
-0.0409351
-0.0426201
-0.0442269
-0.045743
-0.0471541
-0.0484466
-0.0496043
-0.0506129
-0.0514534
-0.0521111
-0.0525643
-0.052799
-0.05279
-0.0525259
-0.0519782
-0.0511401
-0.0499781
-0.0484945
-0.0466507
-0.0444634
-0.0418881
-0.0389618
-0.0356317
-0.0319639
-0.0278929
-0.0235245
-0.0187727
-0.0137932
-0.00846218
-0.00298147
-0.0151616
-0.0171842
-0.01904
-0.0208173
-0.0226003
-0.0244174
-0.0262574
-0.0280981
-0.0299226
-0.0317213
-0.0334877
-0.0352152
-0.036895
-0.0385168
-0.0400687
-0.0415386
-0.0429131
-0.0441792
-0.0453214
-0.0463261
-0.0471751
-0.0478545
-0.0483435
-0.0486285
-0.048686
-0.0485045
-0.0480575
-0.0473376
-0.0463135
-0.0449865
-0.0433208
-0.0413304
-0.0389741
-0.0362849
-0.0332137
-0.0298204
-0.0260446
-0.0219827
-0.0175564
-0.0129079
-0.00792555
-0.00279323
-0.012559
-0.0144367
-0.0161795
-0.0178602
-0.0195487
-0.0212685
-0.0230101
-0.0247547
-0.0264874
-0.0281994
-0.0298845
-0.0315364
-0.0331467
-0.0347057
-0.0362023
-0.0376251
-0.0389614
-0.0401988
-0.0413227
-0.0423199
-0.0431734
-0.0438697
-0.044389
-0.0447184
-0.0448353
-0.0447289
-0.0443738
-0.0437627
-0.042866
-0.0416843
-0.0401839
-0.038377
-0.036225
-0.0337573
-0.0309286
-0.0277929
-0.0242947
-0.0205215
-0.0164025
-0.0120673
-0.00741538
-0.00261427
-0.0101823
-0.011927
-0.0135649
-0.015155
-0.0167545
-0.0183828
-0.0200317
-0.0216854
-0.0233308
-0.02496
-0.0265672
-0.028146
-0.0296887
-0.0311863
-0.0326282
-0.0340039
-0.0353012
-0.0365086
-0.037612
-0.0385991
-0.0394535
-0.0401624
-0.0407071
-0.0410749
-0.0412448
-0.0412059
-0.0409343
-0.0404226
-0.0396428
-0.0385948
-0.0372471
-0.0356101
-0.0336476
-0.0313859
-0.0287829
-0.0258874
-0.0226485
-0.0191458
-0.015315
-0.0112745
-0.00693368
-0.0024453
-0.00802371
-0.00964713
-0.0111882
-0.0126942
-0.0142109
-0.0157539
-0.0173164
-0.0188849
-0.0204483
-0.0219994
-0.0235326
-0.0250418
-0.0265198
-0.0279581
-0.0293469
-0.0306762
-0.0319347
-0.0331114
-0.0341931
-0.0351678
-0.0360204
-0.0367382
-0.0373037
-0.0377047
-0.0379212
-0.0379427
-0.0377464
-0.0373246
-0.0366512
-0.0357255
-0.0345178
-0.0330369
-0.0312489
-0.0291774
-0.026783
-0.0241101
-0.0211117
-0.0178606
-0.0142981
-0.0105326
-0.00648248
-0.00228702
-0.00607661
-0.00759027
-0.00904305
-0.0104716
-0.011912
-0.0133765
-0.0148591
-0.0163489
-0.0178362
-0.0193145
-0.0207784
-0.0222222
-0.0236391
-0.0250211
-0.026359
-0.0276437
-0.0288643
-0.0300105
-0.0310698
-0.0320308
-0.0328792
-0.0336029
-0.0341852
-0.0346145
-0.0348716
-0.0349469
-0.034817
-0.034476
-0.0338989
-0.0330841
-0.0320037
-0.0306651
-0.0290366
-0.027139
-0.0249358
-0.0224673
-0.0196902
-0.0166709
-0.013356
-0.00984487
-0.00606384
-0.00214015
-0.00433586
-0.00575122
-0.00712426
-0.00848253
-0.00985356
-0.0112465
-0.0126564
-0.0140743
-0.0154918
-0.0169032
-0.0183032
-0.0196865
-0.0210466
-0.022376
-0.0236662
-0.0249086
-0.026093
-0.0272095
-0.0282465
-0.0291931
-0.0300356
-0.0307626
-0.0313583
-0.0318114
-0.0321036
-0.0322244
-0.0321537
-0.0318849
-0.0313942
-0.030679
-0.0297132
-0.0285029
-0.0270185
-0.0252784
-0.0232487
-0.0209659
-0.0183901
-0.0155821
-0.0124932
-0.00921466
-0.00567991
-0.00200544
-0.00279842
-0.00412679
-0.00542881
-0.00672416
-0.00803299
-0.00936179
-0.0107065
-0.0120597
-0.0134143
-0.0147652
-0.0161073
-0.0174356
-0.0187437
-0.0200249
-0.0212712
-0.0224743
-0.0236247
-0.0247133
-0.0257287
-0.0266607
-0.0274964
-0.0282247
-0.0288307
-0.0293032
-0.0296251
-0.0297862
-0.0297672
-0.0295614
-0.0291466
-0.0285196
-0.0276555
-0.0265595
-0.0252034
-0.0236041
-0.0217295
-0.0196131
-0.017218
-0.0145999
-0.0117144
-0.00864553
-0.00533294
-0.00188367
-0.00146261
-0.00271537
-0.00395528
-0.0051954
-0.00644954
-0.00772195
-0.00900927
-0.0103054
-0.0116045
-0.0129018
-0.0141925
-0.0154717
-0.0167335
-0.0179715
-0.0191782
-0.0203458
-0.0214654
-0.0225281
-0.0235233
-0.0244413
-0.0252696
-0.0259978
-0.0266114
-0.0270999
-0.0274468
-0.0276423
-0.0276678
-0.0275163
-0.027167
-0.0266166
-0.0258412
-0.0248449
-0.0236013
-0.0221254
-0.0203871
-0.0184171
-0.0161812
-0.0137306
-0.0110248
-0.00814132
-0.00502539
-0.00177571
-0.000329645
-0.00151815
-0.00270506
-0.00389789
-0.00510517
-0.00632928
-0.00756737
-0.00881454
-0.0100659
-0.0113169
-0.0125632
-0.0138
-0.0150216
-0.0162219
-0.017394
-0.0185305
-0.0196228
-0.0206625
-0.0216395
-0.0225445
-0.0233656
-0.0240927
-0.0247119
-0.0252132
-0.0255805
-0.0258046
-0.0258673
-0.0257616
-0.0254677
-0.0249822
-0.0242822
-0.023371
-0.0222234
-0.020853
-0.0192315
-0.0173871
-0.0152878
-0.0129813
-0.01043
-0.00770629
-0.00475993
-0.00168249
0.000597803
-0.000538171
-0.00168155
-0.00283542
-0.0040041
-0.00518841
-0.0063859
-0.00759265
-0.00880447
-0.0100172
-0.0112267
-0.0124281
-0.0136162
-0.0147852
-0.0159283
-0.0170385
-0.0181078
-0.019128
-0.0200894
-0.020983
-0.0217975
-0.022523
-0.0231462
-0.0236573
-0.0240409
-0.0242877
-0.0243805
-0.0243122
-0.0240634
-0.0236309
-0.0229927
-0.0221514
-0.0210828
-0.0197994
-0.0182742
-0.0165335
-0.0145471
-0.0123598
-0.00993663
-0.00734527
-0.00453957
-0.00160505
0.0013131
0.0002177
-0.00089194
-0.00201558
-0.00315431
-0.00430773
-0.00547371
-0.00664907
-0.00783015
-0.00901313
-0.0101938
-0.0113677
-0.0125296
-0.013674
-0.0147943
-0.015884
-0.016935
-0.0179397
-0.0188886
-0.0197731
-0.0205819
-0.0213058
-0.0219317
-0.0224499
-0.0228457
-0.0231099
-0.0232256
-0.0231859
-0.0229719
-0.0225803
-0.0219897
-0.0212025
-0.0201951
-0.018979
-0.0175286
-0.0158684
-0.01397
-0.0118754
-0.00955203
-0.00706378
-0.00436776
-0.00154453
0.00180522
0.000738037
-0.000348258
-0.00145102
-0.00256902
-0.00370105
-0.00484518
-0.00599874
-0.00715847
-0.00832072
-0.0094814
-0.0106361
-0.0117797
-0.0129069
-0.0140113
-0.0150864
-0.0161247
-0.0171184
-0.0180585
-0.0189363
-0.0197411
-0.0204636
-0.0210911
-0.0216141
-0.0220181
-0.022294
-0.0224254
-0.0224052
-0.0222151
-0.0218515
-0.0212939
-0.020544
-0.0195789
-0.0184095
-0.0170109
-0.0154065
-0.0135691
-0.0115388
-0.00928495
-0.00686822
-0.00424865
-0.00150228
0.00206711
0.00101325
-6.16457e-05
-0.001154
-0.0022616
-0.00338286
-0.00451595
-0.00565844
-0.00680727
-0.0079589
-0.0091093
-0.0102541
-0.0113883
-0.0125066
-0.0136027
-0.0146703
-0.0157019
-0.0166899
-0.0176254
-0.0184997
-0.0193024
-0.0200241
-0.0206524
-0.0211778
-0.0215861
-0.021868
-0.0220076
-0.0219974
-0.0218198
-0.0214708
-0.0209304
-0.0201998
-0.019257
-0.0181116
-0.0167405
-0.0151648
-0.0133598
-0.0113626
-0.00914575
-0.00676571
-0.0041871
-0.00147973
-0.186933
-0.190234
-0.193331
-0.196347
-0.199473
-0.202915
-0.207271
-0.211999
-0.221701
-0.175291
-0.179609
-0.183954
-0.188445
-0.19334
-0.198488
-0.204775
-0.209482
-0.219487
-0.164373
-0.169526
-0.17474
-0.179931
-0.185298
-0.19019
-0.195979
-0.199519
-0.208827
-0.153157
-0.158432
-0.163646
-0.16863
-0.173741
-0.178348
-0.184195
-0.18845
-0.197296
-0.141646
-0.146821
-0.15198
-0.157006
-0.162334
-0.167361
-0.173414
-0.178161
-0.185724
-0.130671
-0.135871
-0.141127
-0.146309
-0.151703
-0.156763
-0.162366
-0.167113
-0.173627
-0.120423
-0.125569
-0.130728
-0.13578
-0.140906
-0.1458
-0.151042
-0.155946
-0.161865
-0.110658
-0.115614
-0.120559
-0.125436
-0.130376
-0.135237
-0.140301
-0.145243
-0.150668
-0.101403
-0.106171
-0.110942
-0.115694
-0.120484
-0.125237
-0.130056
-0.134856
-0.139913
-0.0927614
-0.0973423
-0.101924
-0.106493
-0.111068
-0.115626
-0.120213
-0.124856
-0.129656
-0.0846864
-0.0890491
-0.093408
-0.0977618
-0.10212
-0.10649
-0.110879
-0.11534
-0.119899
-0.077133
-0.0812693
-0.0854065
-0.089549
-0.093699
-0.097866
-0.102042
-0.106286
-0.110605
-0.0700908
-0.0740034
-0.0779197
-0.0818434
-0.0857729
-0.0897195
-0.0936741
-0.0976963
-0.101778
-0.063533
-0.0672212
-0.0709137
-0.0746142
-0.0783216
-0.082048
-0.0857833
-0.0895814
-0.0934238
-0.057428
-0.060895
-0.0643672
-0.0678485
-0.0713376
-0.0748452
-0.0783603
-0.0819324
-0.0855356
-0.0517481
-0.0550007
-0.0582588
-0.0615257
-0.0647999
-0.0680912
-0.0713886
-0.0747383
-0.0781077
-0.0464669
-0.0495124
-0.052563
-0.0556218
-0.0586873
-0.0617684
-0.0648543
-0.0679875
-0.0711302
-0.0415571
-0.0444041
-0.0472557
-0.0501145
-0.0529791
-0.0558577
-0.0587392
-0.0616633
-0.0645884
-0.0369939
-0.0396518
-0.0423134
-0.0449812
-0.0476536
-0.0503381
-0.0530239
-0.0557476
-0.0584655
-0.0327533
-0.0352318
-0.0377131
-0.0401994
-0.042689
-0.0451888
-0.0476883
-0.0502213
-0.0527431
-0.028813
-0.031122
-0.033433
-0.0357476
-0.0380642
-0.0403891
-0.0427123
-0.0450647
-0.047402
-0.0273026
-0.029453
-0.0316057
-0.0337593
-0.0359193
-0.0380763
-0.0402585
-0.0424227
-0.0237542
-0.0257539
-0.0277546
-0.0297551
-0.0317602
-0.0337612
-0.0357837
-0.0377864
-0.0204593
-0.0223179
-0.0241764
-0.0260336
-0.0278937
-0.0297489
-0.0316219
-0.0334742
-0.0174019
-0.0191287
-0.0208545
-0.022578
-0.0243029
-0.026022
-0.0277559
-0.0294687
-0.014567
-0.0161714
-0.0177736
-0.0193728
-0.020972
-0.0225647
-0.0241693
-0.0257529
-0.0119416
-0.0134321
-0.0149199
-0.0164037
-0.0178863
-0.019362
-0.0208469
-0.0223114
-0.00951359
-0.010899
-0.0122807
-0.0136579
-0.0150328
-0.0164005
-0.0177748
-0.0191297
-0.00727225
-0.00856057
-0.00984465
-0.0111236
-0.0123994
-0.0136675
-0.0149403
-0.0161946
-0.00520835
-0.00640745
-0.00760177
-0.00879054
-0.00997528
-0.0111523
-0.0123319
-0.0134943
-0.00331382
-0.00443123
-0.00554342
-0.00664971
-0.00775131
-0.00884504
-0.0099397
-0.0110184
-0.00158083
-0.00262388
-0.00366136
-0.00469266
-0.00571872
-0.00673688
-0.00775446
-0.00875741
-4.69013e-06
-0.000980312
-0.0019501
-0.00291352
-0.00387128
-0.00482118
-0.00576921
-0.00670384
0.00141962
0.000504653
-0.000404313
-0.0013068
-0.0022033
-0.00309204
-0.00397781
-0.00485137
0.00269592
0.00183497
0.00098012
0.000131799
-0.000710338
-0.00154485
-0.00237548
-0.00319503
0.00382584
0.00301244
0.00220515
0.00140437
0.000609894
-0.000177151
-0.000959582
-0.00173197
0.0048109
0.00403861
0.00327239
0.00251257
0.00175907
0.00101276
0.000271616
-0.000460443
0.00564946
0.00491187
0.00418023
0.00345483
0.00273568
0.00202344
0.00131674
0.000618252
0.0063406
0.00563115
0.00492744
0.00422974
0.00353811
0.00285305
0.00217371
0.0015018
0.00687753
0.00618976
0.00550743
0.00483078
0.00415991
0.00349518
0.00283614
0.00218375
0.00725457
0.00658102
0.00591259
0.00524948
0.00459185
0.00393995
0.00329362
0.00265332
0.00746893
0.00680323
0.00614195
0.00548524
0.00483323
0.00418606
0.00354371
0.00290635
0.00762042
0.00695603
0.00629606
0.00564066
0.00498995
0.00434408
0.00370302
0.00306694
0.00740617
0.00673396
0.00606687
0.0054051
0.0047488
0.00409822
0.0034532
0.00281421
0.00702927
0.00634289
0.00566196
0.00498669
0.00431721
0.00365385
0.00299618
0.00234515
0.00649249
0.0057845
0.00508226
0.00438602
0.00369586
0.00301225
0.00233437
0.0016639
0.00580144
0.00506541
0.00433533
0.0036115
0.00289392
0.00218323
0.00147809
0.00078115
0.00496285
0.00419224
0.0034277
0.00266957
0.00191776
0.00117313
0.00043367
-0.000296711
0.00397759
0.003166
0.00236053
0.00156157
0.000768917
-1.62999e-05
-0.000796896
-0.00156746
0.00284721
0.00198822
0.00113534
0.000288987
-0.000551168
-0.00138369
-0.00221232
-0.00302988
0.00157014
0.000657275
-0.000249569
-0.00114991
-0.00204427
-0.00293085
-0.00381444
-0.00468584
0.000144621
-0.000828731
-0.00179623
-0.00275735
-0.00371278
-0.00466034
-0.00560599
-0.00653828
-0.00143323
-0.00247384
-0.00350886
-0.00453767
-0.00556122
-0.00657686
-0.00759188
-0.00859229
-0.00316851
-0.00428333
-0.00539289
-0.00649652
-0.00759542
-0.00868644
-0.00977834
-0.0108544
-0.00506604
-0.00626238
-0.0074539
-0.00863984
-0.00982171
-0.0109958
-0.0121725
-0.0133321
-0.00584381
-0.00713373
-0.00841914
-0.00970026
-0.0109763
-0.012249
-0.0135141
-0.0147837
-0.016035
-0.00799342
-0.00937973
-0.0107621
-0.0121407
-0.0135148
-0.0148866
-0.016251
-0.0176221
-0.0189738
-0.0103225
-0.0118133
-0.0133008
-0.0147853
-0.0162659
-0.0177452
-0.0192176
-0.0206991
-0.0221604
-0.0128417
-0.0144455
-0.0160466
-0.0176457
-0.0192415
-0.0208373
-0.0224267
-0.0240278
-0.0256083
-0.0155627
-0.0172882
-0.0190118
-0.0207343
-0.0224545
-0.024176
-0.0258918
-0.0276222
-0.0293318
-0.0184984
-0.0203548
-0.0222101
-0.0240654
-0.0259193
-0.0277761
-0.0296279
-0.0314976
-0.0333469
-0.0216635
-0.0236601
-0.0256566
-0.0276543
-0.0296516
-0.0316534
-0.0336513
-0.0356705
-0.0376704
-0.0250737
-0.0272202
-0.0293677
-0.0315175
-0.0336681
-0.0358251
-0.0379791
-0.0401584
-0.0423202
-0.0287464
-0.0310529
-0.0333611
-0.035673
-0.037987
-0.0403092
-0.0426298
-0.0449797
-0.047315
-0.032701
-0.0351772
-0.0376562
-0.0401402
-0.0426276
-0.0451251
-0.0476225
-0.0501535
-0.0526741
-0.0369572
-0.0396132
-0.042273
-0.0449391
-0.0476097
-0.0502926
-0.0529769
-0.0556993
-0.0584168
-0.0415373
-0.044383
-0.0472333
-0.0500911
-0.0529546
-0.0558323
-0.0587132
-0.0616369
-0.0645626
-0.0464652
-0.0495101
-0.0525602
-0.0556187
-0.058684
-0.0617651
-0.0648513
-0.0679852
-0.0711299
-0.0517657
-0.0550185
-0.058277
-0.0615445
-0.0648196
-0.0681119
-0.0714109
-0.0747625
-0.0781353
-0.0574659
-0.0609341
-0.0644078
-0.0678907
-0.0713819
-0.0748918
-0.0784098
-0.0819854
-0.0855938
-0.0635922
-0.0672827
-0.0709778
-0.0746812
-0.078392
-0.0821222
-0.085862
-0.0896654
-0.0935149
-0.070172
-0.0740882
-0.0780084
-0.0819364
-0.0858708
-0.0898229
-0.0937838
-0.0978132
-0.101904
-0.0772368
-0.081378
-0.0855205
-0.0896689
-0.0938255
-0.0979998
-0.102184
-0.106438
-0.110768
-0.0848132
-0.0891821
-0.0935478
-0.0979093
-0.102276
-0.106655
-0.111054
-0.115527
-0.1201
-0.0929112
-0.0974998
-0.10209
-0.106669
-0.111253
-0.115823
-0.120422
-0.125079
-0.129895
-0.101576
-0.106353
-0.111134
-0.115897
-0.120699
-0.125465
-0.130298
-0.135115
-0.14019
-0.110852
-0.11582
-0.120776
-0.125666
-0.13062
-0.135497
-0.140577
-0.145539
-0.150984
-0.12064
-0.125797
-0.13097
-0.136037
-0.141179
-0.14609
-0.151352
-0.156278
-0.162221
-0.130908
-0.136122
-0.141393
-0.146593
-0.152004
-0.157084
-0.162709
-0.167481
-0.17402
-0.141902
-0.147092
-0.152269
-0.157314
-0.162663
-0.167712
-0.17379
-0.178565
-0.186155
-0.153431
-0.158723
-0.163956
-0.16896
-0.174094
-0.178725
-0.1846
-0.188884
-0.19776
-0.164666
-0.169838
-0.175071
-0.180284
-0.185674
-0.190591
-0.196408
-0.199976
-0.209315
-0.175602
-0.17994
-0.184306
-0.18882
-0.193739
-0.198912
-0.205227
-0.209957
-0.219988
-0.187252
-0.190572
-0.193689
-0.196726
-0.199875
-0.203341
-0.207722
-0.212475
-0.222201
0.00222938
0.00117764
0.000104906
-0.000985244
-0.00209062
-0.00320964
-0.00434048
-0.00548072
-0.00662732
-0.00777676
-0.00892503
-0.0100678
-0.0112
-0.0123165
-0.013411
-0.0144772
-0.0155075
-0.0164947
-0.0174296
-0.0183038
-0.0191068
-0.0198293
-0.0204591
-0.0209866
-0.0213977
-0.0216832
-0.0218272
-0.0218223
-0.0216509
-0.0213091
-0.0207768
-0.0200553
-0.0191225
-0.0179882
-0.0166288
-0.0150659
-0.0132742
-0.0112913
-0.00908921
-0.00672488
-0.00416228
-0.00147186
0.00196782
0.000902826
-0.000181241
-0.00128173
-0.00239744
-0.00352716
-0.00466896
-0.00582019
-0.00697761
-0.00813757
-0.00929603
-0.0104486
-0.0115902
-0.0127154
-0.0138181
-0.0148917
-0.0159286
-0.0169214
-0.0178608
-0.0187385
-0.0195435
-0.0202668
-0.0208957
-0.0214208
-0.0218277
-0.0221072
-0.0222431
-0.0222283
-0.0220445
-0.0216882
-0.0211389
-0.0203983
-0.0194435
-0.0182852
-0.0168987
-0.0153072
-0.0134833
-0.0114675
-0.00922839
-0.00682743
-0.00422387
-0.00149446
0.00147631
0.000383219
-0.000724069
-0.00184532
-0.00298161
-0.00413258
-0.00529608
-0.00646894
-0.00764754
-0.00882806
-0.0100063
-0.0111779
-0.0123376
-0.0134798
-0.0145983
-0.0156861
-0.0167357
-0.0177393
-0.0186874
-0.0195715
-0.0203805
-0.0211051
-0.0217324
-0.0222527
-0.0226513
-0.0229192
-0.0230396
-0.0230054
-0.022798
-0.022414
-0.0218321
-0.0210545
-0.0200577
-0.0188533
-0.0174153
-0.0157684
-0.0138838
-0.0118039
-0.00949549
-0.00702312
-0.0043431
-0.00153681
0.000761844
-0.00037165
-0.00151249
-0.00266378
-0.00382984
-0.00501147
-0.00620626
-0.00741028
-0.00861937
-0.00982943
-0.0110362
-0.012235
-0.0134206
-0.0145872
-0.0157281
-0.0168363
-0.0179038
-0.0189226
-0.019883
-0.0207761
-0.0215905
-0.0223166
-0.0229411
-0.0234542
-0.0238407
-0.0240914
-0.0241891
-0.0241266
-0.0238848
-0.0234603
-0.0228312
-0.0220002
-0.0209428
-0.0196717
-0.0181595
-0.0164326
-0.0144605
-0.0122883
-0.00988029
-0.00730492
-0.00451516
-0.00159749
-0.000164637
-0.00135043
-0.00253458
-0.00372457
-0.00492897
-0.00615013
-0.00738521
-0.00862934
-0.00987762
-0.0111256
-0.0123689
-0.0136026
-0.0148213
-0.0160189
-0.0171884
-0.0183225
-0.0194126
-0.0204506
-0.0214263
-0.0223305
-0.0231513
-0.0238787
-0.0244992
-0.0250024
-0.0253728
-0.0256009
-0.0256687
-0.0255693
-0.0252828
-0.024806
-0.0241158
-0.0232157
-0.0220802
-0.020723
-0.0191153
-0.0172855
-0.015201
-0.0129101
-0.0103742
-0.00766655
-0.00473599
-0.0016752
-0.00129657
-0.00254634
-0.00378319
-0.00502017
-0.0062711
-0.00754022
-0.00882416
-0.0101169
-0.0114125
-0.0127063
-0.0139935
-0.0152693
-0.0165277
-0.0177624
-0.018966
-0.0201307
-0.0212477
-0.0223082
-0.0233017
-0.0242184
-0.0250462
-0.0257745
-0.0263892
-0.0268797
-0.0272296
-0.0274295
-0.0274605
-0.0273157
-0.0269744
-0.0264335
-0.0256689
-0.0246848
-0.0234544
-0.0219928
-0.0202694
-0.0183151
-0.0160947
-0.0136602
-0.01097
-0.00810267
-0.00500225
-0.00176883
-0.00263138
-0.00395643
-0.00525505
-0.0065469
-0.00785213
-0.00917721
-0.0105181
-0.0118674
-0.0132181
-0.0145649
-0.015903
-0.0172272
-0.0185314
-0.0198087
-0.0210512
-0.0222508
-0.0233981
-0.0244838
-0.0254969
-0.0264273
-0.0272619
-0.0279901
-0.0285969
-0.0290715
-0.0293966
-0.0295625
-0.0295494
-0.0293508
-0.0289448
-0.0283284
-0.0274764
-0.0263939
-0.0250525
-0.023469
-0.0216107
-0.0195111
-0.0171325
-0.0145311
-0.0116615
-0.00860864
-0.00531105
-0.00187739
-0.00416793
-0.00557962
-0.00694885
-0.00830319
-0.00967017
-0.0110589
-0.0124645
-0.0138779
-0.0152908
-0.0166976
-0.0180929
-0.0194715
-0.0208268
-0.0221516
-0.0234374
-0.0246755
-0.0258559
-0.0269689
-0.0280029
-0.0289472
-0.0297882
-0.0305146
-0.031111
-0.031566
-0.0318618
-0.0319878
-0.0319231
-0.0316622
-0.0311815
-0.0304784
-0.0295263
-0.0283314
-0.0268634
-0.025141
-0.0231293
-0.0208648
-0.0183067
-0.0155161
-0.0124432
-0.00918048
-0.00565989
-0.00200001
-0.00590802
-0.00741762
-0.00886613
-0.0102903
-0.0117261
-0.0131858
-0.0146635
-0.0161481
-0.0176301
-0.019103
-0.0205614
-0.0219997
-0.023411
-0.0247875
-0.0261201
-0.0273996
-0.0286153
-0.029757
-0.0308125
-0.0317704
-0.0326165
-0.0333391
-0.0339218
-0.0343532
-0.0346146
-0.0346968
-0.0345714
-0.0342393
-0.0336738
-0.0328728
-0.0318081
-0.0304871
-0.0288775
-0.0269999
-0.0248168
-0.0223685
-0.0196104
-0.0166093
-0.0133105
-0.00981462
-0.00604651
-0.0021359
-0.00785482
-0.00947374
-0.0110101
-0.012511
-0.0140226
-0.0155602
-0.017117
-0.0186796
-0.020237
-0.0217818
-0.0233086
-0.0248113
-0.0262827
-0.0277144
-0.0290967
-0.0304197
-0.0316722
-0.0328434
-0.0339201
-0.0348907
-0.0357402
-0.0364561
-0.0370212
-0.0374235
-0.0376426
-0.0376675
-0.0374817
-0.0370714
-0.0364117
-0.035502
-0.0343127
-0.0328522
-0.0310861
-0.0290374
-0.0266658
-0.0240153
-0.0210375
-0.0178055
-0.0142589
-0.0105079
-0.00646887
-0.00228436
-0.0100136
-0.0117533
-0.0133859
-0.0149704
-0.0165641
-0.0181862
-0.0198287
-0.0214756
-0.023114
-0.024736
-0.0263357
-0.0279069
-0.0294418
-0.0309315
-0.0323656
-0.0337336
-0.0350236
-0.036224
-0.0373213
-0.038303
-0.0391533
-0.0398594
-0.040403
-0.0407718
-0.0409449
-0.040912
-0.0406503
-0.0401513
-0.0393872
-0.0383579
-0.0370316
-0.0354185
-0.0334814
-0.0312463
-0.0286692
-0.0257989
-0.0225824
-0.0190999
-0.0152846
-0.0112573
-0.00692511
-0.00244474
-0.012391
-0.0142633
-0.0160002
-0.0176746
-0.0193565
-0.0210694
-0.0228037
-0.0245406
-0.0262652
-0.0279688
-0.0296452
-0.0312881
-0.0328892
-0.0344389
-0.0359261
-0.0373397
-0.0386669
-0.0398959
-0.041012
-0.0420024
-0.0428504
-0.0435428
-0.0440604
-0.0443904
-0.044511
-0.0444114
-0.0440671
-0.0434706
-0.0425921
-0.0414323
-0.0399572
-0.0381785
-0.0360564
-0.0336197
-0.0308209
-0.0277137
-0.02424
-0.020488
-0.0163839
-0.0120601
-0.00741347
-0.00261644
-0.0149952
-0.0170119
-0.0188611
-0.0206314
-0.022407
-0.0242163
-0.026048
-0.0278799
-0.0296952
-0.0314842
-0.0332404
-0.0349574
-0.0366264
-0.0382371
-0.0397778
-0.0412366
-0.0426001
-0.0438557
-0.0449883
-0.0459843
-0.0468263
-0.0475005
-0.0479867
-0.048272
-0.0483332
-0.0481594
-0.0477246
-0.0470215
-0.0460188
-0.0447177
-0.043082
-0.041125
-0.038804
-0.0361512
-0.0331148
-0.0297541
-0.0260054
-0.0219657
-0.0175533
-0.0129138
-0.0079323
-0.0027989
-0.0178359
-0.0200092
-0.0219784
-0.0238499
-0.0257241
-0.0276348
-0.0295686
-0.0315
-0.0334095
-0.0352866
-0.0371248
-0.0389173
-0.0406549
-0.0423267
-0.0439202
-0.0454229
-0.0468207
-0.0481004
-0.0492461
-0.0502438
-0.0510752
-0.0517261
-0.0521753
-0.0524095
-0.0524042
-0.0521487
-0.051615
-0.0507963
-0.0496595
-0.0482067
-0.0463987
-0.0442512
-0.0417179
-0.0388346
-0.0355452
-0.0319149
-0.027874
-0.023529
-0.0187897
-0.0138159
-0.00847998
-0.00299155
-0.0209243
-0.0232663
-0.0253627
-0.02734
-0.0293169
-0.0313332
-0.0333733
-0.0354075
-0.0374138
-0.0393809
-0.0413021
-0.0431704
-0.0449762
-0.046708
-0.0483526
-0.0498968
-0.0513259
-0.0526261
-0.0537808
-0.0547756
-0.0555913
-0.0562132
-0.0566191
-0.0567955
-0.0567166
-0.0563714
-0.0557304
-0.0547873
-0.0535068
-0.0518917
-0.0499002
-0.0475501
-0.0447915
-0.0416641
-0.0381067
-0.0341912
-0.0298413
-0.025174
-0.0200897
-0.0147639
-0.00905494
-0.00319387
-0.0242728
-0.0267957
-0.0290259
-0.0311127
-0.0331955
-0.0353207
-0.0374701
-0.0396095
-0.0417141
-0.0437717
-0.0457756
-0.0477187
-0.0495911
-0.0513807
-0.0530735
-0.0546558
-0.0561122
-0.0574284
-0.0585872
-0.0595737
-0.0603677
-0.0609544
-0.0613106
-0.0614221
-0.0612621
-0.0608195
-0.0600629
-0.0589866
-0.0575528
-0.0557653
-0.0535793
-0.0510151
-0.0480186
-0.0446336
-0.0407936
-0.0365779
-0.0319028
-0.0268969
-0.0214501
-0.0157556
-0.00965562
-0.00340532
-0.0278953
-0.0306113
-0.0329811
-0.03518
-0.0373706
-0.0396067
-0.0418672
-0.0441129
-0.0463159
-0.0484632
-0.0505481
-0.0525638
-0.0544999
-0.0563437
-0.0580806
-0.0596964
-0.061175
-0.0625018
-0.0636588
-0.0646309
-0.0653969
-0.0659419
-0.0662412
-0.066281
-0.0660323
-0.0654843
-0.0646039
-0.0633859
-0.0617895
-0.0598198
-0.0574289
-0.0546394
-0.0513927
-0.0477373
-0.0436008
-0.0390703
-0.0340543
-0.028694
-0.0228679
-0.0167884
-0.0102805
-0.00362536
-0.0318066
-0.0347278
-0.0372419
-0.039554
-0.0418529
-0.0442006
-0.0465727
-0.0489243
-0.0512243
-0.0534589
-0.0556217
-0.0577062
-0.0597015
-0.0615947
-0.0633703
-0.0650138
-0.0665086
-0.0678396
-0.0689884
-0.0699392
-0.0706704
-0.0711665
-0.0714018
-0.0713625
-0.0710179
-0.0703569
-0.0693449
-0.0679768
-0.0662087
-0.0640475
-0.0614416
-0.0584162
-0.0549076
-0.0509693
-0.0465227
-0.0416635
-0.0362913
-0.0305614
-0.0243399
-0.01786
-0.0109279
-0.00385346
-0.0360232
-0.0391612
-0.0418229
-0.0442475
-0.0466535
-0.0491119
-0.0515943
-0.0540496
-0.0564434
-0.0587611
-0.0609971
-0.0631448
-0.0651936
-0.0671298
-0.0689376
-0.070602
-0.0721058
-0.0734339
-0.0745671
-0.0754895
-0.0761785
-0.0766184
-0.0767824
-0.0766562
-0.0762085
-0.0754278
-0.0742766
-0.0727498
-0.0708015
-0.0684402
-0.0656098
-0.0623383
-0.0585567
-0.0543239
-0.0495542
-0.0443527
-0.0386096
-0.0324955
-0.0258628
-0.018968
-0.0115962
-0.00408907
-0.0405622
-0.043928
-0.046739
-0.0492733
-0.051783
-0.0543491
-0.0569387
-0.0594937
-0.0619761
-0.064371
-0.0666733
-0.0688773
-0.070972
-0.0729436
-0.0747757
-0.076453
-0.0779579
-0.0792752
-0.0803849
-0.0812712
-0.0819105
-0.0822867
-0.082372
-0.0821518
-0.081593
-0.0806859
-0.0793878
-0.0776952
-0.0755592
-0.0729897
-0.0699259
-0.0663988
-0.0623336
-0.0577951
-0.0526897
-0.047133
-0.0410047
-0.0344923
-0.0274334
-0.0201098
-0.0122839
-0.00433159
-0.0454419
-0.0490456
-0.0520052
-0.0546438
-0.0572514
-0.0599201
-0.0626115
-0.0652599
-0.0678236
-0.0702876
-0.0726478
-0.0748991
-0.0770308
-0.0790287
-0.0808761
-0.0825573
-0.0840545
-0.0853524
-0.0864304
-0.0872725
-0.0878543
-0.0881594
-0.0881589
-0.0878381
-0.0871619
-0.0861201
-0.0846683
-0.0828034
-0.0804727
-0.0776874
-0.074382
-0.0705906
-0.0662319
-0.061377
-0.0559239
-0.0499994
-0.0434722
-0.0365479
-0.0290485
-0.0212829
-0.012989
-0.00458044
-0.0506811
-0.0545313
-0.0576362
-0.0603707
-0.0630677
-0.0658311
-0.0686165
-0.0713497
-0.0739852
-0.0765079
-0.0789154
-0.0812036
-0.0833618
-0.0853757
-0.0872282
-0.0889035
-0.0903836
-0.091653
-0.0926907
-0.0934805
-0.0939969
-0.0942237
-0.0941304
-0.0937021
-0.0929019
-0.0917194
-0.0901077
-0.0880644
-0.0855324
-0.0825246
-0.0789701
-0.0749063
-0.0702449
-0.0650637
-0.0592515
-0.0529473
-0.0460078
-0.0386585
-0.0307044
-0.0224846
-0.0137099
-0.00483498
-0.056299
-0.0604025
-0.0636461
-0.0664645
-0.0692391
-0.0720866
-0.0749554
-0.0777622
-0.0804573
-0.0830264
-0.0854688
-0.0877816
-0.0899544
-0.0919729
-0.0938194
-0.0954784
-0.0969314
-0.0981629
-0.0991516
-0.0998807
-0.100324
-0.100466
-0.100273
-0.0997308
-0.0988006
-0.0974718
-0.0956948
-0.0934674
-0.0907286
-0.0874924
-0.0836821
-0.0793387
-0.0743662
-0.0688492
-0.0626671
-0.0559716
-0.0486069
-0.0408201
-0.0323979
-0.0237122
-0.0144446
-0.00509453
-0.0623148
-0.0666759
-0.0700476
-0.0729338
-0.0757705
-0.0786882
-0.0816271
-0.0844935
-0.0872338
-0.0898346
-0.0922975
-0.0946213
-0.0967957
-0.0988063
-0.100635
-0.102267
-0.103682
-0.104867
-0.105797
-0.106458
-0.106821
-0.10687
-0.106572
-0.10591
-0.104845
-0.103365
-0.101418
-0.0990017
-0.0960512
-0.0925816
-0.0885099
-0.0838805
-0.0785891
-0.0727277
-0.0661652
-0.0590675
-0.051265
-0.0430285
-0.0341252
-0.0249627
-0.0151912
-0.00535835
-0.068747
-0.0733668
-0.0768513
-0.0797846
-0.082664
-0.0856348
-0.0886273
-0.0915366
-0.094305
-0.0969209
-0.0993884
-0.101708
-0.10387
-0.10586
-0.107659
-0.109252
-0.11062
-0.111748
-0.112612
-0.113196
-0.113472
-0.113422
-0.113012
-0.112226
-0.111021
-0.109386
-0.107265
-0.104656
-0.10149
-0.097783
-0.0934452
-0.0885242
-0.0829071
-0.0766933
-0.0697408
-0.06223
-0.0539776
-0.0452796
-0.0358828
-0.0262332
-0.0159474
-0.00562565
-0.075613
-0.0804883
-0.084065
-0.0870195
-0.0899178
-0.092921
-0.0959476
-0.0988803
-0.101658
-0.10427
-0.106725
-0.109025
-0.11116
-0.113115
-0.114872
-0.116415
-0.117726
-0.118788
-0.119577
-0.120078
-0.12026
-0.120106
-0.119579
-0.118664
-0.117315
-0.115522
-0.113223
-0.11042
-0.107035
-0.103087
-0.0984798
-0.0932627
-0.0873139
-0.0807401
-0.0733885
-0.0654543
-0.0567404
-0.0475691
-0.0376669
-0.0275206
-0.0167113
-0.00589548
-0.0829277
-0.0880504
-0.0916923
-0.0946365
-0.0975257
-0.100537
-0.103575
-0.10651
-0.109275
-0.111864
-0.114288
-0.116551
-0.118644
-0.120552
-0.122255
-0.123738
-0.124981
-0.125968
-0.126676
-0.127086
-0.127168
-0.126904
-0.126257
-0.12521
-0.123714
-0.121759
-0.119282
-0.116281
-0.112676
-0.108486
-0.103606
-0.0980884
-0.0918031
-0.0848625
-0.0771035
-0.0687355
-0.059549
-0.0498927
-0.0394739
-0.0288213
-0.0174804
-0.00616675
-0.0907032
-0.0960591
-0.0997321
-0.102628
-0.105476
-0.108467
-0.111492
-0.114405
-0.117135
-0.11968
-0.122054
-0.124265
-0.126301
-0.128148
-0.129786
-0.131198
-0.132365
-0.13327
-0.133889
-0.134202
-0.134179
-0.133802
-0.13303
-0.131847
-0.130203
-0.128085
-0.125427
-0.122228
-0.118402
-0.113968
-0.108814
-0.102994
-0.0963683
-0.0890544
-0.0808804
-0.0720684
-0.0623988
-0.0522455
-0.0412999
-0.0301318
-0.0182525
-0.00643805
-0.0989468
-0.104515
-0.108177
-0.110981
-0.113749
-0.116692
-0.119677
-0.122541
-0.125213
-0.127692
-0.129999
-0.132141
-0.134107
-0.135882
-0.137443
-0.138776
-0.139858
-0.140674
-0.141197
-0.141409
-0.141277
-0.140781
-0.139882
-0.138561
-0.136767
-0.134485
-0.131645
-0.128248
-0.124202
-0.119524
-0.114096
-0.107971
-0.101003
-0.0933092
-0.084714
-0.0754471
-0.0652855
-0.0546223
-0.0431413
-0.0314476
-0.0190254
-0.0067075
-0.107661
-0.113411
-0.117011
-0.119672
-0.122321
-0.125182
-0.1281
-0.130891
-0.133481
-0.135874
-0.138095
-0.140154
-0.142038
-0.143728
-0.145204
-0.146449
-0.14744
-0.14816
-0.148583
-0.148688
-0.148442
-0.147825
-0.146795
-0.145335
-0.14339
-0.140942
-0.137922
-0.134326
-0.130062
-0.125141
-0.119441
-0.11301
-0.105697
-0.0976183
-0.0885973
-0.0788643
-0.0682034
-0.0570163
-0.0449941
-0.0327636
-0.0197968
-0.00697251
-0.116843
-0.122734
-0.126209
-0.128669
-0.131157
-0.133906
-0.136729
-0.139422
-0.141905
-0.144192
-0.146312
-0.148275
-0.150065
-0.151663
-0.153044
-0.154193
-0.155086
-0.155706
-0.156022
-0.156016
-0.155652
-0.15491
-0.153747
-0.152147
-0.150049
-0.147435
-0.144235
-0.140443
-0.135963
-0.130801
-0.124832
-0.118094
-0.110438
-0.101969
-0.0925201
-0.0823094
-0.0711452
-0.0594184
-0.0468537
-0.0340727
-0.020565
-0.00722937
-0.126486
-0.132458
-0.135732
-0.137929
-0.140214
-0.142823
-0.145526
-0.148094
-0.150448
-0.152612
-0.154617
-0.156472
-0.158159
-0.159654
-0.160934
-0.16198
-0.162769
-0.163282
-0.163487
-0.163364
-0.162876
-0.162005
-0.160707
-0.158966
-0.156712
-0.153931
-0.150552
-0.146567
-0.141875
-0.136476
-0.130242
-0.1232
-0.115205
-0.106342
-0.0964658
-0.0857663
-0.0740994
-0.0618156
-0.0487137
-0.0353652
-0.0213284
-0.00747285
-0.136565
-0.142535
-0.145517
-0.147389
-0.149441
-0.151886
-0.154444
-0.156861
-0.159065
-0.161089
-0.162969
-0.164706
-0.166279
-0.167663
-0.168832
-0.169768
-0.170446
-0.170844
-0.17093
-0.170685
-0.170068
-0.169061
-0.167621
-0.165737
-0.163324
-0.160377
-0.156821
-0.152648
-0.147749
-0.14212
-0.135627
-0.128288
-0.11996
-0.110705
-0.100407
-0.08921
-0.077048
-0.0641886
-0.0505654
-0.0366273
-0.0220855
-0.00769568
-0.147051
-0.152878
-0.155466
-0.156969
-0.15877
-0.161034
-0.163419
-0.165657
-0.167692
-0.169564
-0.171307
-0.172915
-0.174363
-0.175624
-0.176673
-0.177489
-0.178045
-0.178319
-0.178278
-0.177901
-0.177148
-0.176001
-0.174413
-0.172375
-0.169801
-0.166691
-0.162963
-0.158609
-0.15351
-0.147662
-0.140924
-0.133298
-0.124651
-0.11501
-0.104303
-0.0926039
-0.0799634
-0.0665106
-0.0523954
-0.0378402
-0.0228357
-0.00788801
-0.157865
-0.163333
-0.165427
-0.166555
-0.168116
-0.170181
-0.172357
-0.174388
-0.176236
-0.177945
-0.179537
-0.181002
-0.18231
-0.183435
-0.184349
-0.185032
-0.185453
-0.185592
-0.185412
-0.184893
-0.183994
-0.182704
-0.180975
-0.178762
-0.176025
-0.172759
-0.168866
-0.164341
-0.159056
-0.153007
-0.146039
-0.138149
-0.129199
-0.11919
-0.108094
-0.0958984
-0.0828064
-0.0687462
-0.0541853
-0.0389793
-0.0235786
-0.00803696
-0.168798
-0.173613
-0.17517
-0.175997
-0.177354
-0.179192
-0.181113
-0.182908
-0.184556
-0.186087
-0.187512
-0.188814
-0.189964
-0.190934
-0.191698
-0.19223
-0.192503
-0.192492
-0.192163
-0.191493
-0.190442
-0.188997
-0.187108
-0.184741
-0.181851
-0.178438
-0.174391
-0.169714
-0.16426
-0.158036
-0.150861
-0.142738
-0.133511
-0.123164
-0.111705
-0.0990334
-0.0855263
-0.0708536
-0.0559104
-0.0400149
-0.0243146
-0.00812629
-0.179521
-0.18327
-0.184383
-0.185095
-0.186297
-0.187855
-0.189471
-0.191009
-0.192443
-0.193779
-0.195015
-0.196132
-0.197103
-0.197901
-0.198496
-0.198864
-0.198976
-0.198807
-0.198322
-0.197499
-0.196298
-0.194706
-0.192652
-0.190145
-0.187118
-0.183575
-0.179392
-0.174589
-0.168991
-0.162627
-0.155273
-0.146959
-0.137484
-0.126845
-0.115056
-0.101944
-0.0880647
-0.0727883
-0.0575403
-0.0409154
-0.0250443
-0.00813649
-0.189476
-0.191748
-0.192732
-0.193598
-0.194656
-0.195858
-0.197134
-0.198409
-0.19962
-0.200741
-0.201766
-0.202681
-0.203459
-0.204072
-0.204491
-0.20469
-0.20464
-0.204316
-0.203682
-0.202717
-0.201375
-0.199642
-0.197454
-0.194831
-0.191691
-0.188042
-0.183751
-0.178852
-0.173141
-0.166676
-0.159174
-0.150717
-0.141028
-0.130153
-0.118066
-0.104569
-0.0903615
-0.0745093
-0.059041
-0.0416516
-0.0257676
-0.00804594
-0.197641
-0.19849
-0.199982
-0.201234
-0.202058
-0.202833
-0.203771
-0.204793
-0.205774
-0.206671
-0.207481
-0.208195
-0.208783
-0.209218
-0.209471
-0.209514
-0.209319
-0.208857
-0.208096
-0.207013
-0.20556
-0.203712
-0.20143
-0.19872
-0.195495
-0.19177
-0.187402
-0.18244
-0.176647
-0.170118
-0.162503
-0.153951
-0.144078
-0.133029
-0.120674
-0.106862
-0.092364
-0.0759852
-0.0603775
-0.0422016
-0.026482
-0.00783316
-0.203318
-0.203314
-0.2061
-0.207729
-0.208151
-0.208488
-0.209132
-0.209917
-0.210674
-0.211362
-0.211982
-0.21252
-0.212948
-0.213236
-0.213354
-0.213276
-0.21297
-0.212406
-0.211546
-0.210372
-0.208843
-0.206929
-0.204588
-0.201822
-0.198544
-0.194771
-0.190358
-0.18536
-0.179516
-0.172952
-0.165253
-0.156646
-0.146617
-0.135452
-0.122854
-0.108802
-0.0940391
-0.0772036
-0.0615208
-0.0425581
-0.0271825
-0.00748026
-0.206448
-0.206618
-0.210919
-0.212634
-0.212656
-0.212713
-0.213149
-0.213728
-0.214292
-0.214815
-0.215292
-0.215701
-0.216013
-0.216197
-0.216225
-0.216068
-0.215695
-0.215073
-0.214158
-0.212903
-0.21134
-0.209393
-0.207024
-0.20423
-0.200925
-0.19713
-0.192694
-0.18768
-0.181807
-0.175229
-0.167467
-0.158833
-0.148669
-0.137435
-0.124609
-0.110392
-0.0953762
-0.0781697
-0.0624507
-0.0427295
-0.0278631
-0.0069767
-0.207326
-0.209305
-0.214052
-0.215598
-0.215565
-0.215607
-0.215932
-0.216347
-0.216766
-0.217173
-0.217551
-0.217873
-0.218106
-0.218224
-0.218195
-0.217992
-0.217585
-0.216949
-0.216058
-0.214884
-0.213214
-0.21119
-0.208792
-0.205976
-0.202654
-0.198846
-0.194397
-0.189376
-0.183484
-0.176901
-0.169088
-0.160445
-0.150163
-0.138902
-0.125866
-0.111559
-0.0963111
-0.0788282
-0.0631195
-0.0426852
-0.0285065
-0.0063059
-0.22265
-0.218097
-0.217176
-0.217367
-0.21703
-0.216933
-0.217152
-0.217473
-0.21782
-0.218168
-0.218493
-0.218762
-0.218946
-0.219016
-0.218944
-0.2187
-0.218252
-0.217571
-0.216613
-0.215326
-0.213742
-0.211764
-0.209382
-0.206575
-0.203259
-0.199458
-0.195011
-0.189999
-0.184097
-0.177526
-0.169681
-0.161056
-0.1507
-0.139462
-0.126302
-0.111989
-0.0966221
-0.0789834
-0.0633893
-0.0423905
-0.0289759
-0.00559881
-0.222845
-0.220481
-0.218562
-0.218503
-0.218229
-0.218116
-0.218277
-0.218537
-0.218824
-0.219115
-0.21938
-0.219591
-0.219718
-0.219733
-0.219608
-0.219312
-0.218816
-0.218087
-0.217088
-0.215785
-0.214149
-0.212118
-0.209702
-0.206863
-0.20352
-0.199695
-0.195226
-0.19019
-0.184265
-0.17767
-0.169789
-0.161145
-0.15073
-0.139489
-0.126238
-0.111944
-0.0964832
-0.0788302
-0.0632849
-0.0420347
-0.0291564
-0.00502385
-0.221964
-0.220787
-0.218964
-0.21895
-0.218848
-0.218819
-0.218999
-0.219252
-0.219522
-0.219788
-0.220021
-0.220194
-0.220281
-0.220254
-0.220085
-0.219747
-0.219207
-0.218436
-0.217397
-0.216062
-0.214445
-0.212346
-0.209896
-0.207028
-0.20366
-0.199806
-0.195313
-0.190244
-0.184289
-0.177653
-0.169732
-0.161045
-0.15057
-0.139306
-0.125968
-0.111694
-0.0961355
-0.0785203
-0.0629899
-0.041606
-0.0292102
-0.0044338
-0.221758
-0.220811
-0.219189
-0.219216
-0.219237
-0.219285
-0.219486
-0.219741
-0.220001
-0.220249
-0.220459
-0.220604
-0.22066
-0.220601
-0.2204
-0.220029
-0.219457
-0.218655
-0.217588
-0.216222
-0.214482
-0.212477
-0.210005
-0.207116
-0.203729
-0.199852
-0.195338
-0.190239
-0.184256
-0.177581
-0.16962
-0.160888
-0.150358
-0.139064
-0.12565
-0.111389
-0.0957421
-0.078167
-0.0626491
-0.0411546
-0.0292276
-0.00383127
-0.221433
-0.220589
-0.219291
-0.219387
-0.2195
-0.219615
-0.219836
-0.220093
-0.220347
-0.220579
-0.220768
-0.220889
-0.220918
-0.220831
-0.220602
-0.220203
-0.219605
-0.218778
-0.217688
-0.216305
-0.214588
-0.212548
-0.21004
-0.207131
-0.203728
-0.199831
-0.195298
-0.190169
-0.184158
-0.17744
-0.16944
-0.16066
-0.150078
-0.13875
-0.12527
-0.111016
-0.095296
-0.0777623
-0.0622623
-0.0406742
-0.0292125
-0.00321095
-0.22106
-0.220249
-0.219303
-0.21947
-0.219648
-0.219819
-0.220061
-0.220323
-0.220572
-0.220793
-0.220964
-0.221064
-0.22107
-0.220959
-0.220705
-0.220283
-0.219663
-0.218815
-0.217707
-0.216306
-0.214578
-0.212513
-0.21001
-0.207084
-0.203665
-0.199749
-0.195197
-0.190036
-0.183995
-0.177231
-0.169189
-0.160354
-0.149723
-0.138351
-0.124814
-0.110562
-0.0947817
-0.0772937
-0.0618146
-0.0401592
-0.0291518
-0.00257291
-0.220697
-0.219902
-0.21927
-0.219486
-0.219704
-0.219917
-0.220176
-0.220442
-0.220688
-0.220899
-0.221056
-0.221138
-0.221125
-0.220994
-0.220721
-0.220279
-0.219641
-0.218777
-0.217655
-0.216243
-0.214502
-0.212382
-0.209933
-0.206987
-0.203553
-0.199619
-0.195047
-0.189853
-0.183779
-0.176964
-0.168878
-0.159981
-0.1493
-0.137877
-0.12429
-0.110032
-0.0942033
-0.0767625
-0.0613068
-0.0396115
-0.0290402
-0.00192099
-0.220349
-0.219572
-0.219203
-0.219448
-0.219687
-0.219929
-0.220199
-0.220466
-0.220709
-0.220912
-0.221057
-0.221126
-0.221097
-0.22095
-0.220661
-0.220204
-0.219552
-0.218676
-0.217544
-0.216124
-0.214379
-0.212275
-0.20982
-0.206852
-0.203402
-0.199452
-0.19486
-0.189631
-0.183522
-0.176652
-0.168518
-0.159553
-0.148821
-0.137339
-0.123708
-0.109434
-0.0935696
-0.0761743
-0.060746
-0.0390344
-0.0288768
-0.00126032
-0.220033
-0.219246
-0.219099
-0.219359
-0.219608
-0.219869
-0.220142
-0.220411
-0.22065
-0.220846
-0.220981
-0.221039
-0.220998
-0.220838
-0.220537
-0.220068
-0.219407
-0.218523
-0.217386
-0.215963
-0.214216
-0.21211
-0.209569
-0.206692
-0.203224
-0.199259
-0.194648
-0.189382
-0.183235
-0.176306
-0.168121
-0.159081
-0.148297
-0.136748
-0.123076
-0.108777
-0.0928893
-0.0755344
-0.0601395
-0.0384309
-0.0286618
-0.000596858
-0.21976
-0.218913
-0.218949
-0.219223
-0.219476
-0.219753
-0.220015
-0.220288
-0.220524
-0.220714
-0.220841
-0.220889
-0.220839
-0.22067
-0.22036
-0.219885
-0.219217
-0.21833
-0.217191
-0.215769
-0.214024
-0.211923
-0.209417
-0.20655
-0.203028
-0.199053
-0.194421
-0.189117
-0.18293
-0.175939
-0.167699
-0.158579
-0.147739
-0.136114
-0.122405
-0.108072
-0.0921711
-0.0748488
-0.0594953
-0.0378037
-0.0283962
6.24415e-05
-0.219361
-0.218624
-0.21876
-0.219038
-0.219295
-0.219573
-0.219847
-0.220113
-0.220344
-0.220528
-0.22065
-0.220691
-0.220634
-0.220458
-0.220143
-0.219664
-0.218994
-0.218107
-0.216972
-0.215554
-0.213815
-0.211721
-0.20922
-0.206223
-0.202819
-0.198846
-0.194193
-0.188849
-0.182621
-0.175565
-0.167266
-0.158061
-0.147159
-0.135454
-0.121706
-0.10733
-0.091425
-0.0741249
-0.0588227
-0.0371564
-0.0280826
0.000709592
-0.218744
-0.218387
-0.218541
-0.218814
-0.219078
-0.219357
-0.219634
-0.219895
-0.220123
-0.220303
-0.220419
-0.220455
-0.220394
-0.220215
-0.219897
-0.219417
-0.218749
-0.217866
-0.216737
-0.215328
-0.2136
-0.211516
-0.209028
-0.206085
-0.202679
-0.198652
-0.193976
-0.188592
-0.182322
-0.175197
-0.166837
-0.15754
-0.146576
-0.134781
-0.120992
-0.106563
-0.090662
-0.0733721
-0.0581317
-0.0364934
-0.0277262
0.00133578
-0.218249
-0.218114
-0.218291
-0.218564
-0.218834
-0.219114
-0.219391
-0.219649
-0.219873
-0.220049
-0.220162
-0.220195
-0.220131
-0.219951
-0.219633
-0.219156
-0.218493
-0.217618
-0.216499
-0.215102
-0.213389
-0.21132
-0.208847
-0.20592
-0.202488
-0.198474
-0.193784
-0.188358
-0.182045
-0.174852
-0.166425
-0.157033
-0.146001
-0.134108
-0.12028
-0.105788
-0.0898948
-0.0725996
-0.0574337
-0.0358206
-0.0273342
0.00193166
-0.217822
-0.217817
-0.218021
-0.218298
-0.218574
-0.218856
-0.219131
-0.219387
-0.219608
-0.219782
-0.219892
-0.219923
-0.219859
-0.219679
-0.219365
-0.218892
-0.218238
-0.217373
-0.216268
-0.214888
-0.213192
-0.211142
-0.208688
-0.205782
-0.202387
-0.198364
-0.19363
-0.188159
-0.181806
-0.174543
-0.166048
-0.156557
-0.145451
-0.133455
-0.119582
-0.105019
-0.0891377
-0.0718147
-0.0567454
-0.0351443
-0.0269167
0.00248767
-0.217426
-0.217516
-0.217746
-0.218029
-0.21831
-0.218594
-0.218869
-0.219122
-0.219341
-0.219512
-0.219621
-0.219652
-0.219588
-0.219411
-0.219102
-0.218637
-0.217993
-0.217142
-0.216054
-0.214695
-0.213022
-0.210995
-0.208563
-0.205676
-0.202276
-0.198281
-0.193534
-0.188014
-0.181621
-0.174289
-0.165721
-0.156128
-0.144942
-0.13284
-0.118912
-0.104272
-0.0883942
-0.0710354
-0.056088
-0.0344679
-0.0264871
0.00299444
-0.217063
-0.217226
-0.217481
-0.21777
-0.218057
-0.218342
-0.218616
-0.218868
-0.219085
-0.219254
-0.219362
-0.219393
-0.219331
-0.219159
-0.218855
-0.218401
-0.21777
-0.216936
-0.215869
-0.214534
-0.212886
-0.210887
-0.208482
-0.205617
-0.202226
-0.198225
-0.193515
-0.187969
-0.181521
-0.174114
-0.165465
-0.15577
-0.144495
-0.132279
-0.118289
-0.103565
-0.087686
-0.0703113
-0.0554375
-0.0337969
-0.0260644
0.00344307
-0.216743
-0.216963
-0.21724
-0.217535
-0.217826
-0.218113
-0.218386
-0.218636
-0.218851
-0.219019
-0.219126
-0.219158
-0.219099
-0.218931
-0.218636
-0.218193
-0.217578
-0.216764
-0.215721
-0.214417
-0.212795
-0.210828
-0.208456
-0.20562
-0.202242
-0.198244
-0.193461
-0.187944
-0.181452
-0.173983
-0.16528
-0.155514
-0.144127
-0.131791
-0.11773
-0.102916
-0.0870272
-0.0696184
-0.0547971
-0.0331856
-0.0256675
0.00382558
-0.21648
-0.216743
-0.217035
-0.217335
-0.217629
-0.217916
-0.218188
-0.218436
-0.218649
-0.218816
-0.218923
-0.218956
-0.2189
-0.218739
-0.218453
-0.218023
-0.217426
-0.216634
-0.215618
-0.214353
-0.212756
-0.210817
-0.208467
-0.205644
-0.202281
-0.198357
-0.19357
-0.188047
-0.181506
-0.17396
-0.165153
-0.155225
-0.143795
-0.131373
-0.117253
-0.102337
-0.0864337
-0.0689774
-0.0542148
-0.0326432
-0.0252842
0.00413564
-0.216285
-0.216576
-0.216878
-0.21718
-0.217476
-0.217762
-0.218032
-0.218277
-0.218488
-0.218653
-0.21876
-0.218794
-0.218742
-0.218588
-0.218313
-0.217898
-0.217318
-0.216549
-0.215558
-0.214299
-0.212767
-0.210876
-0.208574
-0.205794
-0.202458
-0.198422
-0.193752
-0.188215
-0.181652
-0.174054
-0.165181
-0.155173
-0.143616
-0.131056
-0.116802
-0.101831
-0.0859197
-0.0684073
-0.0537027
-0.0321788
-0.0249321
0.00436801
-0.216167
-0.216471
-0.216776
-0.217078
-0.217372
-0.217656
-0.217923
-0.218165
-0.218373
-0.218536
-0.218643
-0.218679
-0.218631
-0.218484
-0.218219
-0.217819
-0.217261
-0.216519
-0.215562
-0.214349
-0.212854
-0.211007
-0.208751
-0.206015
-0.202716
-0.19873
-0.194033
-0.188484
-0.181897
-0.174249
-0.165304
-0.155206
-0.143542
-0.130867
-0.11652
-0.101437
-0.0854038
-0.0679183
-0.0532635
-0.0317786
-0.0246527
0.00451524
)
;

boundaryField
{
    inlet
    {
        type            zeroGradient;
    }
    outlet
    {
        type            fixedValue;
        value           uniform 0;
    }
    cylinder
    {
        type            zeroGradient;
    }
    top
    {
        type            symmetryPlane;
    }
    bottom
    {
        type            symmetryPlane;
    }
    defaultFaces
    {
        type            empty;
    }
    procBoundary1to0
    {
        type            processor;
        value           nonuniform List<scalar> 
133
(
-0.227961
-0.227961
-0.230271
-0.232771
-0.234827
-0.234827
-0.237497
-0.238203
-0.238203
-0.237722
-0.237722
-0.240351
-0.238796
-0.238796
-0.23658
-0.23658
-0.232988
-0.232988
-0.227095
-0.227095
-0.215657
-0.215657
-0.201405
-0.201405
-0.214758
-0.201723
-0.201723
-0.227865
-0.227418
-0.227418
-0.233298
-0.233298
-0.236879
-0.236879
-0.239091
-0.239091
-0.240648
-0.238018
-0.238018
-0.238506
-0.238506
-0.237806
-0.235136
-0.235136
-0.233092
-0.230592
-0.230592
-0.183345
-0.170874
-0.159205
-0.147774
-0.136347
-0.125416
-0.115235
-0.10565
-0.096607
-0.0881691
-0.0803151
-0.0729934
-0.0661795
-0.0598476
-0.0539649
-0.0485001
-0.0434258
-0.0387141
-0.0343395
-0.0302774
-0.0265056
-0.0251531
-0.0251531
-0.0217546
-0.0185998
-0.0156731
-0.0129601
-0.0104476
-0.00812428
-0.00597946
-0.00400435
-0.00219114
-0.000532222
0.000976691
0.00234048
0.00356282
0.0046452
0.00558907
0.00639281
0.0070556
0.00757057
0.00793305
0.00813893
0.00828909
0.0080833
0.00772091
0.00720601
0.00654321
0.00573935
0.00479515
0.00371217
0.0024889
0.00112375
-0.000387034
-0.00204841
-0.00386477
-0.00386477
-0.00454962
-0.00660333
-0.00882848
-0.0112354
-0.0138354
-0.016641
-0.0196667
-0.0229278
-0.0264417
-0.0302273
-0.0343046
-0.0386956
-0.0434248
-0.0485175
-0.0540018
-0.0599048
-0.0662576
-0.0730929
-0.0804363
-0.0883118
-0.0967711
-0.105834
-0.115439
-0.12564
-0.136588
-0.148032
-0.159481
-0.171166
-0.183647
)
;
    }
}


// ************************************************************************* //
