/*--------------------------------*- C++ -*----------------------------------*\
  =========                 |
  \\      /  F ield         | OpenFOAM: The Open Source CFD Toolbox
   \\    /   O peration     | Website:  https://openfoam.org
    \\  /    A nd           | Version:  7
     \\/     M anipulation  |
\*---------------------------------------------------------------------------*/
FoamFile
{
    version     2.0;
    format      ascii;
    class       volScalarField;
    location    "15";
    object      p;
}
// * * * * * * * * * * * * * * * * * * * * * * * * * * * * * * * * * * * * * //

dimensions      [0 2 -2 0 0 0 0];

internalField   nonuniform List<scalar> 
6386
(
-0.29244
-0.294766
-0.297289
-0.300051
-0.29932
-0.303105
-0.302037
-0.306502
-0.305036
-0.302707
-0.310292
-0.308368
-0.305594
-0.302166
-0.314538
-0.312076
-0.308814
-0.304875
-0.319296
-0.31621
-0.312417
-0.307936
-0.303266
-0.324622
-0.320817
-0.31645
-0.3114
-0.306172
-0.300977
-0.330561
-0.325942
-0.320962
-0.315313
-0.309482
-0.303595
-0.297214
-0.337156
-0.331625
-0.325998
-0.319716
-0.313218
-0.306525
-0.299135
-0.290921
-0.344434
-0.3379
-0.331594
-0.32464
-0.317387
-0.309742
-0.30113
-0.29129
-0.27882
-0.352414
-0.344793
-0.33778
-0.330099
-0.321974
-0.313195
-0.303113
-0.291453
-0.277413
-0.263703
-0.361094
-0.352316
-0.344569
-0.336089
-0.326943
-0.316801
-0.304974
-0.291324
-0.275626
-0.260355
-0.370457
-0.360466
-0.351957
-0.342577
-0.332226
-0.320443
-0.306594
-0.290824
-0.273442
-0.256717
-0.380456
-0.369216
-0.359908
-0.349504
-0.337715
-0.323972
-0.307853
-0.289884
-0.270834
-0.252741
-0.39102
-0.378514
-0.368358
-0.356772
-0.343261
-0.327226
-0.308634
-0.288439
-0.267769
-0.248377
-0.402043
-0.388274
-0.377203
-0.364243
-0.348675
-0.330033
-0.308829
-0.286425
-0.264205
-0.243578
-0.413383
-0.398373
-0.386301
-0.37173
-0.353744
-0.332225
-0.308335
-0.283782
-0.260096
-0.238295
-0.424862
-0.408649
-0.395468
-0.379005
-0.358236
-0.333638
-0.307052
-0.280444
-0.255387
-0.232478
-0.436263
-0.4189
-0.404478
-0.385804
-0.36192
-0.334119
-0.304888
-0.276346
-0.250025
-0.226081
-0.447331
-0.428884
-0.413062
-0.391838
-0.36457
-0.333524
-0.301749
-0.271421
-0.243949
-0.219057
-0.45778
-0.438325
-0.42092
-0.396812
-0.36597
-0.331717
-0.29755
-0.265601
-0.237102
-0.211366
-0.467296
-0.446917
-0.427724
-0.400431
-0.365921
-0.328576
-0.292204
-0.258818
-0.229427
-0.20297
-0.475545
-0.454332
-0.433135
-0.402417
-0.364241
-0.323986
-0.285634
-0.251009
-0.220872
-0.193831
-0.482183
-0.460229
-0.436813
-0.402513
-0.36077
-0.317846
-0.277765
-0.242113
-0.21139
-0.183922
-0.486863
-0.464262
-0.438436
-0.400488
-0.35537
-0.310068
-0.268529
-0.232075
-0.200942
-0.173227
-0.48925
-0.466094
-0.437704
-0.396145
-0.347923
-0.300575
-0.257867
-0.220843
-0.189496
-0.16173
-0.489025
-0.465404
-0.434357
-0.389322
-0.338338
-0.289307
-0.245731
-0.208372
-0.177007
-0.149364
-0.485902
-0.461901
-0.428176
-0.379895
-0.326549
-0.276223
-0.232091
-0.194637
-0.16342
-0.135946
-0.479625
-0.455332
-0.418991
-0.367777
-0.312516
-0.2613
-0.216932
-0.179633
-0.148707
-0.121243
-0.469989
-0.445497
-0.406677
-0.352921
-0.296224
-0.244532
-0.200251
-0.163374
-0.132933
-0.105343
-0.456833
-0.432246
-0.391158
-0.335314
-0.277679
-0.225922
-0.182048
-0.145879
-0.11614
-0.08907
-0.440051
-0.415487
-0.372405
-0.314978
-0.256915
-0.205494
-0.162374
-0.127249
-0.0982215
-0.0722794
-0.419595
-0.395183
-0.350438
-0.291976
-0.23399
-0.183313
-0.141368
-0.107423
-0.0793362
-0.0548021
-0.395468
-0.371354
-0.325327
-0.266406
-0.208995
-0.159512
-0.118995
-0.0864759
-0.0595837
-0.0366307
-0.367732
-0.344085
-0.297219
-0.238363
-0.182019
-0.134135
-0.0953459
-0.0644924
-0.0390362
-0.0178469
-0.336499
-0.313532
-0.266342
-0.207884
-0.15318
-0.107281
-0.0705215
-0.041563
-0.0177662
0.00144255
-0.301944
-0.279914
-0.232805
-0.175117
-0.122621
-0.0790832
-0.0446373
-0.0177841
0.0041519
0.0211548
-0.264294
-0.243487
-0.196219
-0.140673
-0.0905595
-0.0496894
-0.0178195
0.00674284
0.0266327
0.0411865
-0.223764
-0.204436
-0.157288
-0.10448
-0.0571892
-0.0192622
0.00980752
0.0319227
0.049523
0.0611497
-0.180583
-0.162568
-0.116933
-0.0667983
-0.0226932
0.0120369
0.0381413
0.057685
0.072542
0.0801872
-0.135154
-0.118651
-0.0750871
-0.0279068
0.0127221
0.0440467
0.0670906
0.0839593
0.095423
0.0978411
-0.0879174
-0.0729921
-0.0319418
0.0119214
0.0488287
0.0765891
0.0965076
0.110548
0.118208
0.116162
-0.0391697
-0.0260273
0.0121971
0.05241
0.0853883
0.10946
0.126144
0.137059
0.140906
0.139985
0.0106794
0.021843
0.0569822
0.0932724
0.122157
0.142437
0.155734
0.16332
0.164145
0.163923
0.0611995
0.0702238
0.102054
0.134213
0.158884
0.175295
0.185107
0.189397
0.187635
0.186541
0.111957
0.118715
0.147053
0.174931
0.195313
0.207809
0.214089
0.215158
0.210952
0.20822
0.162515
0.166912
0.191619
0.215126
0.231188
0.23976
0.242511
0.24043
0.233773
0.228973
0.212438
0.214414
0.235398
0.2545
0.266257
0.270934
0.270197
0.265038
0.25592
0.248854
0.261297
0.260821
0.278046
0.292759
0.300272
0.301122
0.296969
0.28881
0.277248
0.267833
0.308672
0.305748
0.319225
0.329621
0.332991
0.330118
0.322651
0.31159
0.297636
0.285855
0.354157
0.348819
0.358612
0.364811
0.364183
0.357727
0.347074
0.333232
0.316967
0.30285
0.397361
0.389678
0.395899
0.398069
0.393626
0.383758
0.370078
0.353597
0.33513
0.31874
0.437915
0.427985
0.430794
0.429149
0.421112
0.408035
0.39151
0.372556
0.352018
0.333448
0.475474
0.463425
0.463027
0.45782
0.446444
0.43039
0.411228
0.389988
0.367529
0.346903
0.509719
0.495707
0.492348
0.483873
0.469443
0.45067
0.429103
0.40578
0.381568
0.359034
0.540358
0.524566
0.518529
0.507113
0.489945
0.468737
0.445015
0.419832
0.394048
0.369782
0.567133
0.549767
0.541367
0.527371
0.507806
0.484465
0.45886
0.432053
0.404893
0.379092
0.589815
0.571102
0.560688
0.544497
0.522898
0.497749
0.470546
0.442364
0.414037
0.386918
0.608212
0.588398
0.57634
0.558364
0.535114
0.508497
0.479996
0.450699
0.421421
0.393222
0.622168
0.601512
0.588203
0.568871
0.544367
0.516636
0.48715
0.457005
0.427003
0.39797
0.631562
0.610337
0.596183
0.575937
0.550589
0.522108
0.491958
0.461242
0.430752
0.401156
0.636314
0.614798
0.600217
0.579509
0.553734
0.524873
0.494388
0.463384
0.432654
0.402793
0.63638
0.614857
0.600271
0.579556
0.553775
0.524908
0.494417
0.463409
0.432677
0.402827
0.631758
0.610512
0.596343
0.576077
0.550709
0.522208
0.492039
0.461305
0.430801
0.401196
0.622485
0.601796
0.58846
0.569095
0.544556
0.516791
0.48727
0.457092
0.42706
0.398
0.608636
0.588778
0.576682
0.55866
0.53536
0.508694
0.480143
0.450798
0.421479
0.39324
0.59033
0.571564
0.561101
0.54485
0.523187
0.497974
0.470707
0.442467
0.414088
0.386926
0.567718
0.550292
0.541835
0.527766
0.508124
0.484706
0.459027
0.432154
0.404938
0.37909
0.540994
0.525138
0.519035
0.507536
0.49028
0.468985
0.445183
0.41993
0.394087
0.369773
0.510385
0.496307
0.492877
0.484311
0.469785
0.45092
0.429268
0.405873
0.381602
0.359021
0.476151
0.464037
0.463566
0.458263
0.446786
0.430636
0.411389
0.390077
0.367561
0.346887
0.438585
0.428593
0.43133
0.429587
0.421447
0.408275
0.391665
0.372643
0.352051
0.333433
0.398009
0.39027
0.396421
0.398495
0.393951
0.38399
0.370229
0.353683
0.335164
0.318726
0.354771
0.349384
0.359112
0.36522
0.364495
0.357949
0.347221
0.333318
0.317004
0.302838
0.309244
0.306277
0.319697
0.330008
0.333287
0.330332
0.322794
0.311678
0.297676
0.285845
0.261818
0.261309
0.278484
0.293121
0.300551
0.301326
0.297109
0.2889
0.277292
0.267823
0.212904
0.214854
0.2358
0.254835
0.266519
0.271129
0.270334
0.26513
0.255969
0.248844
0.162923
0.167304
0.191981
0.215434
0.231433
0.239946
0.242646
0.240526
0.233829
0.228962
0.112306
0.119056
0.147375
0.17521
0.195539
0.207986
0.214221
0.215257
0.21102
0.208212
0.0614917
0.0705145
0.102337
0.134464
0.159093
0.175464
0.185237
0.189499
0.18772
0.186549
0.010916
0.0220844
0.0572256
0.0934953
0.122349
0.142597
0.155862
0.163425
0.164253
0.163978
-0.0389858
-0.0258331
0.0124025
0.0526058
0.0855638
0.109612
0.126272
0.137165
0.141036
0.140158
-0.0877828
-0.0728429
-0.0317727
0.0120909
0.0489875
0.076734
0.0966362
0.11066
0.118355
0.116479
-0.135064
-0.118543
-0.0749522
-0.0277627
0.0128643
0.0441829
0.067219
0.0840769
0.0955654
0.0981187
-0.180535
-0.162499
-0.11683
-0.0666787
-0.0225678
0.0121627
0.0382652
0.0578016
0.0726659
0.0803798
-0.223753
-0.204404
-0.157215
-0.104385
-0.0570806
-0.0191483
0.0099226
0.032032
0.0496298
0.061289
-0.264315
-0.243485
-0.196177
-0.1406
-0.0904677
-0.0495884
-0.0177152
0.0068428
0.0267274
0.0412996
-0.301993
-0.279939
-0.232789
-0.175066
-0.122545
-0.0789953
-0.0445442
-0.0176936
0.00423706
0.0212511
-0.336573
-0.313582
-0.266349
-0.207852
-0.15312
-0.107206
-0.0704396
-0.0414819
-0.0176898
0.0015248
-0.367827
-0.344156
-0.297248
-0.238349
-0.181975
-0.134072
-0.0952748
-0.0644205
-0.0389683
-0.0177759
-0.395581
-0.371443
-0.325373
-0.266408
-0.208965
-0.159461
-0.118934
-0.086413
-0.0595234
-0.0365682
-0.419721
-0.395286
-0.350501
-0.291994
-0.233974
-0.183274
-0.141318
-0.107368
-0.0792828
-0.0547462
-0.440189
-0.415602
-0.372482
-0.31501
-0.256911
-0.205466
-0.162333
-0.127202
-0.0981743
-0.072229
-0.456978
-0.43237
-0.391246
-0.335358
-0.277686
-0.225904
-0.182016
-0.14584
-0.116099
-0.0890245
-0.47014
-0.445628
-0.406775
-0.352976
-0.296241
-0.244523
-0.200226
-0.163341
-0.132897
-0.105302
-0.47978
-0.455468
-0.419095
-0.367841
-0.312543
-0.2613
-0.216916
-0.179607
-0.148675
-0.121207
-0.486057
-0.462039
-0.428286
-0.379966
-0.326584
-0.27623
-0.232081
-0.194616
-0.163393
-0.135914
-0.48918
-0.465542
-0.43447
-0.389399
-0.33838
-0.289321
-0.245728
-0.208357
-0.176985
-0.149336
-0.489401
-0.466231
-0.437818
-0.396226
-0.34797
-0.300595
-0.257869
-0.220832
-0.189478
-0.161706
-0.48701
-0.464397
-0.43855
-0.400572
-0.355422
-0.310094
-0.268536
-0.232069
-0.200928
-0.173206
-0.482325
-0.460359
-0.436926
-0.402599
-0.360827
-0.317878
-0.277777
-0.242112
-0.211379
-0.183905
-0.475682
-0.454458
-0.433246
-0.402505
-0.364301
-0.324021
-0.28565
-0.251012
-0.220865
-0.193817
-0.467426
-0.447037
-0.427832
-0.400518
-0.365983
-0.328615
-0.292224
-0.258825
-0.229424
-0.202959
-0.457904
-0.438439
-0.421023
-0.396898
-0.366034
-0.331759
-0.297573
-0.265611
-0.237102
-0.211358
-0.447448
-0.428992
-0.413161
-0.391922
-0.364635
-0.333568
-0.301776
-0.271434
-0.243952
-0.219053
-0.436372
-0.419002
-0.404571
-0.385885
-0.361985
-0.334166
-0.304918
-0.276363
-0.250031
-0.226079
-0.424965
-0.408745
-0.395557
-0.379083
-0.3583
-0.333686
-0.307085
-0.280463
-0.255397
-0.232479
-0.413479
-0.398463
-0.386385
-0.371805
-0.353807
-0.332274
-0.30837
-0.283804
-0.260108
-0.238299
-0.402133
-0.388358
-0.377282
-0.364314
-0.348738
-0.330083
-0.308867
-0.286451
-0.26422
-0.243585
-0.391104
-0.378593
-0.368432
-0.356841
-0.343321
-0.327276
-0.308673
-0.288467
-0.267787
-0.248387
-0.380535
-0.369291
-0.359979
-0.34957
-0.337774
-0.324023
-0.307893
-0.289915
-0.270855
-0.252754
-0.370531
-0.360536
-0.352023
-0.34264
-0.332283
-0.320493
-0.306636
-0.290857
-0.273466
-0.256733
-0.361164
-0.352383
-0.344633
-0.336148
-0.326998
-0.316851
-0.305017
-0.291359
-0.275653
-0.260373
-0.352479
-0.344856
-0.33784
-0.330156
-0.322027
-0.313244
-0.303157
-0.29149
-0.277443
-0.263725
-0.344496
-0.33796
-0.331651
-0.324695
-0.317439
-0.309791
-0.301175
-0.291329
-0.337215
-0.331682
-0.326053
-0.319769
-0.313269
-0.306574
-0.29918
-0.290962
-0.330618
-0.325997
-0.321016
-0.315364
-0.309531
-0.303643
-0.29726
-0.324676
-0.32087
-0.316502
-0.311449
-0.30622
-0.301025
-0.319349
-0.316261
-0.312467
-0.307984
-0.303314
-0.314588
-0.312126
-0.308863
-0.304922
-0.310341
-0.308416
-0.305642
-0.302212
-0.30655
-0.305084
-0.302754
-0.303152
-0.302083
-0.300097
-0.299365
-0.297332
-0.294808
-0.183327
-0.191702
-0.199521
-0.206806
-0.213581
-0.219871
-0.225701
-0.231094
-0.236072
-0.240656
-0.244868
-0.168675
-0.176699
-0.184283
-0.191449
-0.198219
-0.204615
-0.210658
-0.21637
-0.221775
-0.2269
-0.231786
-0.15554
-0.163174
-0.170464
-0.177435
-0.184112
-0.190518
-0.196678
-0.202618
-0.20837
-0.213974
-0.219472
-0.143836
-0.151093
-0.158092
-0.164855
-0.171403
-0.177758
-0.183943
-0.189981
-0.195896
-0.201715
-0.207448
-0.133436
-0.140323
-0.147017
-0.153533
-0.159889
-0.166101
-0.172185
-0.178156
-0.184021
-0.189792
-0.195461
-0.124137
-0.130653
-0.13702
-0.14325
-0.149357
-0.155352
-0.161246
-0.167047
-0.172761
-0.178402
-0.183971
-0.115773
-0.121917
-0.127947
-0.133871
-0.139701
-0.145444
-0.151111
-0.156712
-0.162256
-0.167759
-0.173226
-0.108234
-0.114012
-0.119702
-0.125313
-0.130853
-0.136331
-0.141754
-0.147133
-0.152475
-0.15779
-0.163077
-0.101418
-0.10684
-0.112196
-0.117493
-0.122737
-0.127936
-0.133097
-0.138226
-0.143328
-0.148408
-0.153467
-0.095225
-0.100306
-0.105336
-0.110323
-0.115271
-0.120186
-0.125073
-0.129939
-0.134787
-0.139623
-0.144453
-0.0895804
-0.0943351
-0.0990517
-0.103735
-0.108391
-0.113024
-0.117638
-0.122239
-0.126832
-0.131422
-0.136013
-0.0844188
-0.0888637
-0.0932788
-0.09767
-0.102042
-0.106398
-0.110743
-0.115081
-0.119416
-0.123753
-0.128093
-0.079694
-0.0838427
-0.0879688
-0.092078
-0.0961742
-0.100261
-0.104341
-0.108418
-0.112497
-0.11658
-0.120671
-0.0753554
-0.0792221
-0.0830725
-0.0869114
-0.0907421
-0.0945672
-0.09839
-0.102213
-0.106041
-0.109875
-0.11372
-0.071351
-0.0749515
-0.078541
-0.082123
-0.0857001
-0.0892748
-0.0928498
-0.0964276
-0.100011
-0.103603
-0.107206
-0.0676492
-0.0709983
-0.0743407
-0.0776786
-0.0810141
-0.0843492
-0.0876863
-0.0910278
-0.094376
-0.0977331
-0.101102
-0.064213
-0.0673264
-0.070436
-0.0735431
-0.0766494
-0.0797567
-0.0828671
-0.0859825
-0.0891049
-0.0922364
-0.095379
-0.0610077
-0.0639032
-0.0667946
-0.0696844
-0.0725744
-0.0754662
-0.0783615
-0.081262
-0.0841692
-0.087085
-0.0900112
-0.0580209
-0.0607108
-0.0633968
-0.0660815
-0.0687671
-0.0714549
-0.0741463
-0.0768425
-0.0795451
-0.0822555
-0.0849752
-0.0552353
-0.05773
-0.060222
-0.0627135
-0.0652062
-0.0677012
-0.0701995
-0.0727023
-0.0752108
-0.0777262
-0.0802498
-0.0526252
-0.054937
-0.0572473
-0.0595576
-0.0618691
-0.0641827
-0.0664992
-0.0688196
-0.0711449
-0.0734761
-0.0758142
-0.0501749
-0.0523163
-0.0544568
-0.0565974
-0.0587391
-0.0608824
-0.0630282
-0.065177
-0.0673298
-0.0694874
-0.0716506
-0.0738202
-0.0478719
-0.0498545
-0.0518364
-0.0538184
-0.055801
-0.0577849
-0.0597705
-0.0617585
-0.0637494
-0.0657439
-0.0677427
-0.0697464
-0.0457048
-0.0475394
-0.0493734
-0.0512073
-0.0530415
-0.0548763
-0.0567122
-0.0585496
-0.060389
-0.0622308
-0.0640756
-0.065924
-0.0436648
-0.0453617
-0.0470579
-0.0487538
-0.0504496
-0.0521455
-0.0538417
-0.0555385
-0.0572364
-0.0589356
-0.0606366
-0.0623397
-0.0417436
-0.0433128
-0.0448811
-0.0464488
-0.0480159
-0.0495825
-0.0511487
-0.0527147
-0.0542808
-0.0558472
-0.0574142
-0.0589821
-0.0399324
-0.0413841
-0.0428345
-0.0442835
-0.0457314
-0.047178
-0.0486236
-0.0500683
-0.0515121
-0.0529553
-0.0543979
-0.0558403
-0.0382294
-0.0395727
-0.0409141
-0.0422533
-0.0435907
-0.0449263
-0.0462603
-0.0475925
-0.0489231
-0.0502521
-0.0515797
-0.0529058
-0.036634
-0.0378762
-0.0391162
-0.0403538
-0.0415892
-0.0428222
-0.044053
-0.0452814
-0.0465073
-0.0477309
-0.0489522
-0.050171
-0.0351407
-0.0362898
-0.0374364
-0.0385805
-0.0397219
-0.0408606
-0.0419964
-0.0431292
-0.0442589
-0.0453855
-0.046509
-0.0476293
-0.0337465
-0.0348105
-0.0358718
-0.0369302
-0.0379856
-0.0390378
-0.0400865
-0.0411318
-0.0421733
-0.0432112
-0.0442452
-0.0452752
-0.0324512
-0.0334376
-0.0344211
-0.0354014
-0.0363782
-0.0373514
-0.0383208
-0.0392862
-0.0402474
-0.0412043
-0.0421567
-0.0431046
-0.0312546
-0.0321707
-0.0330836
-0.0339929
-0.0348985
-0.0358001
-0.0366974
-0.0375904
-0.0384787
-0.0393622
-0.0402408
-0.0411143
-0.0301577
-0.0310103
-0.0318595
-0.0327049
-0.0335462
-0.0343832
-0.0352157
-0.0360434
-0.0368662
-0.0376837
-0.0384958
-0.0393024
-0.0291619
-0.0299578
-0.03075
-0.0315382
-0.0323221
-0.0331015
-0.0338761
-0.0346455
-0.0354097
-0.0361684
-0.0369213
-0.0376684
-0.0282698
-0.0290155
-0.0297573
-0.030495
-0.0312282
-0.0319566
-0.03268
-0.0333981
-0.0341106
-0.0348174
-0.0355182
-0.0362129
-0.0274845
-0.0281865
-0.0288844
-0.0295781
-0.0302671
-0.0309512
-0.0316301
-0.0323035
-0.0329713
-0.0336331
-0.0342887
-0.034938
-0.0268107
-0.0274754
-0.028136
-0.0287921
-0.0294435
-0.0300899
-0.030731
-0.0313666
-0.0319963
-0.03262
-0.0332374
-0.0338483
-0.0262532
-0.026887
-0.0275166
-0.0281417
-0.0287621
-0.0293773
-0.0299873
-0.0305917
-0.0311902
-0.0317827
-0.0323689
-0.0329485
-0.0258215
-0.0264311
-0.0270364
-0.0276371
-0.0282331
-0.028824
-0.0294095
-0.0299895
-0.0305637
-0.0311319
-0.0316938
-0.0322493
-0.0255181
-0.0261103
-0.0266983
-0.0272818
-0.0278606
-0.0284344
-0.029003
-0.0295662
-0.0301237
-0.0306753
-0.0312208
-0.03176
-0.0253672
-0.0259482
-0.026525
-0.0270973
-0.0276649
-0.0282277
-0.0287854
-0.0293378
-0.0298849
-0.0304263
-0.030962
-0.0314917
0.108302
0.0899299
0.0728817
0.0561269
0.0384049
0.0203973
0.00278775
-0.0143462
-0.0310488
-0.0472696
-0.0629499
-0.0780641
-0.0925961
-0.106355
-0.119794
-0.13229
-0.14383
-0.154629
-0.164801
-0.174366
0.0990591
0.0812573
0.0629618
0.0468273
0.0307506
0.0143179
-0.00173168
-0.0171466
-0.0320537
-0.0465048
-0.0604471
-0.0738018
-0.0864768
-0.0983683
-0.110162
-0.121375
-0.131885
-0.141806
-0.151233
-0.160189
0.0881501
0.0715055
0.0535033
0.0383506
0.024194
0.00973083
-0.00459501
-0.0183374
-0.031546
-0.0443362
-0.0566963
-0.0685742
-0.0799419
-0.0908111
-0.101209
-0.111403
-0.121148
-0.130379
-0.139159
-0.147539
0.0767971
0.0616559
0.0448835
0.0309301
0.0184248
0.005737
-0.00702321
-0.0193397
-0.0311354
-0.0425355
-0.0535808
-0.0642403
-0.0744805
-0.0842804
-0.0935949
-0.102831
-0.111779
-0.120317
-0.128472
-0.136302
0.0661647
0.0526092
0.0373733
0.02466
0.013526
0.00234931
-0.00900043
-0.0200468
-0.0306196
-0.0408129
-0.0506979
-0.060264
-0.0694807
-0.0783418
-0.0868655
-0.0953417
-0.10356
-0.11144
-0.119016
-0.126339
0.0566062
0.0444922
0.0308076
0.0192981
0.00932361
-0.000582185
-0.010684
-0.0205924
-0.030097
-0.039251
-0.0481353
-0.0567595
-0.0650984
-0.0731431
-0.0809232
-0.0887039
-0.0962672
-0.103558
-0.110608
-0.11746
0.0480939
0.0372379
0.0250235
0.0146647
0.00570499
-0.00312128
-0.0121296
-0.021021
-0.0295841
-0.0378394
-0.0458661
-0.0536941
-0.061322
-0.0687458
-0.0759587
-0.0828436
-0.089719
-0.0964906
-0.103083
-0.109502
0.0405325
0.0307847
0.0199211
0.0106381
0.00258077
-0.00531991
-0.0133772
-0.0213661
-0.0290945
-0.0365604
-0.0438294
-0.050934
-0.0578712
-0.0646285
-0.0711979
-0.0775764
-0.0839361
-0.0902162
-0.0963572
-0.102355
0.0338353
0.0250753
0.0154282
0.00712726
-0.000126045
-0.00722592
-0.014457
-0.0216486
-0.0286351
-0.0354025
-0.042002
-0.0484654
-0.0547949
-0.0609831
-0.06703
-0.0729382
-0.0788237
-0.0846327
-0.0903304
-0.0959196
0.0279183
0.020041
0.0114757
0.00405571
-0.00248261
-0.0088841
-0.0153952
-0.0218842
-0.0282118
-0.0343595
-0.0403666
-0.0462617
-0.0520493
-0.0577251
-0.0632904
-0.0687548
-0.0742165
-0.079599
-0.0848848
-0.0900881
0.0226971
0.0156075
0.00799696
0.00135958
-0.00454392
-0.0103324
-0.0162134
-0.0220828
-0.0278258
-0.033423
-0.038905
-0.044296
-0.0496011
-0.0548167
-0.0599424
-0.0649885
-0.0700324
-0.075018
-0.0799314
-0.0847818
0.0180912
0.0117035
0.00493207
-0.0010134
-0.00635329
-0.0116008
-0.0169272
-0.022249
-0.0274719
-0.0325783
-0.0375926
-0.0425363
-0.0474168
-0.0522357
-0.0569925
-0.0616815
-0.0662515
-0.070834
-0.0754058
-0.0799356
0.0140275
0.00826484
0.00222937
-0.00310567
-0.00794453
-0.0127122
-0.0175479
-0.0223835
-0.0271416
-0.0318069
-0.0363983
-0.040933
-0.0454164
-0.0498474
-0.0542232
-0.0585406
-0.0627931
-0.0670496
-0.0712976
-0.0755143
0.0104411
0.00523529
-0.000155127
-0.00495187
-0.00934452
-0.0136847
-0.0180841
-0.0224861
-0.0268275
-0.0310951
-0.0353036
-0.039467
-0.0435894
-0.0476708
-0.0517097
-0.0557064
-0.0596588
-0.06361
-0.0675502
-0.0714663
0.00727541
0.00256597
-0.00225884
-0.00658059
-0.010575
-0.014533
-0.0185429
-0.0225571
-0.0265241
-0.0304327
-0.0342949
-0.0381216
-0.0419165
-0.0456797
-0.0494103
-0.0531091
-0.0567768
-0.0604441
-0.0640993
-0.067735
0.00448097
0.000214559
-0.00411368
-0.00801576
-0.0116541
-0.0152691
-0.0189301
-0.0225966
-0.0262263
-0.0298104
-0.0333581
-0.0368784
-0.0403742
-0.0438458
-0.0472928
-0.0507167
-0.0541193
-0.0575248
-0.0609165
-0.0642902
0.00201507
-0.00185543
-0.00574697
-0.00927759
-0.0125968
-0.0159034
-0.0192509
-0.0226047
-0.0259303
-0.0292204
-0.0324824
-0.0357234
-0.0389455
-0.0421482
-0.0453309
-0.0484946
-0.051644
-0.0548115
-0.0579619
-0.0610933
-0.000159281
-0.00367539
-0.00718205
-0.0103832
-0.0134158
-0.0164442
-0.0195094
-0.0225814
-0.025632
-0.0286556
-0.0316583
-0.0346458
-0.0376202
-0.0405815
-0.0435301
-0.0464662
-0.0493887
-0.0522922
-0.0551992
-0.0581062
-0.00207401
-0.0052723
-0.00843892
-0.011347
-0.0141217
-0.0168985
-0.0197085
-0.0225257
-0.0253269
-0.0281078
-0.0308734
-0.0336281
-0.0363735
-0.0391095
-0.0418361
-0.0445524
-0.0472564
-0.0499372
-0.0526279
-0.0553255
-0.00375679
-0.00666949
-0.0095349
-0.0121817
-0.0147235
-0.0172723
-0.019851
-0.022437
-0.0250113
-0.0275704
-0.0301183
-0.0326585
-0.035192
-0.0377183
-0.0402373
-0.0427484
-0.0452507
-0.047741
-0.0502369
-0.0527368
-0.00523184
-0.00788737
-0.0104853
-0.0128985
-0.0152298
-0.0175715
-0.0199401
-0.022316
-0.0246835
-0.0270398
-0.0293883
-0.0317315
-0.0340702
-0.0364039
-0.0387325
-0.0410555
-0.0433728
-0.0456828
-0.047996
-0.0503111
-0.00652051
-0.00894404
-0.0113039
-0.0135079
-0.0156485
-0.0178018
-0.0199793
-0.022164
-0.0243429
-0.0265139
-0.0286796
-0.030842
-0.0330015
-0.0351579
-0.0373107
-0.0394597
-0.0416049
-0.0437455
-0.0458882
-0.048032
-0.00764185
-0.00985574
-0.0120032
-0.0140194
-0.0159871
-0.0179688
-0.0199724
-0.0219829
-0.0239897
-0.025991
-0.027989
-0.0299853
-0.03198
-0.0339728
-0.0359633
-0.0379513
-0.0399367
-0.0419192
-0.0439035
-0.0458882
-0.00861292
-0.0106371
-0.0125947
-0.0144422
-0.0162528
-0.0180781
-0.0199231
-0.0217748
-0.0236243
-0.0254703
-0.0273146
-0.0291581
-0.0310011
-0.032843
-0.0346836
-0.0365225
-0.0383597
-0.0401951
-0.0420321
-0.043869
-0.00944917
-0.0113015
-0.0130892
-0.0147846
-0.0164525
-0.0181352
-0.0198355
-0.0215423
-0.023248
-0.0249518
-0.0266548
-0.0283579
-0.0300612
-0.031764
-0.0334661
-0.0351672
-0.0368673
-0.0385662
-0.0402668
-0.0419666
-0.0101647
-0.0118612
-0.0134965
-0.0150548
-0.0165929
-0.0181455
-0.0197139
-0.0212883
-0.0228626
-0.024436
-0.0260094
-0.0275835
-0.029158
-0.0307325
-0.0323066
-0.0338799
-0.0354525
-0.0370245
-0.0385997
-0.0401729
-0.0107723
-0.0123275
-0.013826
-0.0152606
-0.0166808
-0.0181146
-0.0195626
-0.0210163
-0.0224705
-0.0239246
-0.0253793
-0.026835
-0.0282915
-0.0297482
-0.0312048
-0.0326609
-0.0341162
-0.0355706
-0.0370254
-0.0384795
-0.0112839
-0.012711
-0.0140865
-0.0154095
-0.0167223
-0.0180479
-0.0193861
-0.0207296
-0.0220741
-0.0234191
-0.0247651
-0.0261123
-0.0274606
-0.0288095
-0.0301585
-0.0315073
-0.0328555
-0.034202
-0.0355425
-0.0368852
-0.0117103
-0.0130212
-0.0142863
-0.0155083
-0.0167236
-0.0179505
-0.0191886
-0.0204315
-0.0216757
-0.0229208
-0.024167
-0.0254146
-0.026663
-0.0279119
-0.0291609
-0.0304093
-0.031657
-0.0329031
-0.0341465
-0.0353903
-0.0120615
-0.0132673
-0.0144331
-0.0155641
-0.0166907
-0.0178279
-0.0189747
-0.020126
-0.0212789
-0.0224327
-0.0235878
-0.0247442
-0.0259014
-0.027059
-0.0282165
-0.0293736
-0.0305298
-0.0316848
-0.0328376
-0.0339897
-0.0123471
-0.013458
-0.0145346
-0.0155834
-0.0166297
-0.0176854
-0.0187494
-0.0198176
-0.0208873
-0.0219582
-0.0230302
-0.0241034
-0.0251774
-0.0262516
-0.0273257
-0.0283992
-0.0294718
-0.030543
-0.0316122
-0.0326802
-0.0125758
-0.0136011
-0.014598
-0.0155729
-0.0165466
-0.0175285
-0.0185176
-0.0195104
-0.0205049
-0.0215004
-0.0224971
-0.0234947
-0.024493
-0.0254914
-0.0264895
-0.0274869
-0.0284833
-0.0294781
-0.0304709
-0.0314621
-0.0127557
-0.0137043
-0.01463
-0.0155387
-0.016447
-0.0173625
-0.0182841
-0.019209
-0.0201355
-0.021063
-0.0219916
-0.0229209
-0.0238507
-0.0247805
-0.0257097
-0.0266382
-0.0275653
-0.0284908
-0.0294143
-0.0303357
-0.0128942
-0.0137746
-0.0146371
-0.0154867
-0.0163366
-0.0171925
-0.0180537
-0.0189178
-0.0197833
-0.0206498
-0.0215171
-0.0223851
-0.0232533
-0.0241212
-0.0249885
-0.0258548
-0.0267197
-0.0275827
-0.0284435
-0.0293019
-0.0129982
-0.0138185
-0.0146252
-0.0154226
-0.0162207
-0.0170238
-0.0178313
-0.0186413
-0.0194526
-0.0202647
-0.0210776
-0.0218908
-0.022704
-0.0235168
-0.0243287
-0.0251395
-0.0259486
-0.0267558
-0.0275605
-0.0283627
-0.0130741
-0.0138419
-0.0146002
-0.0153519
-0.0161046
-0.0168614
-0.0176217
-0.0183842
-0.0191478
-0.0199121
-0.0206769
-0.0214418
-0.0222065
-0.0229706
-0.0237337
-0.0244954
-0.0252553
-0.026013
-0.0267682
-0.0275205
-0.0131274
-0.0138503
-0.0145672
-0.0152798
-0.0159933
-0.0167101
-0.0174298
-0.0181512
-0.0188736
-0.0195964
-0.0203195
-0.0210425
-0.0217651
-0.0224868
-0.0232073
-0.0239263
-0.0246432
-0.0253579
-0.0260698
-0.0267788
-0.0131633
-0.013849
-0.0145314
-0.0152112
-0.0158919
-0.0165751
-0.0172605
-0.0179473
-0.0186347
-0.0193225
-0.0200102
-0.0206976
-0.0213844
-0.0220701
-0.0227544
-0.0234369
-0.0241173
-0.0247952
-0.0254703
-0.0261422
-0.0131863
-0.0138423
-0.0144972
-0.0151507
-0.015805
-0.016461
-0.0171186
-0.0177772
-0.0184362
-0.0190952
-0.019754
-0.0204121
-0.0210693
-0.0217253
-0.0223797
-0.0230321
-0.0236822
-0.0243296
-0.0249742
-0.0256154
-0.0132003
-0.0138345
-0.0144691
-0.0151031
-0.0157376
-0.0163732
-0.0170098
-0.0176469
-0.0182842
-0.0189212
-0.0195576
-0.0201932
-0.0208275
-0.0214604
-0.0220914
-0.0227203
-0.0233467
-0.0239704
-0.0245909
-0.025208
-0.0132081
-0.0138288
-0.0144505
-0.0150719
-0.0156932
-0.016315
-0.0169372
-0.0175595
-0.0181816
-0.018803
-0.0194235
-0.0200429
-0.0206608
-0.021277
-0.0218912
-0.022503
-0.0231123
-0.0237188
-0.024322
-0.0249219
-0.0132119
-0.0138282
-0.0144461
-0.0150636
-0.0156806
-0.0162974
-0.016914
-0.0175301
-0.0181454
-0.0187596
-0.0193723
-0.0199834
-0.0205926
-0.0211996
-0.0218042
-0.0224061
-0.0230051
-0.0236009
-0.0241934
-0.0247822
0.113053
0.11453
0.117244
0.121081
0.125829
0.13144
0.137713
0.144601
0.151849
0.159383
0.166832
0.174077
0.180549
0.186099
0.189838
0.191703
0.190213
0.185707
0.17527
0.160279
0.133074
0.11201
0.113422
0.116011
0.11966
0.124152
0.129425
0.135268
0.141616
0.148197
0.154916
0.161383
0.167456
0.172556
0.176516
0.178469
0.178314
0.17472
0.167833
0.155594
0.138857
0.116518
0.110865
0.112205
0.114651
0.118087
0.122291
0.127189
0.132559
0.138321
0.144188
0.15005
0.155506
0.160403
0.164168
0.166636
0.167001
0.165161
0.160035
0.151736
0.139151
0.123011
0.103649
0.109613
0.110873
0.113166
0.116374
0.120272
0.124773
0.129648
0.134801
0.139938
0.144932
0.149383
0.153125
0.155621
0.156695
0.15566
0.152395
0.146146
0.136972
0.124439
0.10892
0.0909544
0.108249
0.109425
0.111556
0.114523
0.118102
0.122191
0.126558
0.13109
0.135494
0.139624
0.143097
0.145732
0.147049
0.146857
0.144615
0.140182
0.1331
0.123374
0.110917
0.0959307
0.0790236
0.10677
0.107857
0.109818
0.112535
0.115781
0.119445
0.123294
0.127198
0.130872
0.134153
0.136685
0.138275
0.138512
0.137198
0.133934
0.128578
0.120887
0.110848
0.0985451
0.0841835
0.0683657
0.105174
0.106167
0.107952
0.110407
0.113311
0.11654
0.119863
0.123138
0.126091
0.128546
0.130184
0.130801
0.130064
0.127776
0.123664
0.117601
0.109491
0.099342
0.0873266
0.0736828
0.0589501
0.103457
0.104352
0.105955
0.10814
0.110694
0.11348
0.116276
0.118927
0.121176
0.122839
0.123635
0.123363
0.121759
0.118644
0.113844
0.107264
0.0989041
0.0888076
0.0771942
0.0643
0.0505973
0.101617
0.102411
0.103827
0.105736
0.107935
0.110275
0.112547
0.114585
0.116155
0.117066
0.117083
0.11601
0.113649
0.109846
0.104508
0.097573
0.0891083
0.0791864
0.0680468
0.0559014
0.0431693
0.0996541
0.100345
0.101569
0.103198
0.105039
0.106935
0.108691
0.110133
0.111054
0.111264
0.110567
0.108785
0.105776
0.101416
0.0956737
0.0885229
0.0800724
0.070413
0.0597892
0.0483823
0.0365671
0.0975674
0.0981525
0.0991836
0.10053
0.102014
0.103472
0.104724
0.105595
0.105903
0.105466
0.104126
0.101726
0.0981739
0.0933785
0.0873517
0.0800998
0.0717576
0.0624236
0.0523395
0.0416552
0.0307046
0.0953578
0.0958364
0.096673
0.0977387
0.0988681
0.0998986
0.100664
0.100994
0.100729
0.0997039
0.0977927
0.0948667
0.0908708
0.0857475
0.0795416
0.0722833
0.0641223
0.0551584
0.0456242
0.0356399
0.0255005
0.0930273
0.0933992
0.094042
0.09483
0.0956124
0.0962289
0.0965293
0.0963516
0.0955601
0.0940074
0.0915987
0.0882327
0.0838866
0.0785315
0.0722364
0.0650485
0.0571243
0.0485601
0.0395749
0.0302621
0.0208804
0.0905787
0.090845
0.0912962
0.0918126
0.0922581
0.0924783
0.0923394
0.0916918
0.090422
0.088404
0.0855699
0.0818456
0.0772347
0.0717322
0.0654237
0.0583678
0.050721
0.0425737
0.0341283
0.0254544
0.0167778
0.0880164
0.0881791
0.0884427
0.0886959
0.0888176
0.0886628
0.0881139
0.0870369
0.0853394
0.0829178
0.0797284
0.075722
0.0709232
0.0653462
0.0590871
0.0522111
0.0448703
0.0371472
0.0292261
0.0211563
0.013134
0.0853457
0.085408
0.0854897
0.0854906
0.0853046
0.0847989
0.0838724
0.0824085
0.0803348
0.0775702
0.0740921
0.0698734
0.0649549
0.0593657
0.0532072
0.0465477
0.0395313
0.0322318
0.0248154
0.017314
0.00989753
0.0825736
0.0825396
0.0824467
0.0822084
0.0817334
0.0809037
0.0796342
0.077827
0.0754286
0.0723795
0.0686751
0.0643072
0.0593287
0.0537796
0.0477627
0.0413462
0.0346646
0.0277825
0.0208484
0.0138798
0.00702344
0.0797082
0.0795829
0.0793246
0.078862
0.0781191
0.0769941
0.0754178
0.0733115
0.070639
0.0673609
0.0634877
0.059027
0.0540401
0.0485743
0.0427308
0.0365758
0.030233
0.0237578
0.0172821
0.0108115
0.00447235
0.0767589
0.0765482
0.0761351
0.075465
0.0744771
0.0730871
0.0712411
0.0688794
0.0659818
0.0625266
0.058537
0.0540331
0.0490816
0.0437342
0.0380882
0.0322066
0.0262014
0.0201198
0.0140778
0.00807153
0.00220992
0.0737365
0.073447
0.072891
0.0720316
0.0708233
0.0691992
0.067121
0.0645467
0.0614704
0.0578861
0.0538271
0.0493232
0.0444436
0.0392425
0.0338117
0.0282097
0.0225372
0.0168336
0.0112006
0.00562693
0.000206078
0.0706531
0.0702918
0.0696061
0.0685766
0.0671733
0.0653468
0.0630733
0.0603274
0.0571161
0.0534464
0.0493596
0.0448926
0.0401152
0.0350818
0.0298782
0.0245577
0.0192101
0.0138678
0.00861951
0.00344828
-0.00156563
0.0675218
0.0670963
0.0662948
0.0651153
0.063543
0.0615454
0.0591125
0.056234
0.0529278
0.0492122
0.0451338
0.0407348
0.036084
0.0312345
0.0262653
0.0212247
0.016192
0.0111937
0.00630641
0.00150942
-0.00312861
0.0643569
0.063875
0.0629724
0.0616633
0.0599479
0.0578098
0.055252
0.0522772
0.048913
0.0451861
0.0411476
0.0368423
0.0323369
0.0276827
0.0229515
0.0181865
0.0134573
0.00878513
0.00423614
-0.000213035
-0.00450376
0.0611736
0.0606433
0.0596543
0.0582361
0.0564033
0.0541543
0.0515039
0.0484664
0.0450769
0.0413694
0.0373969
0.0332062
0.0288608
0.0244092
0.0199163
0.0154204
0.0109822
0.00661846
0.00238597
-0.00174008
-0.00570979
0.0579879
0.0574172
0.0563565
0.0548496
0.052924
0.0505922
0.0478791
0.0448092
0.0414236
0.0377615
0.033877
0.0298172
0.0256422
0.0213972
0.0171403
0.0129053
0.00874499
0.00467211
0.000735344
-0.00309066
-0.00676361
0.0548165
0.0542132
0.0530954
0.0515193
0.0495244
0.0471358
0.0443876
0.0413123
0.0379558
0.034361
0.0305822
0.0266658
0.022668
0.0186305
0.0146053
0.0106218
0.00672566
0.00292648
-0.000734347
-0.00428191
-0.00768056
0.0516767
0.0510483
0.0498874
0.0482606
0.0462185
0.043797
0.0410381
0.0379811
0.0346752
0.0311658
0.0275063
0.0237421
0.0199252
0.0160939
0.0122943
0.00855194
0.00490602
0.00136371
-0.00204001
-0.00532941
-0.00847463
0.0485862
0.0479399
0.0467488
0.0450887
0.0430195
0.0405867
0.0378386
0.0348201
0.0315825
0.0281728
0.024643
0.0210366
0.0174016
0.013773
0.0101914
0.00667908
0.00326939
-3.24233e-05
-0.003197
-0.00624733
-0.00915858
0.045563
0.0449055
0.0436961
0.0420186
0.0399404
0.0375152
0.0347964
0.0318332
0.0286783
0.0253791
0.0219858
0.0185401
0.0150857
0.0116545
0.00828223
0.00498813
0.00180058
-0.00127671
-0.00421931
-0.00704859
-0.00974411
0.0426253
0.0419624
0.0407458
0.0390649
0.0369937
0.0345921
0.031918
0.0290236
0.0259623
0.0227813
0.0195286
0.0162437
0.0129665
0.00972595
0.00655332
0.00346526
0.000485774
-0.0023826
-0.00511967
-0.00774502
-0.010242
0.0397913
0.0391285
0.0379142
0.0362421
0.0341912
0.0318267
0.0292097
0.0263945
0.0234345
0.0203763
0.0172655
0.0141393
0.0110341
0.00797608
0.00499255
0.00209794
-0.000687564
-0.00336227
-0.00590971
-0.00834748
-0.0106623
0.0370796
0.0364213
0.0352173
0.0335643
0.0315448
0.029228
0.0266774
0.0239486
0.0210947
0.0181611
0.0151911
0.0122195
0.0092795
0.00639471
0.00358899
0.000874881
-0.00173074
-0.00422678
-0.00659996
-0.00886588
-0.0110142
0.0345087
0.0338586
0.0326715
0.0310457
0.029066
0.0268048
0.024327
0.0216891
0.0189432
0.0161335
0.0133008
0.0104778
0.00769471
0.0049728
0.00233292
-0.000213987
-0.00265387
-0.00498605
-0.00719997
-0.00930928
-0.0113061
0.0320973
0.0314582
0.0302929
0.0287002
0.0267665
0.0245661
0.0221648
0.0196193
0.0169806
0.0142916
0.0115908
0.00890879
0.00627287
0.00370248
0.00121583
-0.00117752
-0.00346591
-0.00564891
-0.00771831
-0.00968586
-0.0115458
0.0298643
0.0292382
0.0280979
0.0265422
0.0246582
0.0225211
0.0201972
0.0177431
0.0152085
0.0126349
0.0100585
0.00750799
0.00500833
0.00257719
0.000230479
-0.00202334
-0.00417465
-0.00622315
-0.00816261
-0.010003
-0.0117404
0.0278291
0.027217
0.0261035
0.0245866
0.0227534
0.0206797
0.0184315
0.0160652
0.0136292
0.0111634
0.00870219
0.00627238
0.00389682
0.00159167
-0.000629051
-0.00275782
-0.00478671
-0.00671548
-0.00853954
-0.0102672
-0.0118962
0.0260115
0.0254137
0.0243272
0.0228489
0.0210655
0.0190526
0.0168762
0.0145917
0.0122464
0.009879
0.00752187
0.00520038
0.00293551
0.000742154
-0.00136726
-0.00338599
-0.00530747
-0.00713149
-0.0088548
-0.0104843
-0.0120189
0.0244325
0.0238484
0.0227876
0.0213458
0.0196089
0.0176522
0.0155409
0.01333
0.0110655
0.00878495
0.00651916
0.00429211
0.0021233
2.65184e-05
-0.0019871
-0.00391142
-0.00574101
-0.00747561
-0.00911307
-0.010659
-0.0121135
0.0231144
0.0225427
0.0215049
0.0200957
0.0183998
0.0164921
0.0144372
0.0122894
0.0100938
0.00788669
0.00569772
0.00354975
0.00146102
-0.000555518
-0.00248979
-0.00433613
-0.00608996
-0.00775099
-0.00931794
-0.0107954
-0.0121842
0.0220817
0.0215202
0.0205015
0.019119
0.0174568
0.0155889
0.0135794
0.0114821
0.00934113
0.00719214
0.00506371
0.00297784
0.000951815
-0.00100208
-0.00287455
-0.00466027
-0.00635532
-0.00795937
-0.00947175
-0.0108963
-0.0122344
0.0213612
0.0208071
0.0198022
0.0184392
0.0168012
0.0149618
0.0129847
0.010923
0.00882061
0.00671243
0.0046264
0.00258391
0.000601593
-0.00130872
-0.00313825
-0.00488191
-0.00653622
-0.00810079
-0.00957541
-0.0109633
-0.0122664
0.0209835
0.0204332
0.0194357
0.0180832
0.0164584
0.0146342
0.0126743
0.0106315
0.00854934
0.00646262
0.00439885
0.00237912
0.000419702
-0.00146779
-0.00327487
-0.00499654
-0.00662955
-0.00817349
-0.00962832
-0.010997
-0.0122817
0.119648
0.121272
0.124315
0.128681
0.134211
0.140899
0.148563
0.157354
0.167184
0.178153
0.190199
0.203437
0.217813
0.233445
0.250261
0.268388
0.287688
0.308314
0.329969
0.35288
0.376377
0.119617
0.121236
0.124258
0.128573
0.133993
0.140608
0.148275
0.157036
0.166831
0.177762
0.189771
0.202973
0.217309
0.232901
0.249666
0.267732
0.286942
0.307446
0.328927
0.351664
0.374994
0.119551
0.121164
0.124176
0.128488
0.133945
0.140567
0.148181
0.156906
0.166659
0.177543
0.18949
0.202616
0.216856
0.232331
0.248947
0.266836
0.285826
0.30608
0.327254
0.349638
0.372469
0.119454
0.121064
0.124073
0.128385
0.133829
0.140435
0.148037
0.156741
0.166463
0.177302
0.189186
0.202229
0.216354
0.231682
0.248102
0.265744
0.284413
0.304274
0.32494
0.346724
0.368741
0.119326
0.120932
0.123937
0.128241
0.133675
0.140258
0.147833
0.156505
0.16618
0.176957
0.188754
0.201686
0.215657
0.23079
0.246949
0.264265
0.282505
0.301845
0.321832
0.342821
0.363768
0.119165
0.120768
0.123765
0.128061
0.133457
0.140036
0.14758
0.156209
0.165825
0.176523
0.188212
0.201002
0.214782
0.22967
0.245502
0.262411
0.280117
0.298807
0.317951
0.337953
0.357572
0.118973
0.120572
0.123561
0.127851
0.13327
0.139769
0.147278
0.155858
0.165403
0.176007
0.187566
0.200187
0.213738
0.228334
0.243776
0.260199
0.277267
0.295183
0.313318
0.332145
0.350177
0.11875
0.120344
0.123324
0.127604
0.132983
0.13946
0.146929
0.155451
0.164914
0.175409
0.186818
0.199244
0.212528
0.226786
0.241777
0.257636
0.273964
0.290983
0.307948
0.325414
0.341608
0.118496
0.120084
0.123054
0.127322
0.132677
0.139112
0.146533
0.154989
0.164359
0.174731
0.185969
0.198173
0.211156
0.22503
0.239508
0.254729
0.270217
0.28622
0.301856
0.317783
0.331894
0.118212
0.119794
0.122753
0.127003
0.132332
0.138725
0.146092
0.154474
0.163741
0.173975
0.185023
0.196979
0.209626
0.223072
0.236977
0.251486
0.266037
0.280908
0.295061
0.309278
0.321074
0.117898
0.119474
0.122423
0.126631
0.131947
0.138298
0.145607
0.153907
0.163061
0.173143
0.183982
0.195665
0.207942
0.220915
0.234191
0.247917
0.261435
0.275063
0.287583
0.299929
0.309189
0.117554
0.119125
0.122067
0.126295
0.131524
0.137834
0.145079
0.15329
0.16232
0.172237
0.182849
0.194234
0.206109
0.218568
0.231157
0.244031
0.256424
0.268703
0.279445
0.289768
0.296287
0.117182
0.118747
0.121676
0.125866
0.131068
0.137333
0.144509
0.152625
0.161522
0.17126
0.181627
0.19269
0.204131
0.216034
0.227883
0.239838
0.251016
0.261845
0.270671
0.278832
0.282419
0.116782
0.118342
0.121247
0.125415
0.130583
0.136797
0.143899
0.151913
0.160669
0.170214
0.18032
0.191038
0.202014
0.213321
0.224377
0.235348
0.245227
0.254508
0.261285
0.26716
0.267639
0.116354
0.117911
0.120821
0.124934
0.130067
0.136228
0.143251
0.151157
0.159762
0.169104
0.178932
0.189281
0.199764
0.210435
0.220649
0.230573
0.23907
0.246713
0.251316
0.254793
0.251999
0.115899
0.117451
0.120341
0.124425
0.129521
0.135624
0.142566
0.150357
0.158803
0.167929
0.177463
0.187423
0.197384
0.207382
0.216706
0.225521
0.232561
0.23848
0.240789
0.241774
0.235544
0.115419
0.116962
0.119832
0.12389
0.128945
0.134988
0.141843
0.149513
0.157792
0.16669
0.175914
0.185462
0.194873
0.20416
0.212551
0.220199
0.225715
0.22983
0.229739
0.22815
0.218305
0.114914
0.116463
0.119302
0.123334
0.128349
0.13433
0.141097
0.148642
0.156749
0.16541
0.17431
0.183427
0.192262
0.200803
0.208217
0.21464
0.218569
0.220799
0.218212
0.213987
0.2003
0.114383
0.115924
0.118752
0.122761
0.127739
0.133666
0.14035
0.147777
0.155713
0.164138
0.172711
0.181386
0.189624
0.197383
0.203769
0.208893
0.211149
0.211389
0.206184
0.199265
0.181391
0.113828
0.115353
0.118156
0.122123
0.127045
0.13289
0.139464
0.146739
0.154469
0.162615
0.170813
0.178991
0.186575
0.193487
0.198783
0.202534
0.203075
0.201275
0.1935
0.183642
0.160955
0.113837
0.115355
0.118168
0.122153
0.127095
0.132961
0.139552
0.146839
0.154574
0.162713
0.170888
0.179024
0.186545
0.193376
0.198571
0.202215
0.202631
0.2007
0.19281
0.182881
0.160387
0.114397
0.115955
0.118836
0.122918
0.127986
0.134013
0.140801
0.14833
0.156359
0.16486
0.173478
0.182164
0.190363
0.198037
0.204268
0.209202
0.211199
0.211192
0.205747
0.198748
0.181011
0.11493
0.116514
0.119431
0.123566
0.128701
0.134815
0.141715
0.149389
0.157608
0.16636
0.175314
0.184445
0.193237
0.201681
0.20893
0.215142
0.218811
0.220775
0.217968
0.213603
0.200048
0.115434
0.117014
0.11996
0.12412
0.129292
0.135464
0.142449
0.150245
0.158637
0.167628
0.176913
0.186486
0.195872
0.205084
0.21334
0.220802
0.226093
0.229951
0.229658
0.227885
0.218139
0.115914
0.117501
0.120468
0.124651
0.129863
0.136095
0.143168
0.151088
0.159654
0.168881
0.178488
0.188488
0.198442
0.208384
0.217598
0.226245
0.233082
0.238747
0.240856
0.241625
0.235442
0.116367
0.117962
0.120955
0.125163
0.130414
0.136706
0.143864
0.151904
0.160634
0.170086
0.179998
0.190399
0.200891
0.211522
0.221644
0.231414
0.239724
0.247118
0.251517
0.254754
0.251948
0.116795
0.118393
0.121373
0.125646
0.130934
0.137282
0.144522
0.152674
0.16156
0.171223
0.181422
0.192202
0.203202
0.214484
0.225466
0.236298
0.246005
0.255043
0.261611
0.267224
0.267631
0.117195
0.118799
0.121808
0.126099
0.131422
0.137824
0.145139
0.153397
0.16243
0.172291
0.182761
0.193898
0.205376
0.217267
0.229059
0.24089
0.251909
0.262502
0.271112
0.278993
0.28245
0.117566
0.119177
0.122201
0.126549
0.131882
0.138329
0.145717
0.154074
0.163244
0.17329
0.184014
0.195482
0.207406
0.219867
0.232415
0.245179
0.257424
0.269474
0.279993
0.290018
0.296353
0.11791
0.119528
0.122556
0.126857
0.13231
0.138799
0.146252
0.154701
0.163999
0.174217
0.185175
0.19695
0.209289
0.222276
0.235524
0.249153
0.262534
0.275941
0.288229
0.300262
0.309288
0.118223
0.119848
0.122886
0.127245
0.132699
0.13923
0.146744
0.155277
0.164693
0.175068
0.186242
0.198299
0.211018
0.224489
0.238379
0.252804
0.267226
0.281883
0.295798
0.309688
0.321203
0.118507
0.120139
0.123189
0.127565
0.133047
0.139621
0.147191
0.155801
0.165324
0.175842
0.187212
0.199525
0.212589
0.226499
0.240973
0.256121
0.271489
0.287284
0.302675
0.318263
0.332052
0.118761
0.120399
0.123459
0.127849
0.133357
0.139973
0.147593
0.156271
0.16589
0.176536
0.188082
0.200624
0.213998
0.228302
0.243298
0.259096
0.275311
0.292128
0.308843
0.325958
0.341793
0.118984
0.120627
0.123698
0.128099
0.133636
0.140284
0.147947
0.156686
0.16639
0.177148
0.18885
0.201593
0.215241
0.229892
0.245349
0.261719
0.278681
0.2964
0.314281
0.332747
0.350389
0.119176
0.120824
0.123903
0.128312
0.133854
0.140554
0.148253
0.157043
0.166821
0.177676
0.189513
0.20243
0.216314
0.231265
0.247119
0.263985
0.28159
0.300088
0.318974
0.338609
0.357811
0.119337
0.120989
0.124075
0.128491
0.134049
0.14078
0.14851
0.157344
0.167183
0.17812
0.190069
0.203133
0.217214
0.232417
0.248605
0.265886
0.28403
0.303183
0.32291
0.343525
0.364033
0.119466
0.121121
0.124213
0.128635
0.134211
0.140959
0.148715
0.157583
0.167471
0.178473
0.190511
0.203691
0.21793
0.233335
0.24979
0.267405
0.285982
0.305662
0.326066
0.347473
0.369033
0.119563
0.121221
0.124318
0.128742
0.134329
0.14109
0.148865
0.157758
0.167681
0.178731
0.190837
0.204104
0.218462
0.234019
0.250675
0.268541
0.287443
0.307518
0.328428
0.350431
0.372786
0.119628
0.121292
0.124398
0.12883
0.1344
0.141186
0.148994
0.157919
0.167883
0.17898
0.191147
0.204489
0.218943
0.234616
0.251418
0.26946
0.288578
0.308902
0.330117
0.352479
0.375321
0.119659
0.121324
0.124438
0.128895
0.134524
0.141308
0.149126
0.158072
0.168058
0.179183
0.19138
0.204759
0.219257
0.234984
0.251857
0.26999
0.28923
0.30971
0.33111
0.35365
0.376679
0.0209863
0.020436
0.0194386
0.0180861
0.0164613
0.0146373
0.0126774
0.0106347
0.00855267
0.00646607
0.00440241
0.0023828
0.000423509
-0.00146386
-0.00327082
-0.00499238
-0.00662527
-0.00816909
-0.00962382
-0.0109924
-0.012277
0.021364
0.0208099
0.019805
0.0184421
0.0168042
0.0149649
0.0129878
0.0109262
0.00882392
0.00671585
0.00462994
0.00258757
0.000605375
-0.00130481
-0.00313422
-0.00487776
-0.00653195
-0.00809642
-0.00957093
-0.0109587
-0.0122617
0.0220844
0.021523
0.0205043
0.0191219
0.0174597
0.0155919
0.0135825
0.0114852
0.00934438
0.00719551
0.0050672
0.00298145
0.000955548
-0.000998226
-0.00287057
-0.00465617
-0.0063511
-0.00795503
-0.0094673
-0.0108917
-0.0122297
0.0231172
0.0225455
0.0215077
0.0200985
0.0184027
0.016495
0.0144402
0.0122925
0.010097
0.00788999
0.00570113
0.00355329
0.00146468
-0.000551731
-0.00248588
-0.00433209
-0.0060858
-0.00774671
-0.00931354
-0.0107909
-0.0121796
0.0244352
0.0238511
0.0227903
0.0213485
0.0196117
0.017655
0.0155438
0.013333
0.0110686
0.00878816
0.00652248
0.00429555
0.00212686
3.02137e-05
-0.00198328
-0.00390747
-0.00573692
-0.0074714
-0.00910874
-0.0106546
-0.0121089
0.0260141
0.0254164
0.0243298
0.0228516
0.0210682
0.0190554
0.016879
0.0145946
0.0122494
0.00988209
0.00752507
0.0052037
0.00293895
0.000745733
-0.00136355
-0.00338214
-0.00530349
-0.00712737
-0.00885056
-0.0104799
-0.0120144
0.0278316
0.0272196
0.0261061
0.0245892
0.0227561
0.0206823
0.0184343
0.016068
0.013632
0.0111664
0.00870525
0.00627556
0.00390012
0.0015951
-0.000625475
-0.00275411
-0.00478285
-0.00671148
-0.00853541
-0.010263
-0.0118918
0.0298669
0.0292408
0.0281005
0.0265447
0.0246607
0.0225236
0.0201998
0.0177457
0.0152112
0.0126376
0.0100614
0.007511
0.00501147
0.00258046
0.000233891
-0.00201979
-0.00417094
-0.0062193
-0.00815861
-0.00999884
-0.0117361
0.0320998
0.0314607
0.0302954
0.0287026
0.026769
0.0245685
0.0221672
0.0196218
0.0169831
0.0142942
0.0115935
0.0089116
0.0062758
0.00370556
0.00121905
-0.00117415
-0.00346238
-0.00564523
-0.00771447
-0.00968186
-0.0115417
0.0345112
0.033861
0.0326739
0.031048
0.0290684
0.0268071
0.0243293
0.0216914
0.0189455
0.0161358
0.0133033
0.0104804
0.00769741
0.00497564
0.00233592
-0.000210831
-0.00265055
-0.00498256
-0.00719631
-0.00930545
-0.0113021
0.037082
0.0364237
0.0352197
0.0335666
0.031547
0.0292301
0.0266795
0.0239507
0.0210968
0.0181633
0.0151933
0.0122218
0.00928195
0.0063973
0.00359173
0.000877788
-0.00172766
-0.00422352
-0.00659652
-0.00886227
-0.0110104
0.0397937
0.0391309
0.0379165
0.0362443
0.0341933
0.0318287
0.0292116
0.0263964
0.0234363
0.0203781
0.0172674
0.0141413
0.0110363
0.00797837
0.004995
0.00210056
-0.00068476
-0.00335928
-0.00590652
-0.0083441
-0.0106588
0.0426277
0.0419648
0.0407481
0.0390671
0.0369957
0.0345939
0.0319198
0.0290253
0.0259639
0.0227829
0.0195303
0.0162454
0.0129683
0.00972791
0.00655543
0.00346756
0.000488265
-0.0023799
-0.00511677
-0.00774191
-0.0102387
0.0455655
0.0449079
0.0436984
0.0420207
0.0399423
0.0375169
0.0347979
0.0318346
0.0286796
0.0253804
0.0219871
0.0185414
0.0150871
0.0116561
0.00828398
0.00499006
0.00180272
-0.00127436
-0.00421673
-0.00704579
-0.00974109
0.0485887
0.0479424
0.046751
0.0450907
0.0430213
0.0405883
0.03784
0.0348213
0.0315836
0.0281738
0.0246439
0.0210376
0.0174027
0.0137742
0.0101928
0.00668061
0.00327113
-3.04533e-05
-0.00319479
-0.00624487
-0.00915589
0.0516793
0.0510508
0.0498896
0.0482626
0.0462202
0.0437984
0.0410392
0.037982
0.0346758
0.0311663
0.0275068
0.0237427
0.0199258
0.0160946
0.0122951
0.00855301
0.00490731
0.00136526
-0.0020382
-0.00532735
-0.00847231
0.0548192
0.0542157
0.0530977
0.0515213
0.049526
0.0471371
0.0443885
0.0413129
0.0379561
0.0343612
0.0305822
0.0266658
0.022668
0.0186307
0.0146057
0.0106224
0.00672647
0.00292755
-0.000732997
-0.00428028
-0.00767865
0.0579907
0.0574198
0.0563589
0.0548516
0.0529255
0.0505932
0.0478798
0.0448095
0.0414236
0.0377612
0.0338765
0.0298167
0.0256418
0.0213968
0.0171401
0.0129053
0.00874525
0.00467266
0.000736197
-0.00308949
-0.00676214
0.0611766
0.0606461
0.0596567
0.0582382
0.0564048
0.0541553
0.0515043
0.0484663
0.0450765
0.0413686
0.0373959
0.0332051
0.0288597
0.0244082
0.0199155
0.0154198
0.0109819
0.00661843
0.00238628
-0.00173942
-0.0057088
0.0643601
0.063878
0.062975
0.0616653
0.0599494
0.0578107
0.0552522
0.0522769
0.0489121
0.0451849
0.041146
0.0368405
0.0323352
0.027681
0.02295
0.0181852
0.0134563
0.00878448
0.00423586
-0.000212926
-0.00450327
0.0675253
0.0670995
0.0662976
0.0651175
0.0635445
0.0615461
0.0591125
0.0562333
0.0529265
0.0492103
0.0451316
0.0407324
0.0360814
0.031232
0.026263
0.0212227
0.0161903
0.0111924
0.0063055
0.00150894
-0.00312867
0.0706568
0.0702953
0.069609
0.0685789
0.0671748
0.0653474
0.0630731
0.0603263
0.0571143
0.053444
0.0493567
0.0448894
0.0401119
0.0350785
0.029875
0.0245548
0.0192075
0.0138657
0.00861792
0.00344718
-0.00156624
0.0737406
0.0734507
0.0728942
0.072034
0.0708248
0.0691998
0.0671206
0.0645453
0.0614682
0.057883
0.0538234
0.0493192
0.0444394
0.0392382
0.0338076
0.0282059
0.0225338
0.0168307
0.0111983
0.00562519
0.000204893
0.0767633
0.0765523
0.0761385
0.0754676
0.0744788
0.0730876
0.0712405
0.0688777
0.0659791
0.0625229
0.0585325
0.0540282
0.0490763
0.0437289
0.0380831
0.0322018
0.026197
0.020116
0.0140747
0.00806912
0.00220816
0.0797129
0.0795873
0.0793283
0.0788649
0.0781209
0.0769947
0.0754171
0.0733095
0.0706358
0.0673565
0.0634824
0.0590211
0.0540337
0.0485678
0.0427245
0.0365699
0.0302276
0.0237532
0.0172782
0.0108083
0.00447003
0.0825788
0.0825444
0.0824508
0.0822116
0.0817354
0.0809044
0.0796334
0.0778247
0.0754248
0.0723744
0.0686689
0.0643002
0.0593211
0.0537719
0.0477551
0.041339
0.0346581
0.0277768
0.0208437
0.013876
0.00702058
0.0853514
0.0854133
0.0854941
0.0854941
0.0853068
0.0847997
0.0838716
0.082406
0.0803305
0.0775644
0.074085
0.0698652
0.064946
0.0593565
0.0531982
0.0465391
0.0395235
0.032225
0.0248097
0.0173094
0.00989419
0.0880225
0.0881848
0.0884476
0.0886997
0.0888201
0.0886637
0.088113
0.0870341
0.0853346
0.0829112
0.0797202
0.0757125
0.0709128
0.0653354
0.0590764
0.0522009
0.0448611
0.0371391
0.0292194
0.021151
0.0131302
0.0905854
0.0908512
0.0913015
0.0918168
0.0922609
0.0924794
0.0923386
0.0916888
0.0904168
0.0883966
0.0855606
0.0818348
0.0772227
0.0717197
0.0654111
0.0583558
0.0507101
0.0425643
0.0341205
0.0254484
0.0167737
0.0930345
0.0934059
0.0940478
0.0948346
0.0956156
0.0962303
0.0965286
0.0963485
0.0955545
0.0939994
0.0915883
0.0882203
0.0838728
0.0785169
0.0722217
0.0650344
0.0571114
0.0485491
0.039566
0.0302555
0.0208762
0.0953656
0.0958436
0.0966793
0.0977438
0.0988717
0.0999004
0.100663
0.100991
0.100723
0.0996951
0.0977812
0.0948528
0.0908551
0.0857307
0.0795245
0.0722668
0.0641072
0.0551456
0.0456139
0.0356326
0.0254963
0.0975758
0.0981602
0.0991904
0.100536
0.102018
0.103474
0.104724
0.105592
0.105897
0.105457
0.104113
0.101711
0.0981559
0.0933592
0.0873318
0.0800806
0.0717399
0.0624086
0.0523276
0.0416472
0.0307005
0.0996631
0.100353
0.101577
0.103204
0.105043
0.106938
0.108691
0.11013
0.111048
0.111254
0.110553
0.108767
0.105755
0.101394
0.0956506
0.0885004
0.0800517
0.0703955
0.0597755
0.0483736
0.0365634
0.101627
0.10242
0.103835
0.105743
0.10794
0.110279
0.112548
0.114582
0.116148
0.117056
0.117068
0.115991
0.113626
0.109821
0.104481
0.0975466
0.0890839
0.079166
0.068031
0.0558919
0.043166
0.103467
0.104361
0.105963
0.108148
0.1107
0.113484
0.116278
0.118924
0.12117
0.122828
0.12362
0.123342
0.121734
0.118615
0.113813
0.107233
0.0988749
0.0887834
0.0771758
0.0642898
0.0505951
0.105185
0.106176
0.107961
0.110415
0.113318
0.116545
0.119865
0.123136
0.126085
0.128535
0.130167
0.130779
0.130036
0.127743
0.123628
0.117565
0.109456
0.0993127
0.0873048
0.0736721
0.0589501
0.106782
0.107867
0.109828
0.112544
0.115789
0.119452
0.123297
0.127198
0.130867
0.134143
0.136669
0.138252
0.138482
0.137162
0.133894
0.128536
0.120845
0.110812
0.0985171
0.08417
0.0683677
0.108262
0.109435
0.111566
0.114533
0.11811
0.122198
0.126562
0.131091
0.13549
0.139614
0.14308
0.145707
0.147016
0.146815
0.144567
0.140131
0.133049
0.123326
0.110877
0.0959064
0.0790211
0.109627
0.110884
0.113176
0.116383
0.120279
0.124778
0.129649
0.134798
0.139929
0.144916
0.149358
0.153091
0.155576
0.156639
0.155596
0.152326
0.146079
0.13691
0.124385
0.10888
0.0909416
0.11088
0.112217
0.114662
0.118097
0.122297
0.127191
0.132556
0.138311
0.144171
0.150025
0.15547
0.160356
0.164109
0.166563
0.166919
0.165075
0.159959
0.151675
0.139113
0.122988
0.103656
0.112026
0.113438
0.11603
0.119681
0.124173
0.129446
0.135288
0.141633
0.148209
0.154922
0.161382
0.167447
0.172537
0.176484
0.178425
0.178257
0.174668
0.167798
0.155607
0.138913
0.11662
0.113069
0.11455
0.11728
0.121136
0.125904
0.131535
0.137828
0.144733
0.151993
0.159534
0.166984
0.17422
0.180674
0.186193
0.189887
0.191689
0.190134
0.185573
0.175137
0.160203
0.133163
-0.0132071
-0.0138234
-0.0144412
-0.0150587
-0.0156757
-0.0162924
-0.016909
-0.017525
-0.0181403
-0.0187544
-0.0193671
-0.0199781
-0.0205872
-0.0211942
-0.0217987
-0.0224006
-0.0229996
-0.0235953
-0.0241877
-0.0247765
-0.0132033
-0.013824
-0.0144457
-0.015067
-0.0156883
-0.01631
-0.0169322
-0.0175544
-0.0181764
-0.0187978
-0.0194183
-0.0200376
-0.0206554
-0.0212716
-0.0218857
-0.0224975
-0.0231068
-0.0237132
-0.0243164
-0.0249162
-0.0131956
-0.0138297
-0.0144643
-0.0150982
-0.0157326
-0.0163682
-0.0170047
-0.0176419
-0.0182791
-0.018916
-0.0195524
-0.0201879
-0.0208222
-0.021455
-0.022086
-0.0227148
-0.0233412
-0.0239647
-0.0245852
-0.0252023
-0.0131816
-0.0138376
-0.0144924
-0.0151459
-0.0158001
-0.016456
-0.0171136
-0.0177722
-0.0184311
-0.01909
-0.0197487
-0.0204068
-0.021064
-0.0217199
-0.0223742
-0.0230265
-0.0236766
-0.024324
-0.0249685
-0.0256097
-0.0131587
-0.0138443
-0.0145266
-0.0152064
-0.015887
-0.0165701
-0.0172555
-0.0179422
-0.0186296
-0.0193173
-0.020005
-0.0206923
-0.021379
-0.0220647
-0.0227489
-0.0234314
-0.0241117
-0.0247896
-0.0254646
-0.0261365
-0.0131228
-0.0138457
-0.0145625
-0.015275
-0.0159885
-0.0167053
-0.0174249
-0.0181462
-0.0188685
-0.0195913
-0.0203143
-0.0210372
-0.0217597
-0.0224814
-0.0232019
-0.0239207
-0.0246376
-0.0253522
-0.0260641
-0.026773
-0.0130696
-0.0138373
-0.0145955
-0.0153472
-0.0160998
-0.0168565
-0.0176168
-0.0183792
-0.0191428
-0.019907
-0.0206717
-0.0214366
-0.0222012
-0.0229652
-0.0237282
-0.0244898
-0.0252496
-0.0260073
-0.0267624
-0.0275147
-0.0129938
-0.013814
-0.0146207
-0.015418
-0.016216
-0.0170191
-0.0178265
-0.0186364
-0.0194476
-0.0202597
-0.0210724
-0.0218855
-0.0226987
-0.0235114
-0.0243233
-0.0251339
-0.025943
-0.0267501
-0.0275547
-0.0283568
-0.0128899
-0.0137703
-0.0146326
-0.0154822
-0.016332
-0.0171879
-0.018049
-0.0189129
-0.0197784
-0.0206448
-0.021512
-0.0223799
-0.023248
-0.0241159
-0.0249831
-0.0258493
-0.026714
-0.027577
-0.0284377
-0.029296
-0.0127516
-0.0137002
-0.0146257
-0.0155343
-0.0164425
-0.0173579
-0.0182795
-0.0192043
-0.0201306
-0.0210581
-0.0219865
-0.0229158
-0.0238455
-0.0247751
-0.0257043
-0.0266326
-0.0275597
-0.0284851
-0.0294084
-0.0303297
-0.0125719
-0.0135971
-0.0145939
-0.0155687
-0.0165422
-0.0175241
-0.0185131
-0.0195058
-0.0205001
-0.0214955
-0.0224921
-0.0234897
-0.0244879
-0.0254862
-0.0264842
-0.0274814
-0.0284777
-0.0294724
-0.0304651
-0.0314561
-0.0123434
-0.0134541
-0.0145307
-0.0155794
-0.0166255
-0.0176811
-0.0187451
-0.0198131
-0.0208827
-0.0219534
-0.0230254
-0.0240985
-0.0251723
-0.0262464
-0.0273204
-0.0283938
-0.0294662
-0.0305373
-0.0316064
-0.0326742
-0.0120581
-0.0132638
-0.0144294
-0.0155602
-0.0166867
-0.0178238
-0.0189705
-0.0201217
-0.0212744
-0.0224281
-0.0235831
-0.0247393
-0.0258964
-0.0270538
-0.0282112
-0.0293682
-0.0305243
-0.0316791
-0.0328317
-0.0339837
-0.0117071
-0.0130179
-0.0142828
-0.0155047
-0.0167198
-0.0179467
-0.0191845
-0.0204273
-0.0216714
-0.0229163
-0.0241624
-0.0254098
-0.0266581
-0.0279069
-0.0291557
-0.030404
-0.0316515
-0.0328975
-0.0341407
-0.0353843
-0.011281
-0.012708
-0.0140833
-0.0154061
-0.0167188
-0.0180443
-0.0193823
-0.0207256
-0.02207
-0.0234148
-0.0247606
-0.0261078
-0.0274559
-0.0288045
-0.0301534
-0.0315021
-0.03285
-0.0341964
-0.0355367
-0.0368792
-0.0107698
-0.0123249
-0.0138231
-0.0152576
-0.0166776
-0.0181113
-0.0195591
-0.0210126
-0.0224666
-0.0239205
-0.025375
-0.0268306
-0.0282869
-0.0297435
-0.0311999
-0.0326558
-0.0341109
-0.035565
-0.0370197
-0.0384736
-0.0101626
-0.0118589
-0.013494
-0.0150521
-0.0165901
-0.0181424
-0.0197106
-0.0212848
-0.022859
-0.0244321
-0.0260053
-0.0275792
-0.0291536
-0.0307279
-0.0323018
-0.0338749
-0.0354472
-0.037019
-0.038594
-0.0401671
-0.00944749
-0.0112996
-0.013087
-0.0147822
-0.0164499
-0.0181324
-0.0198326
-0.0215391
-0.0232447
-0.0249482
-0.026651
-0.0283539
-0.0300569
-0.0317596
-0.0334615
-0.0351623
-0.0368621
-0.0385608
-0.0402613
-0.0419608
-0.00861171
-0.0106357
-0.012593
-0.0144402
-0.0162506
-0.0180757
-0.0199205
-0.0217719
-0.0236212
-0.025467
-0.027311
-0.0291543
-0.0309971
-0.0328388
-0.0346791
-0.0365178
-0.0383548
-0.0401899
-0.0420267
-0.0438633
-0.00764112
-0.00985478
-0.0120019
-0.0140179
-0.0159853
-0.0179667
-0.0199701
-0.0219804
-0.0239869
-0.025988
-0.0279857
-0.0299818
-0.0319762
-0.0339688
-0.035959
-0.0379467
-0.0399318
-0.0419141
-0.0438981
-0.0458825
-0.00652029
-0.00894355
-0.0113031
-0.0135068
-0.0156471
-0.0178001
-0.0199774
-0.0221618
-0.0243404
-0.0265111
-0.0286765
-0.0308387
-0.032998
-0.035154
-0.0373066
-0.0394553
-0.0416002
-0.0437405
-0.045883
-0.0480265
-0.00523213
-0.00788736
-0.0104849
-0.0128978
-0.0152288
-0.0175702
-0.0199385
-0.0223141
-0.0246813
-0.0270374
-0.0293855
-0.0317285
-0.0340668
-0.0364003
-0.0387285
-0.0410513
-0.0433683
-0.0456781
-0.0479909
-0.0503057
-0.00375761
-0.00666996
-0.00953496
-0.0121814
-0.0147229
-0.0172714
-0.0198498
-0.0224354
-0.0250094
-0.0275682
-0.0301158
-0.0326557
-0.0351888
-0.0377149
-0.0402336
-0.0427443
-0.0452464
-0.0477364
-0.0502319
-0.0527315
-0.00207532
-0.00527322
-0.00843939
-0.0113471
-0.0141214
-0.0168979
-0.0197076
-0.0225244
-0.0253253
-0.0281059
-0.0308711
-0.0336255
-0.0363706
-0.0391063
-0.0418325
-0.0445485
-0.0472521
-0.0499327
-0.052623
-0.0553203
-0.000161061
-0.00367671
-0.00718289
-0.0103836
-0.0134159
-0.0164439
-0.0195087
-0.0225804
-0.0256307
-0.0286539
-0.0316563
-0.0346435
-0.0376175
-0.0405785
-0.0435269
-0.0464626
-0.0493849
-0.0522878
-0.0551945
-0.0581011
0.00201289
-0.00185708
-0.0057481
-0.0092783
-0.0125972
-0.0159033
-0.0192505
-0.0226039
-0.0259291
-0.0292188
-0.0324805
-0.0357212
-0.0389429
-0.0421453
-0.0453276
-0.0484909
-0.05164
-0.0548072
-0.0579574
-0.0610884
0.00447848
0.000212691
-0.00411501
-0.00801666
-0.0116546
-0.0152692
-0.0189298
-0.0225959
-0.0262252
-0.0298089
-0.0333563
-0.0368762
-0.0403717
-0.0438429
-0.0472896
-0.0507132
-0.0541155
-0.0575207
-0.0609121
-0.0642854
0.00727274
0.00256404
-0.0022602
-0.00658155
-0.0105756
-0.0145331
-0.0185426
-0.0225564
-0.0265229
-0.0304312
-0.034293
-0.0381194
-0.041914
-0.0456768
-0.0494071
-0.0531056
-0.056773
-0.0604399
-0.0640949
-0.0677302
0.0104385
0.00523353
-0.000156331
-0.00495271
-0.00934496
-0.0136847
-0.0180836
-0.0224852
-0.0268262
-0.0310934
-0.0353016
-0.0394646
-0.0435868
-0.0476678
-0.0517064
-0.0557028
-0.0596549
-0.0636059
-0.0675457
-0.0714615
0.0140251
0.00826354
0.00222861
-0.00310616
-0.00794465
-0.0127118
-0.017547
-0.0223821
-0.0271399
-0.0318048
-0.0363959
-0.0409303
-0.0454134
-0.0498442
-0.0542196
-0.0585368
-0.0627891
-0.0670454
-0.0712931
-0.0755096
0.0180895
0.0117031
0.00493213
-0.00101322
-0.0063528
-0.0115998
-0.0169257
-0.022247
-0.0274696
-0.0325757
-0.0375897
-0.0425332
-0.0474134
-0.052232
-0.0569884
-0.0616772
-0.0662471
-0.0708295
-0.0754011
-0.0799307
0.0226964
0.0156085
0.00799834
0.00136084
-0.00454247
-0.0103304
-0.0162108
-0.0220799
-0.0278226
-0.0334195
-0.0389013
-0.0442922
-0.0495972
-0.0548127
-0.0599384
-0.0649846
-0.0700278
-0.075013
-0.0799263
-0.0847766
0.0279192
0.0200442
0.0114791
0.00405857
-0.0024797
-0.00888063
-0.0153912
-0.0218798
-0.0282073
-0.0343548
-0.0403618
-0.0462568
-0.0520443
-0.05772
-0.0632851
-0.0687494
-0.0742112
-0.0795936
-0.0848794
-0.0900827
0.0338386
0.0250815
0.0154343
0.00713237
-0.000121089
-0.00722039
-0.0144509
-0.0216422
-0.0286288
-0.0353962
-0.0419957
-0.048459
-0.0547885
-0.0609768
-0.0670238
-0.0729321
-0.0788178
-0.0846267
-0.0903246
-0.0959138
0.0405389
0.0307949
0.0199308
0.0106462
0.00258842
-0.00531162
-0.0133682
-0.021357
-0.0290856
-0.0365519
-0.043821
-0.0509257
-0.0578631
-0.0646205
-0.0711902
-0.0775691
-0.0839291
-0.0902093
-0.0963505
-0.102349
0.0481049
0.0372537
0.0250382
0.0146766
0.005716
-0.00310942
-0.0121168
-0.0210083
-0.0295721
-0.037828
-0.045855
-0.0536832
-0.0613115
-0.0687355
-0.0759485
-0.0828343
-0.0897102
-0.0964823
-0.103075
-0.109494
0.056624
0.0445168
0.03083
0.0193155
0.00933912
-0.000565432
-0.0106661
-0.020575
-0.0300808
-0.0392357
-0.0481207
-0.0567455
-0.0650853
-0.0731311
-0.0809124
-0.0886925
-0.0962561
-0.103547
-0.110599
-0.117451
0.0661889
0.0526457
0.0374061
0.0246844
0.0135478
0.00237323
-0.00897547
-0.0200232
-0.0305981
-0.0407928
-0.0506786
-0.0602455
-0.0694631
-0.078325
-0.0868496
-0.0953269
-0.103546
-0.111428
-0.119004
-0.126328
0.0768251
0.0617029
0.0449242
0.03096
0.0184541
0.00577063
-0.00698861
-0.0193079
-0.0311067
-0.0425087
-0.0535555
-0.0642165
-0.0744582
-0.0842595
-0.0935753
-0.102813
-0.111762
-0.120301
-0.128458
-0.136289
0.0881978
0.0715662
0.0535451
0.0383775
0.024225
0.00977119
-0.00455206
-0.0182969
-0.0315082
-0.0443003
-0.0566624
-0.0685427
-0.079913
-0.0907847
-0.101184
-0.11138
-0.121127
-0.13036
-0.139142
-0.147524
0.0991984
0.0813861
0.0630316
0.0468606
0.0307833
0.0143584
-0.00168982
-0.0171065
-0.0320147
-0.0464665
-0.0604099
-0.0737664
-0.0864433
-0.0983368
-0.110133
-0.121348
-0.131861
-0.141785
-0.151213
-0.160172
0.108584
0.0902021
0.0730494
0.0562314
0.0384909
0.0204745
0.0028546
-0.0142879
-0.030996
-0.0472208
-0.0629046
-0.0780223
-0.0925577
-0.106319
-0.119762
-0.132261
-0.143804
-0.154606
-0.16478
-0.174349
-0.0253615
-0.0259425
-0.0265192
-0.0270914
-0.027659
-0.0282217
-0.0287794
-0.0293318
-0.0298788
-0.0304202
-0.0309558
-0.0314855
-0.0255124
-0.0261045
-0.0266925
-0.0272759
-0.0278547
-0.0284284
-0.028997
-0.0295601
-0.0301176
-0.0306691
-0.0312146
-0.0317538
-0.0258158
-0.0264253
-0.0270305
-0.0276312
-0.0282271
-0.0288179
-0.0294035
-0.0299834
-0.0305576
-0.0311257
-0.0316876
-0.032243
-0.0262474
-0.0268811
-0.0275107
-0.0281358
-0.028756
-0.0293713
-0.0299812
-0.0305855
-0.031184
-0.0317764
-0.0323625
-0.0329422
-0.0268049
-0.0274696
-0.0281301
-0.0287861
-0.0294375
-0.0300838
-0.0307248
-0.0313603
-0.03199
-0.0326136
-0.033231
-0.0338418
-0.0274786
-0.0281805
-0.0288784
-0.029572
-0.0302609
-0.030945
-0.0316238
-0.0322972
-0.0329649
-0.0336266
-0.0342822
-0.0349314
-0.0282639
-0.0290095
-0.0297513
-0.0304889
-0.031222
-0.0319503
-0.0326736
-0.0333917
-0.0341041
-0.0348109
-0.0355116
-0.0362062
-0.029156
-0.0299518
-0.0307439
-0.031532
-0.0323159
-0.0330951
-0.0338696
-0.034639
-0.0354031
-0.0361617
-0.0369145
-0.0376615
-0.0301517
-0.0310043
-0.0318533
-0.0326986
-0.0335398
-0.0343768
-0.0352092
-0.0360368
-0.0368594
-0.0376769
-0.0384889
-0.0392954
-0.0312486
-0.0321646
-0.0330773
-0.0339866
-0.034892
-0.0357935
-0.0366908
-0.0375836
-0.0384718
-0.0393553
-0.0402337
-0.0411071
-0.0324451
-0.0334314
-0.0344148
-0.035395
-0.0363717
-0.0373448
-0.038314
-0.0392793
-0.0402404
-0.0411971
-0.0421495
-0.0430972
-0.0337404
-0.0348043
-0.0358655
-0.0369238
-0.037979
-0.039031
-0.0400796
-0.0411247
-0.0421662
-0.0432039
-0.0442377
-0.0452677
-0.0351346
-0.0362835
-0.03743
-0.038574
-0.0397152
-0.0408537
-0.0419894
-0.043122
-0.0442516
-0.0453781
-0.0465014
-0.0476215
-0.0366279
-0.0378699
-0.0391098
-0.0403472
-0.0415824
-0.0428153
-0.0440459
-0.0452741
-0.0464999
-0.0477233
-0.0489444
-0.0382232
-0.0395664
-0.0409076
-0.0422466
-0.0435838
-0.0449193
-0.0462531
-0.0475851
-0.0489155
-0.0502443
-0.0515717
-0.0399263
-0.0413778
-0.042828
-0.0442768
-0.0457245
-0.0471709
-0.0486163
-0.0500608
-0.0515044
-0.0529473
-0.0543898
-0.0417376
-0.0433065
-0.0448746
-0.0464421
-0.048009
-0.0495753
-0.0511413
-0.0527071
-0.0542729
-0.0558391
-0.0574059
-0.0436587
-0.0453554
-0.0470514
-0.0487471
-0.0504426
-0.0521383
-0.0538342
-0.0555308
-0.0572284
-0.0589273
-0.060628
-0.0456988
-0.0475332
-0.0493669
-0.0512006
-0.0530345
-0.0548691
-0.0567047
-0.0585418
-0.0603809
-0.0622224
-0.0640669
-0.047866
-0.0498483
-0.05183
-0.0538116
-0.055794
-0.0577776
-0.0597629
-0.0617506
-0.0637412
-0.0657353
-0.0677338
-0.0501691
-0.0523102
-0.0544504
-0.0565907
-0.0587321
-0.0608751
-0.0630205
-0.0651691
-0.0673216
-0.0694788
-0.0716416
-0.0526195
-0.054931
-0.057241
-0.0595509
-0.0618621
-0.0641754
-0.0664916
-0.0688117
-0.0711366
-0.0734674
-0.0758051
-0.0552297
-0.0577241
-0.0602158
-0.0627069
-0.0651993
-0.0676939
-0.0701919
-0.0726944
-0.0752025
-0.0777175
-0.0802407
-0.0580154
-0.060705
-0.0633906
-0.066075
-0.0687602
-0.0714477
-0.0741387
-0.0768346
-0.0795368
-0.0822468
-0.0849661
-0.0610023
-0.0638975
-0.0667886
-0.069678
-0.0725676
-0.0754591
-0.078354
-0.0812541
-0.0841609
-0.0870764
-0.0900021
-0.0642078
-0.0673208
-0.07043
-0.0735368
-0.0766427
-0.0797497
-0.0828597
-0.0859747
-0.0890967
-0.0922278
-0.09537
-0.0676441
-0.0709928
-0.0743348
-0.0776724
-0.0810075
-0.0843423
-0.0876791
-0.0910201
-0.0943679
-0.0977247
-0.101093
-0.0713459
-0.0749461
-0.0785353
-0.082117
-0.0856937
-0.0892681
-0.0928427
-0.0964202
-0.100003
-0.103595
-0.107198
-0.0753504
-0.0792167
-0.0830668
-0.0869055
-0.0907358
-0.0945607
-0.0983831
-0.102206
-0.106033
-0.109867
-0.113712
-0.0796889
-0.0838374
-0.0879632
-0.0920722
-0.0961681
-0.100254
-0.104334
-0.108412
-0.11249
-0.116572
-0.120663
-0.0844137
-0.0888584
-0.0932732
-0.0976643
-0.102036
-0.106392
-0.110737
-0.115075
-0.119409
-0.123745
-0.128086
-0.0895751
-0.0943297
-0.0990462
-0.10373
-0.108385
-0.113018
-0.117632
-0.122233
-0.126826
-0.131415
-0.136006
-0.0952196
-0.1003
-0.105331
-0.110317
-0.115265
-0.12018
-0.125068
-0.129933
-0.134781
-0.139617
-0.144447
-0.101412
-0.106834
-0.11219
-0.117487
-0.122732
-0.127931
-0.133092
-0.138221
-0.143322
-0.148402
-0.153462
-0.108227
-0.114005
-0.119696
-0.125308
-0.130848
-0.136325
-0.141748
-0.147128
-0.15247
-0.157785
-0.163072
-0.115766
-0.12191
-0.12794
-0.133865
-0.139695
-0.145439
-0.151106
-0.156707
-0.162251
-0.167754
-0.173221
-0.124129
-0.130645
-0.137012
-0.143243
-0.149351
-0.155346
-0.16124
-0.167041
-0.172756
-0.178397
-0.183967
-0.133426
-0.140314
-0.147008
-0.153525
-0.159882
-0.166095
-0.172179
-0.17815
-0.184016
-0.189788
-0.195458
-0.143824
-0.151082
-0.158082
-0.164846
-0.171395
-0.177751
-0.183937
-0.189976
-0.195893
-0.201712
-0.207447
-0.155525
-0.163161
-0.170453
-0.177426
-0.184104
-0.190512
-0.196672
-0.202614
-0.208368
-0.213974
-0.219474
-0.168659
-0.176686
-0.184272
-0.19144
-0.198212
-0.20461
-0.210656
-0.21637
-0.221777
-0.226905
-0.231793
-0.183312
-0.19169
-0.199511
-0.206799
-0.213577
-0.21987
-0.225702
-0.231098
-0.236079
-0.240666
-0.244881
)
;

boundaryField
{
    inlet
    {
        type            zeroGradient;
    }
    outlet
    {
        type            fixedValue;
        value           nonuniform 0();
    }
    cylinder
    {
        type            zeroGradient;
    }
    top
    {
        type            symmetryPlane;
    }
    bottom
    {
        type            symmetryPlane;
    }
    defaultFaces
    {
        type            empty;
    }
    procBoundary0to1
    {
        type            processor;
        value           nonuniform List<scalar> 
133
(
-0.290278
-0.292455
-0.294565
-0.296843
-0.296843
-0.297745
-0.300106
-0.300106
-0.299758
-0.299758
-0.298522
-0.300732
-0.300732
-0.298676
-0.298676
-0.295428
-0.295428
-0.290436
-0.290436
-0.279858
-0.279858
-0.266818
-0.266818
-0.248737
-0.278853
-0.266843
-0.248754
-0.278853
-0.279894
-0.29048
-0.29048
-0.295475
-0.295475
-0.298723
-0.298723
-0.300778
-0.300778
-0.298568
-0.299804
-0.299804
-0.300151
-0.300151
-0.297789
-0.296886
-0.296886
-0.294606
-0.292481
-0.248737
-0.236489
-0.224922
-0.213119
-0.201049
-0.189508
-0.178688
-0.16835
-0.158517
-0.149285
-0.140609
-0.132441
-0.124773
-0.117578
-0.110823
-0.104484
-0.0985346
-0.0929494
-0.0877058
-0.0827828
-0.0781602
-0.0781602
-0.0759973
-0.071756
-0.0677765
-0.0640456
-0.0605513
-0.0572826
-0.0542308
-0.0513877
-0.0487465
-0.0463014
-0.0440479
-0.0419826
-0.0401033
-0.0384093
-0.0369011
-0.0355807
-0.0344525
-0.0335215
-0.0327981
-0.0322927
-0.0320154
-0.0320091
-0.0322864
-0.0327918
-0.0335151
-0.034446
-0.035574
-0.0368943
-0.0384024
-0.0400962
-0.0419753
-0.0440404
-0.0462937
-0.0487385
-0.0501631
-0.0501631
-0.0528976
-0.0558319
-0.0589735
-0.0623309
-0.065915
-0.0697373
-0.0738109
-0.0781508
-0.0827733
-0.0876963
-0.0929399
-0.0985252
-0.104475
-0.110814
-0.117569
-0.124765
-0.132434
-0.140602
-0.149279
-0.158511
-0.168345
-0.178684
-0.189504
-0.201046
-0.213119
-0.224926
-0.236499
-0.248754
)
;
    }
}


// ************************************************************************* //
