/*--------------------------------*- C++ -*----------------------------------*\
  =========                 |
  \\      /  F ield         | OpenFOAM: The Open Source CFD Toolbox
   \\    /   O peration     | Website:  https://openfoam.org
    \\  /    A nd           | Version:  7
     \\/     M anipulation  |
\*---------------------------------------------------------------------------*/
FoamFile
{
    version     2.0;
    format      ascii;
    class       volScalarField;
    location    "25";
    object      p;
}
// * * * * * * * * * * * * * * * * * * * * * * * * * * * * * * * * * * * * * //

dimensions      [0 2 -2 0 0 0 0];

internalField   nonuniform List<scalar> 
6386
(
-0.229095
-0.231076
-0.232005
-0.232758
-0.233407
-0.233978
-0.234492
-0.234953
-0.235358
-0.235716
-0.229296
-0.231254
-0.232171
-0.232911
-0.233548
-0.234105
-0.234605
-0.235052
-0.235439
-0.235765
-0.229692
-0.231605
-0.232496
-0.233212
-0.233823
-0.234354
-0.234826
-0.235242
-0.235592
-0.235852
-0.230277
-0.232123
-0.232976
-0.233654
-0.234226
-0.234717
-0.235145
-0.235514
-0.235809
-0.235963
-0.231041
-0.232802
-0.233604
-0.234231
-0.23475
-0.235186
-0.235553
-0.235856
-0.236079
-0.236076
-0.231974
-0.233632
-0.234371
-0.234932
-0.235384
-0.23575
-0.236038
-0.236255
-0.236389
-0.236162
-0.233063
-0.234603
-0.235266
-0.235749
-0.236118
-0.236397
-0.236586
-0.236693
-0.236728
-0.236183
-0.234296
-0.235705
-0.23628
-0.236669
-0.236939
-0.237113
-0.237184
-0.237152
-0.237087
-0.236089
-0.235659
-0.236927
-0.237402
-0.237683
-0.237836
-0.237888
-0.237819
-0.237613
-0.237467
-0.235799
-0.237143
-0.238261
-0.238624
-0.238779
-0.238798
-0.23871
-0.238481
-0.238063
-0.237904
-0.235212
-0.238739
-0.2397
-0.239936
-0.239949
-0.239815
-0.23957
-0.239162
-0.238484
-0.238432
-0.234427
-0.240441
-0.241239
-0.241334
-0.241186
-0.24088
-0.240458
-0.239858
-0.238866
-0.238626
-0.233738
-0.242249
-0.242878
-0.242814
-0.242485
-0.241986
-0.24137
-0.240566
-0.239358
-0.238761
-0.23273
-0.244167
-0.244618
-0.244378
-0.243844
-0.243131
-0.242302
-0.241271
-0.239841
-0.238959
-0.231425
-0.246204
-0.246467
-0.246029
-0.245265
-0.244313
-0.243253
-0.241982
-0.240322
-0.239169
-0.229945
-0.248438
-0.247777
-0.246752
-0.245534
-0.244221
-0.242696
-0.240835
-0.23931
-0.228468
-0.250549
-0.249633
-0.248319
-0.246802
-0.245209
-0.243406
-0.241413
-0.239254
-0.227176
-0.252823
-0.251622
-0.24998
-0.24813
-0.246228
-0.244112
-0.242091
-0.238799
-0.226176
-0.253772
-0.251762
-0.249542
-0.247299
-0.244832
-0.242898
-0.237849
-0.226237
-0.256111
-0.253695
-0.25107
-0.248454
-0.245602
-0.243779
-0.23679
-0.230641
-0.255821
-0.252755
-0.249735
-0.246467
-0.244534
-0.236282
-0.2417
-0.254649
-0.251188
-0.247478
-0.245048
-0.236526
-0.240721
-0.256804
-0.252863
-0.248676
-0.24543
-0.236993
-0.237887
-0.254803
-0.250066
-0.245841
-0.237319
-0.235113
-0.251642
-0.246316
-0.237392
-0.232301
-0.246833
-0.237141
-0.229553
-0.236548
-0.226797
-0.223961
-0.235495
-0.223856
-0.236434
-0.226687
-0.246712
-0.237022
-0.229438
-0.25152
-0.246191
-0.237267
-0.23218
-0.254684
-0.24994
-0.245711
-0.237187
-0.234986
-0.256689
-0.252741
-0.248547
-0.245297
-0.236856
-0.237755
-0.254532
-0.251064
-0.247346
-0.24491
-0.236383
-0.240585
-0.25571
-0.252638
-0.249609
-0.246332
-0.244394
-0.236135
-0.241562
-0.256004
-0.253584
-0.250952
-0.248328
-0.245466
-0.243636
-0.23664
-0.230494
-0.253666
-0.251652
-0.249425
-0.247173
-0.244695
-0.242753
-0.237697
-0.226086
-0.252722
-0.251519
-0.249872
-0.248015
-0.246103
-0.243976
-0.241947
-0.238646
-0.226024
-0.250451
-0.249533
-0.248214
-0.246689
-0.245087
-0.243272
-0.24127
-0.239103
-0.227026
-0.248284
-0.248344
-0.247681
-0.246651
-0.245425
-0.244102
-0.242566
-0.240696
-0.239161
-0.228322
-0.246116
-0.246378
-0.245937
-0.245168
-0.244208
-0.243139
-0.241857
-0.240187
-0.239025
-0.229804
-0.244085
-0.244534
-0.244292
-0.243752
-0.243032
-0.242194
-0.241152
-0.239713
-0.238821
-0.23129
-0.242174
-0.242801
-0.242734
-0.242399
-0.241894
-0.241268
-0.240455
-0.239239
-0.23863
-0.232604
-0.240373
-0.241169
-0.24126
-0.241107
-0.240794
-0.240364
-0.239754
-0.238759
-0.238499
-0.233622
-0.238678
-0.239636
-0.239869
-0.239877
-0.239737
-0.239484
-0.239068
-0.238383
-0.238314
-0.234324
-0.237089
-0.238204
-0.238563
-0.238714
-0.238727
-0.238633
-0.238396
-0.237972
-0.237804
-0.23511
-0.235613
-0.236877
-0.237349
-0.237625
-0.237773
-0.237819
-0.237743
-0.237532
-0.237379
-0.235707
-0.234256
-0.235661
-0.236234
-0.236619
-0.236884
-0.237053
-0.237118
-0.23708
-0.237011
-0.236009
-0.23303
-0.234566
-0.235226
-0.235706
-0.236071
-0.236345
-0.236529
-0.236632
-0.236662
-0.236115
-0.231947
-0.233601
-0.234337
-0.234896
-0.235345
-0.235707
-0.23599
-0.236204
-0.236334
-0.236105
-0.231019
-0.232777
-0.233577
-0.234201
-0.234718
-0.235151
-0.235514
-0.235815
-0.236035
-0.23603
-0.23026
-0.232104
-0.232956
-0.233631
-0.234202
-0.23469
-0.235115
-0.235482
-0.235775
-0.235927
-0.229681
-0.231591
-0.232481
-0.233196
-0.233805
-0.234335
-0.234805
-0.235219
-0.235568
-0.235827
-0.229289
-0.231246
-0.232162
-0.232902
-0.233538
-0.234094
-0.234593
-0.235039
-0.235425
-0.23575
-0.229093
-0.231073
-0.232002
-0.232755
-0.233404
-0.233974
-0.234487
-0.234949
-0.235354
-0.235711
-0.236147
-0.23644
-0.236734
-0.237023
-0.237304
-0.237575
-0.237829
-0.23806
-0.238259
-0.238416
-0.238519
-0.238557
-0.238518
-0.238387
-0.238151
-0.237795
-0.237298
-0.236642
-0.235801
-0.234745
-0.233436
-0.231827
-0.229859
-0.227457
-0.224521
-0.220938
-0.216554
-0.211222
-0.204686
-0.196848
-0.187294
-0.176195
-0.16282
-0.148036
-0.130746
-0.112477
-0.0930436
-0.0714889
-0.0549632
-0.0290466
-0.0234824
0.00760495
-0.236236
-0.236513
-0.236799
-0.237084
-0.23736
-0.237627
-0.237878
-0.238106
-0.2383
-0.238452
-0.238549
-0.23858
-0.238533
-0.238395
-0.23815
-0.237784
-0.23728
-0.236616
-0.235768
-0.234708
-0.233399
-0.231795
-0.229838
-0.227452
-0.224539
-0.220988
-0.216642
-0.211351
-0.204847
-0.197054
-0.187569
-0.176504
-0.163143
-0.14837
-0.131065
-0.112778
-0.0932996
-0.0717161
-0.0551604
-0.0291674
-0.0235555
0.00749916
-0.236405
-0.236649
-0.236921
-0.237199
-0.237469
-0.237731
-0.237977
-0.2382
-0.23839
-0.238536
-0.238627
-0.238651
-0.238597
-0.23845
-0.238197
-0.237822
-0.23731
-0.236639
-0.235787
-0.234725
-0.233418
-0.231822
-0.229878
-0.227514
-0.224631
-0.22112
-0.21682
-0.21158
-0.205094
-0.197427
-0.187952
-0.176945
-0.163605
-0.148852
-0.131528
-0.11323
-0.0936947
-0.0720865
-0.055518
-0.0294019
-0.0237364
0.00725231
-0.236645
-0.236842
-0.237094
-0.237361
-0.237623
-0.237879
-0.23812
-0.238338
-0.238523
-0.238663
-0.238748
-0.238765
-0.238703
-0.238548
-0.238286
-0.237904
-0.237384
-0.236707
-0.235852
-0.23479
-0.233488
-0.231902
-0.229976
-0.227639
-0.224791
-0.221326
-0.217077
-0.211895
-0.205572
-0.197877
-0.188457
-0.177507
-0.164189
-0.149467
-0.132119
-0.113816
-0.0942166
-0.0725801
-0.0558925
-0.0298664
-0.0240145
0.00687321
-0.236944
-0.237079
-0.237305
-0.237562
-0.237814
-0.238062
-0.238298
-0.238511
-0.238691
-0.238825
-0.238904
-0.238914
-0.238845
-0.238682
-0.238412
-0.238022
-0.237496
-0.236814
-0.235957
-0.234896
-0.233601
-0.232028
-0.230122
-0.227815
-0.225006
-0.221591
-0.217396
-0.212246
-0.205998
-0.198414
-0.189055
-0.178171
-0.164876
-0.150191
-0.132819
-0.114515
-0.094852
-0.0731786
-0.0563989
-0.0304209
-0.0243713
0.00637411
-0.23729
-0.237347
-0.237543
-0.237789
-0.23803
-0.238272
-0.238502
-0.23871
-0.238884
-0.239013
-0.239086
-0.23909
-0.239013
-0.238842
-0.238566
-0.238169
-0.237637
-0.236951
-0.236093
-0.235035
-0.233748
-0.232189
-0.230306
-0.228031
-0.225263
-0.221902
-0.217764
-0.21277
-0.206518
-0.199017
-0.18972
-0.178909
-0.16564
-0.150999
-0.133604
-0.115304
-0.0955828
-0.0738883
-0.0569909
-0.031053
-0.0247847
0.00576983
-0.237671
-0.237628
-0.237794
-0.238029
-0.23826
-0.238494
-0.238719
-0.238922
-0.239092
-0.239216
-0.239283
-0.239281
-0.239197
-0.23902
-0.238737
-0.238334
-0.237797
-0.237109
-0.23625
-0.235196
-0.233918
-0.232375
-0.230515
-0.228274
-0.225548
-0.222241
-0.218146
-0.213224
-0.207072
-0.199661
-0.190427
-0.179695
-0.166455
-0.151866
-0.134446
-0.116157
-0.0963692
-0.0746725
-0.0576689
-0.0317595
-0.0252319
0.00507692
-0.238087
-0.237907
-0.238042
-0.23827
-0.23849
-0.238717
-0.238937
-0.239136
-0.239301
-0.239421
-0.239483
-0.239475
-0.239386
-0.239204
-0.238915
-0.238508
-0.237967
-0.237277
-0.236419
-0.23537
-0.234101
-0.232575
-0.230738
-0.228531
-0.225847
-0.222593
-0.2186
-0.213722
-0.207642
-0.200322
-0.191153
-0.180505
-0.167293
-0.152768
-0.13532
-0.117047
-0.0972128
-0.0754928
-0.0584092
-0.0325274
-0.0256914
0.00431293
-0.238579
-0.238166
-0.238274
-0.238498
-0.238708
-0.238927
-0.239143
-0.239338
-0.2395
-0.239616
-0.239674
-0.239662
-0.239569
-0.239382
-0.23909
-0.238679
-0.238135
-0.237445
-0.236589
-0.235545
-0.234286
-0.232776
-0.230963
-0.22879
-0.226146
-0.22293
-0.219027
-0.214217
-0.208207
-0.200978
-0.191873
-0.181319
-0.168124
-0.153661
-0.136218
-0.11795
-0.0980913
-0.0763356
-0.0591888
-0.033342
-0.0261447
0.00349549
-0.239204
-0.23839
-0.238478
-0.238703
-0.238902
-0.239114
-0.239325
-0.239516
-0.239675
-0.239788
-0.239844
-0.239829
-0.239733
-0.239544
-0.239249
-0.238837
-0.238293
-0.237603
-0.236749
-0.235711
-0.234463
-0.232969
-0.231177
-0.229038
-0.226427
-0.223304
-0.219418
-0.21469
-0.208749
-0.201607
-0.192566
-0.18209
-0.168949
-0.154537
-0.137105
-0.118845
-0.0989829
-0.0771864
-0.059988
-0.0341899
-0.026577
0.00264161
-0.239579
-0.238679
-0.238656
-0.238873
-0.239064
-0.239266
-0.239472
-0.239656
-0.239814
-0.239926
-0.23998
-0.239964
-0.239868
-0.239678
-0.239383
-0.238971
-0.238428
-0.23774
-0.236891
-0.235859
-0.234621
-0.233143
-0.231372
-0.229261
-0.226644
-0.223627
-0.219781
-0.215125
-0.209248
-0.202192
-0.193215
-0.182821
-0.169726
-0.155373
-0.137963
-0.11971
-0.0998693
-0.07803
-0.0607888
-0.035059
-0.026977
0.00176702
-0.239849
-0.239011
-0.238798
-0.238999
-0.239183
-0.239369
-0.239568
-0.239752
-0.239906
-0.240016
-0.240071
-0.240056
-0.239961
-0.239774
-0.239481
-0.239072
-0.238532
-0.237848
-0.237004
-0.235979
-0.234752
-0.233289
-0.231538
-0.229449
-0.226983
-0.22389
-0.220101
-0.21551
-0.209693
-0.202717
-0.193802
-0.18349
-0.170441
-0.156149
-0.138777
-0.120529
-0.100734
-0.0788531
-0.0615745
-0.0359381
-0.027337
0.000885732
-0.240165
-0.239336
-0.238897
-0.23908
-0.239252
-0.239416
-0.239605
-0.239784
-0.239936
-0.240046
-0.240103
-0.240093
-0.240003
-0.23982
-0.239533
-0.239129
-0.238595
-0.237917
-0.23708
-0.236062
-0.234846
-0.233398
-0.231656
-0.229599
-0.227126
-0.224106
-0.220365
-0.215833
-0.210071
-0.203169
-0.194312
-0.184078
-0.171083
-0.156849
-0.139533
-0.121289
-0.101562
-0.0796448
-0.0623308
-0.036817
-0.027652
9.74261e-06
-0.240511
-0.23967
-0.238961
-0.239114
-0.239262
-0.239396
-0.239569
-0.239742
-0.239891
-0.240004
-0.240066
-0.240062
-0.239979
-0.239805
-0.239527
-0.239131
-0.238605
-0.237936
-0.237107
-0.236098
-0.234894
-0.233456
-0.231687
-0.229736
-0.227242
-0.224265
-0.220561
-0.216082
-0.210369
-0.203535
-0.194734
-0.184575
-0.17164
-0.157461
-0.140219
-0.121976
-0.10234
-0.0803956
-0.0630452
-0.0376862
-0.0279195
-0.000851056
-0.24087
-0.240022
-0.238995
-0.239096
-0.239203
-0.239292
-0.239445
-0.23961
-0.239757
-0.239874
-0.239944
-0.23995
-0.23988
-0.239718
-0.239452
-0.239068
-0.238554
-0.237895
-0.237077
-0.236078
-0.234887
-0.233458
-0.231833
-0.229756
-0.227297
-0.224354
-0.220681
-0.216249
-0.210578
-0.203805
-0.195058
-0.184968
-0.172099
-0.157972
-0.140824
-0.122582
-0.103055
-0.0810971
-0.0637068
-0.0385365
-0.028138
-0.00168873
-0.241236
-0.240367
-0.238986
-0.239013
-0.239054
-0.239083
-0.239213
-0.23937
-0.239518
-0.239641
-0.239723
-0.239745
-0.23969
-0.239545
-0.239295
-0.238928
-0.238428
-0.237783
-0.236977
-0.235989
-0.234809
-0.233403
-0.231735
-0.229714
-0.22728
-0.224362
-0.220716
-0.216322
-0.210688
-0.20397
-0.195274
-0.185247
-0.172453
-0.158372
-0.141335
-0.123095
-0.103696
-0.0817405
-0.0643055
-0.0393587
-0.0283076
-0.00249695
-0.24155
-0.240591
-0.238884
-0.238841
-0.238789
-0.23875
-0.238857
-0.239009
-0.23916
-0.239296
-0.239394
-0.239434
-0.239401
-0.239276
-0.239047
-0.238699
-0.238218
-0.23759
-0.236798
-0.23582
-0.234636
-0.233293
-0.231595
-0.2296
-0.227177
-0.224281
-0.220654
-0.216293
-0.210691
-0.204021
-0.195375
-0.185404
-0.172692
-0.158655
-0.141748
-0.123513
-0.104258
-0.0823227
-0.0648404
-0.0401463
-0.0284335
-0.00327153
-0.241739
-0.240559
-0.238655
-0.238573
-0.238396
-0.238279
-0.238363
-0.238513
-0.238672
-0.238822
-0.23894
-0.239004
-0.238995
-0.238896
-0.238692
-0.238369
-0.23791
-0.237303
-0.236529
-0.235569
-0.234453
-0.233043
-0.231372
-0.229393
-0.22698
-0.224102
-0.220491
-0.216159
-0.210585
-0.20396
-0.195366
-0.185452
-0.172834
-0.158841
-0.142084
-0.123859
-0.104763
-0.0828592
-0.0653303
-0.0409031
-0.0285293
-0.00401312
-0.242612
-0.240241
-0.238247
-0.23812
-0.237772
-0.23757
-0.237635
-0.23779
-0.237965
-0.238139
-0.238287
-0.238385
-0.238411
-0.238348
-0.238179
-0.23789
-0.237464
-0.236887
-0.236137
-0.235199
-0.234101
-0.232696
-0.231043
-0.22908
-0.22668
-0.22382
-0.220226
-0.215923
-0.21038
-0.2038
-0.195265
-0.185407
-0.172898
-0.158949
-0.142359
-0.124144
-0.105218
-0.0833577
-0.0657715
-0.0416339
-0.0285886
-0.004728
-0.242437
-0.237851
-0.236846
-0.236968
-0.236555
-0.236368
-0.23649
-0.236707
-0.236942
-0.237173
-0.237378
-0.237533
-0.237615
-0.237605
-0.237485
-0.237242
-0.236858
-0.23632
-0.235596
-0.234598
-0.233585
-0.232232
-0.230601
-0.228655
-0.226264
-0.223414
-0.219827
-0.215534
-0.210006
-0.203442
-0.194953
-0.185117
-0.172709
-0.15878
-0.142356
-0.12417
-0.105397
-0.0836712
-0.0659807
-0.0422765
-0.0285113
-0.00541167
-0.227101
-0.228994
-0.233657
-0.235144
-0.23504
-0.234994
-0.235223
-0.235534
-0.235842
-0.236131
-0.236391
-0.236598
-0.236729
-0.236765
-0.236689
-0.236486
-0.236143
-0.235654
-0.235021
-0.234238
-0.232969
-0.231581
-0.229933
-0.227966
-0.22555
-0.222665
-0.219045
-0.2147
-0.209144
-0.202516
-0.194037
-0.184144
-0.171835
-0.15789
-0.141672
-0.123591
-0.105001
-0.0836589
-0.0657755
-0.0429163
-0.0281672
-0.00623619
-0.226071
-0.2262
-0.230385
-0.23202
-0.231973
-0.231947
-0.232291
-0.232771
-0.23323
-0.233643
-0.234009
-0.234313
-0.234531
-0.234644
-0.234634
-0.234488
-0.234187
-0.233717
-0.233046
-0.232127
-0.231055
-0.229714
-0.228058
-0.22607
-0.223616
-0.220676
-0.216994
-0.212571
-0.20696
-0.200258
-0.191792
-0.181869
-0.169725
-0.155854
-0.139974
-0.122151
-0.103908
-0.0831377
-0.0651927
-0.0433435
-0.027697
-0.00701542
-0.222668
-0.222694
-0.225359
-0.226888
-0.227242
-0.227509
-0.228071
-0.228767
-0.229428
-0.230017
-0.230539
-0.230985
-0.231333
-0.231564
-0.231657
-0.231602
-0.231378
-0.230972
-0.230361
-0.22954
-0.228457
-0.227116
-0.225449
-0.223437
-0.220942
-0.217945
-0.214198
-0.209696
-0.204032
-0.197264
-0.188825
-0.178907
-0.166951
-0.153227
-0.137712
-0.120256
-0.102391
-0.0822885
-0.0643614
-0.043512
-0.0272059
-0.00759856
-0.216674
-0.217603
-0.218998
-0.220142
-0.220894
-0.22161
-0.22248
-0.223424
-0.224319
-0.225129
-0.225854
-0.226488
-0.227011
-0.227403
-0.227643
-0.227719
-0.227613
-0.227312
-0.226795
-0.226048
-0.225015
-0.223698
-0.222041
-0.220023
-0.217505
-0.214464
-0.21067
-0.206105
-0.20041
-0.193601
-0.185218
-0.17535
-0.163611
-0.150111
-0.134981
-0.117988
-0.100523
-0.0811619
-0.0633274
-0.0434473
-0.0267015
-0.00800887
-0.208192
-0.210563
-0.211481
-0.212248
-0.213233
-0.214382
-0.215601
-0.216807
-0.217943
-0.218988
-0.219939
-0.220788
-0.221513
-0.222093
-0.22251
-0.222748
-0.22279
-0.222622
-0.222219
-0.221568
-0.220627
-0.219365
-0.217741
-0.215737
-0.213219
-0.210158
-0.206343
-0.201743
-0.196048
-0.189239
-0.180948
-0.17119
-0.159704
-0.146508
-0.131794
-0.115352
-0.0983263
-0.0797522
-0.0621092
-0.043145
-0.0261812
-0.0082656
-0.197939
-0.201787
-0.202859
-0.203486
-0.20462
-0.206128
-0.207695
-0.209174
-0.210543
-0.211812
-0.212984
-0.214045
-0.214973
-0.215747
-0.216347
-0.216757
-0.216957
-0.216934
-0.216661
-0.21612
-0.215272
-0.214116
-0.21255
-0.21058
-0.208088
-0.205033
-0.201228
-0.196628
-0.190971
-0.184211
-0.176053
-0.166471
-0.155279
-0.142463
-0.128203
-0.112379
-0.095844
-0.0780762
-0.0607328
-0.0426196
-0.0256428
-0.00839335
-0.186938
-0.191843
-0.193375
-0.194133
-0.195429
-0.197221
-0.199099
-0.200844
-0.202435
-0.203909
-0.205279
-0.206534
-0.207648
-0.208601
-0.209372
-0.209945
-0.210299
-0.210419
-0.210277
-0.209857
-0.209124
-0.208062
-0.206571
-0.204655
-0.202209
-0.199187
-0.195422
-0.19086
-0.185278
-0.178617
-0.170634
-0.161289
-0.15043
-0.138057
-0.124289
-0.109126
-0.0931335
-0.0761691
-0.0592267
-0.0418994
-0.0250826
-0.00841754
-0.175744
-0.181293
-0.18337
-0.184441
-0.185948
-0.187972
-0.19011
-0.192099
-0.193899
-0.195558
-0.197103
-0.198527
-0.199806
-0.200917
-0.201839
-0.202557
-0.20305
-0.203302
-0.203283
-0.202978
-0.202348
-0.201376
-0.199977
-0.198132
-0.195746
-0.192778
-0.189076
-0.184587
-0.179113
-0.172595
-0.164824
-0.155764
-0.145274
-0.133385
-0.120142
-0.10566
-0.0902545
-0.0740747
-0.0576181
-0.0410185
-0.024497
-0.00836142
-0.164679
-0.17058
-0.173155
-0.17461
-0.176364
-0.178592
-0.180943
-0.183145
-0.185138
-0.186968
-0.188669
-0.190242
-0.191665
-0.192914
-0.193969
-0.194815
-0.19543
-0.195799
-0.195891
-0.19569
-0.195152
-0.194259
-0.192961
-0.191196
-0.188881
-0.185981
-0.182363
-0.177972
-0.172633
-0.166293
-0.158762
-0.150022
-0.139926
-0.128545
-0.115849
-0.102048
-0.0872618
-0.0718385
-0.0559305
-0.0400114
-0.0238835
-0.00824438
-0.153951
-0.159989
-0.16296
-0.16479
-0.1668
-0.169212
-0.17174
-0.174125
-0.176294
-0.17828
-0.180124
-0.18183
-0.183379
-0.184751
-0.185923
-0.186882
-0.187606
-0.188079
-0.188271
-0.188164
-0.187716
-0.186911
-0.185691
-0.184007
-0.181772
-0.178955
-0.175436
-0.171165
-0.165981
-0.159843
-0.152572
-0.144174
-0.134487
-0.123621
-0.111484
-0.0983505
-0.0842006
-0.0695021
-0.0541836
-0.0389088
-0.0232418
-0.00808198
-0.143635
-0.14967
-0.152934
-0.155092
-0.15734
-0.159919
-0.162596
-0.165134
-0.167457
-0.169586
-0.171559
-0.173385
-0.175049
-0.17653
-0.177808
-0.178869
-0.17969
-0.180258
-0.180541
-0.180523
-0.180162
-0.179438
-0.178294
-0.176692
-0.174546
-0.171824
-0.168415
-0.164279
-0.159265
-0.153347
-0.146351
-0.138302
-0.129033
-0.118677
-0.107101
-0.0946142
-0.0811051
-0.0670996
-0.0523931
-0.0377356
-0.022573
-0.00788627
-0.133761
-0.139709
-0.143175
-0.145599
-0.148052
-0.150773
-0.153571
-0.156237
-0.15869
-0.160945
-0.163034
-0.164968
-0.166734
-0.168315
-0.169689
-0.170843
-0.171754
-0.172409
-0.172779
-0.172844
-0.172566
-0.171922
-0.170857
-0.169339
-0.167287
-0.16467
-0.161383
-0.157394
-0.152562
-0.146873
-0.140161
-0.132465
-0.123615
-0.113759
-0.102737
-0.0908729
-0.0779994
-0.0646574
-0.0505711
-0.0365111
-0.0218793
-0.00766638
-0.124352
-0.130155
-0.133746
-0.136372
-0.138987
-0.141821
-0.144714
-0.14748
-0.150039
-0.152401
-0.154591
-0.15662
-0.158477
-0.160147
-0.161609
-0.162847
-0.163843
-0.16458
-0.165031
-0.165176
-0.164979
-0.164415
-0.163433
-0.162004
-0.160052
-0.157547
-0.15439
-0.150558
-0.145918
-0.140465
-0.134042
-0.126698
-0.118264
-0.108894
-0.0984161
-0.0871496
-0.0748996
-0.0621947
-0.0487274
-0.0352499
-0.021164
-0.00742912
-0.115416
-0.121032
-0.124683
-0.127453
-0.130188
-0.133103
-0.136063
-0.138901
-0.141543
-0.14399
-0.146264
-0.148374
-0.15031
-0.152058
-0.153597
-0.154913
-0.155986
-0.156799
-0.157328
-0.157551
-0.157434
-0.156952
-0.156056
-0.154719
-0.152872
-0.150486
-0.147469
-0.1438
-0.13936
-0.134148
-0.128017
-0.121022
-0.112998
-0.1041
-0.0941517
-0.0834595
-0.0718171
-0.0597256
-0.0468699
-0.0339633
-0.0204303
-0.00717953
-0.106956
-0.112353
-0.116014
-0.118876
-0.121689
-0.124652
-0.127651
-0.130535
-0.133234
-0.135745
-0.138084
-0.140259
-0.142261
-0.144074
-0.145681
-0.147066
-0.148208
-0.149093
-0.149695
-0.149994
-0.149954
-0.149555
-0.148748
-0.147508
-0.14577
-0.143509
-0.140637
-0.13714
-0.132905
-0.127936
-0.122099
-0.115448
-0.107828
-0.0993867
-0.0899528
-0.0798128
-0.06876
-0.0572606
-0.0450056
-0.0326598
-0.0196822
-0.00692136
-0.0989669
-0.104126
-0.107753
-0.110662
-0.113516
-0.116496
-0.119506
-0.12241
-0.125142
-0.127694
-0.130079
-0.132302
-0.134355
-0.136222
-0.137885
-0.139329
-0.140534
-0.141484
-0.142154
-0.142525
-0.142562
-0.142245
-0.141528
-0.140389
-0.138764
-0.136631
-0.133911
-0.130589
-0.126563
-0.121841
-0.116296
-0.109984
-0.102759
-0.0947612
-0.0858255
-0.0762173
-0.0657352
-0.0548085
-0.0431411
-0.031347
-0.0189236
-0.00665746
-0.0914426
-0.096348
-0.0999078
-0.102825
-0.105686
-0.108656
-0.111652
-0.114551
-0.117291
-0.119863
-0.122275
-0.124529
-0.126618
-0.128525
-0.130233
-0.131726
-0.132985
-0.133993
-0.134726
-0.135165
-0.135277
-0.135041
-0.134414
-0.133377
-0.131868
-0.129868
-0.127302
-0.124159
-0.120344
-0.115868
-0.110614
-0.104635
-0.097797
-0.0902287
-0.081775
-0.0726793
-0.0627491
-0.0523766
-0.0412827
-0.0300311
-0.0181582
-0.00639007
-0.0843702
-0.089014
-0.0924787
-0.0953729
-0.0982123
-0.101147
-0.104105
-0.106978
-0.109705
-0.112276
-0.114696
-0.116965
-0.119073
-0.121007
-0.122748
-0.124279
-0.125582
-0.126641
-0.127431
-0.127933
-0.128117
-0.12796
-0.127421
-0.126488
-0.125097
-0.123231
-0.120821
-0.117859
-0.114257
-0.110026
-0.105059
-0.0994077
-0.0929461
-0.0857942
-0.0778064
-0.0692049
-0.0598075
-0.0499719
-0.0394367
-0.028718
-0.01739
-0.00612101
-0.0777345
-0.0821138
-0.0854623
-0.0883069
-0.0911009
-0.0939795
-0.0968801
-0.0997056
-0.102401
-0.104952
-0.107362
-0.109629
-0.111743
-0.11369
-0.115451
-0.11701
-0.118349
-0.11945
-0.12029
-0.12085
-0.121101
-0.121023
-0.120579
-0.11974
-0.118465
-0.116733
-0.114481
-0.1117
-0.10831
-0.104322
-0.0996385
-0.0943066
-0.0882113
-0.0814627
-0.0739246
-0.0657996
-0.0569166
-0.0476008
-0.0376089
-0.0274129
-0.0166226
-0.00585185
-0.0715183
-0.0756339
-0.0788508
-0.081625
-0.0843538
-0.0871585
-0.089985
-0.0927467
-0.0953921
-0.0979068
-0.10029
-0.10254
-0.104646
-0.106593
-0.108362
-0.109939
-0.111303
-0.112438
-0.113321
-0.113934
-0.114247
-0.114242
-0.113881
-0.113144
-0.111985
-0.110388
-0.108292
-0.105692
-0.102512
-0.0987635
-0.0943571
-0.0893373
-0.0835977
-0.0772391
-0.0701348
-0.0624692
-0.0540821
-0.0452694
-0.0358052
-0.0261208
-0.0158595
-0.00558396
-0.0657027
-0.069559
-0.0726337
-0.0753211
-0.0779692
-0.080686
-0.0834249
-0.0861085
-0.0886894
-0.0911527
-0.0934958
-0.0957149
-0.097799
-0.0997334
-0.1015
-0.103083
-0.104463
-0.105624
-0.106543
-0.107201
-0.107572
-0.107635
-0.107356
-0.106716
-0.105671
-0.104206
-0.102266
-0.0998431
-0.0968699
-0.093357
-0.0892218
-0.0845056
-0.0791104
-0.0731286
-0.0664422
-0.059219
-0.0513097
-0.0429834
-0.0340311
-0.0248465
-0.0151038
-0.00531857
-0.060269
-0.0638727
-0.0667984
-0.069387
-0.0719425
-0.0745607
-0.0772012
-0.0797954
-0.0822998
-0.0846991
-0.0869893
-0.0891654
-0.0912162
-0.0931271
-0.0948804
-0.0964601
-0.0978471
-0.0990251
-0.0999719
-0.10067
-0.101092
-0.101219
-0.101018
-0.100471
-0.0995372
-0.0982017
-0.096413
-0.0941644
-0.0913936
-0.0881104
-0.0842389
-0.0798173
-0.0747549
-0.0691363
-0.062852
-0.0560546
-0.0486052
-0.0407485
-0.0322917
-0.0235941
-0.0143587
-0.00505679
-0.0551978
-0.0585578
-0.0613311
-0.0638124
-0.0662667
-0.0687785
-0.0713129
-0.073809
-0.0762273
-0.0785524
-0.0807792
-0.0829019
-0.0849091
-0.0867865
-0.0885168
-0.0900839
-0.0914693
-0.0926565
-0.0936241
-0.0943544
-0.0948215
-0.0950072
-0.0948798
-0.094422
-0.093595
-0.0923847
-0.0907435
-0.0886648
-0.0860909
-0.0830309
-0.079415
-0.0752781
-0.0705365
-0.0652674
-0.0593694
-0.0529812
-0.0459739
-0.03857
-0.030592
-0.0223678
-0.0136268
-0.00479965
-0.0504706
-0.053597
-0.0562174
-0.0585861
-0.0609333
-0.0633336
-0.0657565
-0.0681484
-0.0704733
-0.0727162
-0.0748713
-0.076932
-0.078887
-0.0807222
-0.0824209
-0.0839673
-0.085343
-0.0865319
-0.0875131
-0.0882694
-0.0887757
-0.0890143
-0.088955
-0.0885812
-0.0878562
-0.0867665
-0.0852676
-0.0833534
-0.08097
-0.0781259
-0.0747565
-0.0708939
-0.0664608
-0.0615274
-0.0559998
-0.0500041
-0.0434209
-0.0364529
-0.0289367
-0.0211713
-0.0129108
-0.00454808
-0.0460695
-0.0489734
-0.0514426
-0.0536958
-0.0559329
-0.0582187
-0.0605272
-0.0628109
-0.0650374
-0.0671923
-0.0692692
-0.0712611
-0.0731568
-0.0749426
-0.0766024
-0.0781206
-0.0794795
-0.0806632
-0.0816514
-0.0824272
-0.0829666
-0.0832522
-0.0832555
-0.0829602
-0.082332
-0.0813574
-0.079995
-0.0782387
-0.0760387
-0.0734023
-0.0702699
-0.0666708
-0.0625333
-0.0579214
-0.0527481
-0.0471283
-0.0409515
-0.034402
-0.02733
-0.0200083
-0.0122131
-0.00430295
-0.0419776
-0.0446707
-0.0469922
-0.0491295
-0.0512551
-0.0534257
-0.0556186
-0.0577922
-0.0599173
-0.0619803
-0.0639744
-0.0658924
-0.0677233
-0.069454
-0.0710688
-0.0725527
-0.0738886
-0.0750608
-0.0760498
-0.076839
-0.0774055
-0.0777324
-0.0777925
-0.0775699
-0.0770325
-0.076167
-0.0749346
-0.0733293
-0.0713048
-0.0688672
-0.0659617
-0.0626144
-0.0587594
-0.0544546
-0.0496197
-0.0443589
-0.0385704
-0.032422
-0.0257762
-0.018882
-0.0115361
-0.00406506
-0.038179
-0.0406737
-0.0428521
-0.0448747
-0.0468896
-0.0489458
-0.0510238
-0.0530871
-0.0551096
-0.0570786
-0.0589871
-0.0608277
-0.0625899
-0.064261
-0.0658261
-0.0672706
-0.0685781
-0.0697333
-0.0707175
-0.0715146
-0.0721025
-0.072465
-0.072576
-0.0724202
-0.0719674
-0.0712044
-0.070095
-0.0686331
-0.0667755
-0.0645276
-0.0618381
-0.0587309
-0.0551448
-0.0511325
-0.0466196
-0.0417009
-0.0362825
-0.0305172
-0.0242793
-0.0177956
-0.0108817
-0.00383517
-0.0346591
-0.0369677
-0.0390092
-0.0409197
-0.0428261
-0.0447702
-0.0467352
-0.0486896
-0.0506099
-0.0524844
-0.0543059
-0.0560672
-0.0577582
-0.0593667
-0.0608785
-0.0622797
-0.0635545
-0.0646882
-0.0656627
-0.0664625
-0.0670666
-0.067459
-0.0676152
-0.0675202
-0.0671455
-0.0664783
-0.0654845
-0.0641579
-0.0624583
-0.06039
-0.0579054
-0.055026
-0.051695
-0.0479602
-0.0437528
-0.039159
-0.0340923
-0.0286919
-0.0228429
-0.0167521
-0.0102521
-0.00361398
-0.0314048
-0.0335398
-0.035451
-0.0372534
-0.0390544
-0.0408899
-0.0427454
-0.0445933
-0.0464132
-0.048194
-0.0499287
-0.0516103
-0.0532288
-0.0547729
-0.0562291
-0.0575842
-0.0588229
-0.0599313
-0.060892
-0.0616901
-0.0623054
-0.0627226
-0.0629184
-0.0628782
-0.0625751
-0.0619967
-0.0611108
-0.0599111
-0.0583601
-0.0564611
-0.0541699
-0.0515056
-0.0484155
-0.044943
-0.0410244
-0.0367382
-0.0320045
-0.0269504
-0.0214707
-0.0157543
-0.00964913
-0.00340216
-0.028404
-0.0303778
-0.0321662
-0.0338652
-0.0355653
-0.0372967
-0.0390468
-0.0407921
-0.0425145
-0.0442036
-0.0458529
-0.0474553
-0.0490015
-0.0504806
-0.0518801
-0.0531872
-0.0543876
-0.0554678
-0.0564113
-0.0572037
-0.0578259
-0.0582631
-0.0584931
-0.0585019
-0.058264
-0.0577672
-0.0569814
-0.0558999
-0.0544879
-0.0527476
-0.0506378
-0.0481756
-0.0453121
-0.0420864
-0.0384397
-0.0344432
-0.0300236
-0.0252966
-0.0201662
-0.0148049
-0.00907463
-0.00320035
-0.0256463
-0.0274713
-0.0291446
-0.0307458
-0.0323501
-0.0339826
-0.0356325
-0.0372798
-0.0389085
-0.0405092
-0.0420755
-0.0436006
-0.0450755
-0.0464902
-0.0478327
-0.0490911
-0.0502517
-0.0513017
-0.0522254
-0.0530091
-0.0536344
-0.0540872
-0.0543464
-0.0543985
-0.0542194
-0.0537972
-0.0531034
-0.0521314
-0.0508484
-0.049256
-0.0473155
-0.0450422
-0.0423905
-0.0393959
-0.0360037
-0.032279
-0.0281541
-0.0237347
-0.018933
-0.0139067
-0.0085304
-0.00300917
-0.0231228
-0.0248111
-0.0263776
-0.0278871
-0.0294012
-0.0309406
-0.0324963
-0.0340508
-0.0355906
-0.0371069
-0.0385936
-0.0400441
-0.04145
-0.0428017
-0.0440881
-0.0452979
-0.0464182
-0.0474369
-0.0483389
-0.0491112
-0.0497365
-0.050201
-0.0504849
-0.0505749
-0.0504484
-0.0500937
-0.0494841
-0.0486127
-0.0474487
-0.0459931
-0.0442096
-0.0421116
-0.0396567
-0.0368771
-0.033722
-0.0302506
-0.0264006
-0.0222687
-0.0177745
-0.0130623
-0.00801822
-0.00282925
-0.0208259
-0.0223895
-0.0238575
-0.0252819
-0.0267122
-0.028165
-0.0296326
-0.0311005
-0.0325567
-0.0339935
-0.0354048
-0.0367843
-0.0381241
-0.0394152
-0.0406472
-0.0418095
-0.0428899
-0.0438768
-0.0447561
-0.0455152
-0.0461378
-0.0466107
-0.046915
-0.047038
-0.0469581
-0.0466641
-0.0461306
-0.0453509
-0.0442959
-0.0429658
-0.0413267
-0.0393904
-0.0371171
-0.0345361
-0.0316002
-0.0283634
-0.0247681
-0.020903
-0.0166944
-0.0122746
-0.00753989
-0.00266122
-0.0187498
-0.0202004
-0.0215786
-0.0229247
-0.0242778
-0.0256508
-0.0270373
-0.0284251
-0.0298038
-0.0311665
-0.0325073
-0.0338202
-0.0350977
-0.0363314
-0.0375115
-0.038628
-0.0396696
-0.0406252
-0.0414813
-0.0422261
-0.0428441
-0.0433225
-0.0436436
-0.0437951
-0.0437561
-0.0435159
-0.0430507
-0.0423538
-0.0413976
-0.0401817
-0.0386743
-0.0368856
-0.0347785
-0.0323794
-0.0296444
-0.0266229
-0.0232617
-0.019642
-0.0156964
-0.0115463
-0.00709727
-0.00250572
-0.01689
-0.0182396
-0.0195366
-0.0208116
-0.0220945
-0.023395
-0.0247076
-0.0260222
-0.0273301
-0.0286247
-0.0299006
-0.0311519
-0.0323715
-0.0335517
-0.0346831
-0.0357565
-0.0367611
-0.0376863
-0.0385197
-0.0392496
-0.0398615
-0.0403432
-0.0406778
-0.0408542
-0.0408499
-0.0406569
-0.0402524
-0.0396295
-0.038762
-0.0376489
-0.0362603
-0.034605
-0.0326483
-0.0304141
-0.0278613
-0.0250354
-0.0218869
-0.0184906
-0.0147845
-0.0108805
-0.0066923
-0.00236342
-0.0152443
-0.0165043
-0.0177291
-0.0189406
-0.0201606
-0.0213961
-0.0226424
-0.0238913
-0.0251353
-0.0263684
-0.0275854
-0.0287808
-0.0299477
-0.0310789
-0.0321656
-0.0331991
-0.0341691
-0.0350658
-0.0358772
-0.0365923
-0.0371971
-0.0376802
-0.0380251
-0.0382203
-0.038247
-0.0380958
-0.0377449
-0.0371874
-0.0363984
-0.0353766
-0.0340937
-0.0325574
-0.0307348
-0.028648
-0.0262583
-0.0236075
-0.0206497
-0.017454
-0.0139632
-0.0102806
-0.0063271
-0.00223507
-0.013812
-0.0149942
-0.0161558
-0.0173115
-0.0184763
-0.0196546
-0.0208426
-0.0220336
-0.0232211
-0.0243999
-0.0255647
-0.0267103
-0.0278302
-0.0289175
-0.029964
-0.0309614
-0.0319001
-0.0327706
-0.0335615
-0.0342624
-0.0348598
-0.0353428
-0.0356956
-0.0359069
-0.0359595
-0.0358438
-0.035539
-0.0350382
-0.0343175
-0.0333754
-0.0321848
-0.0307526
-0.0290477
-0.0270902
-0.0248438
-0.0223471
-0.0195572
-0.0165382
-0.0132371
-0.00974998
-0.00600398
-0.00212147
-0.0125953
-0.0137113
-0.014819
-0.0159269
-0.0170444
-0.0181738
-0.0193119
-0.0204531
-0.0215922
-0.022724
-0.0238438
-0.0249463
-0.0260255
-0.0270746
-0.028086
-0.0290519
-0.029963
-0.0308102
-0.0315828
-0.0322706
-0.0328608
-0.0333428
-0.0337016
-0.0339264
-0.0340003
-0.033914
-0.0336478
-0.0331947
-0.0325319
-0.0316575
-0.0305456
-0.0292024
-0.0275981
-0.0257512
-0.0236275
-0.0212629
-0.0186171
-0.0157498
-0.0126119
-0.00929292
-0.00572551
-0.00202352
-0.0115979
-0.0126598
-0.0137232
-0.0147918
-0.0158703
-0.0169595
-0.0180564
-0.0191566
-0.0202555
-0.0213486
-0.022431
-0.0234978
-0.024543
-0.0255603
-0.0265424
-0.0274817
-0.0283695
-0.0291971
-0.0299539
-0.0306303
-0.031214
-0.0316947
-0.0320579
-0.0322932
-0.032384
-0.0323214
-0.0320865
-0.0316723
-0.0310569
-0.030238
-0.0291907
-0.0279205
-0.0263991
-0.0246434
-0.022621
-0.0203654
-0.0178386
-0.0150968
-0.0120939
-0.00891409
-0.00549466
-0.00194224
-0.0108278
-0.0118479
-0.012877
-0.0139151
-0.0149634
-0.0160213
-0.0170862
-0.0181546
-0.0192224
-0.0202852
-0.0213386
-0.0223774
-0.0233961
-0.0243885
-0.0253476
-0.0262662
-0.0271356
-0.0279475
-0.0286918
-0.029359
-0.0299373
-0.0304165
-0.0307827
-0.0310257
-0.0311294
-0.0310849
-0.0308739
-0.0304896
-0.0299107
-0.0291346
-0.0281373
-0.0269237
-0.0254664
-0.0237815
-0.0218377
-0.0196667
-0.0172326
-0.0145883
-0.0116905
-0.008619
-0.00531486
-0.00187876
-0.0102974
-0.0112885
-0.0122938
-0.0133108
-0.0143382
-0.0153745
-0.0164173
-0.0174636
-0.0185097
-0.0195515
-0.0205846
-0.021604
-0.0226042
-0.0235793
-0.0245223
-0.0254262
-0.0262827
-0.0270836
-0.027819
-0.0284798
-0.0290541
-0.0295321
-0.0299002
-0.0301483
-0.0302606
-0.0302283
-0.0300337
-0.0296699
-0.0291161
-0.0283695
-0.0274068
-0.0262322
-0.0248194
-0.0231833
-0.0212941
-0.0191817
-0.0168119
-0.0142352
-0.0114107
-0.00841411
-0.00519032
-0.0018344
-0.0100158
-0.010993
-0.0119867
-0.0129932
-0.0140101
-0.0150354
-0.016067
-0.017102
-0.0181371
-0.0191682
-0.0201908
-0.0212002
-0.0221909
-0.0231569
-0.0240916
-0.0249879
-0.0258377
-0.0266329
-0.0273637
-0.0280209
-0.0285932
-0.0290705
-0.0294395
-0.0296902
-0.029807
-0.0297811
-0.029595
-0.0292418
-0.0287012
-0.0279699
-0.0270253
-0.0258709
-0.0244815
-0.0228706
-0.0210102
-0.018928
-0.0165924
-0.0140504
-0.011265
-0.00830667
-0.00512609
-0.00181058
-0.206242
-0.20965
-0.212851
-0.215968
-0.219188
-0.222717
-0.227166
-0.231967
-0.241808
-0.194308
-0.198725
-0.203169
-0.207757
-0.212752
-0.217995
-0.224399
-0.229193
-0.239331
-0.183087
-0.188329
-0.193637
-0.198924
-0.204397
-0.209388
-0.215297
-0.21894
-0.228361
-0.171599
-0.176959
-0.182264
-0.187341
-0.192552
-0.197255
-0.203209
-0.207577
-0.216521
-0.159834
-0.165088
-0.170331
-0.175442
-0.18086
-0.185979
-0.192128
-0.19699
-0.204646
-0.148611
-0.153883
-0.159213
-0.164474
-0.16995
-0.175099
-0.180791
-0.185648
-0.192256
-0.138122
-0.143332
-0.14856
-0.153685
-0.158888
-0.163865
-0.16919
-0.174195
-0.18021
-0.128124
-0.133139
-0.138146
-0.14309
-0.1481
-0.153038
-0.158179
-0.163213
-0.168734
-0.118644
-0.123465
-0.128292
-0.133104
-0.137957
-0.142779
-0.14767
-0.152554
-0.157703
-0.109783
-0.11441
-0.119042
-0.123665
-0.128296
-0.132917
-0.13757
-0.142287
-0.147174
-0.101493
-0.105897
-0.110299
-0.114701
-0.11911
-0.123535
-0.127984
-0.132512
-0.13715
-0.0937303
-0.0979016
-0.102077
-0.106261
-0.110455
-0.114671
-0.1189
-0.123204
-0.127594
-0.086483
-0.0904252
-0.094374
-0.0983331
-0.102301
-0.10629
-0.110291
-0.114366
-0.118512
-0.0797247
-0.0834373
-0.0871568
-0.0908872
-0.0946276
-0.0983903
-0.102166
-0.10601
-0.109908
-0.0734225
-0.0769091
-0.0804033
-0.0839093
-0.0874259
-0.0909641
-0.0945133
-0.0981249
-0.101777
-0.0675496
-0.070817
-0.0740923
-0.0773789
-0.0806754
-0.0839919
-0.0873178
-0.0907008
-0.0941125
-0.0620784
-0.0651345
-0.0681978
-0.0712717
-0.0743545
-0.0774557
-0.0805646
-0.0837255
-0.0869043
-0.0569823
-0.0598357
-0.0626957
-0.0655651
-0.0684425
-0.0713362
-0.0742359
-0.0771822
-0.0801373
-0.052236
-0.0548964
-0.0575625
-0.0602367
-0.0629175
-0.0656126
-0.0683117
-0.0710524
-0.0737947
-0.0478152
-0.0502928
-0.0527748
-0.0552635
-0.0577574
-0.0602636
-0.0627719
-0.0653171
-0.0678579
-0.0436985
-0.0460032
-0.0483112
-0.0506244
-0.0529415
-0.0552686
-0.0575963
-0.0599564
-0.0623076
-0.0420077
-0.0441517
-0.0462996
-0.0484499
-0.0506082
-0.0527656
-0.0549511
-0.0571245
-0.0382867
-0.0402768
-0.0422693
-0.044263
-0.0462628
-0.0482604
-0.050282
-0.0522893
-0.0348232
-0.0366691
-0.0385163
-0.0403634
-0.0422147
-0.0440628
-0.0459311
-0.0477837
-0.031601
-0.0333124
-0.0350238
-0.0367341
-0.038447
-0.0401556
-0.0418811
-0.0435899
-0.0286057
-0.0301919
-0.031777
-0.03336
-0.034944
-0.036523
-0.0381157
-0.0396916
-0.0258243
-0.0272943
-0.0287622
-0.0302271
-0.0316916
-0.0331505
-0.0346201
-0.0360731
-0.0232451
-0.0246075
-0.0259669
-0.0273226
-0.0286767
-0.0300246
-0.0313806
-0.0327205
-0.020858
-0.0221211
-0.0233805
-0.0246354
-0.0258878
-0.0271335
-0.028385
-0.029621
-0.0186537
-0.0198255
-0.020993
-0.0221555
-0.0233144
-0.0244664
-0.025622
-0.026763
-0.0166246
-0.0177129
-0.0187962
-0.0198741
-0.0209477
-0.022014
-0.0230821
-0.0241364
-0.0147645
-0.0157766
-0.0167833
-0.0177841
-0.01878
-0.0197684
-0.020757
-0.0217327
-0.0130682
-0.0140111
-0.0149483
-0.0158794
-0.0168051
-0.0177232
-0.0186399
-0.0195448
-0.0115313
-0.0124121
-0.0132869
-0.0141554
-0.015018
-0.015873
-0.0167255
-0.0175669
-0.0101513
-0.0109767
-0.0117959
-0.0126087
-0.0134152
-0.0142143
-0.0150097
-0.0157948
-0.00892671
-0.00970334
-0.0104737
-0.0112375
-0.011995
-0.012745
-0.0134905
-0.0142265
-0.00785738
-0.00859183
-0.00932001
-0.0100416
-0.0107568
-0.0114646
-0.0121673
-0.0128611
-0.00694565
-0.00764447
-0.00833708
-0.00902321
-0.00970284
-0.0103754
-0.0110422
-0.0117009
-0.00619364
-0.00686356
-0.00752741
-0.00818493
-0.00883607
-0.00948035
-0.0101186
-0.0107494
-0.00560923
-0.00625689
-0.0068987
-0.00753445
-0.00816403
-0.00878712
-0.00940414
-0.0100143
-0.00519943
-0.00583242
-0.00645984
-0.0070815
-0.00769723
-0.0083068
-0.00891036
-0.00950749
-0.00496904
-0.005594
-0.00621401
-0.00682894
-0.00743866
-0.00804302
-0.00864203
-0.00923552
-0.00497863
-0.00560338
-0.00622319
-0.00683791
-0.00744741
-0.00805154
-0.00865031
-0.00924356
-0.00520927
-0.00584207
-0.00646929
-0.00709074
-0.00770626
-0.00831561
-0.00891894
-0.00951583
-0.00561957
-0.00626705
-0.00690868
-0.00754423
-0.00817361
-0.00879648
-0.00941329
-0.0100232
-0.00620471
-0.00687447
-0.00753815
-0.00819549
-0.00884644
-0.00949054
-0.0101286
-0.0107592
-0.00695766
-0.00765635
-0.00834881
-0.00903478
-0.00971426
-0.0103866
-0.0110533
-0.0117119
-0.00787055
-0.00860489
-0.00933296
-0.0100544
-0.0107695
-0.0114772
-0.0121797
-0.0128734
-0.00894123
-0.00971779
-0.0104881
-0.0112518
-0.0120092
-0.0127591
-0.0135045
-0.0142404
-0.0101673
-0.0109927
-0.0118119
-0.0126246
-0.0134312
-0.0142302
-0.0150255
-0.0158107
-0.0115491
-0.0124299
-0.0133047
-0.0141732
-0.0150359
-0.0158909
-0.0167434
-0.0175848
-0.0130878
-0.0140308
-0.0149682
-0.0158994
-0.0168251
-0.0177433
-0.0186602
-0.0195652
-0.0147862
-0.0157984
-0.0168053
-0.0178063
-0.0188024
-0.019791
-0.0207798
-0.0217558
-0.0166484
-0.0177369
-0.0188206
-0.0198987
-0.0209726
-0.0220392
-0.0231076
-0.0241623
-0.0186798
-0.019852
-0.0210199
-0.0221827
-0.0233421
-0.0244945
-0.0256505
-0.026792
-0.0196189
-0.0208864
-0.02215
-0.0234099
-0.0246654
-0.0259183
-0.0271646
-0.0284166
-0.0296533
-0.0219096
-0.0232759
-0.0246389
-0.025999
-0.0273554
-0.0287102
-0.0300588
-0.0314156
-0.0327563
-0.0243842
-0.0258575
-0.0273283
-0.028797
-0.0302627
-0.0317282
-0.0331879
-0.0346585
-0.0361125
-0.0270523
-0.0286413
-0.0302284
-0.0318145
-0.0333985
-0.0349836
-0.0365637
-0.0381576
-0.0397346
-0.0299254
-0.0316388
-0.0333514
-0.035064
-0.0367755
-0.0384896
-0.0401996
-0.0419264
-0.0436368
-0.033016
-0.0348631
-0.0367104
-0.0385589
-0.0404075
-0.0422603
-0.04411
-0.0459799
-0.0478342
-0.0363381
-0.0383285
-0.0403202
-0.0423143
-0.0443097
-0.0463112
-0.0483106
-0.0503342
-0.0523434
-0.0399078
-0.0420512
-0.044197
-0.0463467
-0.0484989
-0.0506592
-0.0528187
-0.0550064
-0.057182
-0.0437415
-0.046048
-0.048358
-0.0506733
-0.0529925
-0.0553219
-0.057652
-0.0600145
-0.0623682
-0.0478589
-0.0503385
-0.0528228
-0.0553138
-0.0578101
-0.0603187
-0.0628296
-0.0653776
-0.0679212
-0.0522799
-0.0549426
-0.0576111
-0.0602878
-0.0629712
-0.0656691
-0.0683711
-0.0711149
-0.0738601
-0.0570258
-0.0598817
-0.0627444
-0.0656165
-0.0684967
-0.0713935
-0.0742963
-0.0772459
-0.0802042
-0.062121
-0.0651797
-0.0682459
-0.0713227
-0.0744086
-0.077513
-0.0806253
-0.0837897
-0.0869719
-0.0675905
-0.0708608
-0.074139
-0.0774288
-0.0807285
-0.0840484
-0.0873779
-0.0907646
-0.0941799
-0.073461
-0.0769505
-0.0804479
-0.0839571
-0.0874771
-0.0910188
-0.0945718
-0.0981872
-0.101843
-0.0797599
-0.0834755
-0.0871982
-0.090932
-0.0946759
-0.0984422
-0.102221
-0.106069
-0.109971
-0.086514
-0.0904593
-0.0944112
-0.0983737
-0.102346
-0.106338
-0.110343
-0.114422
-0.11857
-0.0937562
-0.0979305
-0.102109
-0.106296
-0.110494
-0.114713
-0.118946
-0.123254
-0.127646
-0.101513
-0.105919
-0.110325
-0.114729
-0.119142
-0.12357
-0.128022
-0.132553
-0.137193
-0.109795
-0.114425
-0.119059
-0.123685
-0.128319
-0.132943
-0.137598
-0.142318
-0.147206
-0.118648
-0.123471
-0.1283
-0.133114
-0.13797
-0.142794
-0.147687
-0.152572
-0.157721
-0.128118
-0.133135
-0.138144
-0.143089
-0.148101
-0.15304
-0.158182
-0.163217
-0.168736
-0.138105
-0.143316
-0.148545
-0.153671
-0.158875
-0.163852
-0.169178
-0.174183
-0.180196
-0.148582
-0.153854
-0.159185
-0.164446
-0.169923
-0.175072
-0.180763
-0.185619
-0.192223
-0.159793
-0.165046
-0.170289
-0.175399
-0.180817
-0.185935
-0.192083
-0.196943
-0.204595
-0.171544
-0.176904
-0.182208
-0.187284
-0.192494
-0.197195
-0.203146
-0.207511
-0.21645
-0.183019
-0.188261
-0.193567
-0.198853
-0.204322
-0.209311
-0.215216
-0.218854
-0.22827
-0.194228
-0.198642
-0.203083
-0.207668
-0.21266
-0.217898
-0.224297
-0.229086
-0.239218
-0.206152
-0.209555
-0.212752
-0.215864
-0.219079
-0.222602
-0.227046
-0.231841
-0.241674
-0.0100235
-0.0110003
-0.0119934
-0.0129994
-0.0140157
-0.0150404
-0.0160713
-0.0171056
-0.0181398
-0.01917
-0.0201917
-0.0212001
-0.0221897
-0.0231545
-0.0240879
-0.0249829
-0.0258312
-0.0266249
-0.0273541
-0.0280097
-0.0285802
-0.0290557
-0.0294229
-0.0296718
-0.0297868
-0.0297591
-0.0295714
-0.0292167
-0.0286747
-0.0279423
-0.026997
-0.0258422
-0.0244528
-0.0228425
-0.0209832
-0.0189027
-0.0165694
-0.0140303
-0.0112485
-0.00829422
-0.00511831
-0.00180774
-0.0103055
-0.011296
-0.0123009
-0.0133174
-0.0143442
-0.0153798
-0.0164219
-0.0174675
-0.0185127
-0.0195537
-0.0205858
-0.0216042
-0.0226033
-0.0235771
-0.0245188
-0.0254213
-0.0262764
-0.0270757
-0.0278095
-0.0284685
-0.029041
-0.0295172
-0.0298834
-0.0301296
-0.03024
-0.0302059
-0.0300095
-0.0296441
-0.0290889
-0.0283412
-0.0273776
-0.0262026
-0.0247898
-0.0231542
-0.0212661
-0.0191555
-0.016788
-0.0142144
-0.0113935
-0.00840116
-0.00518223
-0.00183144
-0.0108365
-0.0118561
-0.0128847
-0.0139223
-0.01497
-0.0160272
-0.0170915
-0.0181591
-0.0192261
-0.020288
-0.0213404
-0.0223782
-0.0233957
-0.0243869
-0.0253446
-0.0262617
-0.0271296
-0.0279398
-0.0286824
-0.0293478
-0.0299242
-0.0304014
-0.0307655
-0.0310065
-0.0311081
-0.0310616
-0.0308487
-0.0304626
-0.0298821
-0.0291047
-0.0281064
-0.0268922
-0.0254349
-0.0237504
-0.0218077
-0.0196386
-0.0172069
-0.0145659
-0.0116721
-0.00860507
-0.00530615
-0.00187557
-0.0116074
-0.0126689
-0.0137318
-0.0147999
-0.0158779
-0.0169664
-0.0180626
-0.0191621
-0.0202601
-0.0213523
-0.0224337
-0.0234993
-0.0245433
-0.0255593
-0.02654
-0.0274779
-0.028364
-0.0291898
-0.0299447
-0.0306192
-0.0312008
-0.0316793
-0.0320402
-0.0322732
-0.0323617
-0.0322969
-0.0320597
-0.0316435
-0.0310262
-0.0302058
-0.0291573
-0.0278864
-0.0263647
-0.0246095
-0.0225882
-0.0203345
-0.0178104
-0.0150721
-0.0120736
-0.00889872
-0.00548504
-0.00193871
-0.0126059
-0.0137216
-0.0148288
-0.0159362
-0.0170531
-0.018182
-0.0193193
-0.0204598
-0.021598
-0.0227289
-0.0238477
-0.024949
-0.0260269
-0.0270747
-0.0280846
-0.0290488
-0.0299581
-0.0308035
-0.0315739
-0.0322595
-0.0328474
-0.033327
-0.0336833
-0.0339055
-0.0339767
-0.0338878
-0.033619
-0.0331635
-0.0324985
-0.0316223
-0.0305089
-0.0291646
-0.02756
-0.0257135
-0.023591
-0.0212284
-0.0185855
-0.0157221
-0.012589
-0.00927562
-0.00571469
-0.00201955
-0.0138241
-0.015006
-0.0161672
-0.0173224
-0.0184866
-0.0196643
-0.0208517
-0.0220419
-0.0232286
-0.0244063
-0.0255701
-0.0267145
-0.0278331
-0.0289189
-0.0299638
-0.0309595
-0.0318962
-0.0327646
-0.0335532
-0.0342516
-0.0348464
-0.0353266
-0.0356765
-0.0358848
-0.0359344
-0.0358156
-0.0355078
-0.035004
-0.0342807
-0.0333363
-0.0321438
-0.0307104
-0.0290049
-0.0270477
-0.0248024
-0.0223079
-0.0195213
-0.0165066
-0.0132111
-0.00973025
-0.00599162
-0.00211693
-0.0152582
-0.0165179
-0.0177423
-0.0189533
-0.0201729
-0.0214077
-0.0226534
-0.0239015
-0.0251446
-0.0263768
-0.0275927
-0.0287868
-0.0299524
-0.031082
-0.032167
-0.0331985
-0.0341665
-0.0350608
-0.0358696
-0.0365819
-0.0371838
-0.0376637
-0.0380053
-0.0381969
-0.03822
-0.0380651
-0.0377107
-0.0371497
-0.0363574
-0.0353329
-0.0340476
-0.0325096
-0.0306862
-0.0285995
-0.026211
-0.0235626
-0.0206086
-0.0174178
-0.0139332
-0.0102579
-0.00631288
-0.00222985
-0.0169058
-0.0182552
-0.0195519
-0.0208265
-0.022109
-0.0234089
-0.0247209
-0.0260348
-0.0273418
-0.0286354
-0.0299102
-0.0311602
-0.0323784
-0.0335569
-0.0346865
-0.0357578
-0.03676
-0.0376827
-0.0385132
-0.03924
-0.0398484
-0.0403265
-0.0406572
-0.0408294
-0.0408208
-0.0406235
-0.0402147
-0.0395876
-0.0387161
-0.0375996
-0.036208
-0.0345506
-0.0325927
-0.0303584
-0.0278069
-0.0249836
-0.0218393
-0.0184487
-0.0147499
-0.0108543
-0.00667585
-0.00235738
-0.0187678
-0.0202184
-0.0215964
-0.0229421
-0.0242948
-0.0256674
-0.0270533
-0.0284404
-0.0298183
-0.03118
-0.0325197
-0.0338313
-0.0351073
-0.0363392
-0.0375173
-0.0386316
-0.0396706
-0.0406233
-0.0414762
-0.0422175
-0.0428315
-0.0433057
-0.0436221
-0.0437687
-0.0437247
-0.0434794
-0.043009
-0.0423071
-0.041346
-0.0401259
-0.0386148
-0.0368233
-0.0347146
-0.0323153
-0.0295816
-0.0265631
-0.0232067
-0.0195935
-0.0156562
-0.0115159
-0.0070782
-0.00249871
-0.0208465
-0.0224101
-0.0238781
-0.0253022
-0.0267322
-0.0281845
-0.0296517
-0.031119
-0.0325745
-0.0340103
-0.0354205
-0.0367987
-0.0381369
-0.0394262
-0.0406561
-0.0418159
-0.0428935
-0.0438771
-0.0447528
-0.0455079
-0.046126
-0.046594
-0.0468929
-0.0470102
-0.0469244
-0.0466242
-0.0460845
-0.0452986
-0.0442377
-0.0429023
-0.0412587
-0.0393189
-0.0370435
-0.034462
-0.0315274
-0.028294
-0.0247043
-0.0208467
-0.0166478
-0.0122393
-0.0075178
-0.0026531
-0.0231462
-0.0248347
-0.0264012
-0.0279106
-0.0294246
-0.0309637
-0.0325189
-0.034073
-0.0356121
-0.0371276
-0.0386132
-0.0400624
-0.0414667
-0.0428165
-0.0441006
-0.0453078
-0.0464251
-0.0474401
-0.0483381
-0.0491058
-0.0497259
-0.0501847
-0.0504623
-0.0505457
-0.050412
-0.05005
-0.0494328
-0.048554
-0.0473829
-0.0459207
-0.0441316
-0.0420294
-0.0395717
-0.0367914
-0.0336376
-0.0301701
-0.0263265
-0.0222034
-0.0177205
-0.0130214
-0.00799266
-0.00281987
-0.0256728
-0.0274982
-0.0291717
-0.030773
-0.0323772
-0.0340095
-0.0356593
-0.0373062
-0.0389343
-0.0405343
-0.0420997
-0.0436234
-0.0450968
-0.0465096
-0.0478497
-0.0491053
-0.0502625
-0.0513086
-0.0522278
-0.0530061
-0.0536256
-0.0540718
-0.0543237
-0.0543679
-0.0541803
-0.0537493
-0.0530465
-0.0520655
-0.0507738
-0.0491735
-0.0472261
-0.0449475
-0.0422923
-0.0392966
-0.0359059
-0.0321856
-0.0280681
-0.0236589
-0.0188704
-0.0138594
-0.0085009
-0.00299835
-0.0284338
-0.0304083
-0.032197
-0.0338963
-0.0355966
-0.037328
-0.0390781
-0.0408233
-0.0425453
-0.0442339
-0.0458823
-0.0474836
-0.0490282
-0.0505054
-0.0519024
-0.0532065
-0.0544033
-0.0554791
-0.0564176
-0.0572041
-0.0578195
-0.0582491
-0.0584706
-0.0584701
-0.0582222
-0.0577149
-0.0569182
-0.0558259
-0.0544033
-0.0526534
-0.0505352
-0.0480664
-0.0451986
-0.0419715
-0.0383263
-0.034335
-0.029924
-0.025209
-0.020094
-0.0147504
-0.00904072
-0.00318792
-0.0314381
-0.033574
-0.0354859
-0.0372888
-0.0390903
-0.0409261
-0.0427818
-0.0446299
-0.0464497
-0.0482301
-0.0499642
-0.0516447
-0.0532619
-0.0548041
-0.0562578
-0.0576097
-0.0588446
-0.0599482
-0.0609033
-0.0616947
-0.0623023
-0.0627107
-0.0628966
-0.0628455
-0.0625305
-0.0619396
-0.0610407
-0.0598279
-0.0582642
-0.0563535
-0.054052
-0.0513797
-0.0482843
-0.04481
-0.0408932
-0.0366129
-0.0318895
-0.0268494
-0.0213876
-0.0156918
-0.00961031
-0.00338796
-0.0346962
-0.0370061
-0.0390485
-0.0409599
-0.0428669
-0.0448116
-0.0467773
-0.0487321
-0.0506527
-0.0525271
-0.0543483
-0.0561089
-0.0577986
-0.0594053
-0.0609147
-0.0623127
-0.0635833
-0.0647119
-0.0656801
-0.0664725
-0.0670678
-0.06745
-0.0675947
-0.0674869
-0.0670982
-0.0664161
-0.0654068
-0.0640645
-0.0623496
-0.0602671
-0.05777
-0.0548809
-0.0515434
-0.0478063
-0.0436011
-0.0390144
-0.0339597
-0.0285758
-0.0227476
-0.0166807
-0.0102079
-0.00359784
-0.0382199
-0.0407163
-0.0428962
-0.0449199
-0.0469359
-0.0489931
-0.0510721
-0.0531363
-0.0551595
-0.0571289
-0.0590373
-0.0608776
-0.0626389
-0.0643084
-0.0658711
-0.0673124
-0.0686156
-0.0697653
-0.0707426
-0.0715313
-0.0721093
-0.0724601
-0.0725577
-0.0723869
-0.0719175
-0.0711369
-0.0700089
-0.0685282
-0.0666523
-0.0643872
-0.0616827
-0.0585637
-0.0549699
-0.0509548
-0.0464444
-0.0415342
-0.03613
-0.0303841
-0.0241705
-0.0177144
-0.0108316
-0.00381694
-0.0420225
-0.0447179
-0.0470411
-0.04918
-0.0513072
-0.0534793
-0.0556737
-0.0578488
-0.0599751
-0.062039
-0.0640336
-0.0659517
-0.0677821
-0.0695115
-0.0711242
-0.072605
-0.0739364
-0.0751027
-0.0760842
-0.0768641
-0.0774194
-0.0777329
-0.0777775
-0.0775373
-0.0769805
-0.0760939
-0.0748394
-0.0732116
-0.071165
-0.068707
-0.0657833
-0.062422
-0.0585577
-0.0542496
-0.0494179
-0.0441673
-0.0383956
-0.0322701
-0.0256526
-0.0187902
-0.0114796
-0.0040446
-0.0461186
-0.0490251
-0.0514966
-0.053752
-0.0559911
-0.0582791
-0.0605897
-0.0628755
-0.0651038
-0.0672603
-0.0693384
-0.071331
-0.0732267
-0.0750118
-0.0766699
-0.0781851
-0.0795396
-0.0807171
-0.0816972
-0.0824627
-0.0829894
-0.0832598
-0.0832451
-0.0829293
-0.0822782
-0.0812787
-0.07989
-0.0781069
-0.0758804
-0.0732194
-0.0700654
-0.0664494
-0.0623008
-0.0576852
-0.052516
-0.0469085
-0.0407517
-0.0342293
-0.0271902
-0.019905
-0.01215
-0.00428015
-0.0505237
-0.0536533
-0.0562767
-0.058648
-0.060998
-0.0634011
-0.065827
-0.0682217
-0.0705493
-0.0727946
-0.0749517
-0.0770139
-0.0789697
-0.0808049
-0.0825024
-0.0840461
-0.0854175
-0.0866001
-0.0875726
-0.0883176
-0.0888096
-0.0890308
-0.0889509
-0.0885532
-0.0878014
-0.0866823
-0.0851521
-0.0832058
-0.0807908
-0.0779172
-0.074522
-0.0706394
-0.0661933
-0.0612557
-0.0557332
-0.0497525
-0.0431934
-0.0362573
-0.0287793
-0.0210558
-0.0128407
-0.00452289
-0.0552549
-0.0586187
-0.0613956
-0.0638803
-0.0663381
-0.0688536
-0.0713917
-0.0738917
-0.0763136
-0.0786421
-0.080872
-0.0829973
-0.0850063
-0.0868845
-0.0886143
-0.0901794
-0.0915608
-0.0927416
-0.0937
-0.0944181
-0.0948693
-0.0950352
-0.094884
-0.0943984
-0.0935399
-0.0922951
-0.0906167
-0.0884999
-0.0858882
-0.082793
-0.0791463
-0.0749856
-0.0702289
-0.0649554
-0.059064
-0.0526942
-0.0457155
-0.0383494
-0.0304158
-0.0222395
-0.0135495
-0.00477205
-0.0603298
-0.0639381
-0.0668681
-0.0694609
-0.0720208
-0.0746436
-0.077289
-0.0798881
-0.0823974
-0.0848013
-0.0870958
-0.0892757
-0.0913296
-0.0932424
-0.0949964
-0.0965749
-0.0979585
-0.0991302
-0.100067
-0.100752
-0.101156
-0.101261
-0.101033
-0.100454
-0.0994831
-0.0981069
-0.0962742
-0.0939803
-0.0911645
-0.0878394
-0.0839313
-0.0794816
-0.0744016
-0.0687784
-0.0625027
-0.0557279
-0.0483129
-0.0405008
-0.0320955
-0.0234526
-0.0142742
-0.00502687
-0.0657671
-0.0696286
-0.0727084
-0.0754009
-0.0780545
-0.080777
-0.0835219
-0.0862117
-0.0887989
-0.0912683
-0.0936173
-0.0958418
-0.0979305
-0.0998684
-0.101637
-0.10322
-0.104598
-0.105753
-0.106661
-0.107306
-0.107657
-0.107695
-0.107385
-0.106707
-0.10562
-0.104107
-0.102115
-0.0996379
-0.0966112
-0.0930484
-0.0888698
-0.0841207
-0.0787052
-0.0727187
-0.0660435
-0.0588481
-0.0509801
-0.0427065
-0.0338139
-0.0246916
-0.0150124
-0.00528649
-0.0715857
-0.0757072
-0.0789302
-0.0817105
-0.0844459
-0.0872576
-0.0900915
-0.0928609
-0.0955142
-0.0980368
-0.100428
-0.102685
-0.104798
-0.10675
-0.108523
-0.110101
-0.111464
-0.112594
-0.113467
-0.114065
-0.114357
-0.114324
-0.113927
-0.113147
-0.111938
-0.110285
-0.108128
-0.105463
-0.10222
-0.0984123
-0.0939547
-0.0888963
-0.0831333
-0.0767704
-0.0696806
-0.0620491
-0.0537116
-0.0449613
-0.0355663
-0.0259527
-0.0157615
-0.00555001
-0.0778045
-0.0821903
-0.0855459
-0.0883979
-0.0911996
-0.0940866
-0.0969961
-0.0998311
-0.102536
-0.105097
-0.107517
-0.109794
-0.111917
-0.113871
-0.115639
-0.117202
-0.11854
-0.119638
-0.120468
-0.121013
-0.121241
-0.121131
-0.120644
-0.119759
-0.118426
-0.116628
-0.114303
-0.111446
-0.107981
-0.103923
-0.0991788
-0.0938018
-0.0876799
-0.0809276
-0.0734083
-0.0653251
-0.0565017
-0.0472597
-0.0373478
-0.0272319
-0.0165189
-0.00581647
-0.0844419
-0.0890931
-0.0925658
-0.0954686
-0.0983172
-0.101262
-0.104231
-0.107115
-0.109854
-0.112438
-0.11487
-0.117151
-0.119271
-0.121216
-0.122966
-0.124504
-0.125809
-0.126866
-0.127647
-0.128134
-0.128293
-0.128103
-0.127522
-0.126528
-0.125068
-0.123124
-0.120629
-0.117578
-0.113887
-0.109573
-0.104535
-0.0988305
-0.0923387
-0.0851842
-0.0772205
-0.0686703
-0.0593446
-0.049596
-0.0391531
-0.0285252
-0.0172816
-0.00608484
-0.0915152
-0.0964286
-0.0999976
-0.102925
-0.105796
-0.108778
-0.111786
-0.114699
-0.117454
-0.120041
-0.122468
-0.124739
-0.126842
-0.128764
-0.130485
-0.131987
-0.133252
-0.13426
-0.134986
-0.135409
-0.135495
-0.135222
-0.134545
-0.133441
-0.131853
-0.129762
-0.127095
-0.123847
-0.119928
-0.115354
-0.110016
-0.103976
-0.0971037
-0.0895344
-0.0811116
-0.0720786
-0.0622341
-0.0519643
-0.0409771
-0.0298279
-0.0180467
-0.00635396
-0.0990394
-0.104207
-0.107845
-0.110765
-0.113631
-0.116625
-0.11965
-0.12257
-0.125318
-0.127889
-0.130293
-0.132535
-0.134608
-0.136494
-0.138174
-0.139632
-0.140846
-0.141799
-0.142465
-0.142821
-0.142831
-0.142472
-0.141698
-0.140483
-0.138767
-0.136528
-0.13369
-0.130245
-0.126094
-0.121257
-0.115614
-0.109231
-0.101969
-0.0939721
-0.0850756
-0.0755438
-0.0651644
-0.0543585
-0.0428142
-0.0311355
-0.018811
-0.00662258
-0.107027
-0.112433
-0.116106
-0.11898
-0.121807
-0.124786
-0.127802
-0.130705
-0.133424
-0.135957
-0.138319
-0.140518
-0.142544
-0.144381
-0.14601
-0.147414
-0.148571
-0.149464
-0.150064
-0.150349
-0.150281
-0.149836
-0.148964
-0.14764
-0.145796
-0.143411
-0.140402
-0.13676
-0.132379
-0.127276
-0.121324
-0.114591
-0.106928
-0.0984914
-0.0891068
-0.0790597
-0.0681294
-0.0567721
-0.0446587
-0.0324429
-0.0195714
-0.00688919
-0.115484
-0.121109
-0.124773
-0.127557
-0.130308
-0.13324
-0.13622
-0.13908
-0.141746
-0.144218
-0.14652
-0.148659
-0.150625
-0.152403
-0.153971
-0.155312
-0.156405
-0.157232
-0.157763
-0.157975
-0.157828
-0.157297
-0.156329
-0.154896
-0.152927
-0.150398
-0.14722
-0.143382
-0.13877
-0.1334
-0.127136
-0.120046
-0.111976
-0.103086
-0.0931992
-0.0826193
-0.0711227
-0.0591979
-0.0465051
-0.0337444
-0.0203246
-0.00715198
-0.124415
-0.130227
-0.133831
-0.136474
-0.139106
-0.14196
-0.144875
-0.147666
-0.150253
-0.152645
-0.154867
-0.156931
-0.158826
-0.160533
-0.16203
-0.163302
-0.164326
-0.165082
-0.165541
-0.165678
-0.165452
-0.164836
-0.163774
-0.162235
-0.160143
-0.157472
-0.154129
-0.150098
-0.145258
-0.13962
-0.133042
-0.12559
-0.117103
-0.107747
-0.0973458
-0.0862144
-0.0741375
-0.0616277
-0.0483473
-0.0350337
-0.0210675
-0.00740861
-0.133816
-0.139774
-0.143255
-0.145697
-0.148169
-0.150911
-0.153734
-0.156428
-0.158913
-0.161203
-0.16333
-0.165306
-0.167117
-0.168743
-0.170163
-0.171358
-0.172308
-0.17299
-0.173374
-0.173435
-0.17313
-0.17243
-0.171277
-0.169635
-0.167423
-0.164615
-0.161111
-0.15689
-0.151825
-0.145921
-0.139029
-0.131208
-0.1223
-0.112464
-0.101537
-0.0898344
-0.0771655
-0.064051
-0.0501791
-0.0363029
-0.021797
-0.00765593
-0.143681
-0.149725
-0.153005
-0.155182
-0.157451
-0.160054
-0.162758
-0.165328
-0.167686
-0.169856
-0.171874
-0.173749
-0.175466
-0.177003
-0.178337
-0.179451
-0.18032
-0.180926
-0.181233
-0.181216
-0.180829
-0.180047
-0.178807
-0.177065
-0.174737
-0.171795
-0.168135
-0.163729
-0.158445
-0.152276
-0.145072
-0.13688
-0.127548
-0.11722
-0.105759
-0.0934638
-0.0801958
-0.0664542
-0.0519932
-0.0375415
-0.0225105
-0.00788956
-0.153985
-0.160032
-0.16302
-0.16487
-0.166902
-0.16934
-0.171898
-0.174318
-0.176527
-0.17856
-0.180455
-0.182219
-0.183831
-0.185269
-0.18651
-0.187535
-0.18832
-0.188844
-0.18907
-0.188973
-0.188503
-0.187637
-0.186312
-0.184471
-0.18203
-0.178962
-0.175152
-0.170569
-0.165071
-0.158645
-0.151134
-0.142571
-0.132815
-0.121986
-0.109987
-0.0970797
-0.0832121
-0.0688182
-0.0537805
-0.0387356
-0.0232056
-0.00810339
-0.164699
-0.17061
-0.173201
-0.174676
-0.176454
-0.178709
-0.181093
-0.183333
-0.185372
-0.187254
-0.189015
-0.190655
-0.192151
-0.193479
-0.194616
-0.195543
-0.196235
-0.196669
-0.196809
-0.196628
-0.196075
-0.195123
-0.193706
-0.191767
-0.18922
-0.186033
-0.182083
-0.177334
-0.171633
-0.16496
-0.157152
-0.148226
-0.138052
-0.126718
-0.114186
-0.100648
-0.0861908
-0.0711166
-0.0555291
-0.039866
-0.0238805
-0.00828897
-0.175748
-0.181306
-0.183399
-0.184491
-0.186022
-0.188075
-0.190248
-0.192278
-0.194128
-0.195845
-0.197458
-0.198959
-0.200323
-0.201527
-0.202547
-0.203364
-0.203951
-0.204286
-0.20433
-0.204058
-0.203421
-0.202391
-0.200865
-0.19883
-0.196184
-0.192891
-0.188811
-0.183912
-0.178024
-0.171125
-0.163036
-0.153764
-0.143187
-0.131354
-0.118303
-0.104124
-0.0890979
-0.0733148
-0.0572231
-0.0409073
-0.0245343
-0.00843477
-0.186925
-0.191838
-0.193385
-0.194162
-0.195484
-0.197305
-0.19922
-0.201009
-0.202655
-0.204193
-0.205639
-0.20698
-0.208193
-0.209254
-0.210139
-0.21083
-0.211298
-0.211521
-0.21146
-0.211088
-0.210356
-0.209236
-0.207617
-0.205496
-0.202762
-0.199377
-0.195186
-0.190161
-0.184109
-0.177014
-0.16867
-0.159082
-0.148125
-0.135816
-0.122267
-0.107449
-0.0918888
-0.0753707
-0.0588423
-0.0418275
-0.0251669
-0.00852551
-0.197907
-0.20176
-0.202845
-0.203492
-0.20465
-0.206188
-0.207792
-0.209319
-0.210746
-0.212085
-0.21334
-0.214498
-0.215537
-0.216435
-0.217167
-0.217714
-0.21805
-0.218152
-0.21798
-0.217506
-0.216673
-0.215463
-0.213766
-0.211576
-0.208771
-0.205317
-0.201039
-0.195923
-0.189738
-0.182489
-0.173922
-0.164065
-0.152758
-0.140012
-0.125996
-0.110559
-0.0945096
-0.0772383
-0.0603618
-0.0425901
-0.0257798
-0.00854167
-0.208138
-0.210512
-0.211442
-0.212227
-0.213235
-0.214413
-0.215669
-0.216924
-0.218121
-0.21924
-0.220282
-0.221237
-0.222085
-0.222804
-0.223371
-0.223767
-0.223966
-0.223945
-0.223667
-0.223102
-0.222192
-0.220885
-0.21913
-0.216897
-0.214045
-0.210551
-0.20622
-0.201051
-0.194772
-0.187419
-0.17867
-0.168601
-0.156979
-0.143856
-0.129406
-0.11339
-0.0969018
-0.0788731
-0.061753
-0.043158
-0.0263752
-0.00845939
-0.216596
-0.217525
-0.21893
-0.22009
-0.220864
-0.221607
-0.222514
-0.223506
-0.224464
-0.225351
-0.226171
-0.22692
-0.227577
-0.22812
-0.228528
-0.228781
-0.228853
-0.228722
-0.228352
-0.227711
-0.226728
-0.225381
-0.223598
-0.221345
-0.218477
-0.214976
-0.210628
-0.205448
-0.199116
-0.19171
-0.182819
-0.172603
-0.160704
-0.147276
-0.132422
-0.115891
-0.0990096
-0.0802402
-0.0629851
-0.0434999
-0.0269548
-0.00825196
-0.222565
-0.222588
-0.225261
-0.226804
-0.227176
-0.227468
-0.228065
-0.228809
-0.229532
-0.2302
-0.230821
-0.231387
-0.231877
-0.23227
-0.232546
-0.232684
-0.232659
-0.232444
-0.232002
-0.231306
-0.230294
-0.22894
-0.227156
-0.22491
-0.222056
-0.21858
-0.214249
-0.209093
-0.202746
-0.195333
-0.186339
-0.176035
-0.163891
-0.150234
-0.135001
-0.118035
-0.100792
-0.0813233
-0.0640304
-0.0435984
-0.0275183
-0.00789305
-0.225942
-0.226067
-0.230259
-0.231905
-0.231872
-0.231868
-0.232244
-0.232769
-0.233288
-0.23378
-0.234246
-0.234674
-0.235039
-0.235324
-0.235506
-0.235567
-0.235482
-0.235223
-0.234744
-0.233976
-0.232989
-0.23165
-0.229891
-0.227676
-0.224861
-0.221432
-0.217144
-0.212037
-0.205705
-0.198316
-0.189253
-0.178908
-0.166547
-0.152731
-0.137133
-0.119822
-0.10223
-0.0821292
-0.0648685
-0.0434558
-0.028066
-0.00736141
-0.226949
-0.22884
-0.233509
-0.235003
-0.234911
-0.234884
-0.235142
-0.235496
-0.235862
-0.236229
-0.236588
-0.23692
-0.237201
-0.237412
-0.237534
-0.237548
-0.237431
-0.237167
-0.236741
-0.236131
-0.234967
-0.233598
-0.231858
-0.229674
-0.226902
-0.223523
-0.219286
-0.214237
-0.207934
-0.200588
-0.191477
-0.181129
-0.168577
-0.154673
-0.138728
-0.121174
-0.103251
-0.0826083
-0.0654528
-0.0430446
-0.0285875
-0.00663152
-0.242286
-0.237696
-0.236693
-0.236822
-0.23642
-0.236252
-0.236403
-0.236662
-0.236955
-0.237264
-0.23757
-0.237849
-0.238081
-0.238247
-0.238326
-0.2383
-0.238143
-0.23783
-0.237314
-0.236477
-0.235583
-0.234257
-0.23254
-0.230384
-0.227644
-0.224307
-0.220107
-0.215111
-0.208833
-0.201542
-0.192408
-0.182103
-0.169433
-0.155532
-0.139369
-0.121711
-0.103607
-0.0825918
-0.0656557
-0.0424082
-0.0289666
-0.0058431
-0.242458
-0.240083
-0.238091
-0.237971
-0.237634
-0.237451
-0.237546
-0.237744
-0.237979
-0.238232
-0.238482
-0.238706
-0.238885
-0.239001
-0.239033
-0.238963
-0.238766
-0.238416
-0.237875
-0.237109
-0.23611
-0.234729
-0.232986
-0.230809
-0.228055
-0.224705
-0.220496
-0.215488
-0.209193
-0.201885
-0.192706
-0.182378
-0.169607
-0.155686
-0.139355
-0.121672
-0.103414
-0.0822704
-0.0654522
-0.0417702
-0.0290705
-0.00518522
-0.241583
-0.240401
-0.238499
-0.238424
-0.23826
-0.238163
-0.23828
-0.238475
-0.238696
-0.238928
-0.239151
-0.239345
-0.239491
-0.239573
-0.239572
-0.239468
-0.239238
-0.238855
-0.238286
-0.237496
-0.236524
-0.235072
-0.233304
-0.231107
-0.228334
-0.224962
-0.220734
-0.215698
-0.209375
-0.202025
-0.192792
-0.182412
-0.169537
-0.155575
-0.139078
-0.121387
-0.102958
-0.0817727
-0.06502
-0.0410438
-0.0290366
-0.00449392
-0.241393
-0.240434
-0.238731
-0.238696
-0.238657
-0.23864
-0.23878
-0.238979
-0.239195
-0.239415
-0.23962
-0.239792
-0.239914
-0.239971
-0.239943
-0.239813
-0.239557
-0.23915
-0.238557
-0.237738
-0.236609
-0.235292
-0.233503
-0.23129
-0.228505
-0.225115
-0.220875
-0.215815
-0.20947
-0.202083
-0.192804
-0.182373
-0.169407
-0.155401
-0.138752
-0.121051
-0.102455
-0.0812373
-0.0645359
-0.0402876
-0.0289622
-0.00377321
-0.24108
-0.240214
-0.238837
-0.238873
-0.238929
-0.238981
-0.239146
-0.239351
-0.239564
-0.239773
-0.239962
-0.240115
-0.240216
-0.24025
-0.240199
-0.240046
-0.239767
-0.239337
-0.238724
-0.237888
-0.236797
-0.235463
-0.233604
-0.23137
-0.228575
-0.225168
-0.220916
-0.215833
-0.209468
-0.202044
-0.192724
-0.182242
-0.169198
-0.155146
-0.138363
-0.12065
-0.101901
-0.0806571
-0.0640036
-0.0394965
-0.0288529
-0.0030163
-0.240718
-0.239875
-0.238853
-0.238964
-0.239087
-0.2392
-0.239389
-0.239603
-0.239817
-0.240019
-0.240195
-0.240332
-0.240415
-0.240428
-0.240357
-0.240182
-0.239882
-0.239431
-0.238798
-0.237944
-0.236833
-0.23535
-0.233613
-0.23136
-0.228551
-0.225128
-0.220861
-0.215753
-0.209367
-0.201903
-0.192546
-0.182009
-0.168895
-0.154792
-0.137892
-0.120165
-0.101276
-0.0800184
-0.0634052
-0.0386676
-0.0286948
-0.00222188
-0.240364
-0.23953
-0.238827
-0.238991
-0.239157
-0.239315
-0.239526
-0.239748
-0.239963
-0.240161
-0.240328
-0.240452
-0.240519
-0.240516
-0.240426
-0.240232
-0.239912
-0.239441
-0.238789
-0.237917
-0.236788
-0.235343
-0.233582
-0.231272
-0.228445
-0.225003
-0.220721
-0.215586
-0.209177
-0.20167
-0.192276
-0.18168
-0.168504
-0.154346
-0.137344
-0.119601
-0.100584
-0.0793254
-0.0627425
-0.0378076
-0.0284821
-0.00139351
-0.240025
-0.239206
-0.238774
-0.238968
-0.239158
-0.239348
-0.239574
-0.239804
-0.24002
-0.240214
-0.240374
-0.240487
-0.240541
-0.240523
-0.240417
-0.240206
-0.239868
-0.239379
-0.238708
-0.237819
-0.236673
-0.235214
-0.233328
-0.231112
-0.228268
-0.224804
-0.220505
-0.215341
-0.208909
-0.201356
-0.191926
-0.181269
-0.168039
-0.15382
-0.136733
-0.118969
-0.0998402
-0.0785878
-0.0620259
-0.0369263
-0.0282142
-0.000536834
-0.239718
-0.238892
-0.238686
-0.238899
-0.239102
-0.239314
-0.239551
-0.239782
-0.240001
-0.240192
-0.240345
-0.24045
-0.240493
-0.240462
-0.240342
-0.240115
-0.23976
-0.239254
-0.238566
-0.23766
-0.236497
-0.235022
-0.233168
-0.230918
-0.228029
-0.224541
-0.220224
-0.215029
-0.208571
-0.200972
-0.191507
-0.180786
-0.167509
-0.153227
-0.136071
-0.118281
-0.099058
-0.0778152
-0.0612673
-0.0360336
-0.027892
0.000340867
-0.239457
-0.238573
-0.238557
-0.238786
-0.238995
-0.239223
-0.239471
-0.239695
-0.239918
-0.240106
-0.240255
-0.240352
-0.240386
-0.240344
-0.240211
-0.239969
-0.239599
-0.239077
-0.238373
-0.237451
-0.23627
-0.234779
-0.232913
-0.23055
-0.227734
-0.224225
-0.219887
-0.214661
-0.208176
-0.200529
-0.191031
-0.180246
-0.166929
-0.152582
-0.135372
-0.11755
-0.0982524
-0.0770183
-0.0604798
-0.0351396
-0.0275177
0.00123035
-0.239104
-0.238293
-0.238391
-0.238628
-0.238846
-0.239083
-0.239331
-0.239565
-0.239784
-0.23997
-0.240114
-0.240205
-0.240231
-0.240178
-0.240034
-0.239779
-0.239395
-0.238858
-0.238137
-0.237199
-0.236002
-0.234495
-0.232612
-0.230274
-0.227428
-0.223868
-0.219507
-0.214248
-0.207736
-0.200043
-0.190511
-0.179665
-0.166313
-0.1519
-0.134652
-0.116792
-0.0974401
-0.0762097
-0.0596792
-0.0342558
-0.0270959
0.00212021
-0.23849
-0.238082
-0.238199
-0.238436
-0.238663
-0.238907
-0.239156
-0.239393
-0.239611
-0.239794
-0.239934
-0.240019
-0.240038
-0.239977
-0.239822
-0.239556
-0.239158
-0.238606
-0.23787
-0.236917
-0.235704
-0.23418
-0.23228
-0.229928
-0.226996
-0.223475
-0.219096
-0.213803
-0.207267
-0.199525
-0.189967
-0.179062
-0.165677
-0.151203
-0.133928
-0.116026
-0.096639
-0.0754043
-0.0588831
-0.0333943
-0.0266343
0.00299699
-0.238009
-0.237836
-0.237979
-0.238218
-0.238455
-0.238705
-0.238956
-0.239194
-0.23941
-0.239591
-0.239728
-0.239808
-0.23982
-0.239751
-0.239586
-0.239309
-0.238898
-0.238332
-0.237582
-0.236613
-0.235384
-0.233845
-0.231929
-0.229562
-0.22663
-0.223069
-0.218666
-0.213343
-0.206783
-0.198998
-0.189415
-0.178448
-0.165051
-0.150512
-0.13322
-0.115273
-0.0958692
-0.0746186
-0.0581107
-0.0325684
-0.0261443
0.00384537
-0.237605
-0.237568
-0.237742
-0.237988
-0.238234
-0.238489
-0.238742
-0.23898
-0.239195
-0.239374
-0.239507
-0.239583
-0.239589
-0.239512
-0.239338
-0.23905
-0.238627
-0.238048
-0.237284
-0.2363
-0.235056
-0.233501
-0.23157
-0.229187
-0.226244
-0.222657
-0.218235
-0.212885
-0.206304
-0.198479
-0.188877
-0.177857
-0.164447
-0.149845
-0.132555
-0.114555
-0.0951554
-0.0738666
-0.0573827
-0.0317926
-0.0256408
0.00464864
-0.237236
-0.237298
-0.237501
-0.237757
-0.238012
-0.238272
-0.238526
-0.238765
-0.238978
-0.239155
-0.239285
-0.239356
-0.239356
-0.239272
-0.239089
-0.23879
-0.238356
-0.237764
-0.236986
-0.235988
-0.23473
-0.233161
-0.231216
-0.228819
-0.225864
-0.222255
-0.217819
-0.212446
-0.205849
-0.197992
-0.188376
-0.17731
-0.163892
-0.149237
-0.131949
-0.113898
-0.0945235
-0.0731577
-0.0567247
-0.0310823
-0.0251429
0.00538915
-0.236901
-0.237041
-0.237273
-0.237538
-0.237801
-0.238066
-0.238322
-0.23856
-0.238773
-0.238947
-0.239074
-0.23914
-0.239134
-0.239043
-0.238851
-0.238542
-0.238097
-0.237492
-0.236701
-0.23569
-0.234418
-0.232836
-0.230879
-0.228471
-0.225508
-0.221876
-0.217435
-0.212046
-0.205439
-0.197558
-0.187933
-0.176832
-0.16341
-0.14871
-0.131426
-0.113328
-0.0939461
-0.0725523
-0.0561626
-0.0304511
-0.0246728
0.00604914
-0.236613
-0.236813
-0.237069
-0.237344
-0.237615
-0.237883
-0.23814
-0.238379
-0.238589
-0.238761
-0.238884
-0.238945
-0.238933
-0.238835
-0.238634
-0.238315
-0.237859
-0.237243
-0.236439
-0.235416
-0.234133
-0.232539
-0.230573
-0.228157
-0.225191
-0.221545
-0.217101
-0.211704
-0.205094
-0.197199
-0.187574
-0.176447
-0.163025
-0.148289
-0.13101
-0.112868
-0.0934894
-0.0720841
-0.0556705
-0.0299062
-0.0242543
0.00661142
-0.236383
-0.236629
-0.236904
-0.237187
-0.237464
-0.237735
-0.237993
-0.238231
-0.238439
-0.238608
-0.238727
-0.238783
-0.238764
-0.238658
-0.238449
-0.23812
-0.237653
-0.237026
-0.236211
-0.235177
-0.233884
-0.232282
-0.230309
-0.22789
-0.224932
-0.221278
-0.216835
-0.211439
-0.204833
-0.196935
-0.187318
-0.176176
-0.16276
-0.147997
-0.13072
-0.112539
-0.0931633
-0.0717231
-0.055311
-0.029468
-0.0239106
0.00706018
-0.236223
-0.236501
-0.236789
-0.237077
-0.237358
-0.23763
-0.237888
-0.238125
-0.238331
-0.238496
-0.23861
-0.23866
-0.238635
-0.238521
-0.238303
-0.237965
-0.237487
-0.236849
-0.236025
-0.234981
-0.23368
-0.232073
-0.230099
-0.227677
-0.224694
-0.221082
-0.21665
-0.211264
-0.204672
-0.196785
-0.187184
-0.176038
-0.162631
-0.14785
-0.130574
-0.112358
-0.0929756
-0.0714935
-0.0550401
-0.0292002
-0.0236614
0.00738174
-0.236143
-0.236436
-0.236731
-0.237021
-0.237303
-0.237576
-0.237833
-0.238067
-0.23827
-0.238431
-0.238539
-0.238584
-0.238552
-0.238429
-0.238203
-0.237855
-0.237368
-0.23672
-0.235887
-0.234836
-0.23353
-0.231919
-0.229944
-0.22753
-0.224574
-0.220969
-0.216557
-0.211192
-0.204624
-0.196758
-0.187177
-0.176044
-0.16265
-0.147862
-0.130581
-0.112335
-0.092934
-0.0714133
-0.054924
-0.0290555
-0.0235179
0.00756546
)
;

boundaryField
{
    inlet
    {
        type            zeroGradient;
    }
    outlet
    {
        type            fixedValue;
        value           uniform 0;
    }
    cylinder
    {
        type            zeroGradient;
    }
    top
    {
        type            symmetryPlane;
    }
    bottom
    {
        type            symmetryPlane;
    }
    defaultFaces
    {
        type            empty;
    }
    procBoundary1to0
    {
        type            processor;
        value           nonuniform List<scalar> 
133
(
-0.248378
-0.248378
-0.250711
-0.253234
-0.255286
-0.255286
-0.257979
-0.25868
-0.25868
-0.258186
-0.258186
-0.260841
-0.259276
-0.259276
-0.257043
-0.257043
-0.253391
-0.253391
-0.247334
-0.247334
-0.235605
-0.235605
-0.220969
-0.220969
-0.234199
-0.220868
-0.220868
-0.247627
-0.247217
-0.247217
-0.253273
-0.253273
-0.256926
-0.256926
-0.259162
-0.259162
-0.260731
-0.258075
-0.258075
-0.258572
-0.258572
-0.257874
-0.255183
-0.255183
-0.253132
-0.250612
-0.250612
-0.20255
-0.189794
-0.177832
-0.166134
-0.154459
-0.143288
-0.132872
-0.123061
-0.113799
-0.105147
-0.0970847
-0.0895587
-0.082545
-0.0760176
-0.0699423
-0.0642888
-0.0590288
-0.0541347
-0.0495806
-0.0453418
-0.041397
-0.039866
-0.039866
-0.0362978
-0.0329773
-0.0298887
-0.0270177
-0.0243518
-0.0218794
-0.019591
-0.0174774
-0.0155314
-0.0137472
-0.0121196
-0.0106447
-0.00931989
-0.008144
-0.00711685
-0.00624079
-0.00551783
-0.00495591
-0.00456106
-0.00433929
-0.00434907
-0.00457108
-0.00496642
-0.00552906
-0.00625294
-0.00713012
-0.00815858
-0.00933597
-0.0106624
-0.0121391
-0.0137687
-0.015555
-0.0175031
-0.0175031
-0.0183476
-0.0205402
-0.0229084
-0.0254618
-0.0282112
-0.031169
-0.0343488
-0.0377665
-0.0414381
-0.0453834
-0.0496223
-0.0541758
-0.0590688
-0.064327
-0.0699779
-0.0760499
-0.0825731
-0.0895817
-0.0971016
-0.105157
-0.113801
-0.123053
-0.132854
-0.143258
-0.154417
-0.16608
-0.177766
-0.189716
-0.202462
)
;
    }
}


// ************************************************************************* //
