/*--------------------------------*- C++ -*----------------------------------*\
  =========                 |
  \\      /  F ield         | OpenFOAM: The Open Source CFD Toolbox
   \\    /   O peration     | Website:  https://openfoam.org
    \\  /    A nd           | Version:  7
     \\/     M anipulation  |
\*---------------------------------------------------------------------------*/
FoamFile
{
    version     2.0;
    format      ascii;
    class       labelList;
    note        "nPoints: 13266 nCells: 6386 nFaces: 25790 nInternalFaces: 12526";
    location    "constant/polyMesh";
    object      neighbour;
}
// * * * * * * * * * * * * * * * * * * * * * * * * * * * * * * * * * * * * * //


12526
(
1
2
3
4
5
6
6
7
8
8
10
9
11
12
11
14
12
15
13
16
17
15
18
16
19
17
20
21
19
23
20
24
21
25
22
26
27
24
29
25
30
26
31
27
32
28
33
34
30
36
31
37
32
38
33
39
34
40
35
41
42
37
44
38
45
39
46
40
47
41
48
42
49
43
50
51
45
53
46
54
47
55
48
56
49
57
50
58
51
59
52
60
61
54
63
55
64
56
65
57
66
58
67
59
68
60
69
61
70
62
71
72
64
73
65
74
66
75
67
76
68
77
69
78
70
79
71
80
72
81
82
1154
74
83
75
84
76
85
77
86
78
87
79
88
80
89
81
90
82
91
92
1153
84
93
85
94
86
95
87
96
88
97
89
98
90
99
91
100
92
101
102
1152
94
103
95
104
96
105
97
106
98
107
99
108
100
109
101
110
102
111
112
1151
104
113
105
114
106
115
107
116
108
117
109
118
110
119
111
120
112
121
122
1150
114
123
115
124
116
125
117
126
118
127
119
128
120
129
121
130
122
131
132
1149
124
133
125
134
126
135
127
136
128
137
129
138
130
139
131
140
132
141
142
1148
134
143
135
144
136
145
137
146
138
147
139
148
140
149
141
150
142
151
152
1147
144
153
145
154
146
155
147
156
148
157
149
158
150
159
151
160
152
161
162
1146
154
163
155
164
156
165
157
166
158
167
159
168
160
169
161
170
162
171
172
1145
164
173
165
174
166
175
167
176
168
177
169
178
170
179
171
180
172
181
182
1144
174
183
175
184
176
185
177
186
178
187
179
188
180
189
181
190
182
191
192
1646
184
193
185
194
186
195
187
196
188
197
189
198
190
199
191
200
192
201
202
1645
194
203
195
204
196
205
197
206
198
207
199
208
200
209
201
210
202
211
212
1644
204
213
205
214
206
215
207
216
208
217
209
218
210
219
211
220
212
221
222
1643
214
223
215
224
216
225
217
226
218
227
219
228
220
229
221
230
222
231
232
1642
224
233
225
234
226
235
227
236
228
237
229
238
230
239
231
240
232
241
242
1641
234
243
235
244
236
245
237
246
238
247
239
248
240
249
241
250
242
251
252
1640
244
253
245
254
246
255
247
256
248
257
249
258
250
259
251
260
252
261
262
1639
254
263
255
264
256
265
257
266
258
267
259
268
260
269
261
270
262
271
272
1638
264
273
265
274
266
275
267
276
268
277
269
278
270
279
271
280
272
281
282
1637
274
283
275
284
276
285
277
286
278
287
279
288
280
289
281
290
282
291
292
1636
284
293
285
294
286
295
287
296
288
297
289
298
290
299
291
300
292
301
302
1635
294
303
295
304
296
305
297
306
298
307
299
308
300
309
301
310
302
311
312
1634
304
313
305
314
306
315
307
316
308
317
309
318
310
319
311
320
312
321
322
1633
314
323
315
324
316
325
317
326
318
327
319
328
320
329
321
330
322
331
332
1632
324
333
325
334
326
335
327
336
328
337
329
338
330
339
331
340
332
341
342
1631
334
343
335
344
336
345
337
346
338
347
339
348
340
349
341
350
342
351
352
1630
344
353
345
354
346
355
347
356
348
357
349
358
350
359
351
360
352
361
362
1629
354
363
355
364
356
365
357
366
358
367
359
368
360
369
361
370
362
371
372
1628
364
373
365
374
366
375
367
376
368
377
369
378
370
379
371
380
372
381
382
1627
374
383
375
384
376
385
377
386
378
387
379
388
380
389
381
390
382
391
392
3768
384
393
385
394
386
395
387
396
388
397
389
398
390
399
391
400
392
401
402
3747
394
403
395
404
396
405
397
406
398
407
399
408
400
409
401
410
402
411
412
3726
404
413
405
414
406
415
407
416
408
417
409
418
410
419
411
420
412
421
422
3705
414
423
415
424
416
425
417
426
418
427
419
428
420
429
421
430
422
431
432
3684
424
433
425
434
426
435
427
436
428
437
429
438
430
439
431
440
432
441
442
3663
434
443
435
444
436
445
437
446
438
447
439
448
440
449
441
450
442
451
452
3642
444
453
445
454
446
455
447
456
448
457
449
458
450
459
451
460
452
461
462
3621
454
463
455
464
456
465
457
466
458
467
459
468
460
469
461
470
462
471
472
3600
464
473
465
474
466
475
467
476
468
477
469
478
470
479
471
480
472
481
482
3579
474
483
475
484
476
485
477
486
478
487
479
488
480
489
481
490
482
491
492
3558
484
493
485
494
486
495
487
496
488
497
489
498
490
499
491
500
492
501
502
3537
494
503
495
504
496
505
497
506
498
507
499
508
500
509
501
510
502
511
512
3516
504
513
505
514
506
515
507
516
508
517
509
518
510
519
511
520
512
521
522
3495
514
523
515
524
516
525
517
526
518
527
519
528
520
529
521
530
522
531
532
3474
524
533
525
534
526
535
527
536
528
537
529
538
530
539
531
540
532
541
542
3453
534
543
535
544
536
545
537
546
538
547
539
548
540
549
541
550
542
551
552
3432
544
553
545
554
546
555
547
556
548
557
549
558
550
559
551
560
552
561
562
3411
554
563
555
564
556
565
557
566
558
567
559
568
560
569
561
570
562
571
572
3390
564
573
565
574
566
575
567
576
568
577
569
578
570
579
571
580
572
581
582
3369
574
583
575
584
576
585
577
586
578
587
579
588
580
589
581
590
582
591
592
4188
584
593
585
594
586
595
587
596
588
597
589
598
590
599
591
600
592
601
602
4167
594
603
595
604
596
605
597
606
598
607
599
608
600
609
601
610
602
611
612
4146
604
613
605
614
606
615
607
616
608
617
609
618
610
619
611
620
612
621
622
4125
614
623
615
624
616
625
617
626
618
627
619
628
620
629
621
630
622
631
632
4104
624
633
625
634
626
635
627
636
628
637
629
638
630
639
631
640
632
641
642
4083
634
643
635
644
636
645
637
646
638
647
639
648
640
649
641
650
642
651
652
4062
644
653
645
654
646
655
647
656
648
657
649
658
650
659
651
660
652
661
662
4041
654
663
655
664
656
665
657
666
658
667
659
668
660
669
661
670
662
671
672
4020
664
673
665
674
666
675
667
676
668
677
669
678
670
679
671
680
672
681
682
3999
674
683
675
684
676
685
677
686
678
687
679
688
680
689
681
690
682
691
692
3978
684
693
685
694
686
695
687
696
688
697
689
698
690
699
691
700
692
701
702
3957
694
703
695
704
696
705
697
706
698
707
699
708
700
709
701
710
702
711
712
3936
704
713
705
714
706
715
707
716
708
717
709
718
710
719
711
720
712
721
722
3915
714
723
715
724
716
725
717
726
718
727
719
728
720
729
721
730
722
731
732
3894
724
733
725
734
726
735
727
736
728
737
729
738
730
739
731
740
732
741
742
3873
734
743
735
744
736
745
737
746
738
747
739
748
740
749
741
750
742
751
752
3852
744
753
745
754
746
755
747
756
748
757
749
758
750
759
751
760
752
761
762
3831
754
763
755
764
756
765
757
766
758
767
759
768
760
769
761
770
762
771
772
3810
764
773
765
774
766
775
767
776
768
777
769
778
770
779
771
780
772
781
782
3789
774
783
775
784
776
785
777
786
778
787
779
788
780
789
781
790
782
791
792
5891
784
793
785
794
786
795
787
796
788
797
789
798
790
799
791
800
792
801
802
5892
794
803
795
804
796
805
797
806
798
807
799
808
800
809
801
810
802
811
812
5893
804
813
805
814
806
815
807
816
808
817
809
818
810
819
811
820
812
821
822
5894
814
823
815
824
816
825
817
826
818
827
819
828
820
829
821
830
822
831
832
5895
824
833
825
834
826
835
827
836
828
837
829
838
830
839
831
840
832
841
842
5896
834
843
835
844
836
845
837
846
838
847
839
848
840
849
841
850
842
851
852
5897
844
853
845
854
846
855
847
856
848
857
849
858
850
859
851
860
852
861
862
5898
854
863
855
864
856
865
857
866
858
867
859
868
860
869
861
870
862
871
872
5899
864
873
865
874
866
875
867
876
868
877
869
878
870
879
871
880
872
881
882
5900
874
883
875
884
876
885
877
886
878
887
879
888
880
889
881
890
882
891
892
5901
884
893
885
894
886
895
887
896
888
897
889
898
890
899
891
900
892
901
902
5902
894
903
895
904
896
905
897
906
898
907
899
908
900
909
901
910
902
911
912
5903
904
913
905
914
906
915
907
916
908
917
909
918
910
919
911
920
912
921
922
5904
914
923
915
924
916
925
917
926
918
927
919
928
920
929
921
930
922
931
932
5905
924
933
925
934
926
935
927
936
928
937
929
938
930
939
931
940
932
941
942
5906
934
943
935
944
936
945
937
946
938
947
939
948
940
949
941
950
942
951
952
5907
944
953
945
954
946
955
947
956
948
957
949
958
950
959
951
960
952
961
962
5908
954
963
955
964
956
965
957
966
958
967
959
968
960
969
961
970
962
971
972
5909
964
973
965
974
966
975
967
976
968
977
969
978
970
979
971
980
972
981
982
5910
974
983
975
984
976
985
977
986
978
987
979
988
980
989
981
990
982
991
992
6375
984
993
985
994
986
995
987
996
988
997
989
998
990
999
991
1000
992
1001
1002
6376
994
1003
995
1004
996
1005
997
1006
998
1007
999
1008
1000
1009
1001
1010
1002
1011
1012
6377
1004
1013
1005
1014
1006
1015
1007
1016
1008
1017
1009
1018
1010
1019
1011
1020
1012
1021
1022
6378
1014
1023
1015
1024
1016
1025
1017
1026
1018
1027
1019
1028
1020
1029
1021
1030
1022
1031
1032
6379
1024
1033
1025
1034
1026
1035
1027
1036
1028
1037
1029
1038
1030
1039
1031
1040
1032
1041
1042
6380
1034
1043
1035
1044
1036
1045
1037
1046
1038
1047
1039
1048
1040
1049
1041
1050
1042
1051
1052
6381
1044
1053
1045
1054
1046
1055
1047
1056
1048
1057
1049
1058
1050
1059
1051
1060
1052
1061
1062
6382
1054
1063
1055
1064
1056
1065
1057
1066
1058
1067
1059
1068
1060
1069
1061
1070
1062
1071
1072
6383
1064
1073
1065
1074
1066
1075
1067
1076
1068
1077
1069
1078
1070
1079
1071
1080
1072
1081
1082
6384
1074
1083
1075
1084
1076
1085
1077
1086
1078
1087
1079
1088
1080
1089
1081
1090
1082
1091
1092
6385
1084
1093
1085
1094
1086
1095
1087
1096
1088
1097
1089
1098
1090
1099
1091
1100
1092
1094
1101
1095
1102
1096
1103
1097
1104
1098
1105
1099
1106
1100
1107
1108
1102
1109
1103
1110
1104
1111
1105
1112
1106
1113
1107
1114
1108
1115
1110
1116
1111
1117
1112
1118
1113
1119
1114
1120
1115
1121
1117
1122
1118
1123
1119
1124
1120
1125
1121
1126
1123
1127
1124
1128
1125
1129
1126
1130
1128
1131
1129
1132
1130
1133
1134
1132
1135
1133
1136
1134
1137
1136
1138
1137
1139
1139
1140
1141
1141
1142
1143
1145
1155
1646
1146
1156
1147
1157
1148
1158
1149
1159
1150
1160
1151
1161
1152
1162
1153
1163
1154
1164
1165
1156
1166
1666
1157
1167
1158
1168
1159
1169
1160
1170
1161
1171
1162
1172
1163
1173
1164
1174
1165
1175
1176
1167
1177
1686
1168
1178
1169
1179
1170
1180
1171
1181
1172
1182
1173
1183
1174
1184
1175
1185
1176
1186
1187
1178
1188
1706
1179
1189
1180
1190
1181
1191
1182
1192
1183
1193
1184
1194
1185
1195
1186
1196
1187
1197
1198
1189
1199
1726
1190
1200
1191
1201
1192
1202
1193
1203
1194
1204
1195
1205
1196
1206
1197
1207
1198
1208
1209
1200
1210
1746
1201
1211
1202
1212
1203
1213
1204
1214
1205
1215
1206
1216
1207
1217
1208
1218
1209
1219
1220
1211
1221
1766
1212
1222
1213
1223
1214
1224
1215
1225
1216
1226
1217
1227
1218
1228
1219
1229
1220
1230
1231
1222
1232
1786
1223
1233
1224
1234
1225
1235
1226
1236
1227
1237
1228
1238
1229
1239
1230
1240
1231
1241
1242
1233
1243
1806
1234
1244
1235
1245
1236
1246
1237
1247
1238
1248
1239
1249
1240
1250
1241
1251
1242
1252
1253
1244
1254
1826
1245
1255
1246
1256
1247
1257
1248
1258
1249
1259
1250
1260
1251
1261
1252
1262
1253
1263
1264
1255
1265
1846
1256
1266
1257
1267
1258
1268
1259
1269
1260
1270
1261
1271
1262
1272
1263
1273
1264
1274
1275
1266
1276
1866
1267
1277
1268
1278
1269
1279
1270
1280
1271
1281
1272
1282
1273
1283
1274
1284
1275
1285
1286
1277
1287
1886
1278
1288
1279
1289
1280
1290
1281
1291
1282
1292
1283
1293
1284
1294
1285
1295
1286
1296
1297
1288
1298
1906
1289
1299
1290
1300
1291
1301
1292
1302
1293
1303
1294
1304
1295
1305
1296
1306
1297
1307
1308
1299
1309
1926
1300
1310
1301
1311
1302
1312
1303
1313
1304
1314
1305
1315
1306
1316
1307
1317
1308
1318
1319
1310
1320
1946
1311
1321
1312
1322
1313
1323
1314
1324
1315
1325
1316
1326
1317
1327
1318
1328
1319
1329
1330
1321
1331
1966
1322
1332
1323
1333
1324
1334
1325
1335
1326
1336
1327
1337
1328
1338
1329
1339
1330
1340
1341
1332
1342
1986
1333
1343
1334
1344
1335
1345
1336
1346
1337
1347
1338
1348
1339
1349
1340
1350
1341
1351
1352
1343
1353
2006
1344
1354
1345
1355
1346
1356
1347
1357
1348
1358
1349
1359
1350
1360
1351
1361
1352
1362
1363
1354
1364
2026
1355
1365
1356
1366
1357
1367
1358
1368
1359
1369
1360
1370
1361
1371
1362
1372
1363
1373
1374
1365
1375
2046
1366
1376
1367
1377
1368
1378
1369
1379
1370
1380
1371
1381
1372
1382
1373
1383
1374
1384
1385
1376
1387
2066
1377
1388
1378
1389
1379
1390
1380
1391
1381
1392
1382
1393
1383
1394
1384
1395
1385
1396
1386
1397
1398
1388
1399
2086
1389
1400
1390
1401
1391
1402
1392
1403
1393
1404
1394
1405
1395
1406
1396
1407
1397
1408
1398
1409
1410
1400
1411
2106
1401
1412
1402
1413
1403
1414
1404
1415
1405
1416
1406
1417
1407
1418
1408
1419
1409
1420
1410
1421
1422
1412
1423
2126
1413
1424
1414
1425
1415
1426
1416
1427
1417
1428
1418
1429
1419
1430
1420
1431
1421
1432
1422
1433
1434
1424
1435
2146
1425
1436
1426
1437
1427
1438
1428
1439
1429
1440
1430
1441
1431
1442
1432
1443
1433
1444
1434
1445
1446
1436
1447
2166
1437
1448
1438
1449
1439
1450
1440
1451
1441
1452
1442
1453
1443
1454
1444
1455
1445
1456
1446
1457
1458
1448
1459
2186
1449
1460
1450
1461
1451
1462
1452
1463
1453
1464
1454
1465
1455
1466
1456
1467
1457
1468
1458
1469
1470
1460
1471
2206
1461
1472
1462
1473
1463
1474
1464
1475
1465
1476
1466
1477
1467
1478
1468
1479
1469
1480
1470
1481
1482
1472
1483
2226
1473
1484
1474
1485
1475
1486
1476
1487
1477
1488
1478
1489
1479
1490
1480
1491
1481
1492
1482
1493
1494
1484
1495
2246
1485
1496
1486
1497
1487
1498
1488
1499
1489
1500
1490
1501
1491
1502
1492
1503
1493
1504
1494
1505
1506
1496
1507
2266
1497
1508
1498
1509
1499
1510
1500
1511
1501
1512
1502
1513
1503
1514
1504
1515
1505
1516
1506
1517
1518
1508
1519
2286
1509
1520
1510
1521
1511
1522
1512
1523
1513
1524
1514
1525
1515
1526
1516
1527
1517
1528
1518
1529
1530
1520
1531
2306
1521
1532
1522
1533
1523
1534
1524
1535
1525
1536
1526
1537
1527
1538
1528
1539
1529
1540
1530
1541
1542
1532
1543
2326
1533
1544
1534
1545
1535
1546
1536
1547
1537
1548
1538
1549
1539
1550
1540
1551
1541
1552
1542
1553
1554
1544
1555
2346
1545
1556
1546
1557
1547
1558
1548
1559
1549
1560
1550
1561
1551
1562
1552
1563
1553
1564
1554
1565
1566
1556
1567
2366
1557
1568
1558
1569
1559
1570
1560
1571
1561
1572
1562
1573
1563
1574
1564
1575
1565
1576
1566
1577
1578
1568
1579
2386
1569
1580
1570
1581
1571
1582
1572
1583
1573
1584
1574
1585
1575
1586
1576
1587
1577
1588
1578
1589
1590
1580
1591
2406
1581
1592
1582
1593
1583
1594
1584
1595
1585
1596
1586
1597
1587
1598
1588
1599
1589
1600
1590
1601
1602
1592
1603
2426
1593
1604
1594
1605
1595
1606
1596
1607
1597
1608
1598
1609
1599
1610
1600
1611
1601
1612
1602
1613
1614
1604
1615
2446
1605
1616
1606
1617
1607
1618
1608
1619
1609
1620
1610
1621
1611
1622
1612
1623
1613
1624
1614
1625
1626
1616
2466
1617
1618
1619
1620
1621
1622
1623
1624
1625
1626
1628
1647
2487
1629
1648
1630
1649
1631
1650
1632
1651
1633
1652
1634
1653
1635
1654
1636
1655
1637
1656
1638
1657
1639
1658
1640
1659
1641
1660
1642
1661
1643
1662
1644
1663
1645
1664
1646
1665
1666
1648
1667
2508
1649
1668
1650
1669
1651
1670
1652
1671
1653
1672
1654
1673
1655
1674
1656
1675
1657
1676
1658
1677
1659
1678
1660
1679
1661
1680
1662
1681
1663
1682
1664
1683
1665
1684
1666
1685
1686
1668
1687
2529
1669
1688
1670
1689
1671
1690
1672
1691
1673
1692
1674
1693
1675
1694
1676
1695
1677
1696
1678
1697
1679
1698
1680
1699
1681
1700
1682
1701
1683
1702
1684
1703
1685
1704
1686
1705
1706
1688
1707
2550
1689
1708
1690
1709
1691
1710
1692
1711
1693
1712
1694
1713
1695
1714
1696
1715
1697
1716
1698
1717
1699
1718
1700
1719
1701
1720
1702
1721
1703
1722
1704
1723
1705
1724
1706
1725
1726
1708
1727
2571
1709
1728
1710
1729
1711
1730
1712
1731
1713
1732
1714
1733
1715
1734
1716
1735
1717
1736
1718
1737
1719
1738
1720
1739
1721
1740
1722
1741
1723
1742
1724
1743
1725
1744
1726
1745
1746
1728
1747
2592
1729
1748
1730
1749
1731
1750
1732
1751
1733
1752
1734
1753
1735
1754
1736
1755
1737
1756
1738
1757
1739
1758
1740
1759
1741
1760
1742
1761
1743
1762
1744
1763
1745
1764
1746
1765
1766
1748
1767
2613
1749
1768
1750
1769
1751
1770
1752
1771
1753
1772
1754
1773
1755
1774
1756
1775
1757
1776
1758
1777
1759
1778
1760
1779
1761
1780
1762
1781
1763
1782
1764
1783
1765
1784
1766
1785
1786
1768
1787
2634
1769
1788
1770
1789
1771
1790
1772
1791
1773
1792
1774
1793
1775
1794
1776
1795
1777
1796
1778
1797
1779
1798
1780
1799
1781
1800
1782
1801
1783
1802
1784
1803
1785
1804
1786
1805
1806
1788
1807
2655
1789
1808
1790
1809
1791
1810
1792
1811
1793
1812
1794
1813
1795
1814
1796
1815
1797
1816
1798
1817
1799
1818
1800
1819
1801
1820
1802
1821
1803
1822
1804
1823
1805
1824
1806
1825
1826
1808
1827
2676
1809
1828
1810
1829
1811
1830
1812
1831
1813
1832
1814
1833
1815
1834
1816
1835
1817
1836
1818
1837
1819
1838
1820
1839
1821
1840
1822
1841
1823
1842
1824
1843
1825
1844
1826
1845
1846
1828
1847
2697
1829
1848
1830
1849
1831
1850
1832
1851
1833
1852
1834
1853
1835
1854
1836
1855
1837
1856
1838
1857
1839
1858
1840
1859
1841
1860
1842
1861
1843
1862
1844
1863
1845
1864
1846
1865
1866
1848
1867
2718
1849
1868
1850
1869
1851
1870
1852
1871
1853
1872
1854
1873
1855
1874
1856
1875
1857
1876
1858
1877
1859
1878
1860
1879
1861
1880
1862
1881
1863
1882
1864
1883
1865
1884
1866
1885
1886
1868
1887
2739
1869
1888
1870
1889
1871
1890
1872
1891
1873
1892
1874
1893
1875
1894
1876
1895
1877
1896
1878
1897
1879
1898
1880
1899
1881
1900
1882
1901
1883
1902
1884
1903
1885
1904
1886
1905
1906
1888
1907
2760
1889
1908
1890
1909
1891
1910
1892
1911
1893
1912
1894
1913
1895
1914
1896
1915
1897
1916
1898
1917
1899
1918
1900
1919
1901
1920
1902
1921
1903
1922
1904
1923
1905
1924
1906
1925
1926
1908
1927
2781
1909
1928
1910
1929
1911
1930
1912
1931
1913
1932
1914
1933
1915
1934
1916
1935
1917
1936
1918
1937
1919
1938
1920
1939
1921
1940
1922
1941
1923
1942
1924
1943
1925
1944
1926
1945
1946
1928
1947
2802
1929
1948
1930
1949
1931
1950
1932
1951
1933
1952
1934
1953
1935
1954
1936
1955
1937
1956
1938
1957
1939
1958
1940
1959
1941
1960
1942
1961
1943
1962
1944
1963
1945
1964
1946
1965
1966
1948
1967
2823
1949
1968
1950
1969
1951
1970
1952
1971
1953
1972
1954
1973
1955
1974
1956
1975
1957
1976
1958
1977
1959
1978
1960
1979
1961
1980
1962
1981
1963
1982
1964
1983
1965
1984
1966
1985
1986
1968
1987
2844
1969
1988
1970
1989
1971
1990
1972
1991
1973
1992
1974
1993
1975
1994
1976
1995
1977
1996
1978
1997
1979
1998
1980
1999
1981
2000
1982
2001
1983
2002
1984
2003
1985
2004
1986
2005
2006
1988
2007
2865
1989
2008
1990
2009
1991
2010
1992
2011
1993
2012
1994
2013
1995
2014
1996
2015
1997
2016
1998
2017
1999
2018
2000
2019
2001
2020
2002
2021
2003
2022
2004
2023
2005
2024
2006
2025
2026
2008
2027
2886
2009
2028
2010
2029
2011
2030
2012
2031
2013
2032
2014
2033
2015
2034
2016
2035
2017
2036
2018
2037
2019
2038
2020
2039
2021
2040
2022
2041
2023
2042
2024
2043
2025
2044
2026
2045
2046
2028
2047
2907
2029
2048
2030
2049
2031
2050
2032
2051
2033
2052
2034
2053
2035
2054
2036
2055
2037
2056
2038
2057
2039
2058
2040
2059
2041
2060
2042
2061
2043
2062
2044
2063
2045
2064
2046
2065
2066
2048
2067
2928
2049
2068
2050
2069
2051
2070
2052
2071
2053
2072
2054
2073
2055
2074
2056
2075
2057
2076
2058
2077
2059
2078
2060
2079
2061
2080
2062
2081
2063
2082
2064
2083
2065
2084
2066
2085
2086
2068
2087
2949
2069
2088
2070
2089
2071
2090
2072
2091
2073
2092
2074
2093
2075
2094
2076
2095
2077
2096
2078
2097
2079
2098
2080
2099
2081
2100
2082
2101
2083
2102
2084
2103
2085
2104
2086
2105
2106
2088
2107
2970
2089
2108
2090
2109
2091
2110
2092
2111
2093
2112
2094
2113
2095
2114
2096
2115
2097
2116
2098
2117
2099
2118
2100
2119
2101
2120
2102
2121
2103
2122
2104
2123
2105
2124
2106
2125
2126
2108
2127
2991
2109
2128
2110
2129
2111
2130
2112
2131
2113
2132
2114
2133
2115
2134
2116
2135
2117
2136
2118
2137
2119
2138
2120
2139
2121
2140
2122
2141
2123
2142
2124
2143
2125
2144
2126
2145
2146
2128
2147
3012
2129
2148
2130
2149
2131
2150
2132
2151
2133
2152
2134
2153
2135
2154
2136
2155
2137
2156
2138
2157
2139
2158
2140
2159
2141
2160
2142
2161
2143
2162
2144
2163
2145
2164
2146
2165
2166
2148
2167
3033
2149
2168
2150
2169
2151
2170
2152
2171
2153
2172
2154
2173
2155
2174
2156
2175
2157
2176
2158
2177
2159
2178
2160
2179
2161
2180
2162
2181
2163
2182
2164
2183
2165
2184
2166
2185
2186
2168
2187
3054
2169
2188
2170
2189
2171
2190
2172
2191
2173
2192
2174
2193
2175
2194
2176
2195
2177
2196
2178
2197
2179
2198
2180
2199
2181
2200
2182
2201
2183
2202
2184
2203
2185
2204
2186
2205
2206
2188
2207
3075
2189
2208
2190
2209
2191
2210
2192
2211
2193
2212
2194
2213
2195
2214
2196
2215
2197
2216
2198
2217
2199
2218
2200
2219
2201
2220
2202
2221
2203
2222
2204
2223
2205
2224
2206
2225
2226
2208
2227
3096
2209
2228
2210
2229
2211
2230
2212
2231
2213
2232
2214
2233
2215
2234
2216
2235
2217
2236
2218
2237
2219
2238
2220
2239
2221
2240
2222
2241
2223
2242
2224
2243
2225
2244
2226
2245
2246
2228
2247
3117
2229
2248
2230
2249
2231
2250
2232
2251
2233
2252
2234
2253
2235
2254
2236
2255
2237
2256
2238
2257
2239
2258
2240
2259
2241
2260
2242
2261
2243
2262
2244
2263
2245
2264
2246
2265
2266
2248
2267
3138
2249
2268
2250
2269
2251
2270
2252
2271
2253
2272
2254
2273
2255
2274
2256
2275
2257
2276
2258
2277
2259
2278
2260
2279
2261
2280
2262
2281
2263
2282
2264
2283
2265
2284
2266
2285
2286
2268
2287
3159
2269
2288
2270
2289
2271
2290
2272
2291
2273
2292
2274
2293
2275
2294
2276
2295
2277
2296
2278
2297
2279
2298
2280
2299
2281
2300
2282
2301
2283
2302
2284
2303
2285
2304
2286
2305
2306
2288
2307
3180
2289
2308
2290
2309
2291
2310
2292
2311
2293
2312
2294
2313
2295
2314
2296
2315
2297
2316
2298
2317
2299
2318
2300
2319
2301
2320
2302
2321
2303
2322
2304
2323
2305
2324
2306
2325
2326
2308
2327
3201
2309
2328
2310
2329
2311
2330
2312
2331
2313
2332
2314
2333
2315
2334
2316
2335
2317
2336
2318
2337
2319
2338
2320
2339
2321
2340
2322
2341
2323
2342
2324
2343
2325
2344
2326
2345
2346
2328
2347
3222
2329
2348
2330
2349
2331
2350
2332
2351
2333
2352
2334
2353
2335
2354
2336
2355
2337
2356
2338
2357
2339
2358
2340
2359
2341
2360
2342
2361
2343
2362
2344
2363
2345
2364
2346
2365
2366
2348
2367
3243
2349
2368
2350
2369
2351
2370
2352
2371
2353
2372
2354
2373
2355
2374
2356
2375
2357
2376
2358
2377
2359
2378
2360
2379
2361
2380
2362
2381
2363
2382
2364
2383
2365
2384
2366
2385
2386
2368
2387
3264
2369
2388
2370
2389
2371
2390
2372
2391
2373
2392
2374
2393
2375
2394
2376
2395
2377
2396
2378
2397
2379
2398
2380
2399
2381
2400
2382
2401
2383
2402
2384
2403
2385
2404
2386
2405
2406
2388
2407
3285
2389
2408
2390
2409
2391
2410
2392
2411
2393
2412
2394
2413
2395
2414
2396
2415
2397
2416
2398
2417
2399
2418
2400
2419
2401
2420
2402
2421
2403
2422
2404
2423
2405
2424
2406
2425
2426
2408
2427
3306
2409
2428
2410
2429
2411
2430
2412
2431
2413
2432
2414
2433
2415
2434
2416
2435
2417
2436
2418
2437
2419
2438
2420
2439
2421
2440
2422
2441
2423
2442
2424
2443
2425
2444
2426
2445
2446
2428
2447
3327
2429
2448
2430
2449
2431
2450
2432
2451
2433
2452
2434
2453
2435
2454
2436
2455
2437
2456
2438
2457
2439
2458
2440
2459
2441
2460
2442
2461
2443
2462
2444
2463
2445
2464
2446
2465
2466
2448
3348
2449
2450
2451
2452
2453
2454
2455
2456
2457
2458
2459
2460
2461
2462
2463
2464
2465
2466
2468
2488
3748
2469
2489
3749
2470
2490
3750
2471
2491
3751
2472
2492
3752
2473
2493
3753
2474
2494
3754
2475
2495
3755
2476
2496
3756
2477
2497
3757
2478
2498
3758
2479
2499
3759
2480
2500
3760
2481
2501
3761
2482
2502
3762
2483
2503
3763
2484
2504
3764
2485
2505
3765
2486
2506
3766
2487
2507
3767
2508
3768
2489
2509
2490
2510
2491
2511
2492
2512
2493
2513
2494
2514
2495
2515
2496
2516
2497
2517
2498
2518
2499
2519
2500
2520
2501
2521
2502
2522
2503
2523
2504
2524
2505
2525
2506
2526
2507
2527
2508
2528
2529
2510
2530
2511
2531
2512
2532
2513
2533
2514
2534
2515
2535
2516
2536
2517
2537
2518
2538
2519
2539
2520
2540
2521
2541
2522
2542
2523
2543
2524
2544
2525
2545
2526
2546
2527
2547
2528
2548
2529
2549
2550
2531
2551
2532
2552
2533
2553
2534
2554
2535
2555
2536
2556
2537
2557
2538
2558
2539
2559
2540
2560
2541
2561
2542
2562
2543
2563
2544
2564
2545
2565
2546
2566
2547
2567
2548
2568
2549
2569
2550
2570
2571
2552
2572
2553
2573
2554
2574
2555
2575
2556
2576
2557
2577
2558
2578
2559
2579
2560
2580
2561
2581
2562
2582
2563
2583
2564
2584
2565
2585
2566
2586
2567
2587
2568
2588
2569
2589
2570
2590
2571
2591
2592
2573
2593
2574
2594
2575
2595
2576
2596
2577
2597
2578
2598
2579
2599
2580
2600
2581
2601
2582
2602
2583
2603
2584
2604
2585
2605
2586
2606
2587
2607
2588
2608
2589
2609
2590
2610
2591
2611
2592
2612
2613
2594
2614
2595
2615
2596
2616
2597
2617
2598
2618
2599
2619
2600
2620
2601
2621
2602
2622
2603
2623
2604
2624
2605
2625
2606
2626
2607
2627
2608
2628
2609
2629
2610
2630
2611
2631
2612
2632
2613
2633
2634
2615
2635
2616
2636
2617
2637
2618
2638
2619
2639
2620
2640
2621
2641
2622
2642
2623
2643
2624
2644
2625
2645
2626
2646
2627
2647
2628
2648
2629
2649
2630
2650
2631
2651
2632
2652
2633
2653
2634
2654
2655
2636
2656
2637
2657
2638
2658
2639
2659
2640
2660
2641
2661
2642
2662
2643
2663
2644
2664
2645
2665
2646
2666
2647
2667
2648
2668
2649
2669
2650
2670
2651
2671
2652
2672
2653
2673
2654
2674
2655
2675
2676
2657
2677
2658
2678
2659
2679
2660
2680
2661
2681
2662
2682
2663
2683
2664
2684
2665
2685
2666
2686
2667
2687
2668
2688
2669
2689
2670
2690
2671
2691
2672
2692
2673
2693
2674
2694
2675
2695
2676
2696
2697
2678
2698
2679
2699
2680
2700
2681
2701
2682
2702
2683
2703
2684
2704
2685
2705
2686
2706
2687
2707
2688
2708
2689
2709
2690
2710
2691
2711
2692
2712
2693
2713
2694
2714
2695
2715
2696
2716
2697
2717
2718
2699
2719
2700
2720
2701
2721
2702
2722
2703
2723
2704
2724
2705
2725
2706
2726
2707
2727
2708
2728
2709
2729
2710
2730
2711
2731
2712
2732
2713
2733
2714
2734
2715
2735
2716
2736
2717
2737
2718
2738
2739
2720
2740
2721
2741
2722
2742
2723
2743
2724
2744
2725
2745
2726
2746
2727
2747
2728
2748
2729
2749
2730
2750
2731
2751
2732
2752
2733
2753
2734
2754
2735
2755
2736
2756
2737
2757
2738
2758
2739
2759
2760
2741
2761
2742
2762
2743
2763
2744
2764
2745
2765
2746
2766
2747
2767
2748
2768
2749
2769
2750
2770
2751
2771
2752
2772
2753
2773
2754
2774
2755
2775
2756
2776
2757
2777
2758
2778
2759
2779
2760
2780
2781
2762
2782
2763
2783
2764
2784
2765
2785
2766
2786
2767
2787
2768
2788
2769
2789
2770
2790
2771
2791
2772
2792
2773
2793
2774
2794
2775
2795
2776
2796
2777
2797
2778
2798
2779
2799
2780
2800
2781
2801
2802
2783
2803
2784
2804
2785
2805
2786
2806
2787
2807
2788
2808
2789
2809
2790
2810
2791
2811
2792
2812
2793
2813
2794
2814
2795
2815
2796
2816
2797
2817
2798
2818
2799
2819
2800
2820
2801
2821
2802
2822
2823
2804
2824
2805
2825
2806
2826
2807
2827
2808
2828
2809
2829
2810
2830
2811
2831
2812
2832
2813
2833
2814
2834
2815
2835
2816
2836
2817
2837
2818
2838
2819
2839
2820
2840
2821
2841
2822
2842
2823
2843
2844
2825
2845
2826
2846
2827
2847
2828
2848
2829
2849
2830
2850
2831
2851
2832
2852
2833
2853
2834
2854
2835
2855
2836
2856
2837
2857
2838
2858
2839
2859
2840
2860
2841
2861
2842
2862
2843
2863
2844
2864
2865
2846
2866
2847
2867
2848
2868
2849
2869
2850
2870
2851
2871
2852
2872
2853
2873
2854
2874
2855
2875
2856
2876
2857
2877
2858
2878
2859
2879
2860
2880
2861
2881
2862
2882
2863
2883
2864
2884
2865
2885
2886
2867
2887
2868
2888
2869
2889
2870
2890
2871
2891
2872
2892
2873
2893
2874
2894
2875
2895
2876
2896
2877
2897
2878
2898
2879
2899
2880
2900
2881
2901
2882
2902
2883
2903
2884
2904
2885
2905
2886
2906
2907
2888
2908
2889
2909
2890
2910
2891
2911
2892
2912
2893
2913
2894
2914
2895
2915
2896
2916
2897
2917
2898
2918
2899
2919
2900
2920
2901
2921
2902
2922
2903
2923
2904
2924
2905
2925
2906
2926
2907
2927
2928
2909
2929
2910
2930
2911
2931
2912
2932
2913
2933
2914
2934
2915
2935
2916
2936
2917
2937
2918
2938
2919
2939
2920
2940
2921
2941
2922
2942
2923
2943
2924
2944
2925
2945
2926
2946
2927
2947
2928
2948
2949
2930
2950
2931
2951
2932
2952
2933
2953
2934
2954
2935
2955
2936
2956
2937
2957
2938
2958
2939
2959
2940
2960
2941
2961
2942
2962
2943
2963
2944
2964
2945
2965
2946
2966
2947
2967
2948
2968
2949
2969
2970
2951
2971
2952
2972
2953
2973
2954
2974
2955
2975
2956
2976
2957
2977
2958
2978
2959
2979
2960
2980
2961
2981
2962
2982
2963
2983
2964
2984
2965
2985
2966
2986
2967
2987
2968
2988
2969
2989
2970
2990
2991
2972
2992
2973
2993
2974
2994
2975
2995
2976
2996
2977
2997
2978
2998
2979
2999
2980
3000
2981
3001
2982
3002
2983
3003
2984
3004
2985
3005
2986
3006
2987
3007
2988
3008
2989
3009
2990
3010
2991
3011
3012
2993
3013
2994
3014
2995
3015
2996
3016
2997
3017
2998
3018
2999
3019
3000
3020
3001
3021
3002
3022
3003
3023
3004
3024
3005
3025
3006
3026
3007
3027
3008
3028
3009
3029
3010
3030
3011
3031
3012
3032
3033
3014
3034
3015
3035
3016
3036
3017
3037
3018
3038
3019
3039
3020
3040
3021
3041
3022
3042
3023
3043
3024
3044
3025
3045
3026
3046
3027
3047
3028
3048
3029
3049
3030
3050
3031
3051
3032
3052
3033
3053
3054
3035
3055
3036
3056
3037
3057
3038
3058
3039
3059
3040
3060
3041
3061
3042
3062
3043
3063
3044
3064
3045
3065
3046
3066
3047
3067
3048
3068
3049
3069
3050
3070
3051
3071
3052
3072
3053
3073
3054
3074
3075
3056
3076
3057
3077
3058
3078
3059
3079
3060
3080
3061
3081
3062
3082
3063
3083
3064
3084
3065
3085
3066
3086
3067
3087
3068
3088
3069
3089
3070
3090
3071
3091
3072
3092
3073
3093
3074
3094
3075
3095
3096
3077
3097
3078
3098
3079
3099
3080
3100
3081
3101
3082
3102
3083
3103
3084
3104
3085
3105
3086
3106
3087
3107
3088
3108
3089
3109
3090
3110
3091
3111
3092
3112
3093
3113
3094
3114
3095
3115
3096
3116
3117
3098
3118
3099
3119
3100
3120
3101
3121
3102
3122
3103
3123
3104
3124
3105
3125
3106
3126
3107
3127
3108
3128
3109
3129
3110
3130
3111
3131
3112
3132
3113
3133
3114
3134
3115
3135
3116
3136
3117
3137
3138
3119
3139
3120
3140
3121
3141
3122
3142
3123
3143
3124
3144
3125
3145
3126
3146
3127
3147
3128
3148
3129
3149
3130
3150
3131
3151
3132
3152
3133
3153
3134
3154
3135
3155
3136
3156
3137
3157
3138
3158
3159
3140
3160
3141
3161
3142
3162
3143
3163
3144
3164
3145
3165
3146
3166
3147
3167
3148
3168
3149
3169
3150
3170
3151
3171
3152
3172
3153
3173
3154
3174
3155
3175
3156
3176
3157
3177
3158
3178
3159
3179
3180
3161
3181
3162
3182
3163
3183
3164
3184
3165
3185
3166
3186
3167
3187
3168
3188
3169
3189
3170
3190
3171
3191
3172
3192
3173
3193
3174
3194
3175
3195
3176
3196
3177
3197
3178
3198
3179
3199
3180
3200
3201
3182
3202
3183
3203
3184
3204
3185
3205
3186
3206
3187
3207
3188
3208
3189
3209
3190
3210
3191
3211
3192
3212
3193
3213
3194
3214
3195
3215
3196
3216
3197
3217
3198
3218
3199
3219
3200
3220
3201
3221
3222
3203
3223
3204
3224
3205
3225
3206
3226
3207
3227
3208
3228
3209
3229
3210
3230
3211
3231
3212
3232
3213
3233
3214
3234
3215
3235
3216
3236
3217
3237
3218
3238
3219
3239
3220
3240
3221
3241
3222
3242
3243
3224
3244
3225
3245
3226
3246
3227
3247
3228
3248
3229
3249
3230
3250
3231
3251
3232
3252
3233
3253
3234
3254
3235
3255
3236
3256
3237
3257
3238
3258
3239
3259
3240
3260
3241
3261
3242
3262
3243
3263
3264
3245
3265
3246
3266
3247
3267
3248
3268
3249
3269
3250
3270
3251
3271
3252
3272
3253
3273
3254
3274
3255
3275
3256
3276
3257
3277
3258
3278
3259
3279
3260
3280
3261
3281
3262
3282
3263
3283
3264
3284
3285
3266
3286
3267
3287
3268
3288
3269
3289
3270
3290
3271
3291
3272
3292
3273
3293
3274
3294
3275
3295
3276
3296
3277
3297
3278
3298
3279
3299
3280
3300
3281
3301
3282
3302
3283
3303
3284
3304
3285
3305
3306
3287
3307
3288
3308
3289
3309
3290
3310
3291
3311
3292
3312
3293
3313
3294
3314
3295
3315
3296
3316
3297
3317
3298
3318
3299
3319
3300
3320
3301
3321
3302
3322
3303
3323
3304
3324
3305
3325
3306
3326
3327
3308
3328
3309
3329
3310
3330
3311
3331
3312
3332
3313
3333
3314
3334
3315
3335
3316
3336
3317
3337
3318
3338
3319
3339
3320
3340
3321
3341
3322
3342
3323
3343
3324
3344
3325
3345
3326
3346
3327
3347
3348
3329
3330
3331
3332
3333
3334
3335
3336
3337
3338
3339
3340
3341
3342
3343
3344
3345
3346
3347
3348
3350
3370
4168
3351
3371
4169
3352
3372
4170
3353
3373
4171
3354
3374
4172
3355
3375
4173
3356
3376
4174
3357
3377
4175
3358
3378
4176
3359
3379
4177
3360
3380
4178
3361
3381
4179
3362
3382
4180
3363
3383
4181
3364
3384
4182
3365
3385
4183
3366
3386
4184
3367
3387
4185
3368
3388
4186
3369
3389
4187
3390
4188
3371
3391
3372
3392
3373
3393
3374
3394
3375
3395
3376
3396
3377
3397
3378
3398
3379
3399
3380
3400
3381
3401
3382
3402
3383
3403
3384
3404
3385
3405
3386
3406
3387
3407
3388
3408
3389
3409
3390
3410
3411
3392
3412
3393
3413
3394
3414
3395
3415
3396
3416
3397
3417
3398
3418
3399
3419
3400
3420
3401
3421
3402
3422
3403
3423
3404
3424
3405
3425
3406
3426
3407
3427
3408
3428
3409
3429
3410
3430
3411
3431
3432
3413
3433
3414
3434
3415
3435
3416
3436
3417
3437
3418
3438
3419
3439
3420
3440
3421
3441
3422
3442
3423
3443
3424
3444
3425
3445
3426
3446
3427
3447
3428
3448
3429
3449
3430
3450
3431
3451
3432
3452
3453
3434
3454
3435
3455
3436
3456
3437
3457
3438
3458
3439
3459
3440
3460
3441
3461
3442
3462
3443
3463
3444
3464
3445
3465
3446
3466
3447
3467
3448
3468
3449
3469
3450
3470
3451
3471
3452
3472
3453
3473
3474
3455
3475
3456
3476
3457
3477
3458
3478
3459
3479
3460
3480
3461
3481
3462
3482
3463
3483
3464
3484
3465
3485
3466
3486
3467
3487
3468
3488
3469
3489
3470
3490
3471
3491
3472
3492
3473
3493
3474
3494
3495
3476
3496
3477
3497
3478
3498
3479
3499
3480
3500
3481
3501
3482
3502
3483
3503
3484
3504
3485
3505
3486
3506
3487
3507
3488
3508
3489
3509
3490
3510
3491
3511
3492
3512
3493
3513
3494
3514
3495
3515
3516
3497
3517
3498
3518
3499
3519
3500
3520
3501
3521
3502
3522
3503
3523
3504
3524
3505
3525
3506
3526
3507
3527
3508
3528
3509
3529
3510
3530
3511
3531
3512
3532
3513
3533
3514
3534
3515
3535
3516
3536
3537
3518
3538
3519
3539
3520
3540
3521
3541
3522
3542
3523
3543
3524
3544
3525
3545
3526
3546
3527
3547
3528
3548
3529
3549
3530
3550
3531
3551
3532
3552
3533
3553
3534
3554
3535
3555
3536
3556
3537
3557
3558
3539
3559
3540
3560
3541
3561
3542
3562
3543
3563
3544
3564
3545
3565
3546
3566
3547
3567
3548
3568
3549
3569
3550
3570
3551
3571
3552
3572
3553
3573
3554
3574
3555
3575
3556
3576
3557
3577
3558
3578
3579
3560
3580
3561
3581
3562
3582
3563
3583
3564
3584
3565
3585
3566
3586
3567
3587
3568
3588
3569
3589
3570
3590
3571
3591
3572
3592
3573
3593
3574
3594
3575
3595
3576
3596
3577
3597
3578
3598
3579
3599
3600
3581
3601
3582
3602
3583
3603
3584
3604
3585
3605
3586
3606
3587
3607
3588
3608
3589
3609
3590
3610
3591
3611
3592
3612
3593
3613
3594
3614
3595
3615
3596
3616
3597
3617
3598
3618
3599
3619
3600
3620
3621
3602
3622
3603
3623
3604
3624
3605
3625
3606
3626
3607
3627
3608
3628
3609
3629
3610
3630
3611
3631
3612
3632
3613
3633
3614
3634
3615
3635
3616
3636
3617
3637
3618
3638
3619
3639
3620
3640
3621
3641
3642
3623
3643
3624
3644
3625
3645
3626
3646
3627
3647
3628
3648
3629
3649
3630
3650
3631
3651
3632
3652
3633
3653
3634
3654
3635
3655
3636
3656
3637
3657
3638
3658
3639
3659
3640
3660
3641
3661
3642
3662
3663
3644
3664
3645
3665
3646
3666
3647
3667
3648
3668
3649
3669
3650
3670
3651
3671
3652
3672
3653
3673
3654
3674
3655
3675
3656
3676
3657
3677
3658
3678
3659
3679
3660
3680
3661
3681
3662
3682
3663
3683
3684
3665
3685
3666
3686
3667
3687
3668
3688
3669
3689
3670
3690
3671
3691
3672
3692
3673
3693
3674
3694
3675
3695
3676
3696
3677
3697
3678
3698
3679
3699
3680
3700
3681
3701
3682
3702
3683
3703
3684
3704
3705
3686
3706
3687
3707
3688
3708
3689
3709
3690
3710
3691
3711
3692
3712
3693
3713
3694
3714
3695
3715
3696
3716
3697
3717
3698
3718
3699
3719
3700
3720
3701
3721
3702
3722
3703
3723
3704
3724
3705
3725
3726
3707
3727
3708
3728
3709
3729
3710
3730
3711
3731
3712
3732
3713
3733
3714
3734
3715
3735
3716
3736
3717
3737
3718
3738
3719
3739
3720
3740
3721
3741
3722
3742
3723
3743
3724
3744
3725
3745
3726
3746
3747
3728
3748
3729
3749
3730
3750
3731
3751
3732
3752
3733
3753
3734
3754
3735
3755
3736
3756
3737
3757
3738
3758
3739
3759
3740
3760
3741
3761
3742
3762
3743
3763
3744
3764
3745
3765
3746
3766
3747
3767
3768
3749
3750
3751
3752
3753
3754
3755
3756
3757
3758
3759
3760
3761
3762
3763
3764
3765
3766
3767
3768
3770
3790
5050
3771
3791
5051
3772
3792
5052
3773
3793
5053
3774
3794
5054
3775
3795
5055
3776
3796
5056
3777
3797
5057
3778
3798
5058
3779
3799
5059
3780
3800
5060
3781
3801
5061
3782
3802
5062
3783
3803
5063
3784
3804
5064
3785
3805
5065
3786
3806
5066
3787
3807
5067
3788
3808
5068
3789
3809
5069
3810
5070
3791
3811
3792
3812
3793
3813
3794
3814
3795
3815
3796
3816
3797
3817
3798
3818
3799
3819
3800
3820
3801
3821
3802
3822
3803
3823
3804
3824
3805
3825
3806
3826
3807
3827
3808
3828
3809
3829
3810
3830
3831
3812
3832
3813
3833
3814
3834
3815
3835
3816
3836
3817
3837
3818
3838
3819
3839
3820
3840
3821
3841
3822
3842
3823
3843
3824
3844
3825
3845
3826
3846
3827
3847
3828
3848
3829
3849
3830
3850
3831
3851
3852
3833
3853
3834
3854
3835
3855
3836
3856
3837
3857
3838
3858
3839
3859
3840
3860
3841
3861
3842
3862
3843
3863
3844
3864
3845
3865
3846
3866
3847
3867
3848
3868
3849
3869
3850
3870
3851
3871
3852
3872
3873
3854
3874
3855
3875
3856
3876
3857
3877
3858
3878
3859
3879
3860
3880
3861
3881
3862
3882
3863
3883
3864
3884
3865
3885
3866
3886
3867
3887
3868
3888
3869
3889
3870
3890
3871
3891
3872
3892
3873
3893
3894
3875
3895
3876
3896
3877
3897
3878
3898
3879
3899
3880
3900
3881
3901
3882
3902
3883
3903
3884
3904
3885
3905
3886
3906
3887
3907
3888
3908
3889
3909
3890
3910
3891
3911
3892
3912
3893
3913
3894
3914
3915
3896
3916
3897
3917
3898
3918
3899
3919
3900
3920
3901
3921
3902
3922
3903
3923
3904
3924
3905
3925
3906
3926
3907
3927
3908
3928
3909
3929
3910
3930
3911
3931
3912
3932
3913
3933
3914
3934
3915
3935
3936
3917
3937
3918
3938
3919
3939
3920
3940
3921
3941
3922
3942
3923
3943
3924
3944
3925
3945
3926
3946
3927
3947
3928
3948
3929
3949
3930
3950
3931
3951
3932
3952
3933
3953
3934
3954
3935
3955
3936
3956
3957
3938
3958
3939
3959
3940
3960
3941
3961
3942
3962
3943
3963
3944
3964
3945
3965
3946
3966
3947
3967
3948
3968
3949
3969
3950
3970
3951
3971
3952
3972
3953
3973
3954
3974
3955
3975
3956
3976
3957
3977
3978
3959
3979
3960
3980
3961
3981
3962
3982
3963
3983
3964
3984
3965
3985
3966
3986
3967
3987
3968
3988
3969
3989
3970
3990
3971
3991
3972
3992
3973
3993
3974
3994
3975
3995
3976
3996
3977
3997
3978
3998
3999
3980
4000
3981
4001
3982
4002
3983
4003
3984
4004
3985
4005
3986
4006
3987
4007
3988
4008
3989
4009
3990
4010
3991
4011
3992
4012
3993
4013
3994
4014
3995
4015
3996
4016
3997
4017
3998
4018
3999
4019
4020
4001
4021
4002
4022
4003
4023
4004
4024
4005
4025
4006
4026
4007
4027
4008
4028
4009
4029
4010
4030
4011
4031
4012
4032
4013
4033
4014
4034
4015
4035
4016
4036
4017
4037
4018
4038
4019
4039
4020
4040
4041
4022
4042
4023
4043
4024
4044
4025
4045
4026
4046
4027
4047
4028
4048
4029
4049
4030
4050
4031
4051
4032
4052
4033
4053
4034
4054
4035
4055
4036
4056
4037
4057
4038
4058
4039
4059
4040
4060
4041
4061
4062
4043
4063
4044
4064
4045
4065
4046
4066
4047
4067
4048
4068
4049
4069
4050
4070
4051
4071
4052
4072
4053
4073
4054
4074
4055
4075
4056
4076
4057
4077
4058
4078
4059
4079
4060
4080
4061
4081
4062
4082
4083
4064
4084
4065
4085
4066
4086
4067
4087
4068
4088
4069
4089
4070
4090
4071
4091
4072
4092
4073
4093
4074
4094
4075
4095
4076
4096
4077
4097
4078
4098
4079
4099
4080
4100
4081
4101
4082
4102
4083
4103
4104
4085
4105
4086
4106
4087
4107
4088
4108
4089
4109
4090
4110
4091
4111
4092
4112
4093
4113
4094
4114
4095
4115
4096
4116
4097
4117
4098
4118
4099
4119
4100
4120
4101
4121
4102
4122
4103
4123
4104
4124
4125
4106
4126
4107
4127
4108
4128
4109
4129
4110
4130
4111
4131
4112
4132
4113
4133
4114
4134
4115
4135
4116
4136
4117
4137
4118
4138
4119
4139
4120
4140
4121
4141
4122
4142
4123
4143
4124
4144
4125
4145
4146
4127
4147
4128
4148
4129
4149
4130
4150
4131
4151
4132
4152
4133
4153
4134
4154
4135
4155
4136
4156
4137
4157
4138
4158
4139
4159
4140
4160
4141
4161
4142
4162
4143
4163
4144
4164
4145
4165
4146
4166
4167
4148
4168
4149
4169
4150
4170
4151
4171
4152
4172
4153
4173
4154
4174
4155
4175
4156
4176
4157
4177
4158
4178
4159
4179
4160
4180
4161
4181
4162
4182
4163
4183
4164
4184
4165
4185
4166
4186
4167
4187
4188
4169
4170
4171
4172
4173
4174
4175
4176
4177
4178
4179
4180
4181
4182
4183
4184
4185
4186
4187
4188
4190
4210
4191
4211
4192
4212
4193
4213
4194
4214
4195
4215
4196
4216
4197
4217
4198
4218
4199
4219
4200
4220
4201
4221
4202
4222
4203
4223
4204
4224
4205
4225
4206
4226
4207
4227
4208
4228
4209
4229
4230
5071
4211
4231
4212
4232
4213
4233
4214
4234
4215
4235
4216
4236
4217
4237
4218
4238
4219
4239
4220
4240
4221
4241
4222
4242
4223
4243
4224
4244
4225
4245
4226
4246
4227
4247
4228
4248
4229
4249
4230
4250
4251
5091
4232
4252
4233
4253
4234
4254
4235
4255
4236
4256
4237
4257
4238
4258
4239
4259
4240
4260
4241
4261
4242
4262
4243
4263
4244
4264
4245
4265
4246
4266
4247
4267
4248
4268
4249
4269
4250
4270
4251
4271
4272
5111
4253
4273
4254
4274
4255
4275
4256
4276
4257
4277
4258
4278
4259
4279
4260
4280
4261
4281
4262
4282
4263
4283
4264
4284
4265
4285
4266
4286
4267
4287
4268
4288
4269
4289
4270
4290
4271
4291
4272
4292
4293
5131
4274
4294
4275
4295
4276
4296
4277
4297
4278
4298
4279
4299
4280
4300
4281
4301
4282
4302
4283
4303
4284
4304
4285
4305
4286
4306
4287
4307
4288
4308
4289
4309
4290
4310
4291
4311
4292
4312
4293
4313
4314
5151
4295
4315
4296
4316
4297
4317
4298
4318
4299
4319
4300
4320
4301
4321
4302
4322
4303
4323
4304
4324
4305
4325
4306
4326
4307
4327
4308
4328
4309
4329
4310
4330
4311
4331
4312
4332
4313
4333
4314
4334
4335
5171
4316
4336
4317
4337
4318
4338
4319
4339
4320
4340
4321
4341
4322
4342
4323
4343
4324
4344
4325
4345
4326
4346
4327
4347
4328
4348
4329
4349
4330
4350
4331
4351
4332
4352
4333
4353
4334
4354
4335
4355
4356
5191
4337
4357
4338
4358
4339
4359
4340
4360
4341
4361
4342
4362
4343
4363
4344
4364
4345
4365
4346
4366
4347
4367
4348
4368
4349
4369
4350
4370
4351
4371
4352
4372
4353
4373
4354
4374
4355
4375
4356
4376
4377
5211
4358
4378
4359
4379
4360
4380
4361
4381
4362
4382
4363
4383
4364
4384
4365
4385
4366
4386
4367
4387
4368
4388
4369
4389
4370
4390
4371
4391
4372
4392
4373
4393
4374
4394
4375
4395
4376
4396
4377
4397
4398
5231
4379
4399
4380
4400
4381
4401
4382
4402
4383
4403
4384
4404
4385
4405
4386
4406
4387
4407
4388
4408
4389
4409
4390
4410
4391
4411
4392
4412
4393
4413
4394
4414
4395
4415
4396
4416
4397
4417
4398
4418
4419
5251
4400
4420
4401
4421
4402
4422
4403
4423
4404
4424
4405
4425
4406
4426
4407
4427
4408
4428
4409
4429
4410
4430
4411
4431
4412
4432
4413
4433
4414
4434
4415
4435
4416
4436
4417
4437
4418
4438
4419
4439
4440
5271
4421
4441
4422
4442
4423
4443
4424
4444
4425
4445
4426
4446
4427
4447
4428
4448
4429
4449
4430
4450
4431
4451
4432
4452
4433
4453
4434
4454
4435
4455
4436
4456
4437
4457
4438
4458
4439
4459
4440
4460
4461
5291
4442
4462
4443
4463
4444
4464
4445
4465
4446
4466
4447
4467
4448
4468
4449
4469
4450
4470
4451
4471
4452
4472
4453
4473
4454
4474
4455
4475
4456
4476
4457
4477
4458
4478
4459
4479
4460
4480
4461
4481
4482
5311
4463
4483
4464
4484
4465
4485
4466
4486
4467
4487
4468
4488
4469
4489
4470
4490
4471
4491
4472
4492
4473
4493
4474
4494
4475
4495
4476
4496
4477
4497
4478
4498
4479
4499
4480
4500
4481
4501
4482
4502
4503
5331
4484
4504
4485
4505
4486
4506
4487
4507
4488
4508
4489
4509
4490
4510
4491
4511
4492
4512
4493
4513
4494
4514
4495
4515
4496
4516
4497
4517
4498
4518
4499
4519
4500
4520
4501
4521
4502
4522
4503
4523
4524
5351
4505
4525
4506
4526
4507
4527
4508
4528
4509
4529
4510
4530
4511
4531
4512
4532
4513
4533
4514
4534
4515
4535
4516
4536
4517
4537
4518
4538
4519
4539
4520
4540
4521
4541
4522
4542
4523
4543
4524
4544
4545
5371
4526
4546
4527
4547
4528
4548
4529
4549
4530
4550
4531
4551
4532
4552
4533
4553
4534
4554
4535
4555
4536
4556
4537
4557
4538
4558
4539
4559
4540
4560
4541
4561
4542
4562
4543
4563
4544
4564
4545
4565
4566
5391
4547
4567
4548
4568
4549
4569
4550
4570
4551
4571
4552
4572
4553
4573
4554
4574
4555
4575
4556
4576
4557
4577
4558
4578
4559
4579
4560
4580
4561
4581
4562
4582
4563
4583
4564
4584
4565
4585
4566
4586
4587
5411
4568
4588
4569
4589
4570
4590
4571
4591
4572
4592
4573
4593
4574
4594
4575
4595
4576
4596
4577
4597
4578
4598
4579
4599
4580
4600
4581
4601
4582
4602
4583
4603
4584
4604
4585
4605
4586
4606
4587
4607
4608
5431
4589
4609
4590
4610
4591
4611
4592
4612
4593
4613
4594
4614
4595
4615
4596
4616
4597
4617
4598
4618
4599
4619
4600
4620
4601
4621
4602
4622
4603
4623
4604
4624
4605
4625
4606
4626
4607
4627
4608
4628
4629
5451
4610
4630
4611
4631
4612
4632
4613
4633
4614
4634
4615
4635
4616
4636
4617
4637
4618
4638
4619
4639
4620
4640
4621
4641
4622
4642
4623
4643
4624
4644
4625
4645
4626
4646
4627
4647
4628
4648
4629
4649
4650
5471
4631
4651
4632
4652
4633
4653
4634
4654
4635
4655
4636
4656
4637
4657
4638
4658
4639
4659
4640
4660
4641
4661
4642
4662
4643
4663
4644
4664
4645
4665
4646
4666
4647
4667
4648
4668
4649
4669
4650
4670
4671
5491
4652
4672
4653
4673
4654
4674
4655
4675
4656
4676
4657
4677
4658
4678
4659
4679
4660
4680
4661
4681
4662
4682
4663
4683
4664
4684
4665
4685
4666
4686
4667
4687
4668
4688
4669
4689
4670
4690
4671
4691
4692
5511
4673
4693
4674
4694
4675
4695
4676
4696
4677
4697
4678
4698
4679
4699
4680
4700
4681
4701
4682
4702
4683
4703
4684
4704
4685
4705
4686
4706
4687
4707
4688
4708
4689
4709
4690
4710
4691
4711
4692
4712
4713
5531
4694
4714
4695
4715
4696
4716
4697
4717
4698
4718
4699
4719
4700
4720
4701
4721
4702
4722
4703
4723
4704
4724
4705
4725
4706
4726
4707
4727
4708
4728
4709
4729
4710
4730
4711
4731
4712
4732
4713
4733
4734
5551
4715
4735
4716
4736
4717
4737
4718
4738
4719
4739
4720
4740
4721
4741
4722
4742
4723
4743
4724
4744
4725
4745
4726
4746
4727
4747
4728
4748
4729
4749
4730
4750
4731
4751
4732
4752
4733
4753
4734
4754
4755
5571
4736
4756
4737
4757
4738
4758
4739
4759
4740
4760
4741
4761
4742
4762
4743
4763
4744
4764
4745
4765
4746
4766
4747
4767
4748
4768
4749
4769
4750
4770
4751
4771
4752
4772
4753
4773
4754
4774
4755
4775
4776
5591
4757
4777
4758
4778
4759
4779
4760
4780
4761
4781
4762
4782
4763
4783
4764
4784
4765
4785
4766
4786
4767
4787
4768
4788
4769
4789
4770
4790
4771
4791
4772
4792
4773
4793
4774
4794
4775
4795
4776
4796
4797
5611
4778
4798
4779
4799
4780
4800
4781
4801
4782
4802
4783
4803
4784
4804
4785
4805
4786
4806
4787
4807
4788
4808
4789
4809
4790
4810
4791
4811
4792
4812
4793
4813
4794
4814
4795
4815
4796
4816
4797
4817
4818
5631
4799
4819
4800
4820
4801
4821
4802
4822
4803
4823
4804
4824
4805
4825
4806
4826
4807
4827
4808
4828
4809
4829
4810
4830
4811
4831
4812
4832
4813
4833
4814
4834
4815
4835
4816
4836
4817
4837
4818
4838
4839
5651
4820
4840
4821
4841
4822
4842
4823
4843
4824
4844
4825
4845
4826
4846
4827
4847
4828
4848
4829
4849
4830
4850
4831
4851
4832
4852
4833
4853
4834
4854
4835
4855
4836
4856
4837
4857
4838
4858
4839
4859
4860
5671
4841
4861
4842
4862
4843
4863
4844
4864
4845
4865
4846
4866
4847
4867
4848
4868
4849
4869
4850
4870
4851
4871
4852
4872
4853
4873
4854
4874
4855
4875
4856
4876
4857
4877
4858
4878
4859
4879
4860
4880
4881
5691
4862
4882
4863
4883
4864
4884
4865
4885
4866
4886
4867
4887
4868
4888
4869
4889
4870
4890
4871
4891
4872
4892
4873
4893
4874
4894
4875
4895
4876
4896
4877
4897
4878
4898
4879
4899
4880
4900
4881
4901
4902
5711
4883
4903
4884
4904
4885
4905
4886
4906
4887
4907
4888
4908
4889
4909
4890
4910
4891
4911
4892
4912
4893
4913
4894
4914
4895
4915
4896
4916
4897
4917
4898
4918
4899
4919
4900
4920
4901
4921
4902
4922
4923
5731
4904
4924
4905
4925
4906
4926
4907
4927
4908
4928
4909
4929
4910
4930
4911
4931
4912
4932
4913
4933
4914
4934
4915
4935
4916
4936
4917
4937
4918
4938
4919
4939
4920
4940
4921
4941
4922
4942
4923
4943
4944
5751
4925
4945
4926
4946
4927
4947
4928
4948
4929
4949
4930
4950
4931
4951
4932
4952
4933
4953
4934
4954
4935
4955
4936
4956
4937
4957
4938
4958
4939
4959
4940
4960
4941
4961
4942
4962
4943
4963
4944
4964
4965
5771
4946
4966
4947
4967
4948
4968
4949
4969
4950
4970
4951
4971
4952
4972
4953
4973
4954
4974
4955
4975
4956
4976
4957
4977
4958
4978
4959
4979
4960
4980
4961
4981
4962
4982
4963
4983
4964
4984
4965
4985
4986
5791
4967
4987
4968
4988
4969
4989
4970
4990
4971
4991
4972
4992
4973
4993
4974
4994
4975
4995
4976
4996
4977
4997
4978
4998
4979
4999
4980
5000
4981
5001
4982
5002
4983
5003
4984
5004
4985
5005
4986
5006
5007
5811
4988
5008
4989
5009
4990
5010
4991
5011
4992
5012
4993
5013
4994
5014
4995
5015
4996
5016
4997
5017
4998
5018
4999
5019
5000
5020
5001
5021
5002
5022
5003
5023
5004
5024
5005
5025
5006
5026
5007
5027
5028
5831
5009
5029
5010
5030
5011
5031
5012
5032
5013
5033
5014
5034
5015
5035
5016
5036
5017
5037
5018
5038
5019
5039
5020
5040
5021
5041
5022
5042
5023
5043
5024
5044
5025
5045
5026
5046
5027
5047
5028
5048
5049
5851
5030
5050
5031
5051
5032
5052
5033
5053
5034
5054
5035
5055
5036
5056
5037
5057
5038
5058
5039
5059
5040
5060
5041
5061
5042
5062
5043
5063
5044
5064
5045
5065
5046
5066
5047
5067
5048
5068
5049
5069
5070
5871
5051
5052
5053
5054
5055
5056
5057
5058
5059
5060
5061
5062
5063
5064
5065
5066
5067
5068
5069
5070
5891
5072
5091
5073
5092
5074
5093
5075
5094
5076
5095
5077
5096
5078
5097
5079
5098
5080
5099
5081
5100
5082
5101
5083
5102
5084
5103
5085
5104
5086
5105
5087
5106
5088
5107
5089
5108
5090
5109
5110
5911
5092
5111
5093
5112
5094
5113
5095
5114
5096
5115
5097
5116
5098
5117
5099
5118
5100
5119
5101
5120
5102
5121
5103
5122
5104
5123
5105
5124
5106
5125
5107
5126
5108
5127
5109
5128
5110
5129
5130
5923
5112
5131
5113
5132
5114
5133
5115
5134
5116
5135
5117
5136
5118
5137
5119
5138
5120
5139
5121
5140
5122
5141
5123
5142
5124
5143
5125
5144
5126
5145
5127
5146
5128
5147
5129
5148
5130
5149
5150
5935
5132
5151
5133
5152
5134
5153
5135
5154
5136
5155
5137
5156
5138
5157
5139
5158
5140
5159
5141
5160
5142
5161
5143
5162
5144
5163
5145
5164
5146
5165
5147
5166
5148
5167
5149
5168
5150
5169
5170
5947
5152
5171
5153
5172
5154
5173
5155
5174
5156
5175
5157
5176
5158
5177
5159
5178
5160
5179
5161
5180
5162
5181
5163
5182
5164
5183
5165
5184
5166
5185
5167
5186
5168
5187
5169
5188
5170
5189
5190
5959
5172
5191
5173
5192
5174
5193
5175
5194
5176
5195
5177
5196
5178
5197
5179
5198
5180
5199
5181
5200
5182
5201
5183
5202
5184
5203
5185
5204
5186
5205
5187
5206
5188
5207
5189
5208
5190
5209
5210
5971
5192
5211
5193
5212
5194
5213
5195
5214
5196
5215
5197
5216
5198
5217
5199
5218
5200
5219
5201
5220
5202
5221
5203
5222
5204
5223
5205
5224
5206
5225
5207
5226
5208
5227
5209
5228
5210
5229
5230
5983
5212
5231
5213
5232
5214
5233
5215
5234
5216
5235
5217
5236
5218
5237
5219
5238
5220
5239
5221
5240
5222
5241
5223
5242
5224
5243
5225
5244
5226
5245
5227
5246
5228
5247
5229
5248
5230
5249
5250
5995
5232
5251
5233
5252
5234
5253
5235
5254
5236
5255
5237
5256
5238
5257
5239
5258
5240
5259
5241
5260
5242
5261
5243
5262
5244
5263
5245
5264
5246
5265
5247
5266
5248
5267
5249
5268
5250
5269
5270
6007
5252
5271
5253
5272
5254
5273
5255
5274
5256
5275
5257
5276
5258
5277
5259
5278
5260
5279
5261
5280
5262
5281
5263
5282
5264
5283
5265
5284
5266
5285
5267
5286
5268
5287
5269
5288
5270
5289
5290
6019
5272
5291
5273
5292
5274
5293
5275
5294
5276
5295
5277
5296
5278
5297
5279
5298
5280
5299
5281
5300
5282
5301
5283
5302
5284
5303
5285
5304
5286
5305
5287
5306
5288
5307
5289
5308
5290
5309
5310
6031
5292
5311
5293
5312
5294
5313
5295
5314
5296
5315
5297
5316
5298
5317
5299
5318
5300
5319
5301
5320
5302
5321
5303
5322
5304
5323
5305
5324
5306
5325
5307
5326
5308
5327
5309
5328
5310
5329
5330
6043
5312
5331
5313
5332
5314
5333
5315
5334
5316
5335
5317
5336
5318
5337
5319
5338
5320
5339
5321
5340
5322
5341
5323
5342
5324
5343
5325
5344
5326
5345
5327
5346
5328
5347
5329
5348
5330
5349
5350
6055
5332
5351
5333
5352
5334
5353
5335
5354
5336
5355
5337
5356
5338
5357
5339
5358
5340
5359
5341
5360
5342
5361
5343
5362
5344
5363
5345
5364
5346
5365
5347
5366
5348
5367
5349
5368
5350
5369
5370
6067
5352
5371
5353
5372
5354
5373
5355
5374
5356
5375
5357
5376
5358
5377
5359
5378
5360
5379
5361
5380
5362
5381
5363
5382
5364
5383
5365
5384
5366
5385
5367
5386
5368
5387
5369
5388
5370
5389
5390
6078
5372
5391
5373
5392
5374
5393
5375
5394
5376
5395
5377
5396
5378
5397
5379
5398
5380
5399
5381
5400
5382
5401
5383
5402
5384
5403
5385
5404
5386
5405
5387
5406
5388
5407
5389
5408
5390
5409
5410
6089
5392
5411
5393
5412
5394
5413
5395
5414
5396
5415
5397
5416
5398
5417
5399
5418
5400
5419
5401
5420
5402
5421
5403
5422
5404
5423
5405
5424
5406
5425
5407
5426
5408
5427
5409
5428
5410
5429
5430
6100
5412
5431
5413
5432
5414
5433
5415
5434
5416
5435
5417
5436
5418
5437
5419
5438
5420
5439
5421
5440
5422
5441
5423
5442
5424
5443
5425
5444
5426
5445
5427
5446
5428
5447
5429
5448
5430
5449
5450
6111
5432
5451
5433
5452
5434
5453
5435
5454
5436
5455
5437
5456
5438
5457
5439
5458
5440
5459
5441
5460
5442
5461
5443
5462
5444
5463
5445
5464
5446
5465
5447
5466
5448
5467
5449
5468
5450
5469
5470
6122
5452
5471
5453
5472
5454
5473
5455
5474
5456
5475
5457
5476
5458
5477
5459
5478
5460
5479
5461
5480
5462
5481
5463
5482
5464
5483
5465
5484
5466
5485
5467
5486
5468
5487
5469
5488
5470
5489
5490
6133
5472
5491
5473
5492
5474
5493
5475
5494
5476
5495
5477
5496
5478
5497
5479
5498
5480
5499
5481
5500
5482
5501
5483
5502
5484
5503
5485
5504
5486
5505
5487
5506
5488
5507
5489
5508
5490
5509
5510
6144
5492
5511
5493
5512
5494
5513
5495
5514
5496
5515
5497
5516
5498
5517
5499
5518
5500
5519
5501
5520
5502
5521
5503
5522
5504
5523
5505
5524
5506
5525
5507
5526
5508
5527
5509
5528
5510
5529
5530
6155
5512
5531
5513
5532
5514
5533
5515
5534
5516
5535
5517
5536
5518
5537
5519
5538
5520
5539
5521
5540
5522
5541
5523
5542
5524
5543
5525
5544
5526
5545
5527
5546
5528
5547
5529
5548
5530
5549
5550
6166
5532
5551
5533
5552
5534
5553
5535
5554
5536
5555
5537
5556
5538
5557
5539
5558
5540
5559
5541
5560
5542
5561
5543
5562
5544
5563
5545
5564
5546
5565
5547
5566
5548
5567
5549
5568
5550
5569
5570
6177
5552
5571
5553
5572
5554
5573
5555
5574
5556
5575
5557
5576
5558
5577
5559
5578
5560
5579
5561
5580
5562
5581
5563
5582
5564
5583
5565
5584
5566
5585
5567
5586
5568
5587
5569
5588
5570
5589
5590
6188
5572
5591
5573
5592
5574
5593
5575
5594
5576
5595
5577
5596
5578
5597
5579
5598
5580
5599
5581
5600
5582
5601
5583
5602
5584
5603
5585
5604
5586
5605
5587
5606
5588
5607
5589
5608
5590
5609
5610
6199
5592
5611
5593
5612
5594
5613
5595
5614
5596
5615
5597
5616
5598
5617
5599
5618
5600
5619
5601
5620
5602
5621
5603
5622
5604
5623
5605
5624
5606
5625
5607
5626
5608
5627
5609
5628
5610
5629
5630
6210
5612
5631
5613
5632
5614
5633
5615
5634
5616
5635
5617
5636
5618
5637
5619
5638
5620
5639
5621
5640
5622
5641
5623
5642
5624
5643
5625
5644
5626
5645
5627
5646
5628
5647
5629
5648
5630
5649
5650
6221
5632
5651
5633
5652
5634
5653
5635
5654
5636
5655
5637
5656
5638
5657
5639
5658
5640
5659
5641
5660
5642
5661
5643
5662
5644
5663
5645
5664
5646
5665
5647
5666
5648
5667
5649
5668
5650
5669
5670
6232
5652
5671
5653
5672
5654
5673
5655
5674
5656
5675
5657
5676
5658
5677
5659
5678
5660
5679
5661
5680
5662
5681
5663
5682
5664
5683
5665
5684
5666
5685
5667
5686
5668
5687
5669
5688
5670
5689
5690
6243
5672
5691
5673
5692
5674
5693
5675
5694
5676
5695
5677
5696
5678
5697
5679
5698
5680
5699
5681
5700
5682
5701
5683
5702
5684
5703
5685
5704
5686
5705
5687
5706
5688
5707
5689
5708
5690
5709
5710
6254
5692
5711
5693
5712
5694
5713
5695
5714
5696
5715
5697
5716
5698
5717
5699
5718
5700
5719
5701
5720
5702
5721
5703
5722
5704
5723
5705
5724
5706
5725
5707
5726
5708
5727
5709
5728
5710
5729
5730
6265
5712
5731
5713
5732
5714
5733
5715
5734
5716
5735
5717
5736
5718
5737
5719
5738
5720
5739
5721
5740
5722
5741
5723
5742
5724
5743
5725
5744
5726
5745
5727
5746
5728
5747
5729
5748
5730
5749
5750
6276
5732
5751
5733
5752
5734
5753
5735
5754
5736
5755
5737
5756
5738
5757
5739
5758
5740
5759
5741
5760
5742
5761
5743
5762
5744
5763
5745
5764
5746
5765
5747
5766
5748
5767
5749
5768
5750
5769
5770
6287
5752
5771
5753
5772
5754
5773
5755
5774
5756
5775
5757
5776
5758
5777
5759
5778
5760
5779
5761
5780
5762
5781
5763
5782
5764
5783
5765
5784
5766
5785
5767
5786
5768
5787
5769
5788
5770
5789
5790
6298
5772
5791
5773
5792
5774
5793
5775
5794
5776
5795
5777
5796
5778
5797
5779
5798
5780
5799
5781
5800
5782
5801
5783
5802
5784
5803
5785
5804
5786
5805
5787
5806
5788
5807
5789
5808
5790
5809
5810
6309
5792
5811
5793
5812
5794
5813
5795
5814
5796
5815
5797
5816
5798
5817
5799
5818
5800
5819
5801
5820
5802
5821
5803
5822
5804
5823
5805
5824
5806
5825
5807
5826
5808
5827
5809
5828
5810
5829
5830
6320
5812
5831
5813
5832
5814
5833
5815
5834
5816
5835
5817
5836
5818
5837
5819
5838
5820
5839
5821
5840
5822
5841
5823
5842
5824
5843
5825
5844
5826
5845
5827
5846
5828
5847
5829
5848
5830
5849
5850
6331
5832
5851
5833
5852
5834
5853
5835
5854
5836
5855
5837
5856
5838
5857
5839
5858
5840
5859
5841
5860
5842
5861
5843
5862
5844
5863
5845
5864
5846
5865
5847
5866
5848
5867
5849
5868
5850
5869
5870
6342
5852
5871
5853
5872
5854
5873
5855
5874
5856
5875
5857
5876
5858
5877
5859
5878
5860
5879
5861
5880
5862
5881
5863
5882
5864
5883
5865
5884
5866
5885
5867
5886
5868
5887
5869
5888
5870
5889
5890
6353
5872
5891
5873
5892
5874
5893
5875
5894
5876
5895
5877
5896
5878
5897
5879
5898
5880
5899
5881
5900
5882
5901
5883
5902
5884
5903
5885
5904
5886
5905
5887
5906
5888
5907
5889
5908
5890
5909
5910
6364
5892
5893
5894
5895
5896
5897
5898
5899
5900
5901
5902
5903
5904
5905
5906
5907
5908
5909
5910
6375
5912
5923
5913
5924
5914
5925
5915
5926
5916
5927
5917
5928
5918
5929
5919
5930
5920
5931
5921
5932
5922
5933
5934
5924
5935
5925
5936
5926
5937
5927
5938
5928
5939
5929
5940
5930
5941
5931
5942
5932
5943
5933
5944
5934
5945
5946
5936
5947
5937
5948
5938
5949
5939
5950
5940
5951
5941
5952
5942
5953
5943
5954
5944
5955
5945
5956
5946
5957
5958
5948
5959
5949
5960
5950
5961
5951
5962
5952
5963
5953
5964
5954
5965
5955
5966
5956
5967
5957
5968
5958
5969
5970
5960
5971
5961
5972
5962
5973
5963
5974
5964
5975
5965
5976
5966
5977
5967
5978
5968
5979
5969
5980
5970
5981
5982
5972
5983
5973
5984
5974
5985
5975
5986
5976
5987
5977
5988
5978
5989
5979
5990
5980
5991
5981
5992
5982
5993
5994
5984
5995
5985
5996
5986
5997
5987
5998
5988
5999
5989
6000
5990
6001
5991
6002
5992
6003
5993
6004
5994
6005
6006
5996
6007
5997
6008
5998
6009
5999
6010
6000
6011
6001
6012
6002
6013
6003
6014
6004
6015
6005
6016
6006
6017
6018
6008
6019
6009
6020
6010
6021
6011
6022
6012
6023
6013
6024
6014
6025
6015
6026
6016
6027
6017
6028
6018
6029
6030
6020
6031
6021
6032
6022
6033
6023
6034
6024
6035
6025
6036
6026
6037
6027
6038
6028
6039
6029
6040
6030
6041
6042
6032
6043
6033
6044
6034
6045
6035
6046
6036
6047
6037
6048
6038
6049
6039
6050
6040
6051
6041
6052
6042
6053
6054
6044
6055
6045
6056
6046
6057
6047
6058
6048
6059
6049
6060
6050
6061
6051
6062
6052
6063
6053
6064
6054
6065
6066
6056
6067
6057
6068
6058
6069
6059
6070
6060
6071
6061
6072
6062
6073
6063
6074
6064
6075
6065
6076
6066
6077
6068
6078
6069
6079
6070
6080
6071
6081
6072
6082
6073
6083
6074
6084
6075
6085
6076
6086
6077
6087
6088
6079
6089
6080
6090
6081
6091
6082
6092
6083
6093
6084
6094
6085
6095
6086
6096
6087
6097
6088
6098
6099
6090
6100
6091
6101
6092
6102
6093
6103
6094
6104
6095
6105
6096
6106
6097
6107
6098
6108
6099
6109
6110
6101
6111
6102
6112
6103
6113
6104
6114
6105
6115
6106
6116
6107
6117
6108
6118
6109
6119
6110
6120
6121
6112
6122
6113
6123
6114
6124
6115
6125
6116
6126
6117
6127
6118
6128
6119
6129
6120
6130
6121
6131
6132
6123
6133
6124
6134
6125
6135
6126
6136
6127
6137
6128
6138
6129
6139
6130
6140
6131
6141
6132
6142
6143
6134
6144
6135
6145
6136
6146
6137
6147
6138
6148
6139
6149
6140
6150
6141
6151
6142
6152
6143
6153
6154
6145
6155
6146
6156
6147
6157
6148
6158
6149
6159
6150
6160
6151
6161
6152
6162
6153
6163
6154
6164
6165
6156
6166
6157
6167
6158
6168
6159
6169
6160
6170
6161
6171
6162
6172
6163
6173
6164
6174
6165
6175
6176
6167
6177
6168
6178
6169
6179
6170
6180
6171
6181
6172
6182
6173
6183
6174
6184
6175
6185
6176
6186
6187
6178
6188
6179
6189
6180
6190
6181
6191
6182
6192
6183
6193
6184
6194
6185
6195
6186
6196
6187
6197
6198
6189
6199
6190
6200
6191
6201
6192
6202
6193
6203
6194
6204
6195
6205
6196
6206
6197
6207
6198
6208
6209
6200
6210
6201
6211
6202
6212
6203
6213
6204
6214
6205
6215
6206
6216
6207
6217
6208
6218
6209
6219
6220
6211
6221
6212
6222
6213
6223
6214
6224
6215
6225
6216
6226
6217
6227
6218
6228
6219
6229
6220
6230
6231
6222
6232
6223
6233
6224
6234
6225
6235
6226
6236
6227
6237
6228
6238
6229
6239
6230
6240
6231
6241
6242
6233
6243
6234
6244
6235
6245
6236
6246
6237
6247
6238
6248
6239
6249
6240
6250
6241
6251
6242
6252
6253
6244
6254
6245
6255
6246
6256
6247
6257
6248
6258
6249
6259
6250
6260
6251
6261
6252
6262
6253
6263
6264
6255
6265
6256
6266
6257
6267
6258
6268
6259
6269
6260
6270
6261
6271
6262
6272
6263
6273
6264
6274
6275
6266
6276
6267
6277
6268
6278
6269
6279
6270
6280
6271
6281
6272
6282
6273
6283
6274
6284
6275
6285
6286
6277
6287
6278
6288
6279
6289
6280
6290
6281
6291
6282
6292
6283
6293
6284
6294
6285
6295
6286
6296
6297
6288
6298
6289
6299
6290
6300
6291
6301
6292
6302
6293
6303
6294
6304
6295
6305
6296
6306
6297
6307
6308
6299
6309
6300
6310
6301
6311
6302
6312
6303
6313
6304
6314
6305
6315
6306
6316
6307
6317
6308
6318
6319
6310
6320
6311
6321
6312
6322
6313
6323
6314
6324
6315
6325
6316
6326
6317
6327
6318
6328
6319
6329
6330
6321
6331
6322
6332
6323
6333
6324
6334
6325
6335
6326
6336
6327
6337
6328
6338
6329
6339
6330
6340
6341
6332
6342
6333
6343
6334
6344
6335
6345
6336
6346
6337
6347
6338
6348
6339
6349
6340
6350
6341
6351
6352
6343
6353
6344
6354
6345
6355
6346
6356
6347
6357
6348
6358
6349
6359
6350
6360
6351
6361
6352
6362
6363
6354
6364
6355
6365
6356
6366
6357
6367
6358
6368
6359
6369
6360
6370
6361
6371
6362
6372
6363
6373
6374
6365
6375
6366
6376
6367
6377
6368
6378
6369
6379
6370
6380
6371
6381
6372
6382
6373
6383
6374
6384
6385
6376
6377
6378
6379
6380
6381
6382
6383
6384
6385
)


// ************************************************************************* //
