/*--------------------------------*- C++ -*----------------------------------*\
  =========                 |
  \\      /  F ield         | OpenFOAM: The Open Source CFD Toolbox
   \\    /   O peration     | Website:  https://openfoam.org
    \\  /    A nd           | Version:  7
     \\/     M anipulation  |
\*---------------------------------------------------------------------------*/
FoamFile
{
    version     2.0;
    format      ascii;
    class       labelList;
    note        "nPoints: 20304 nCells: 9906 nFaces: 39869 nInternalFaces: 19567";
    location    "constant/polyMesh";
    object      neighbour;
}
// * * * * * * * * * * * * * * * * * * * * * * * * * * * * * * * * * * * * * //


19567
(
1
14
892
2
15
893
3
16
894
4
17
895
5
18
896
6
19
897
7
20
898
8
21
899
9
22
900
10
23
901
11
24
902
12
25
903
13
26
904
27
905
906
15
28
16
29
17
30
18
31
19
32
20
33
21
34
22
35
23
36
24
37
25
38
26
39
27
40
41
956
29
42
30
43
31
44
32
45
33
46
34
47
35
48
36
49
37
50
38
51
39
52
40
53
41
54
55
1006
43
56
44
57
45
58
46
59
47
60
48
61
49
62
50
63
51
64
52
65
53
66
54
67
55
68
69
1056
57
70
58
71
59
72
60
73
61
74
62
75
63
76
64
77
65
78
66
79
67
80
68
81
69
82
83
1106
71
84
72
85
73
86
74
87
75
88
76
89
77
90
78
91
79
92
80
93
81
94
82
95
83
96
97
1156
85
98
86
99
87
100
88
101
89
102
90
103
91
104
92
105
93
106
94
107
95
108
96
109
97
110
111
1206
99
112
100
113
101
114
102
115
103
116
104
117
105
118
106
119
107
120
108
121
109
122
110
123
111
124
125
1256
113
126
114
127
115
128
116
129
117
130
118
131
119
132
120
133
121
134
122
135
123
136
124
137
125
138
139
1306
127
140
128
141
129
142
130
143
131
144
132
145
133
146
134
147
135
148
136
149
137
150
138
151
139
152
153
1356
141
154
142
155
143
156
144
157
145
158
146
159
147
160
148
161
149
162
150
163
151
164
152
165
153
166
167
1406
155
168
156
169
157
170
158
171
159
172
160
173
161
174
162
175
163
176
164
177
165
178
166
179
167
180
181
1456
169
182
170
183
171
184
172
185
173
186
174
187
175
188
176
189
177
190
178
191
179
192
180
193
181
194
195
1506
183
196
184
197
185
198
186
199
187
200
188
201
189
202
190
203
191
204
192
205
193
206
194
207
195
208
209
1556
197
210
198
211
199
212
200
213
201
214
202
215
203
216
204
217
205
218
206
219
207
220
208
221
209
222
223
1606
211
224
212
225
213
226
214
227
215
228
216
229
217
230
218
231
219
232
220
233
221
234
222
235
223
236
237
1656
225
238
226
239
227
240
228
241
229
242
230
243
231
244
232
245
233
246
234
247
235
248
236
249
237
250
251
1706
239
252
240
253
241
254
242
255
243
256
244
257
245
258
246
259
247
260
248
261
249
262
250
263
251
264
265
1756
253
266
254
267
255
268
256
269
257
270
258
271
259
272
260
273
261
274
262
275
263
276
264
277
265
278
279
1806
267
280
268
281
269
282
270
283
271
284
272
285
273
286
274
287
275
288
276
289
277
290
278
291
279
292
293
1856
281
294
282
295
283
296
284
297
285
298
286
299
287
300
288
301
289
302
290
303
291
304
292
305
293
306
307
1906
295
296
308
297
309
298
310
299
311
300
312
301
313
302
314
303
315
304
316
305
317
306
318
307
319
320
1956
309
321
310
322
311
323
312
324
313
325
314
326
315
327
316
328
317
329
318
330
319
331
320
332
333
2006
322
323
334
324
335
325
336
326
337
327
338
328
339
329
340
330
341
331
342
332
343
333
344
345
2056
335
346
336
347
337
348
338
349
339
350
340
351
341
352
342
353
343
354
344
355
345
356
357
2106
347
348
358
349
359
350
360
351
361
352
362
353
363
354
364
355
365
356
366
357
367
368
2156
359
369
360
370
361
371
362
372
363
373
364
374
365
375
366
376
367
377
368
378
379
2206
370
371
380
372
381
373
382
374
383
375
384
376
385
377
386
378
387
379
388
389
2256
381
390
382
391
383
392
384
393
385
394
386
395
387
396
388
397
389
398
399
4817
391
392
400
393
401
394
402
395
403
396
404
397
405
398
406
399
407
408
4816
401
402
409
403
410
404
411
405
412
406
413
407
414
408
415
416
4815
410
417
411
418
412
419
413
420
414
421
415
422
416
423
424
4814
418
419
425
420
426
421
427
422
428
423
429
424
430
431
4813
426
427
432
428
433
429
434
430
435
431
436
437
4812
433
434
438
435
439
436
440
437
441
442
4811
439
440
443
441
444
442
445
446
4810
444
445
447
446
448
449
4809
448
449
450
451
4808
451
452
4807
4806
455
5994
455
457
458
5995
457
460
458
461
462
5996
460
464
461
465
462
466
467
5997
464
469
465
470
466
471
467
472
473
5998
469
475
470
476
471
477
472
478
473
479
480
5999
475
482
476
483
477
484
478
485
479
486
480
487
488
6000
482
489
483
490
484
491
485
492
486
493
487
494
488
495
496
6001
490
498
491
499
492
500
493
501
494
502
495
503
496
504
505
6002
498
507
499
508
500
509
501
510
502
511
503
512
504
513
505
514
515
6003
507
516
508
517
509
518
510
519
511
520
512
521
513
522
514
523
515
524
525
6004
517
527
518
528
519
529
520
530
521
531
522
532
523
533
524
534
525
535
536
6005
527
537
528
538
529
539
530
540
531
541
532
542
533
543
534
544
535
545
536
546
547
8506
538
549
539
550
540
551
541
552
542
553
543
554
544
555
545
556
546
557
547
558
559
8556
549
560
550
561
551
562
552
563
553
564
554
565
555
566
556
567
557
568
558
569
559
570
571
8606
561
573
562
574
563
575
564
576
565
577
566
578
567
579
568
580
569
581
570
582
571
583
584
8656
573
585
574
586
575
587
576
588
577
589
578
590
579
591
580
592
581
593
582
594
583
595
584
596
597
8706
586
599
587
600
588
601
589
602
590
603
591
604
592
605
593
606
594
607
595
608
596
609
597
610
611
8756
599
612
600
613
601
614
602
615
603
616
604
617
605
618
606
619
607
620
608
621
609
622
610
623
611
624
625
8806
613
626
614
627
615
628
616
629
617
630
618
631
619
632
620
633
621
634
622
635
623
636
624
637
625
638
639
8856
627
640
628
641
629
642
630
643
631
644
632
645
633
646
634
647
635
648
636
649
637
650
638
651
639
652
653
8906
641
654
642
655
643
656
644
657
645
658
646
659
647
660
648
661
649
662
650
663
651
664
652
665
653
666
667
8956
655
668
656
669
657
670
658
671
659
672
660
673
661
674
662
675
663
676
664
677
665
678
666
679
667
680
681
9006
669
682
670
683
671
684
672
685
673
686
674
687
675
688
676
689
677
690
678
691
679
692
680
693
681
694
695
9056
683
696
684
697
685
698
686
699
687
700
688
701
689
702
690
703
691
704
692
705
693
706
694
707
695
708
709
9106
697
710
698
711
699
712
700
713
701
714
702
715
703
716
704
717
705
718
706
719
707
720
708
721
709
722
723
9156
711
724
712
725
713
726
714
727
715
728
716
729
717
730
718
731
719
732
720
733
721
734
722
735
723
736
737
9206
725
738
726
739
727
740
728
741
729
742
730
743
731
744
732
745
733
746
734
747
735
748
736
749
737
750
751
9256
739
752
740
753
741
754
742
755
743
756
744
757
745
758
746
759
747
760
748
761
749
762
750
763
751
764
765
9306
753
766
754
767
755
768
756
769
757
770
758
771
759
772
760
773
761
774
762
775
763
776
764
777
765
778
779
9356
767
780
768
781
769
782
770
783
771
784
772
785
773
786
774
787
775
788
776
789
777
790
778
791
779
792
793
9406
781
794
782
795
783
796
784
797
785
798
786
799
787
800
788
801
789
802
790
803
791
804
792
805
793
806
807
9456
795
808
796
809
797
810
798
811
799
812
800
813
801
814
802
815
803
816
804
817
805
818
806
819
807
820
821
9506
809
822
810
823
811
824
812
825
813
826
814
827
815
828
816
829
817
830
818
831
819
832
820
833
821
834
835
9556
823
836
824
837
825
838
826
839
827
840
828
841
829
842
830
843
831
844
832
845
833
846
834
847
835
848
849
9606
837
850
838
851
839
852
840
853
841
854
842
855
843
856
844
857
845
858
846
859
847
860
848
861
849
862
863
9656
851
864
852
865
853
866
854
867
855
868
856
869
857
870
858
871
859
872
860
873
861
874
862
875
863
876
877
9706
865
878
866
879
867
880
868
881
869
882
870
883
871
884
872
885
873
886
874
887
875
888
876
889
877
890
891
9756
879
892
880
893
881
894
882
895
883
896
884
897
885
898
886
899
887
900
888
901
889
902
890
903
891
904
905
9806
893
894
895
896
897
898
899
900
901
902
903
904
905
9856
907
956
9856
908
957
9857
909
958
9858
910
959
9859
911
960
9860
912
961
9861
913
962
9862
914
963
9863
915
964
9864
916
965
9865
917
966
9866
918
967
9867
919
968
9868
920
969
9869
921
970
9870
922
971
9871
923
972
9872
924
973
9873
925
974
9874
926
975
9875
927
976
9876
928
977
9877
929
978
9878
930
979
9879
931
980
9880
932
981
9881
933
982
9882
934
983
9883
935
984
9884
936
985
9885
937
986
9886
938
987
9887
939
988
9888
940
989
9889
941
990
9890
942
991
9891
943
992
9892
944
993
9893
945
994
9894
946
995
9895
947
996
9896
948
997
9897
949
998
9898
950
999
9899
951
1000
9900
952
1001
9901
953
1002
9902
954
1003
9903
955
1004
9904
1005
9905
957
1006
958
1007
959
1008
960
1009
961
1010
962
1011
963
1012
964
1013
965
1014
966
1015
967
1016
968
1017
969
1018
970
1019
971
1020
972
1021
973
1022
974
1023
975
1024
976
1025
977
1026
978
1027
979
1028
980
1029
981
1030
982
1031
983
1032
984
1033
985
1034
986
1035
987
1036
988
1037
989
1038
990
1039
991
1040
992
1041
993
1042
994
1043
995
1044
996
1045
997
1046
998
1047
999
1048
1000
1049
1001
1050
1002
1051
1003
1052
1004
1053
1005
1054
1055
1007
1056
1008
1057
1009
1058
1010
1059
1011
1060
1012
1061
1013
1062
1014
1063
1015
1064
1016
1065
1017
1066
1018
1067
1019
1068
1020
1069
1021
1070
1022
1071
1023
1072
1024
1073
1025
1074
1026
1075
1027
1076
1028
1077
1029
1078
1030
1079
1031
1080
1032
1081
1033
1082
1034
1083
1035
1084
1036
1085
1037
1086
1038
1087
1039
1088
1040
1089
1041
1090
1042
1091
1043
1092
1044
1093
1045
1094
1046
1095
1047
1096
1048
1097
1049
1098
1050
1099
1051
1100
1052
1101
1053
1102
1054
1103
1055
1104
1105
1057
1106
1058
1107
1059
1108
1060
1109
1061
1110
1062
1111
1063
1112
1064
1113
1065
1114
1066
1115
1067
1116
1068
1117
1069
1118
1070
1119
1071
1120
1072
1121
1073
1122
1074
1123
1075
1124
1076
1125
1077
1126
1078
1127
1079
1128
1080
1129
1081
1130
1082
1131
1083
1132
1084
1133
1085
1134
1086
1135
1087
1136
1088
1137
1089
1138
1090
1139
1091
1140
1092
1141
1093
1142
1094
1143
1095
1144
1096
1145
1097
1146
1098
1147
1099
1148
1100
1149
1101
1150
1102
1151
1103
1152
1104
1153
1105
1154
1155
1107
1156
1108
1157
1109
1158
1110
1159
1111
1160
1112
1161
1113
1162
1114
1163
1115
1164
1116
1165
1117
1166
1118
1167
1119
1168
1120
1169
1121
1170
1122
1171
1123
1172
1124
1173
1125
1174
1126
1175
1127
1176
1128
1177
1129
1178
1130
1179
1131
1180
1132
1181
1133
1182
1134
1183
1135
1184
1136
1185
1137
1186
1138
1187
1139
1188
1140
1189
1141
1190
1142
1191
1143
1192
1144
1193
1145
1194
1146
1195
1147
1196
1148
1197
1149
1198
1150
1199
1151
1200
1152
1201
1153
1202
1154
1203
1155
1204
1205
1157
1206
1158
1207
1159
1208
1160
1209
1161
1210
1162
1211
1163
1212
1164
1213
1165
1214
1166
1215
1167
1216
1168
1217
1169
1218
1170
1219
1171
1220
1172
1221
1173
1222
1174
1223
1175
1224
1176
1225
1177
1226
1178
1227
1179
1228
1180
1229
1181
1230
1182
1231
1183
1232
1184
1233
1185
1234
1186
1235
1187
1236
1188
1237
1189
1238
1190
1239
1191
1240
1192
1241
1193
1242
1194
1243
1195
1244
1196
1245
1197
1246
1198
1247
1199
1248
1200
1249
1201
1250
1202
1251
1203
1252
1204
1253
1205
1254
1255
1207
1256
1208
1257
1209
1258
1210
1259
1211
1260
1212
1261
1213
1262
1214
1263
1215
1264
1216
1265
1217
1266
1218
1267
1219
1268
1220
1269
1221
1270
1222
1271
1223
1272
1224
1273
1225
1274
1226
1275
1227
1276
1228
1277
1229
1278
1230
1279
1231
1280
1232
1281
1233
1282
1234
1283
1235
1284
1236
1285
1237
1286
1238
1287
1239
1288
1240
1289
1241
1290
1242
1291
1243
1292
1244
1293
1245
1294
1246
1295
1247
1296
1248
1297
1249
1298
1250
1299
1251
1300
1252
1301
1253
1302
1254
1303
1255
1304
1305
1257
1306
1258
1307
1259
1308
1260
1309
1261
1310
1262
1311
1263
1312
1264
1313
1265
1314
1266
1315
1267
1316
1268
1317
1269
1318
1270
1319
1271
1320
1272
1321
1273
1322
1274
1323
1275
1324
1276
1325
1277
1326
1278
1327
1279
1328
1280
1329
1281
1330
1282
1331
1283
1332
1284
1333
1285
1334
1286
1335
1287
1336
1288
1337
1289
1338
1290
1339
1291
1340
1292
1341
1293
1342
1294
1343
1295
1344
1296
1345
1297
1346
1298
1347
1299
1348
1300
1349
1301
1350
1302
1351
1303
1352
1304
1353
1305
1354
1355
1307
1356
1308
1357
1309
1358
1310
1359
1311
1360
1312
1361
1313
1362
1314
1363
1315
1364
1316
1365
1317
1366
1318
1367
1319
1368
1320
1369
1321
1370
1322
1371
1323
1372
1324
1373
1325
1374
1326
1375
1327
1376
1328
1377
1329
1378
1330
1379
1331
1380
1332
1381
1333
1382
1334
1383
1335
1384
1336
1385
1337
1386
1338
1387
1339
1388
1340
1389
1341
1390
1342
1391
1343
1392
1344
1393
1345
1394
1346
1395
1347
1396
1348
1397
1349
1398
1350
1399
1351
1400
1352
1401
1353
1402
1354
1403
1355
1404
1405
1357
1406
1358
1407
1359
1408
1360
1409
1361
1410
1362
1411
1363
1412
1364
1413
1365
1414
1366
1415
1367
1416
1368
1417
1369
1418
1370
1419
1371
1420
1372
1421
1373
1422
1374
1423
1375
1424
1376
1425
1377
1426
1378
1427
1379
1428
1380
1429
1381
1430
1382
1431
1383
1432
1384
1433
1385
1434
1386
1435
1387
1436
1388
1437
1389
1438
1390
1439
1391
1440
1392
1441
1393
1442
1394
1443
1395
1444
1396
1445
1397
1446
1398
1447
1399
1448
1400
1449
1401
1450
1402
1451
1403
1452
1404
1453
1405
1454
1455
1407
1456
1408
1457
1409
1458
1410
1459
1411
1460
1412
1461
1413
1462
1414
1463
1415
1464
1416
1465
1417
1466
1418
1467
1419
1468
1420
1469
1421
1470
1422
1471
1423
1472
1424
1473
1425
1474
1426
1475
1427
1476
1428
1477
1429
1478
1430
1479
1431
1480
1432
1481
1433
1482
1434
1483
1435
1484
1436
1485
1437
1486
1438
1487
1439
1488
1440
1489
1441
1490
1442
1491
1443
1492
1444
1493
1445
1494
1446
1495
1447
1496
1448
1497
1449
1498
1450
1499
1451
1500
1452
1501
1453
1502
1454
1503
1455
1504
1505
1457
1506
1458
1507
1459
1508
1460
1509
1461
1510
1462
1511
1463
1512
1464
1513
1465
1514
1466
1515
1467
1516
1468
1517
1469
1518
1470
1519
1471
1520
1472
1521
1473
1522
1474
1523
1475
1524
1476
1525
1477
1526
1478
1527
1479
1528
1480
1529
1481
1530
1482
1531
1483
1532
1484
1533
1485
1534
1486
1535
1487
1536
1488
1537
1489
1538
1490
1539
1491
1540
1492
1541
1493
1542
1494
1543
1495
1544
1496
1545
1497
1546
1498
1547
1499
1548
1500
1549
1501
1550
1502
1551
1503
1552
1504
1553
1505
1554
1555
1507
1556
1508
1557
1509
1558
1510
1559
1511
1560
1512
1561
1513
1562
1514
1563
1515
1564
1516
1565
1517
1566
1518
1567
1519
1568
1520
1569
1521
1570
1522
1571
1523
1572
1524
1573
1525
1574
1526
1575
1527
1576
1528
1577
1529
1578
1530
1579
1531
1580
1532
1581
1533
1582
1534
1583
1535
1584
1536
1585
1537
1586
1538
1587
1539
1588
1540
1589
1541
1590
1542
1591
1543
1592
1544
1593
1545
1594
1546
1595
1547
1596
1548
1597
1549
1598
1550
1599
1551
1600
1552
1601
1553
1602
1554
1603
1555
1604
1605
1557
1606
1558
1607
1559
1608
1560
1609
1561
1610
1562
1611
1563
1612
1564
1613
1565
1614
1566
1615
1567
1616
1568
1617
1569
1618
1570
1619
1571
1620
1572
1621
1573
1622
1574
1623
1575
1624
1576
1625
1577
1626
1578
1627
1579
1628
1580
1629
1581
1630
1582
1631
1583
1632
1584
1633
1585
1634
1586
1635
1587
1636
1588
1637
1589
1638
1590
1639
1591
1640
1592
1641
1593
1642
1594
1643
1595
1644
1596
1645
1597
1646
1598
1647
1599
1648
1600
1649
1601
1650
1602
1651
1603
1652
1604
1653
1605
1654
1655
1607
1656
1608
1657
1609
1658
1610
1659
1611
1660
1612
1661
1613
1662
1614
1663
1615
1664
1616
1665
1617
1666
1618
1667
1619
1668
1620
1669
1621
1670
1622
1671
1623
1672
1624
1673
1625
1674
1626
1675
1627
1676
1628
1677
1629
1678
1630
1679
1631
1680
1632
1681
1633
1682
1634
1683
1635
1684
1636
1685
1637
1686
1638
1687
1639
1688
1640
1689
1641
1690
1642
1691
1643
1692
1644
1693
1645
1694
1646
1695
1647
1696
1648
1697
1649
1698
1650
1699
1651
1700
1652
1701
1653
1702
1654
1703
1655
1704
1705
1657
1706
1658
1707
1659
1708
1660
1709
1661
1710
1662
1711
1663
1712
1664
1713
1665
1714
1666
1715
1667
1716
1668
1717
1669
1718
1670
1719
1671
1720
1672
1721
1673
1722
1674
1723
1675
1724
1676
1725
1677
1726
1678
1727
1679
1728
1680
1729
1681
1730
1682
1731
1683
1732
1684
1733
1685
1734
1686
1735
1687
1736
1688
1737
1689
1738
1690
1739
1691
1740
1692
1741
1693
1742
1694
1743
1695
1744
1696
1745
1697
1746
1698
1747
1699
1748
1700
1749
1701
1750
1702
1751
1703
1752
1704
1753
1705
1754
1755
1707
1756
1708
1757
1709
1758
1710
1759
1711
1760
1712
1761
1713
1762
1714
1763
1715
1764
1716
1765
1717
1766
1718
1767
1719
1768
1720
1769
1721
1770
1722
1771
1723
1772
1724
1773
1725
1774
1726
1775
1727
1776
1728
1777
1729
1778
1730
1779
1731
1780
1732
1781
1733
1782
1734
1783
1735
1784
1736
1785
1737
1786
1738
1787
1739
1788
1740
1789
1741
1790
1742
1791
1743
1792
1744
1793
1745
1794
1746
1795
1747
1796
1748
1797
1749
1798
1750
1799
1751
1800
1752
1801
1753
1802
1754
1803
1755
1804
1805
1757
1806
1758
1807
1759
1808
1760
1809
1761
1810
1762
1811
1763
1812
1764
1813
1765
1814
1766
1815
1767
1816
1768
1817
1769
1818
1770
1819
1771
1820
1772
1821
1773
1822
1774
1823
1775
1824
1776
1825
1777
1826
1778
1827
1779
1828
1780
1829
1781
1830
1782
1831
1783
1832
1784
1833
1785
1834
1786
1835
1787
1836
1788
1837
1789
1838
1790
1839
1791
1840
1792
1841
1793
1842
1794
1843
1795
1844
1796
1845
1797
1846
1798
1847
1799
1848
1800
1849
1801
1850
1802
1851
1803
1852
1804
1853
1805
1854
1855
1807
1856
1808
1857
1809
1858
1810
1859
1811
1860
1812
1861
1813
1862
1814
1863
1815
1864
1816
1865
1817
1866
1818
1867
1819
1868
1820
1869
1821
1870
1822
1871
1823
1872
1824
1873
1825
1874
1826
1875
1827
1876
1828
1877
1829
1878
1830
1879
1831
1880
1832
1881
1833
1882
1834
1883
1835
1884
1836
1885
1837
1886
1838
1887
1839
1888
1840
1889
1841
1890
1842
1891
1843
1892
1844
1893
1845
1894
1846
1895
1847
1896
1848
1897
1849
1898
1850
1899
1851
1900
1852
1901
1853
1902
1854
1903
1855
1904
1905
1857
1906
1858
1907
1859
1908
1860
1909
1861
1910
1862
1911
1863
1912
1864
1913
1865
1914
1866
1915
1867
1916
1868
1917
1869
1918
1870
1919
1871
1920
1872
1921
1873
1922
1874
1923
1875
1924
1876
1925
1877
1926
1878
1927
1879
1928
1880
1929
1881
1930
1882
1931
1883
1932
1884
1933
1885
1934
1886
1935
1887
1936
1888
1937
1889
1938
1890
1939
1891
1940
1892
1941
1893
1942
1894
1943
1895
1944
1896
1945
1897
1946
1898
1947
1899
1948
1900
1949
1901
1950
1902
1951
1903
1952
1904
1953
1905
1954
1955
1907
1956
1908
1957
1909
1958
1910
1959
1911
1960
1912
1961
1913
1962
1914
1963
1915
1964
1916
1965
1917
1966
1918
1967
1919
1968
1920
1969
1921
1970
1922
1971
1923
1972
1924
1973
1925
1974
1926
1975
1927
1976
1928
1977
1929
1978
1930
1979
1931
1980
1932
1981
1933
1982
1934
1983
1935
1984
1936
1985
1937
1986
1938
1987
1939
1988
1940
1989
1941
1990
1942
1991
1943
1992
1944
1993
1945
1994
1946
1995
1947
1996
1948
1997
1949
1998
1950
1999
1951
2000
1952
2001
1953
2002
1954
2003
1955
2004
2005
1957
2006
1958
2007
1959
2008
1960
2009
1961
2010
1962
2011
1963
2012
1964
2013
1965
2014
1966
2015
1967
2016
1968
2017
1969
2018
1970
2019
1971
2020
1972
2021
1973
2022
1974
2023
1975
2024
1976
2025
1977
2026
1978
2027
1979
2028
1980
2029
1981
2030
1982
2031
1983
2032
1984
2033
1985
2034
1986
2035
1987
2036
1988
2037
1989
2038
1990
2039
1991
2040
1992
2041
1993
2042
1994
2043
1995
2044
1996
2045
1997
2046
1998
2047
1999
2048
2000
2049
2001
2050
2002
2051
2003
2052
2004
2053
2005
2054
2055
2007
2056
2008
2057
2009
2058
2010
2059
2011
2060
2012
2061
2013
2062
2014
2063
2015
2064
2016
2065
2017
2066
2018
2067
2019
2068
2020
2069
2021
2070
2022
2071
2023
2072
2024
2073
2025
2074
2026
2075
2027
2076
2028
2077
2029
2078
2030
2079
2031
2080
2032
2081
2033
2082
2034
2083
2035
2084
2036
2085
2037
2086
2038
2087
2039
2088
2040
2089
2041
2090
2042
2091
2043
2092
2044
2093
2045
2094
2046
2095
2047
2096
2048
2097
2049
2098
2050
2099
2051
2100
2052
2101
2053
2102
2054
2103
2055
2104
2105
2057
2106
2058
2107
2059
2108
2060
2109
2061
2110
2062
2111
2063
2112
2064
2113
2065
2114
2066
2115
2067
2116
2068
2117
2069
2118
2070
2119
2071
2120
2072
2121
2073
2122
2074
2123
2075
2124
2076
2125
2077
2126
2078
2127
2079
2128
2080
2129
2081
2130
2082
2131
2083
2132
2084
2133
2085
2134
2086
2135
2087
2136
2088
2137
2089
2138
2090
2139
2091
2140
2092
2141
2093
2142
2094
2143
2095
2144
2096
2145
2097
2146
2098
2147
2099
2148
2100
2149
2101
2150
2102
2151
2103
2152
2104
2153
2105
2154
2155
2107
2156
2108
2157
2109
2158
2110
2159
2111
2160
2112
2161
2113
2162
2114
2163
2115
2164
2116
2165
2117
2166
2118
2167
2119
2168
2120
2169
2121
2170
2122
2171
2123
2172
2124
2173
2125
2174
2126
2175
2127
2176
2128
2177
2129
2178
2130
2179
2131
2180
2132
2181
2133
2182
2134
2183
2135
2184
2136
2185
2137
2186
2138
2187
2139
2188
2140
2189
2141
2190
2142
2191
2143
2192
2144
2193
2145
2194
2146
2195
2147
2196
2148
2197
2149
2198
2150
2199
2151
2200
2152
2201
2153
2202
2154
2203
2155
2204
2205
2157
2206
2158
2207
2159
2208
2160
2209
2161
2210
2162
2211
2163
2212
2164
2213
2165
2214
2166
2215
2167
2216
2168
2217
2169
2218
2170
2219
2171
2220
2172
2221
2173
2222
2174
2223
2175
2224
2176
2225
2177
2226
2178
2227
2179
2228
2180
2229
2181
2230
2182
2231
2183
2232
2184
2233
2185
2234
2186
2235
2187
2236
2188
2237
2189
2238
2190
2239
2191
2240
2192
2241
2193
2242
2194
2243
2195
2244
2196
2245
2197
2246
2198
2247
2199
2248
2200
2249
2201
2250
2202
2251
2203
2252
2204
2253
2205
2254
2255
2207
2256
2208
2257
2209
2258
2210
2259
2211
2260
2212
2261
2213
2262
2214
2263
2215
2264
2216
2265
2217
2266
2218
2267
2219
2268
2220
2269
2221
2270
2222
2271
2223
2272
2224
2273
2225
2274
2226
2275
2227
2276
2228
2277
2229
2278
2230
2279
2231
2280
2232
2281
2233
2282
2234
2283
2235
2284
2236
2285
2237
2286
2238
2287
2239
2288
2240
2289
2241
2290
2242
2291
2243
2292
2244
2293
2245
2294
2246
2295
2247
2296
2248
2297
2249
2298
2250
2299
2251
2300
2252
2301
2253
2302
2254
2303
2255
2304
2305
2257
2306
2258
2307
2259
2308
2260
2309
2261
2310
2262
2311
2263
2312
2264
2313
2265
2314
2266
2315
2267
2316
2268
2317
2269
2318
2270
2319
2271
2320
2272
2321
2273
2322
2274
2323
2275
2324
2276
2325
2277
2326
2278
2327
2279
2328
2280
2329
2281
2330
2282
2331
2283
2332
2284
2333
2285
2334
2286
2335
2287
2336
2288
2337
2289
2338
2290
2339
2291
2340
2292
2341
2293
2342
2294
2343
2295
2344
2296
2345
2297
2346
2298
2347
2299
2348
2300
2349
2301
2350
2302
2351
2303
2352
2304
2353
2305
2354
2355
2307
2356
4817
2308
2357
2309
2358
2310
2359
2311
2360
2312
2361
2313
2362
2314
2363
2315
2364
2316
2365
2317
2366
2318
2367
2319
2368
2320
2369
2321
2370
2322
2371
2323
2372
2324
2373
2325
2374
2326
2375
2327
2376
2328
2377
2329
2378
2330
2379
2331
2380
2332
2381
2333
2382
2334
2383
2335
2384
2336
2385
2337
2386
2338
2387
2339
2388
2340
2389
2341
2390
2342
2391
2343
2392
2344
2393
2345
2394
2346
2395
2347
2396
2348
2397
2349
2398
2350
2399
2351
2400
2352
2401
2353
2402
2354
2403
2355
2404
2405
2357
2406
4829
2358
2407
2359
2408
2360
2409
2361
2410
2362
2411
2363
2412
2364
2413
2365
2414
2366
2415
2367
2416
2368
2417
2369
2418
2370
2419
2371
2420
2372
2421
2373
2422
2374
2423
2375
2424
2376
2425
2377
2426
2378
2427
2379
2428
2380
2429
2381
2430
2382
2431
2383
2432
2384
2433
2385
2434
2386
2435
2387
2436
2388
2437
2389
2438
2390
2439
2391
2440
2392
2441
2393
2442
2394
2443
2395
2444
2396
2445
2397
2446
2398
2447
2399
2448
2400
2449
2401
2450
2402
2451
2403
2452
2404
2453
2405
2454
2455
2407
2456
4841
2408
2457
2409
2458
2410
2459
2411
2460
2412
2461
2413
2462
2414
2463
2415
2464
2416
2465
2417
2466
2418
2467
2419
2468
2420
2469
2421
2470
2422
2471
2423
2472
2424
2473
2425
2474
2426
2475
2427
2476
2428
2477
2429
2478
2430
2479
2431
2480
2432
2481
2433
2482
2434
2483
2435
2484
2436
2485
2437
2486
2438
2487
2439
2488
2440
2489
2441
2490
2442
2491
2443
2492
2444
2493
2445
2494
2446
2495
2447
2496
2448
2497
2449
2498
2450
2499
2451
2500
2452
2501
2453
2502
2454
2503
2455
2504
2505
2457
2506
4853
2458
2507
2459
2508
2460
2509
2461
2510
2462
2511
2463
2512
2464
2513
2465
2514
2466
2515
2467
2516
2468
2517
2469
2518
2470
2519
2471
2520
2472
2521
2473
2522
2474
2523
2475
2524
2476
2525
2477
2526
2478
2527
2479
2528
2480
2529
2481
2530
2482
2531
2483
2532
2484
2533
2485
2534
2486
2535
2487
2536
2488
2537
2489
2538
2490
2539
2491
2540
2492
2541
2493
2542
2494
2543
2495
2544
2496
2545
2497
2546
2498
2547
2499
2548
2500
2549
2501
2550
2502
2551
2503
2552
2504
2553
2505
2554
2555
2507
2556
4865
2508
2557
2509
2558
2510
2559
2511
2560
2512
2561
2513
2562
2514
2563
2515
2564
2516
2565
2517
2566
2518
2567
2519
2568
2520
2569
2521
2570
2522
2571
2523
2572
2524
2573
2525
2574
2526
2575
2527
2576
2528
2577
2529
2578
2530
2579
2531
2580
2532
2581
2533
2582
2534
2583
2535
2584
2536
2585
2537
2586
2538
2587
2539
2588
2540
2589
2541
2590
2542
2591
2543
2592
2544
2593
2545
2594
2546
2595
2547
2596
2548
2597
2549
2598
2550
2599
2551
2600
2552
2601
2553
2602
2554
2603
2555
2604
2605
2557
2606
4877
2558
2607
2559
2608
2560
2609
2561
2610
2562
2611
2563
2612
2564
2613
2565
2614
2566
2615
2567
2616
2568
2617
2569
2618
2570
2619
2571
2620
2572
2621
2573
2622
2574
2623
2575
2624
2576
2625
2577
2626
2578
2627
2579
2628
2580
2629
2581
2630
2582
2631
2583
2632
2584
2633
2585
2634
2586
2635
2587
2636
2588
2637
2589
2638
2590
2639
2591
2640
2592
2641
2593
2642
2594
2643
2595
2644
2596
2645
2597
2646
2598
2647
2599
2648
2600
2649
2601
2650
2602
2651
2603
2652
2604
2653
2605
2654
2655
2607
2656
4889
2608
2657
2609
2658
2610
2659
2611
2660
2612
2661
2613
2662
2614
2663
2615
2664
2616
2665
2617
2666
2618
2667
2619
2668
2620
2669
2621
2670
2622
2671
2623
2672
2624
2673
2625
2674
2626
2675
2627
2676
2628
2677
2629
2678
2630
2679
2631
2680
2632
2681
2633
2682
2634
2683
2635
2684
2636
2685
2637
2686
2638
2687
2639
2688
2640
2689
2641
2690
2642
2691
2643
2692
2644
2693
2645
2694
2646
2695
2647
2696
2648
2697
2649
2698
2650
2699
2651
2700
2652
2701
2653
2702
2654
2703
2655
2704
2705
2657
2706
4901
2658
2707
2659
2708
2660
2709
2661
2710
2662
2711
2663
2712
2664
2713
2665
2714
2666
2715
2667
2716
2668
2717
2669
2718
2670
2719
2671
2720
2672
2721
2673
2722
2674
2723
2675
2724
2676
2725
2677
2726
2678
2727
2679
2728
2680
2729
2681
2730
2682
2731
2683
2732
2684
2733
2685
2734
2686
2735
2687
2736
2688
2737
2689
2738
2690
2739
2691
2740
2692
2741
2693
2742
2694
2743
2695
2744
2696
2745
2697
2746
2698
2747
2699
2748
2700
2749
2701
2750
2702
2751
2703
2752
2704
2753
2705
2754
2755
2707
2756
4913
2708
2757
2709
2758
2710
2759
2711
2760
2712
2761
2713
2762
2714
2763
2715
2764
2716
2765
2717
2766
2718
2767
2719
2768
2720
2769
2721
2770
2722
2771
2723
2772
2724
2773
2725
2774
2726
2775
2727
2776
2728
2777
2729
2778
2730
2779
2731
2780
2732
2781
2733
2782
2734
2783
2735
2784
2736
2785
2737
2786
2738
2787
2739
2788
2740
2789
2741
2790
2742
2791
2743
2792
2744
2793
2745
2794
2746
2795
2747
2796
2748
2797
2749
2798
2750
2799
2751
2800
2752
2801
2753
2802
2754
2803
2755
2804
2805
2757
2806
4925
2758
2807
2759
2808
2760
2809
2761
2810
2762
2811
2763
2812
2764
2813
2765
2814
2766
2815
2767
2816
2768
2817
2769
2818
2770
2819
2771
2820
2772
2821
2773
2822
2774
2823
2775
2824
2776
2825
2777
2826
2778
2827
2779
2828
2780
2829
2781
2830
2782
2831
2783
2832
2784
2833
2785
2834
2786
2835
2787
2836
2788
2837
2789
2838
2790
2839
2791
2840
2792
2841
2793
2842
2794
2843
2795
2844
2796
2845
2797
2846
2798
2847
2799
2848
2800
2849
2801
2850
2802
2851
2803
2852
2804
2853
2805
2854
2855
2807
2856
4937
2808
2857
2809
2858
2810
2859
2811
2860
2812
2861
2813
2862
2814
2863
2815
2864
2816
2865
2817
2866
2818
2867
2819
2868
2820
2869
2821
2870
2822
2871
2823
2872
2824
2873
2825
2874
2826
2875
2827
2876
2828
2877
2829
2878
2830
2879
2831
2880
2832
2881
2833
2882
2834
2883
2835
2884
2836
2885
2837
2886
2838
2887
2839
2888
2840
2889
2841
2890
2842
2891
2843
2892
2844
2893
2845
2894
2846
2895
2847
2896
2848
2897
2849
2898
2850
2899
2851
2900
2852
2901
2853
2902
2854
2903
2855
2904
2905
2857
2906
4949
2858
2907
2859
2908
2860
2909
2861
2910
2862
2911
2863
2912
2864
2913
2865
2914
2866
2915
2867
2916
2868
2917
2869
2918
2870
2919
2871
2920
2872
2921
2873
2922
2874
2923
2875
2924
2876
2925
2877
2926
2878
2927
2879
2928
2880
2929
2881
2930
2882
2931
2883
2932
2884
2933
2885
2934
2886
2935
2887
2936
2888
2937
2889
2938
2890
2939
2891
2940
2892
2941
2893
2942
2894
2943
2895
2944
2896
2945
2897
2946
2898
2947
2899
2948
2900
2949
2901
2950
2902
2951
2903
2952
2904
2953
2905
2954
2955
2907
2956
4961
2908
2957
2909
2958
2910
2959
2911
2960
2912
2961
2913
2962
2914
2963
2915
2964
2916
2965
2917
2966
2918
2967
2919
2968
2920
2969
2921
2970
2922
2971
2923
2972
2924
2973
2925
2974
2926
2975
2927
2976
2928
2977
2929
2978
2930
2979
2931
2980
2932
2981
2933
2982
2934
2983
2935
2984
2936
2985
2937
2986
2938
2987
2939
2988
2940
2989
2941
2990
2942
2991
2943
2992
2944
2993
2945
2994
2946
2995
2947
2996
2948
2997
2949
2998
2950
2999
2951
3000
2952
3001
2953
3002
2954
3003
2955
3004
3005
2957
3006
4973
2958
3007
2959
3008
2960
3009
2961
3010
2962
3011
2963
3012
2964
3013
2965
3014
2966
3015
2967
3016
2968
3017
2969
3018
2970
3019
2971
3020
2972
3021
2973
3022
2974
3023
2975
3024
2976
3025
2977
3026
2978
3027
2979
3028
2980
3029
2981
3030
2982
3031
2983
3032
2984
3033
2985
3034
2986
3035
2987
3036
2988
3037
2989
3038
2990
3039
2991
3040
2992
3041
2993
3042
2994
3043
2995
3044
2996
3045
2997
3046
2998
3047
2999
3048
3000
3049
3001
3050
3002
3051
3003
3052
3004
3053
3005
3054
3055
3007
3056
4985
3008
3057
3009
3058
3010
3059
3011
3060
3012
3061
3013
3062
3014
3063
3015
3064
3016
3065
3017
3066
3018
3067
3019
3068
3020
3069
3021
3070
3022
3071
3023
3072
3024
3073
3025
3074
3026
3075
3027
3076
3028
3077
3029
3078
3030
3079
3031
3080
3032
3081
3033
3082
3034
3083
3035
3084
3036
3085
3037
3086
3038
3087
3039
3088
3040
3089
3041
3090
3042
3091
3043
3092
3044
3093
3045
3094
3046
3095
3047
3096
3048
3097
3049
3098
3050
3099
3051
3100
3052
3101
3053
3102
3054
3103
3055
3104
3105
3057
3106
4997
3058
3107
3059
3108
3060
3109
3061
3110
3062
3111
3063
3112
3064
3113
3065
3114
3066
3115
3067
3116
3068
3117
3069
3118
3070
3119
3071
3120
3072
3121
3073
3122
3074
3123
3075
3124
3076
3125
3077
3126
3078
3127
3079
3128
3080
3129
3081
3130
3082
3131
3083
3132
3084
3133
3085
3134
3086
3135
3087
3136
3088
3137
3089
3138
3090
3139
3091
3140
3092
3141
3093
3142
3094
3143
3095
3144
3096
3145
3097
3146
3098
3147
3099
3148
3100
3149
3101
3150
3102
3151
3103
3152
3104
3153
3105
3154
3155
3107
3156
5009
3108
3157
3109
3158
3110
3159
3111
3160
3112
3161
3113
3162
3114
3163
3115
3164
3116
3165
3117
3166
3118
3167
3119
3168
3120
3169
3121
3170
3122
3171
3123
3172
3124
3173
3125
3174
3126
3175
3127
3176
3128
3177
3129
3178
3130
3179
3131
3180
3132
3181
3133
3182
3134
3183
3135
3184
3136
3185
3137
3186
3138
3187
3139
3188
3140
3189
3141
3190
3142
3191
3143
3192
3144
3193
3145
3194
3146
3195
3147
3196
3148
3197
3149
3198
3150
3199
3151
3200
3152
3201
3153
3202
3154
3203
3155
3204
3205
3157
3206
5021
3158
3207
3159
3208
3160
3209
3161
3210
3162
3211
3163
3212
3164
3213
3165
3214
3166
3215
3167
3216
3168
3217
3169
3218
3170
3219
3171
3220
3172
3221
3173
3222
3174
3223
3175
3224
3176
3225
3177
3226
3178
3227
3179
3228
3180
3229
3181
3230
3182
3231
3183
3232
3184
3233
3185
3234
3186
3235
3187
3236
3188
3237
3189
3238
3190
3239
3191
3240
3192
3241
3193
3242
3194
3243
3195
3244
3196
3245
3197
3246
3198
3247
3199
3248
3200
3249
3201
3250
3202
3251
3203
3252
3204
3253
3205
3254
3255
3207
3256
5033
3208
3257
3209
3258
3210
3259
3211
3260
3212
3261
3213
3262
3214
3263
3215
3264
3216
3265
3217
3266
3218
3267
3219
3268
3220
3269
3221
3270
3222
3271
3223
3272
3224
3273
3225
3274
3226
3275
3227
3276
3228
3277
3229
3278
3230
3279
3231
3280
3232
3281
3233
3282
3234
3283
3235
3284
3236
3285
3237
3286
3238
3287
3239
3288
3240
3289
3241
3290
3242
3291
3243
3292
3244
3293
3245
3294
3246
3295
3247
3296
3248
3297
3249
3298
3250
3299
3251
3300
3252
3301
3253
3302
3254
3303
3255
3304
3305
3257
3306
5045
3258
3307
3259
3308
3260
3309
3261
3310
3262
3311
3263
3312
3264
3313
3265
3314
3266
3315
3267
3316
3268
3317
3269
3318
3270
3319
3271
3320
3272
3321
3273
3322
3274
3323
3275
3324
3276
3325
3277
3326
3278
3327
3279
3328
3280
3329
3281
3330
3282
3331
3283
3332
3284
3333
3285
3334
3286
3335
3287
3336
3288
3337
3289
3338
3290
3339
3291
3340
3292
3341
3293
3342
3294
3343
3295
3344
3296
3345
3297
3346
3298
3347
3299
3348
3300
3349
3301
3350
3302
3351
3303
3352
3304
3353
3305
3354
3355
3307
3356
5057
3308
3357
3309
3358
3310
3359
3311
3360
3312
3361
3313
3362
3314
3363
3315
3364
3316
3365
3317
3366
3318
3367
3319
3368
3320
3369
3321
3370
3322
3371
3323
3372
3324
3373
3325
3374
3326
3375
3327
3376
3328
3377
3329
3378
3330
3379
3331
3380
3332
3381
3333
3382
3334
3383
3335
3384
3336
3385
3337
3386
3338
3387
3339
3388
3340
3389
3341
3390
3342
3391
3343
3392
3344
3393
3345
3394
3346
3395
3347
3396
3348
3397
3349
3398
3350
3399
3351
3400
3352
3401
3353
3402
3354
3403
3355
3404
3405
3357
3406
5069
3358
3407
3359
3408
3360
3409
3361
3410
3362
3411
3363
3412
3364
3413
3365
3414
3366
3415
3367
3416
3368
3417
3369
3418
3370
3419
3371
3420
3372
3421
3373
3422
3374
3423
3375
3424
3376
3425
3377
3426
3378
3427
3379
3428
3380
3429
3381
3430
3382
3431
3383
3432
3384
3433
3385
3434
3386
3435
3387
3436
3388
3437
3389
3438
3390
3439
3391
3440
3392
3441
3393
3442
3394
3443
3395
3444
3396
3445
3397
3446
3398
3447
3399
3448
3400
3449
3401
3450
3402
3451
3403
3452
3404
3453
3405
3454
3455
3407
3456
5081
3408
3457
3409
3458
3410
3459
3411
3460
3412
3461
3413
3462
3414
3463
3415
3464
3416
3465
3417
3466
3418
3467
3419
3468
3420
3469
3421
3470
3422
3471
3423
3472
3424
3473
3425
3474
3426
3475
3427
3476
3428
3477
3429
3478
3430
3479
3431
3480
3432
3481
3433
3482
3434
3483
3435
3484
3436
3485
3437
3486
3438
3487
3439
3488
3440
3489
3441
3490
3442
3491
3443
3492
3444
3493
3445
3494
3446
3495
3447
3496
3448
3497
3449
3498
3450
3499
3451
3500
3452
3501
3453
3502
3454
3503
3455
3504
3505
3457
3506
5093
3458
3507
3459
3508
3460
3509
3461
3510
3462
3511
3463
3512
3464
3513
3465
3514
3466
3515
3467
3516
3468
3517
3469
3518
3470
3519
3471
3520
3472
3521
3473
3522
3474
3523
3475
3524
3476
3525
3477
3526
3478
3527
3479
3528
3480
3529
3481
3530
3482
3531
3483
3532
3484
3533
3485
3534
3486
3535
3487
3536
3488
3537
3489
3538
3490
3539
3491
3540
3492
3541
3493
3542
3494
3543
3495
3544
3496
3545
3497
3546
3498
3547
3499
3548
3500
3549
3501
3550
3502
3551
3503
3552
3504
3553
3505
3554
3555
3507
3556
5105
3508
3557
3509
3558
3510
3559
3511
3560
3512
3561
3513
3562
3514
3563
3515
3564
3516
3565
3517
3566
3518
3567
3519
3568
3520
3569
3521
3570
3522
3571
3523
3572
3524
3573
3525
3574
3526
3575
3527
3576
3528
3577
3529
3578
3530
3579
3531
3580
3532
3581
3533
3582
3534
3583
3535
3584
3536
3585
3537
3586
3538
3587
3539
3588
3540
3589
3541
3590
3542
3591
3543
3592
3544
3593
3545
3594
3546
3595
3547
3596
3548
3597
3549
3598
3550
3599
3551
3600
3552
3601
3553
3602
3554
3603
3555
3604
3605
3557
3606
5117
3558
3607
3559
3608
3560
3609
3561
3610
3562
3611
3563
3612
3564
3613
3565
3614
3566
3615
3567
3616
3568
3617
3569
3618
3570
3619
3571
3620
3572
3621
3573
3622
3574
3623
3575
3624
3576
3625
3577
3626
3578
3627
3579
3628
3580
3629
3581
3630
3582
3631
3583
3632
3584
3633
3585
3634
3586
3635
3587
3636
3588
3637
3589
3638
3590
3639
3591
3640
3592
3641
3593
3642
3594
3643
3595
3644
3596
3645
3597
3646
3598
3647
3599
3648
3600
3649
3601
3650
3602
3651
3603
3652
3604
3653
3605
3654
3655
3607
3656
5129
3608
3657
3609
3658
3610
3659
3611
3660
3612
3661
3613
3662
3614
3663
3615
3664
3616
3665
3617
3666
3618
3667
3619
3668
3620
3669
3621
3670
3622
3671
3623
3672
3624
3673
3625
3674
3626
3675
3627
3676
3628
3677
3629
3678
3630
3679
3631
3680
3632
3681
3633
3682
3634
3683
3635
3684
3636
3685
3637
3686
3638
3687
3639
3688
3640
3689
3641
3690
3642
3691
3643
3692
3644
3693
3645
3694
3646
3695
3647
3696
3648
3697
3649
3698
3650
3699
3651
3700
3652
3701
3653
3702
3654
3703
3655
3704
3705
3657
3706
5141
3658
3707
3659
3708
3660
3709
3661
3710
3662
3711
3663
3712
3664
3713
3665
3714
3666
3715
3667
3716
3668
3717
3669
3718
3670
3719
3671
3720
3672
3721
3673
3722
3674
3723
3675
3724
3676
3725
3677
3726
3678
3727
3679
3728
3680
3729
3681
3730
3682
3731
3683
3732
3684
3733
3685
3734
3686
3735
3687
3736
3688
3737
3689
3738
3690
3739
3691
3740
3692
3741
3693
3742
3694
3743
3695
3744
3696
3745
3697
3746
3698
3747
3699
3748
3700
3749
3701
3750
3702
3751
3703
3752
3704
3753
3705
3754
3755
3707
3756
5153
3708
3757
3709
3758
3710
3759
3711
3760
3712
3761
3713
3762
3714
3763
3715
3764
3716
3765
3717
3766
3718
3767
3719
3768
3720
3769
3721
3770
3722
3771
3723
3772
3724
3773
3725
3774
3726
3775
3727
3776
3728
3777
3729
3778
3730
3779
3731
3780
3732
3781
3733
3782
3734
3783
3735
3784
3736
3785
3737
3786
3738
3787
3739
3788
3740
3789
3741
3790
3742
3791
3743
3792
3744
3793
3745
3794
3746
3795
3747
3796
3748
3797
3749
3798
3750
3799
3751
3800
3752
3801
3753
3802
3754
3803
3755
3804
3805
3757
3806
5165
3758
3807
3759
3808
3760
3809
3761
3810
3762
3811
3763
3812
3764
3813
3765
3814
3766
3815
3767
3816
3768
3817
3769
3818
3770
3819
3771
3820
3772
3821
3773
3822
3774
3823
3775
3824
3776
3825
3777
3826
3778
3827
3779
3828
3780
3829
3781
3830
3782
3831
3783
3832
3784
3833
3785
3834
3786
3835
3787
3836
3788
3837
3789
3838
3790
3839
3791
3840
3792
3841
3793
3842
3794
3843
3795
3844
3796
3845
3797
3846
3798
3847
3799
3848
3800
3849
3801
3850
3802
3851
3803
3852
3804
3853
3805
3854
3855
3807
3856
5177
3808
3857
3809
3858
3810
3859
3811
3860
3812
3861
3813
3862
3814
3863
3815
3864
3816
3865
3817
3866
3818
3867
3819
3868
3820
3869
3821
3870
3822
3871
3823
3872
3824
3873
3825
3874
3826
3875
3827
3876
3828
3877
3829
3878
3830
3879
3831
3880
3832
3881
3833
3882
3834
3883
3835
3884
3836
3885
3837
3886
3838
3887
3839
3888
3840
3889
3841
3890
3842
3891
3843
3892
3844
3893
3845
3894
3846
3895
3847
3896
3848
3897
3849
3898
3850
3899
3851
3900
3852
3901
3853
3902
3854
3903
3855
3904
3905
3857
3906
5189
3858
3907
3859
3908
3860
3909
3861
3910
3862
3911
3863
3912
3864
3913
3865
3914
3866
3915
3867
3916
3868
3917
3869
3918
3870
3919
3871
3920
3872
3921
3873
3922
3874
3923
3875
3924
3876
3925
3877
3926
3878
3927
3879
3928
3880
3929
3881
3930
3882
3931
3883
3932
3884
3933
3885
3934
3886
3935
3887
3936
3888
3937
3889
3938
3890
3939
3891
3940
3892
3941
3893
3942
3894
3943
3895
3944
3896
3945
3897
3946
3898
3947
3899
3948
3900
3949
3901
3950
3902
3951
3903
3952
3904
3953
3905
3954
3955
3907
3956
5201
3908
3957
3909
3958
3910
3959
3911
3960
3912
3961
3913
3962
3914
3963
3915
3964
3916
3965
3917
3966
3918
3967
3919
3968
3920
3969
3921
3970
3922
3971
3923
3972
3924
3973
3925
3974
3926
3975
3927
3976
3928
3977
3929
3978
3930
3979
3931
3980
3932
3981
3933
3982
3934
3983
3935
3984
3936
3985
3937
3986
3938
3987
3939
3988
3940
3989
3941
3990
3942
3991
3943
3992
3944
3993
3945
3994
3946
3995
3947
3996
3948
3997
3949
3998
3950
3999
3951
4000
3952
4001
3953
4002
3954
4003
3955
4004
4005
3957
4006
5213
3958
4007
3959
4008
3960
4009
3961
4010
3962
4011
3963
4012
3964
4013
3965
4014
3966
4015
3967
4016
3968
4017
3969
4018
3970
4019
3971
4020
3972
4021
3973
4022
3974
4023
3975
4024
3976
4025
3977
4026
3978
4027
3979
4028
3980
4029
3981
4030
3982
4031
3983
4032
3984
4033
3985
4034
3986
4035
3987
4036
3988
4037
3989
4038
3990
4039
3991
4040
3992
4041
3993
4042
3994
4043
3995
4044
3996
4045
3997
4046
3998
4047
3999
4048
4000
4049
4001
4050
4002
4051
4003
4052
4004
4053
4005
4054
4055
4007
4056
5225
4008
4057
4009
4058
4010
4059
4011
4060
4012
4061
4013
4062
4014
4063
4015
4064
4016
4065
4017
4066
4018
4067
4019
4068
4020
4069
4021
4070
4022
4071
4023
4072
4024
4073
4025
4074
4026
4075
4027
4076
4028
4077
4029
4078
4030
4079
4031
4080
4032
4081
4033
4082
4034
4083
4035
4084
4036
4085
4037
4086
4038
4087
4039
4088
4040
4089
4041
4090
4042
4091
4043
4092
4044
4093
4045
4094
4046
4095
4047
4096
4048
4097
4049
4098
4050
4099
4051
4100
4052
4101
4053
4102
4054
4103
4055
4104
4105
4057
4106
5237
4058
4107
4059
4108
4060
4109
4061
4110
4062
4111
4063
4112
4064
4113
4065
4114
4066
4115
4067
4116
4068
4117
4069
4118
4070
4119
4071
4120
4072
4121
4073
4122
4074
4123
4075
4124
4076
4125
4077
4126
4078
4127
4079
4128
4080
4129
4081
4130
4082
4131
4083
4132
4084
4133
4085
4134
4086
4135
4087
4136
4088
4137
4089
4138
4090
4139
4091
4140
4092
4141
4093
4142
4094
4143
4095
4144
4096
4145
4097
4146
4098
4147
4099
4148
4100
4149
4101
4150
4102
4151
4103
4152
4104
4153
4105
4154
4155
4107
4156
5249
4108
4157
4109
4158
4110
4159
4111
4160
4112
4161
4113
4162
4114
4163
4115
4164
4116
4165
4117
4166
4118
4167
4119
4168
4120
4169
4121
4170
4122
4171
4123
4172
4124
4173
4125
4174
4126
4175
4127
4176
4128
4177
4129
4178
4130
4179
4131
4180
4132
4181
4133
4182
4134
4183
4135
4184
4136
4185
4137
4186
4138
4187
4139
4188
4140
4189
4141
4190
4142
4191
4143
4192
4144
4193
4145
4194
4146
4195
4147
4196
4148
4197
4149
4198
4150
4199
4151
4200
4152
4201
4153
4202
4154
4203
4155
4204
4205
4157
4206
5261
4158
4207
4159
4208
4160
4209
4161
4210
4162
4211
4163
4212
4164
4213
4165
4214
4166
4215
4167
4216
4168
4217
4169
4218
4170
4219
4171
4220
4172
4221
4173
4222
4174
4223
4175
4224
4176
4225
4177
4226
4178
4227
4179
4228
4180
4229
4181
4230
4182
4231
4183
4232
4184
4233
4185
4234
4186
4235
4187
4236
4188
4237
4189
4238
4190
4239
4191
4240
4192
4241
4193
4242
4194
4243
4195
4244
4196
4245
4197
4246
4198
4247
4199
4248
4200
4249
4201
4250
4202
4251
4203
4252
4204
4253
4205
4254
4255
4207
4256
5273
4208
4257
4209
4258
4210
4259
4211
4260
4212
4261
4213
4262
4214
4263
4215
4264
4216
4265
4217
4266
4218
4267
4219
4268
4220
4269
4221
4270
4222
4271
4223
4272
4224
4273
4225
4274
4226
4275
4227
4276
4228
4277
4229
4278
4230
4279
4231
4280
4232
4281
4233
4282
4234
4283
4235
4284
4236
4285
4237
4286
4238
4287
4239
4288
4240
4289
4241
4290
4242
4291
4243
4292
4244
4293
4245
4294
4246
4295
4247
4296
4248
4297
4249
4298
4250
4299
4251
4300
4252
4301
4253
4302
4254
4303
4255
4304
4305
4257
4306
5285
4258
4307
4259
4308
4260
4309
4261
4310
4262
4311
4263
4312
4264
4313
4265
4314
4266
4315
4267
4316
4268
4317
4269
4318
4270
4319
4271
4320
4272
4321
4273
4322
4274
4323
4275
4324
4276
4325
4277
4326
4278
4327
4279
4328
4280
4329
4281
4330
4282
4331
4283
4332
4284
4333
4285
4334
4286
4335
4287
4336
4288
4337
4289
4338
4290
4339
4291
4340
4292
4341
4293
4342
4294
4343
4295
4344
4296
4345
4297
4346
4298
4347
4299
4348
4300
4349
4301
4350
4302
4351
4303
4352
4304
4353
4305
4354
4355
4307
4356
5297
4308
4357
4309
4358
4310
4359
4311
4360
4312
4361
4313
4362
4314
4363
4315
4364
4316
4365
4317
4366
4318
4367
4319
4368
4320
4369
4321
4370
4322
4371
4323
4372
4324
4373
4325
4374
4326
4375
4327
4376
4328
4377
4329
4378
4330
4379
4331
4380
4332
4381
4333
4382
4334
4383
4335
4384
4336
4385
4337
4386
4338
4387
4339
4388
4340
4389
4341
4390
4342
4391
4343
4392
4344
4393
4345
4394
4346
4395
4347
4396
4348
4397
4349
4398
4350
4399
4351
4400
4352
4401
4353
4402
4354
4403
4355
4404
4405
4357
4406
5309
4358
4407
4359
4408
4360
4409
4361
4410
4362
4411
4363
4412
4364
4413
4365
4414
4366
4415
4367
4416
4368
4417
4369
4418
4370
4419
4371
4420
4372
4421
4373
4422
4374
4423
4375
4424
4376
4425
4377
4426
4378
4427
4379
4428
4380
4429
4381
4430
4382
4431
4383
4432
4384
4433
4385
4434
4386
4435
4387
4436
4388
4437
4389
4438
4390
4439
4391
4440
4392
4441
4393
4442
4394
4443
4395
4444
4396
4445
4397
4446
4398
4447
4399
4448
4400
4449
4401
4450
4402
4451
4403
4452
4404
4453
4405
4454
4455
4407
4456
5321
4408
4457
4409
4458
4410
4459
4411
4460
4412
4461
4413
4462
4414
4463
4415
4464
4416
4465
4417
4466
4418
4467
4419
4468
4420
4469
4421
4470
4422
4471
4423
4472
4424
4473
4425
4474
4426
4475
4427
4476
4428
4477
4429
4478
4430
4479
4431
4480
4432
4481
4433
4482
4434
4483
4435
4484
4436
4485
4437
4486
4438
4487
4439
4488
4440
4489
4441
4490
4442
4491
4443
4492
4444
4493
4445
4494
4446
4495
4447
4496
4448
4497
4449
4498
4450
4499
4451
4500
4452
4501
4453
4502
4454
4503
4455
4504
4505
4457
4506
5332
4458
4507
4459
4508
4460
4509
4461
4510
4462
4511
4463
4512
4464
4513
4465
4514
4466
4515
4467
4516
4468
4517
4469
4518
4470
4519
4471
4520
4472
4521
4473
4522
4474
4523
4475
4524
4476
4525
4477
4526
4478
4527
4479
4528
4480
4529
4481
4530
4482
4531
4483
4532
4484
4533
4485
4534
4486
4535
4487
4536
4488
4537
4489
4538
4490
4539
4491
4540
4492
4541
4493
4542
4494
4543
4495
4544
4496
4545
4497
4546
4498
4547
4499
4548
4500
4549
4501
4550
4502
4551
4503
4552
4504
4553
4505
4554
4555
4507
4556
5343
4508
4557
4509
4558
4510
4559
4511
4560
4512
4561
4513
4562
4514
4563
4515
4564
4516
4565
4517
4566
4518
4567
4519
4568
4520
4569
4521
4570
4522
4571
4523
4572
4524
4573
4525
4574
4526
4575
4527
4576
4528
4577
4529
4578
4530
4579
4531
4580
4532
4581
4533
4582
4534
4583
4535
4584
4536
4585
4537
4586
4538
4587
4539
4588
4540
4589
4541
4590
4542
4591
4543
4592
4544
4593
4545
4594
4546
4595
4547
4596
4548
4597
4549
4598
4550
4599
4551
4600
4552
4601
4553
4602
4554
4603
4555
4604
4605
4557
4606
5354
4558
4607
4559
4608
4560
4609
4561
4610
4562
4611
4563
4612
4564
4613
4565
4614
4566
4615
4567
4616
4568
4617
4569
4618
4570
4619
4571
4620
4572
4621
4573
4622
4574
4623
4575
4624
4576
4625
4577
4626
4578
4627
4579
4628
4580
4629
4581
4630
4582
4631
4583
4632
4584
4633
4585
4634
4586
4635
4587
4636
4588
4637
4589
4638
4590
4639
4591
4640
4592
4641
4593
4642
4594
4643
4595
4644
4596
4645
4597
4646
4598
4647
4599
4648
4600
4649
4601
4650
4602
4651
4603
4652
4604
4653
4605
4654
4655
4607
4656
5365
4608
4657
4609
4658
4610
4659
4611
4660
4612
4661
4613
4662
4614
4663
4615
4664
4616
4665
4617
4666
4618
4667
4619
4668
4620
4669
4621
4670
4622
4671
4623
4672
4624
4673
4625
4674
4626
4675
4627
4676
4628
4677
4629
4678
4630
4679
4631
4680
4632
4681
4633
4682
4634
4683
4635
4684
4636
4685
4637
4686
4638
4687
4639
4688
4640
4689
4641
4690
4642
4691
4643
4692
4644
4693
4645
4694
4646
4695
4647
4696
4648
4697
4649
4698
4650
4699
4651
4700
4652
4701
4653
4702
4654
4703
4655
4704
4705
4657
4706
5376
4658
4707
4659
4708
4660
4709
4661
4710
4662
4711
4663
4712
4664
4713
4665
4714
4666
4715
4667
4716
4668
4717
4669
4718
4670
4719
4671
4720
4672
4721
4673
4722
4674
4723
4675
4724
4676
4725
4677
4726
4678
4727
4679
4728
4680
4729
4681
4730
4682
4731
4683
4732
4684
4733
4685
4734
4686
4735
4687
4736
4688
4737
4689
4738
4690
4739
4691
4740
4692
4741
4693
4742
4694
4743
4695
4744
4696
4745
4697
4746
4698
4747
4699
4748
4700
4749
4701
4750
4702
4751
4703
4752
4704
4753
4705
4754
4755
4707
4756
5387
4708
4757
4709
4758
4710
4759
4711
4760
4712
4761
4713
4762
4714
4763
4715
4764
4716
4765
4717
4766
4718
4767
4719
4768
4720
4769
4721
4770
4722
4771
4723
4772
4724
4773
4725
4774
4726
4775
4727
4776
4728
4777
4729
4778
4730
4779
4731
4780
4732
4781
4733
4782
4734
4783
4735
4784
4736
4785
4737
4786
4738
4787
4739
4788
4740
4789
4741
4790
4742
4791
4743
4792
4744
4793
4745
4794
4746
4795
4747
4796
4748
4797
4749
4798
4750
4799
4751
4800
4752
4801
4753
4802
4754
4803
4755
4804
4805
4757
5398
4758
4759
4760
4761
4762
4763
4764
4765
4766
4767
4768
4769
4770
4771
4772
4773
4774
4775
4776
4777
4778
4779
4780
4781
4782
4783
4784
4785
4786
4787
4788
4789
4790
4791
4792
4793
4794
4795
4796
4797
4798
4799
4800
4801
4802
4803
4804
4805
4807
4818
4808
4819
4809
4820
4810
4821
4811
4822
4812
4823
4813
4824
4814
4825
4815
4826
4816
4827
4817
4828
4829
4819
4830
4820
4831
4821
4832
4822
4833
4823
4834
4824
4835
4825
4836
4826
4837
4827
4838
4828
4839
4829
4840
4841
4831
4842
4832
4843
4833
4844
4834
4845
4835
4846
4836
4847
4837
4848
4838
4849
4839
4850
4840
4851
4841
4852
4853
4843
4854
4844
4855
4845
4856
4846
4857
4847
4858
4848
4859
4849
4860
4850
4861
4851
4862
4852
4863
4853
4864
4865
4855
4866
4856
4867
4857
4868
4858
4869
4859
4870
4860
4871
4861
4872
4862
4873
4863
4874
4864
4875
4865
4876
4877
4867
4878
4868
4879
4869
4880
4870
4881
4871
4882
4872
4883
4873
4884
4874
4885
4875
4886
4876
4887
4877
4888
4889
4879
4890
4880
4891
4881
4892
4882
4893
4883
4894
4884
4895
4885
4896
4886
4897
4887
4898
4888
4899
4889
4900
4901
4891
4902
4892
4903
4893
4904
4894
4905
4895
4906
4896
4907
4897
4908
4898
4909
4899
4910
4900
4911
4901
4912
4913
4903
4914
4904
4915
4905
4916
4906
4917
4907
4918
4908
4919
4909
4920
4910
4921
4911
4922
4912
4923
4913
4924
4925
4915
4926
4916
4927
4917
4928
4918
4929
4919
4930
4920
4931
4921
4932
4922
4933
4923
4934
4924
4935
4925
4936
4937
4927
4938
4928
4939
4929
4940
4930
4941
4931
4942
4932
4943
4933
4944
4934
4945
4935
4946
4936
4947
4937
4948
4949
4939
4950
4940
4951
4941
4952
4942
4953
4943
4954
4944
4955
4945
4956
4946
4957
4947
4958
4948
4959
4949
4960
4961
4951
4962
4952
4963
4953
4964
4954
4965
4955
4966
4956
4967
4957
4968
4958
4969
4959
4970
4960
4971
4961
4972
4973
4963
4974
4964
4975
4965
4976
4966
4977
4967
4978
4968
4979
4969
4980
4970
4981
4971
4982
4972
4983
4973
4984
4985
4975
4986
4976
4987
4977
4988
4978
4989
4979
4990
4980
4991
4981
4992
4982
4993
4983
4994
4984
4995
4985
4996
4997
4987
4998
4988
4999
4989
5000
4990
5001
4991
5002
4992
5003
4993
5004
4994
5005
4995
5006
4996
5007
4997
5008
5009
4999
5010
5000
5011
5001
5012
5002
5013
5003
5014
5004
5015
5005
5016
5006
5017
5007
5018
5008
5019
5009
5020
5021
5011
5022
5012
5023
5013
5024
5014
5025
5015
5026
5016
5027
5017
5028
5018
5029
5019
5030
5020
5031
5021
5032
5033
5023
5034
5024
5035
5025
5036
5026
5037
5027
5038
5028
5039
5029
5040
5030
5041
5031
5042
5032
5043
5033
5044
5045
5035
5046
5036
5047
5037
5048
5038
5049
5039
5050
5040
5051
5041
5052
5042
5053
5043
5054
5044
5055
5045
5056
5057
5047
5058
5048
5059
5049
5060
5050
5061
5051
5062
5052
5063
5053
5064
5054
5065
5055
5066
5056
5067
5057
5068
5069
5059
5070
5060
5071
5061
5072
5062
5073
5063
5074
5064
5075
5065
5076
5066
5077
5067
5078
5068
5079
5069
5080
5081
5071
5082
5072
5083
5073
5084
5074
5085
5075
5086
5076
5087
5077
5088
5078
5089
5079
5090
5080
5091
5081
5092
5093
5083
5094
5084
5095
5085
5096
5086
5097
5087
5098
5088
5099
5089
5100
5090
5101
5091
5102
5092
5103
5093
5104
5105
5095
5106
5096
5107
5097
5108
5098
5109
5099
5110
5100
5111
5101
5112
5102
5113
5103
5114
5104
5115
5105
5116
5117
5107
5118
5108
5119
5109
5120
5110
5121
5111
5122
5112
5123
5113
5124
5114
5125
5115
5126
5116
5127
5117
5128
5129
5119
5130
5120
5131
5121
5132
5122
5133
5123
5134
5124
5135
5125
5136
5126
5137
5127
5138
5128
5139
5129
5140
5141
5131
5142
5132
5143
5133
5144
5134
5145
5135
5146
5136
5147
5137
5148
5138
5149
5139
5150
5140
5151
5141
5152
5153
5143
5154
5144
5155
5145
5156
5146
5157
5147
5158
5148
5159
5149
5160
5150
5161
5151
5162
5152
5163
5153
5164
5165
5155
5166
5156
5167
5157
5168
5158
5169
5159
5170
5160
5171
5161
5172
5162
5173
5163
5174
5164
5175
5165
5176
5177
5167
5178
5168
5179
5169
5180
5170
5181
5171
5182
5172
5183
5173
5184
5174
5185
5175
5186
5176
5187
5177
5188
5189
5179
5190
5180
5191
5181
5192
5182
5193
5183
5194
5184
5195
5185
5196
5186
5197
5187
5198
5188
5199
5189
5200
5201
5191
5202
5192
5203
5193
5204
5194
5205
5195
5206
5196
5207
5197
5208
5198
5209
5199
5210
5200
5211
5201
5212
5213
5203
5214
5204
5215
5205
5216
5206
5217
5207
5218
5208
5219
5209
5220
5210
5221
5211
5222
5212
5223
5213
5224
5225
5215
5226
5216
5227
5217
5228
5218
5229
5219
5230
5220
5231
5221
5232
5222
5233
5223
5234
5224
5235
5225
5236
5237
5227
5238
5228
5239
5229
5240
5230
5241
5231
5242
5232
5243
5233
5244
5234
5245
5235
5246
5236
5247
5237
5248
5249
5239
5250
5240
5251
5241
5252
5242
5253
5243
5254
5244
5255
5245
5256
5246
5257
5247
5258
5248
5259
5249
5260
5261
5251
5262
5252
5263
5253
5264
5254
5265
5255
5266
5256
5267
5257
5268
5258
5269
5259
5270
5260
5271
5261
5272
5273
5263
5274
5264
5275
5265
5276
5266
5277
5267
5278
5268
5279
5269
5280
5270
5281
5271
5282
5272
5283
5273
5284
5285
5275
5286
5276
5287
5277
5288
5278
5289
5279
5290
5280
5291
5281
5292
5282
5293
5283
5294
5284
5295
5285
5296
5297
5287
5298
5288
5299
5289
5300
5290
5301
5291
5302
5292
5303
5293
5304
5294
5305
5295
5306
5296
5307
5297
5308
5309
5299
5310
5300
5311
5301
5312
5302
5313
5303
5314
5304
5315
5305
5316
5306
5317
5307
5318
5308
5319
5309
5320
5321
5311
5312
5322
5313
5323
5314
5324
5315
5325
5316
5326
5317
5327
5318
5328
5319
5329
5320
5330
5321
5331
5332
5323
5333
5324
5334
5325
5335
5326
5336
5327
5337
5328
5338
5329
5339
5330
5340
5331
5341
5332
5342
5343
5334
5344
5335
5345
5336
5346
5337
5347
5338
5348
5339
5349
5340
5350
5341
5351
5342
5352
5343
5353
5354
5345
5355
5346
5356
5347
5357
5348
5358
5349
5359
5350
5360
5351
5361
5352
5362
5353
5363
5354
5364
5365
5356
5366
5357
5367
5358
5368
5359
5369
5360
5370
5361
5371
5362
5372
5363
5373
5364
5374
5365
5375
5376
5367
5377
5368
5378
5369
5379
5370
5380
5371
5381
5372
5382
5373
5383
5374
5384
5375
5385
5376
5386
5387
5378
5388
5379
5389
5380
5390
5381
5391
5382
5392
5383
5393
5384
5394
5385
5395
5386
5396
5387
5397
5398
5389
5390
5391
5392
5393
5394
5395
5396
5397
5398
5400
5411
5401
5412
5402
5413
5403
5414
5404
5415
5405
5416
5406
5417
5407
5418
5408
5419
5409
5420
5410
5421
5422
6006
5412
5423
5413
5424
5414
5425
5415
5426
5416
5427
5417
5428
5418
5429
5419
5430
5420
5431
5421
5432
5422
5433
5434
6056
5424
5435
5425
5436
5426
5437
5427
5438
5428
5439
5429
5440
5430
5441
5431
5442
5432
5443
5433
5444
5434
5445
5446
6106
5436
5447
5437
5448
5438
5449
5439
5450
5440
5451
5441
5452
5442
5453
5443
5454
5444
5455
5445
5456
5446
5457
5458
6156
5448
5459
5449
5460
5450
5461
5451
5462
5452
5463
5453
5464
5454
5465
5455
5466
5456
5467
5457
5468
5458
5469
5470
6206
5460
5471
5461
5472
5462
5473
5463
5474
5464
5475
5465
5476
5466
5477
5467
5478
5468
5479
5469
5480
5470
5481
5482
6256
5472
5483
5473
5484
5474
5485
5475
5486
5476
5487
5477
5488
5478
5489
5479
5490
5480
5491
5481
5492
5482
5493
5494
6306
5484
5495
5485
5496
5486
5497
5487
5498
5488
5499
5489
5500
5490
5501
5491
5502
5492
5503
5493
5504
5494
5505
5506
6356
5496
5507
5497
5508
5498
5509
5499
5510
5500
5511
5501
5512
5502
5513
5503
5514
5504
5515
5505
5516
5506
5517
5518
6406
5508
5519
5509
5520
5510
5521
5511
5522
5512
5523
5513
5524
5514
5525
5515
5526
5516
5527
5517
5528
5518
5529
5530
6456
5520
5531
5521
5532
5522
5533
5523
5534
5524
5535
5525
5536
5526
5537
5527
5538
5528
5539
5529
5540
5530
5541
5542
6506
5532
5543
5533
5544
5534
5545
5535
5546
5536
5547
5537
5548
5538
5549
5539
5550
5540
5551
5541
5552
5542
5553
5554
6556
5544
5555
5545
5556
5546
5557
5547
5558
5548
5559
5549
5560
5550
5561
5551
5562
5552
5563
5553
5564
5554
5565
5566
6606
5556
5567
5557
5568
5558
5569
5559
5570
5560
5571
5561
5572
5562
5573
5563
5574
5564
5575
5565
5576
5566
5577
5578
6656
5568
5579
5569
5580
5570
5581
5571
5582
5572
5583
5573
5584
5574
5585
5575
5586
5576
5587
5577
5588
5578
5589
5590
6706
5580
5591
5581
5592
5582
5593
5583
5594
5584
5595
5585
5596
5586
5597
5587
5598
5588
5599
5589
5600
5590
5601
5602
6756
5592
5603
5593
5604
5594
5605
5595
5606
5596
5607
5597
5608
5598
5609
5599
5610
5600
5611
5601
5612
5602
5613
5614
6806
5604
5615
5605
5616
5606
5617
5607
5618
5608
5619
5609
5620
5610
5621
5611
5622
5612
5623
5613
5624
5614
5625
5626
6856
5616
5627
5617
5628
5618
5629
5619
5630
5620
5631
5621
5632
5622
5633
5623
5634
5624
5635
5625
5636
5626
5637
5638
6906
5628
5639
5629
5640
5630
5641
5631
5642
5632
5643
5633
5644
5634
5645
5635
5646
5636
5647
5637
5648
5638
5649
5650
6956
5640
5651
5641
5652
5642
5653
5643
5654
5644
5655
5645
5656
5646
5657
5647
5658
5648
5659
5649
5660
5650
5661
5662
7006
5652
5663
5653
5664
5654
5665
5655
5666
5656
5667
5657
5668
5658
5669
5659
5670
5660
5671
5661
5672
5662
5673
5674
7056
5664
5675
5665
5676
5666
5677
5667
5678
5668
5679
5669
5680
5670
5681
5671
5682
5672
5683
5673
5684
5674
5685
5686
7106
5676
5687
5677
5688
5678
5689
5679
5690
5680
5691
5681
5692
5682
5693
5683
5694
5684
5695
5685
5696
5686
5697
5698
7156
5688
5699
5689
5700
5690
5701
5691
5702
5692
5703
5693
5704
5694
5705
5695
5706
5696
5707
5697
5708
5698
5709
5710
7206
5700
5711
5701
5712
5702
5713
5703
5714
5704
5715
5705
5716
5706
5717
5707
5718
5708
5719
5709
5720
5710
5721
5722
7256
5712
5723
5713
5724
5714
5725
5715
5726
5716
5727
5717
5728
5718
5729
5719
5730
5720
5731
5721
5732
5722
5733
5734
7306
5724
5735
5725
5736
5726
5737
5727
5738
5728
5739
5729
5740
5730
5741
5731
5742
5732
5743
5733
5744
5734
5745
5746
7356
5736
5747
5737
5748
5738
5749
5739
5750
5740
5751
5741
5752
5742
5753
5743
5754
5744
5755
5745
5756
5746
5757
5758
7406
5748
5759
5749
5760
5750
5761
5751
5762
5752
5763
5753
5764
5754
5765
5755
5766
5756
5767
5757
5768
5758
5769
5770
7456
5760
5771
5761
5772
5762
5773
5763
5774
5764
5775
5765
5776
5766
5777
5767
5778
5768
5779
5769
5780
5770
5781
5782
7506
5772
5783
5773
5784
5774
5785
5775
5786
5776
5787
5777
5788
5778
5789
5779
5790
5780
5791
5781
5792
5782
5793
5794
7556
5784
5795
5785
5796
5786
5797
5787
5798
5788
5799
5789
5800
5790
5801
5791
5802
5792
5803
5793
5804
5794
5805
5806
7606
5796
5807
5797
5808
5798
5809
5799
5810
5800
5811
5801
5812
5802
5813
5803
5814
5804
5815
5805
5816
5806
5817
5818
7656
5808
5819
5809
5820
5810
5821
5811
5822
5812
5823
5813
5824
5814
5825
5815
5826
5816
5827
5817
5828
5818
5829
5830
7706
5820
5831
5821
5832
5822
5833
5823
5834
5824
5835
5825
5836
5826
5837
5827
5838
5828
5839
5829
5840
5830
5841
5842
7756
5832
5843
5833
5844
5834
5845
5835
5846
5836
5847
5837
5848
5838
5849
5839
5850
5840
5851
5841
5852
5842
5853
5854
7806
5844
5855
5845
5856
5846
5857
5847
5858
5848
5859
5849
5860
5850
5861
5851
5862
5852
5863
5853
5864
5854
5865
5866
7856
5856
5867
5857
5868
5858
5869
5859
5870
5860
5871
5861
5872
5862
5873
5863
5874
5864
5875
5865
5876
5866
5877
5878
7906
5868
5879
5869
5880
5870
5881
5871
5882
5872
5883
5873
5884
5874
5885
5875
5886
5876
5887
5877
5888
5878
5889
5890
7956
5880
5891
5881
5892
5882
5893
5883
5894
5884
5895
5885
5896
5886
5897
5887
5898
5888
5899
5889
5900
5890
5901
5902
8006
5892
5903
5893
5904
5894
5905
5895
5906
5896
5907
5897
5908
5898
5909
5899
5910
5900
5911
5901
5912
5902
5913
5914
8056
5904
5916
5905
5917
5906
5918
5907
5919
5908
5920
5909
5921
5910
5922
5911
5923
5912
5924
5913
5925
5914
5926
5927
8106
5916
5928
5917
5929
5918
5930
5919
5931
5920
5932
5921
5933
5922
5934
5923
5935
5924
5936
5925
5937
5926
5938
5927
5939
5940
8156
5929
5941
5930
5942
5931
5943
5932
5944
5933
5945
5934
5946
5935
5947
5936
5948
5937
5949
5938
5950
5939
5951
5940
5952
5953
8206
5942
5954
5943
5955
5944
5956
5945
5957
5946
5958
5947
5959
5948
5960
5949
5961
5950
5962
5951
5963
5952
5964
5953
5965
5966
8256
5955
5967
5956
5968
5957
5969
5958
5970
5959
5971
5960
5972
5961
5973
5962
5974
5963
5975
5964
5976
5965
5977
5966
5978
5979
8306
5968
5980
5969
5981
5970
5982
5971
5983
5972
5984
5973
5985
5974
5986
5975
5987
5976
5988
5977
5989
5978
5990
5979
5991
5992
8356
5981
5993
5982
5994
5983
5995
5984
5996
5985
5997
5986
5998
5987
5999
5988
6000
5989
6001
5990
6002
5991
6003
5992
6004
6005
8406
5994
5995
5996
5997
5998
5999
6000
6001
6002
6003
6004
6005
8456
6007
6056
6008
6057
6009
6058
6010
6059
6011
6060
6012
6061
6013
6062
6014
6063
6015
6064
6016
6065
6017
6066
6018
6067
6019
6068
6020
6069
6021
6070
6022
6071
6023
6072
6024
6073
6025
6074
6026
6075
6027
6076
6028
6077
6029
6078
6030
6079
6031
6080
6032
6081
6033
6082
6034
6083
6035
6084
6036
6085
6037
6086
6038
6087
6039
6088
6040
6089
6041
6090
6042
6091
6043
6092
6044
6093
6045
6094
6046
6095
6047
6096
6048
6097
6049
6098
6050
6099
6051
6100
6052
6101
6053
6102
6054
6103
6055
6104
6105
6057
6106
6058
6107
6059
6108
6060
6109
6061
6110
6062
6111
6063
6112
6064
6113
6065
6114
6066
6115
6067
6116
6068
6117
6069
6118
6070
6119
6071
6120
6072
6121
6073
6122
6074
6123
6075
6124
6076
6125
6077
6126
6078
6127
6079
6128
6080
6129
6081
6130
6082
6131
6083
6132
6084
6133
6085
6134
6086
6135
6087
6136
6088
6137
6089
6138
6090
6139
6091
6140
6092
6141
6093
6142
6094
6143
6095
6144
6096
6145
6097
6146
6098
6147
6099
6148
6100
6149
6101
6150
6102
6151
6103
6152
6104
6153
6105
6154
6155
6107
6156
6108
6157
6109
6158
6110
6159
6111
6160
6112
6161
6113
6162
6114
6163
6115
6164
6116
6165
6117
6166
6118
6167
6119
6168
6120
6169
6121
6170
6122
6171
6123
6172
6124
6173
6125
6174
6126
6175
6127
6176
6128
6177
6129
6178
6130
6179
6131
6180
6132
6181
6133
6182
6134
6183
6135
6184
6136
6185
6137
6186
6138
6187
6139
6188
6140
6189
6141
6190
6142
6191
6143
6192
6144
6193
6145
6194
6146
6195
6147
6196
6148
6197
6149
6198
6150
6199
6151
6200
6152
6201
6153
6202
6154
6203
6155
6204
6205
6157
6206
6158
6207
6159
6208
6160
6209
6161
6210
6162
6211
6163
6212
6164
6213
6165
6214
6166
6215
6167
6216
6168
6217
6169
6218
6170
6219
6171
6220
6172
6221
6173
6222
6174
6223
6175
6224
6176
6225
6177
6226
6178
6227
6179
6228
6180
6229
6181
6230
6182
6231
6183
6232
6184
6233
6185
6234
6186
6235
6187
6236
6188
6237
6189
6238
6190
6239
6191
6240
6192
6241
6193
6242
6194
6243
6195
6244
6196
6245
6197
6246
6198
6247
6199
6248
6200
6249
6201
6250
6202
6251
6203
6252
6204
6253
6205
6254
6255
6207
6256
6208
6257
6209
6258
6210
6259
6211
6260
6212
6261
6213
6262
6214
6263
6215
6264
6216
6265
6217
6266
6218
6267
6219
6268
6220
6269
6221
6270
6222
6271
6223
6272
6224
6273
6225
6274
6226
6275
6227
6276
6228
6277
6229
6278
6230
6279
6231
6280
6232
6281
6233
6282
6234
6283
6235
6284
6236
6285
6237
6286
6238
6287
6239
6288
6240
6289
6241
6290
6242
6291
6243
6292
6244
6293
6245
6294
6246
6295
6247
6296
6248
6297
6249
6298
6250
6299
6251
6300
6252
6301
6253
6302
6254
6303
6255
6304
6305
6257
6306
6258
6307
6259
6308
6260
6309
6261
6310
6262
6311
6263
6312
6264
6313
6265
6314
6266
6315
6267
6316
6268
6317
6269
6318
6270
6319
6271
6320
6272
6321
6273
6322
6274
6323
6275
6324
6276
6325
6277
6326
6278
6327
6279
6328
6280
6329
6281
6330
6282
6331
6283
6332
6284
6333
6285
6334
6286
6335
6287
6336
6288
6337
6289
6338
6290
6339
6291
6340
6292
6341
6293
6342
6294
6343
6295
6344
6296
6345
6297
6346
6298
6347
6299
6348
6300
6349
6301
6350
6302
6351
6303
6352
6304
6353
6305
6354
6355
6307
6356
6308
6357
6309
6358
6310
6359
6311
6360
6312
6361
6313
6362
6314
6363
6315
6364
6316
6365
6317
6366
6318
6367
6319
6368
6320
6369
6321
6370
6322
6371
6323
6372
6324
6373
6325
6374
6326
6375
6327
6376
6328
6377
6329
6378
6330
6379
6331
6380
6332
6381
6333
6382
6334
6383
6335
6384
6336
6385
6337
6386
6338
6387
6339
6388
6340
6389
6341
6390
6342
6391
6343
6392
6344
6393
6345
6394
6346
6395
6347
6396
6348
6397
6349
6398
6350
6399
6351
6400
6352
6401
6353
6402
6354
6403
6355
6404
6405
6357
6406
6358
6407
6359
6408
6360
6409
6361
6410
6362
6411
6363
6412
6364
6413
6365
6414
6366
6415
6367
6416
6368
6417
6369
6418
6370
6419
6371
6420
6372
6421
6373
6422
6374
6423
6375
6424
6376
6425
6377
6426
6378
6427
6379
6428
6380
6429
6381
6430
6382
6431
6383
6432
6384
6433
6385
6434
6386
6435
6387
6436
6388
6437
6389
6438
6390
6439
6391
6440
6392
6441
6393
6442
6394
6443
6395
6444
6396
6445
6397
6446
6398
6447
6399
6448
6400
6449
6401
6450
6402
6451
6403
6452
6404
6453
6405
6454
6455
6407
6456
6408
6457
6409
6458
6410
6459
6411
6460
6412
6461
6413
6462
6414
6463
6415
6464
6416
6465
6417
6466
6418
6467
6419
6468
6420
6469
6421
6470
6422
6471
6423
6472
6424
6473
6425
6474
6426
6475
6427
6476
6428
6477
6429
6478
6430
6479
6431
6480
6432
6481
6433
6482
6434
6483
6435
6484
6436
6485
6437
6486
6438
6487
6439
6488
6440
6489
6441
6490
6442
6491
6443
6492
6444
6493
6445
6494
6446
6495
6447
6496
6448
6497
6449
6498
6450
6499
6451
6500
6452
6501
6453
6502
6454
6503
6455
6504
6505
6457
6506
6458
6507
6459
6508
6460
6509
6461
6510
6462
6511
6463
6512
6464
6513
6465
6514
6466
6515
6467
6516
6468
6517
6469
6518
6470
6519
6471
6520
6472
6521
6473
6522
6474
6523
6475
6524
6476
6525
6477
6526
6478
6527
6479
6528
6480
6529
6481
6530
6482
6531
6483
6532
6484
6533
6485
6534
6486
6535
6487
6536
6488
6537
6489
6538
6490
6539
6491
6540
6492
6541
6493
6542
6494
6543
6495
6544
6496
6545
6497
6546
6498
6547
6499
6548
6500
6549
6501
6550
6502
6551
6503
6552
6504
6553
6505
6554
6555
6507
6556
6508
6557
6509
6558
6510
6559
6511
6560
6512
6561
6513
6562
6514
6563
6515
6564
6516
6565
6517
6566
6518
6567
6519
6568
6520
6569
6521
6570
6522
6571
6523
6572
6524
6573
6525
6574
6526
6575
6527
6576
6528
6577
6529
6578
6530
6579
6531
6580
6532
6581
6533
6582
6534
6583
6535
6584
6536
6585
6537
6586
6538
6587
6539
6588
6540
6589
6541
6590
6542
6591
6543
6592
6544
6593
6545
6594
6546
6595
6547
6596
6548
6597
6549
6598
6550
6599
6551
6600
6552
6601
6553
6602
6554
6603
6555
6604
6605
6557
6606
6558
6607
6559
6608
6560
6609
6561
6610
6562
6611
6563
6612
6564
6613
6565
6614
6566
6615
6567
6616
6568
6617
6569
6618
6570
6619
6571
6620
6572
6621
6573
6622
6574
6623
6575
6624
6576
6625
6577
6626
6578
6627
6579
6628
6580
6629
6581
6630
6582
6631
6583
6632
6584
6633
6585
6634
6586
6635
6587
6636
6588
6637
6589
6638
6590
6639
6591
6640
6592
6641
6593
6642
6594
6643
6595
6644
6596
6645
6597
6646
6598
6647
6599
6648
6600
6649
6601
6650
6602
6651
6603
6652
6604
6653
6605
6654
6655
6607
6656
6608
6657
6609
6658
6610
6659
6611
6660
6612
6661
6613
6662
6614
6663
6615
6664
6616
6665
6617
6666
6618
6667
6619
6668
6620
6669
6621
6670
6622
6671
6623
6672
6624
6673
6625
6674
6626
6675
6627
6676
6628
6677
6629
6678
6630
6679
6631
6680
6632
6681
6633
6682
6634
6683
6635
6684
6636
6685
6637
6686
6638
6687
6639
6688
6640
6689
6641
6690
6642
6691
6643
6692
6644
6693
6645
6694
6646
6695
6647
6696
6648
6697
6649
6698
6650
6699
6651
6700
6652
6701
6653
6702
6654
6703
6655
6704
6705
6657
6706
6658
6707
6659
6708
6660
6709
6661
6710
6662
6711
6663
6712
6664
6713
6665
6714
6666
6715
6667
6716
6668
6717
6669
6718
6670
6719
6671
6720
6672
6721
6673
6722
6674
6723
6675
6724
6676
6725
6677
6726
6678
6727
6679
6728
6680
6729
6681
6730
6682
6731
6683
6732
6684
6733
6685
6734
6686
6735
6687
6736
6688
6737
6689
6738
6690
6739
6691
6740
6692
6741
6693
6742
6694
6743
6695
6744
6696
6745
6697
6746
6698
6747
6699
6748
6700
6749
6701
6750
6702
6751
6703
6752
6704
6753
6705
6754
6755
6707
6756
6708
6757
6709
6758
6710
6759
6711
6760
6712
6761
6713
6762
6714
6763
6715
6764
6716
6765
6717
6766
6718
6767
6719
6768
6720
6769
6721
6770
6722
6771
6723
6772
6724
6773
6725
6774
6726
6775
6727
6776
6728
6777
6729
6778
6730
6779
6731
6780
6732
6781
6733
6782
6734
6783
6735
6784
6736
6785
6737
6786
6738
6787
6739
6788
6740
6789
6741
6790
6742
6791
6743
6792
6744
6793
6745
6794
6746
6795
6747
6796
6748
6797
6749
6798
6750
6799
6751
6800
6752
6801
6753
6802
6754
6803
6755
6804
6805
6757
6806
6758
6807
6759
6808
6760
6809
6761
6810
6762
6811
6763
6812
6764
6813
6765
6814
6766
6815
6767
6816
6768
6817
6769
6818
6770
6819
6771
6820
6772
6821
6773
6822
6774
6823
6775
6824
6776
6825
6777
6826
6778
6827
6779
6828
6780
6829
6781
6830
6782
6831
6783
6832
6784
6833
6785
6834
6786
6835
6787
6836
6788
6837
6789
6838
6790
6839
6791
6840
6792
6841
6793
6842
6794
6843
6795
6844
6796
6845
6797
6846
6798
6847
6799
6848
6800
6849
6801
6850
6802
6851
6803
6852
6804
6853
6805
6854
6855
6807
6856
6808
6857
6809
6858
6810
6859
6811
6860
6812
6861
6813
6862
6814
6863
6815
6864
6816
6865
6817
6866
6818
6867
6819
6868
6820
6869
6821
6870
6822
6871
6823
6872
6824
6873
6825
6874
6826
6875
6827
6876
6828
6877
6829
6878
6830
6879
6831
6880
6832
6881
6833
6882
6834
6883
6835
6884
6836
6885
6837
6886
6838
6887
6839
6888
6840
6889
6841
6890
6842
6891
6843
6892
6844
6893
6845
6894
6846
6895
6847
6896
6848
6897
6849
6898
6850
6899
6851
6900
6852
6901
6853
6902
6854
6903
6855
6904
6905
6857
6906
6858
6907
6859
6908
6860
6909
6861
6910
6862
6911
6863
6912
6864
6913
6865
6914
6866
6915
6867
6916
6868
6917
6869
6918
6870
6919
6871
6920
6872
6921
6873
6922
6874
6923
6875
6924
6876
6925
6877
6926
6878
6927
6879
6928
6880
6929
6881
6930
6882
6931
6883
6932
6884
6933
6885
6934
6886
6935
6887
6936
6888
6937
6889
6938
6890
6939
6891
6940
6892
6941
6893
6942
6894
6943
6895
6944
6896
6945
6897
6946
6898
6947
6899
6948
6900
6949
6901
6950
6902
6951
6903
6952
6904
6953
6905
6954
6955
6907
6956
6908
6957
6909
6958
6910
6959
6911
6960
6912
6961
6913
6962
6914
6963
6915
6964
6916
6965
6917
6966
6918
6967
6919
6968
6920
6969
6921
6970
6922
6971
6923
6972
6924
6973
6925
6974
6926
6975
6927
6976
6928
6977
6929
6978
6930
6979
6931
6980
6932
6981
6933
6982
6934
6983
6935
6984
6936
6985
6937
6986
6938
6987
6939
6988
6940
6989
6941
6990
6942
6991
6943
6992
6944
6993
6945
6994
6946
6995
6947
6996
6948
6997
6949
6998
6950
6999
6951
7000
6952
7001
6953
7002
6954
7003
6955
7004
7005
6957
7006
6958
7007
6959
7008
6960
7009
6961
7010
6962
7011
6963
7012
6964
7013
6965
7014
6966
7015
6967
7016
6968
7017
6969
7018
6970
7019
6971
7020
6972
7021
6973
7022
6974
7023
6975
7024
6976
7025
6977
7026
6978
7027
6979
7028
6980
7029
6981
7030
6982
7031
6983
7032
6984
7033
6985
7034
6986
7035
6987
7036
6988
7037
6989
7038
6990
7039
6991
7040
6992
7041
6993
7042
6994
7043
6995
7044
6996
7045
6997
7046
6998
7047
6999
7048
7000
7049
7001
7050
7002
7051
7003
7052
7004
7053
7005
7054
7055
7007
7056
7008
7057
7009
7058
7010
7059
7011
7060
7012
7061
7013
7062
7014
7063
7015
7064
7016
7065
7017
7066
7018
7067
7019
7068
7020
7069
7021
7070
7022
7071
7023
7072
7024
7073
7025
7074
7026
7075
7027
7076
7028
7077
7029
7078
7030
7079
7031
7080
7032
7081
7033
7082
7034
7083
7035
7084
7036
7085
7037
7086
7038
7087
7039
7088
7040
7089
7041
7090
7042
7091
7043
7092
7044
7093
7045
7094
7046
7095
7047
7096
7048
7097
7049
7098
7050
7099
7051
7100
7052
7101
7053
7102
7054
7103
7055
7104
7105
7057
7106
7058
7107
7059
7108
7060
7109
7061
7110
7062
7111
7063
7112
7064
7113
7065
7114
7066
7115
7067
7116
7068
7117
7069
7118
7070
7119
7071
7120
7072
7121
7073
7122
7074
7123
7075
7124
7076
7125
7077
7126
7078
7127
7079
7128
7080
7129
7081
7130
7082
7131
7083
7132
7084
7133
7085
7134
7086
7135
7087
7136
7088
7137
7089
7138
7090
7139
7091
7140
7092
7141
7093
7142
7094
7143
7095
7144
7096
7145
7097
7146
7098
7147
7099
7148
7100
7149
7101
7150
7102
7151
7103
7152
7104
7153
7105
7154
7155
7107
7156
7108
7157
7109
7158
7110
7159
7111
7160
7112
7161
7113
7162
7114
7163
7115
7164
7116
7165
7117
7166
7118
7167
7119
7168
7120
7169
7121
7170
7122
7171
7123
7172
7124
7173
7125
7174
7126
7175
7127
7176
7128
7177
7129
7178
7130
7179
7131
7180
7132
7181
7133
7182
7134
7183
7135
7184
7136
7185
7137
7186
7138
7187
7139
7188
7140
7189
7141
7190
7142
7191
7143
7192
7144
7193
7145
7194
7146
7195
7147
7196
7148
7197
7149
7198
7150
7199
7151
7200
7152
7201
7153
7202
7154
7203
7155
7204
7205
7157
7206
7158
7207
7159
7208
7160
7209
7161
7210
7162
7211
7163
7212
7164
7213
7165
7214
7166
7215
7167
7216
7168
7217
7169
7218
7170
7219
7171
7220
7172
7221
7173
7222
7174
7223
7175
7224
7176
7225
7177
7226
7178
7227
7179
7228
7180
7229
7181
7230
7182
7231
7183
7232
7184
7233
7185
7234
7186
7235
7187
7236
7188
7237
7189
7238
7190
7239
7191
7240
7192
7241
7193
7242
7194
7243
7195
7244
7196
7245
7197
7246
7198
7247
7199
7248
7200
7249
7201
7250
7202
7251
7203
7252
7204
7253
7205
7254
7255
7207
7256
7208
7257
7209
7258
7210
7259
7211
7260
7212
7261
7213
7262
7214
7263
7215
7264
7216
7265
7217
7266
7218
7267
7219
7268
7220
7269
7221
7270
7222
7271
7223
7272
7224
7273
7225
7274
7226
7275
7227
7276
7228
7277
7229
7278
7230
7279
7231
7280
7232
7281
7233
7282
7234
7283
7235
7284
7236
7285
7237
7286
7238
7287
7239
7288
7240
7289
7241
7290
7242
7291
7243
7292
7244
7293
7245
7294
7246
7295
7247
7296
7248
7297
7249
7298
7250
7299
7251
7300
7252
7301
7253
7302
7254
7303
7255
7304
7305
7257
7306
7258
7307
7259
7308
7260
7309
7261
7310
7262
7311
7263
7312
7264
7313
7265
7314
7266
7315
7267
7316
7268
7317
7269
7318
7270
7319
7271
7320
7272
7321
7273
7322
7274
7323
7275
7324
7276
7325
7277
7326
7278
7327
7279
7328
7280
7329
7281
7330
7282
7331
7283
7332
7284
7333
7285
7334
7286
7335
7287
7336
7288
7337
7289
7338
7290
7339
7291
7340
7292
7341
7293
7342
7294
7343
7295
7344
7296
7345
7297
7346
7298
7347
7299
7348
7300
7349
7301
7350
7302
7351
7303
7352
7304
7353
7305
7354
7355
7307
7356
7308
7357
7309
7358
7310
7359
7311
7360
7312
7361
7313
7362
7314
7363
7315
7364
7316
7365
7317
7366
7318
7367
7319
7368
7320
7369
7321
7370
7322
7371
7323
7372
7324
7373
7325
7374
7326
7375
7327
7376
7328
7377
7329
7378
7330
7379
7331
7380
7332
7381
7333
7382
7334
7383
7335
7384
7336
7385
7337
7386
7338
7387
7339
7388
7340
7389
7341
7390
7342
7391
7343
7392
7344
7393
7345
7394
7346
7395
7347
7396
7348
7397
7349
7398
7350
7399
7351
7400
7352
7401
7353
7402
7354
7403
7355
7404
7405
7357
7406
7358
7407
7359
7408
7360
7409
7361
7410
7362
7411
7363
7412
7364
7413
7365
7414
7366
7415
7367
7416
7368
7417
7369
7418
7370
7419
7371
7420
7372
7421
7373
7422
7374
7423
7375
7424
7376
7425
7377
7426
7378
7427
7379
7428
7380
7429
7381
7430
7382
7431
7383
7432
7384
7433
7385
7434
7386
7435
7387
7436
7388
7437
7389
7438
7390
7439
7391
7440
7392
7441
7393
7442
7394
7443
7395
7444
7396
7445
7397
7446
7398
7447
7399
7448
7400
7449
7401
7450
7402
7451
7403
7452
7404
7453
7405
7454
7455
7407
7456
7408
7457
7409
7458
7410
7459
7411
7460
7412
7461
7413
7462
7414
7463
7415
7464
7416
7465
7417
7466
7418
7467
7419
7468
7420
7469
7421
7470
7422
7471
7423
7472
7424
7473
7425
7474
7426
7475
7427
7476
7428
7477
7429
7478
7430
7479
7431
7480
7432
7481
7433
7482
7434
7483
7435
7484
7436
7485
7437
7486
7438
7487
7439
7488
7440
7489
7441
7490
7442
7491
7443
7492
7444
7493
7445
7494
7446
7495
7447
7496
7448
7497
7449
7498
7450
7499
7451
7500
7452
7501
7453
7502
7454
7503
7455
7504
7505
7457
7506
7458
7507
7459
7508
7460
7509
7461
7510
7462
7511
7463
7512
7464
7513
7465
7514
7466
7515
7467
7516
7468
7517
7469
7518
7470
7519
7471
7520
7472
7521
7473
7522
7474
7523
7475
7524
7476
7525
7477
7526
7478
7527
7479
7528
7480
7529
7481
7530
7482
7531
7483
7532
7484
7533
7485
7534
7486
7535
7487
7536
7488
7537
7489
7538
7490
7539
7491
7540
7492
7541
7493
7542
7494
7543
7495
7544
7496
7545
7497
7546
7498
7547
7499
7548
7500
7549
7501
7550
7502
7551
7503
7552
7504
7553
7505
7554
7555
7507
7556
7508
7557
7509
7558
7510
7559
7511
7560
7512
7561
7513
7562
7514
7563
7515
7564
7516
7565
7517
7566
7518
7567
7519
7568
7520
7569
7521
7570
7522
7571
7523
7572
7524
7573
7525
7574
7526
7575
7527
7576
7528
7577
7529
7578
7530
7579
7531
7580
7532
7581
7533
7582
7534
7583
7535
7584
7536
7585
7537
7586
7538
7587
7539
7588
7540
7589
7541
7590
7542
7591
7543
7592
7544
7593
7545
7594
7546
7595
7547
7596
7548
7597
7549
7598
7550
7599
7551
7600
7552
7601
7553
7602
7554
7603
7555
7604
7605
7557
7606
7558
7607
7559
7608
7560
7609
7561
7610
7562
7611
7563
7612
7564
7613
7565
7614
7566
7615
7567
7616
7568
7617
7569
7618
7570
7619
7571
7620
7572
7621
7573
7622
7574
7623
7575
7624
7576
7625
7577
7626
7578
7627
7579
7628
7580
7629
7581
7630
7582
7631
7583
7632
7584
7633
7585
7634
7586
7635
7587
7636
7588
7637
7589
7638
7590
7639
7591
7640
7592
7641
7593
7642
7594
7643
7595
7644
7596
7645
7597
7646
7598
7647
7599
7648
7600
7649
7601
7650
7602
7651
7603
7652
7604
7653
7605
7654
7655
7607
7656
7608
7657
7609
7658
7610
7659
7611
7660
7612
7661
7613
7662
7614
7663
7615
7664
7616
7665
7617
7666
7618
7667
7619
7668
7620
7669
7621
7670
7622
7671
7623
7672
7624
7673
7625
7674
7626
7675
7627
7676
7628
7677
7629
7678
7630
7679
7631
7680
7632
7681
7633
7682
7634
7683
7635
7684
7636
7685
7637
7686
7638
7687
7639
7688
7640
7689
7641
7690
7642
7691
7643
7692
7644
7693
7645
7694
7646
7695
7647
7696
7648
7697
7649
7698
7650
7699
7651
7700
7652
7701
7653
7702
7654
7703
7655
7704
7705
7657
7706
7658
7707
7659
7708
7660
7709
7661
7710
7662
7711
7663
7712
7664
7713
7665
7714
7666
7715
7667
7716
7668
7717
7669
7718
7670
7719
7671
7720
7672
7721
7673
7722
7674
7723
7675
7724
7676
7725
7677
7726
7678
7727
7679
7728
7680
7729
7681
7730
7682
7731
7683
7732
7684
7733
7685
7734
7686
7735
7687
7736
7688
7737
7689
7738
7690
7739
7691
7740
7692
7741
7693
7742
7694
7743
7695
7744
7696
7745
7697
7746
7698
7747
7699
7748
7700
7749
7701
7750
7702
7751
7703
7752
7704
7753
7705
7754
7755
7707
7756
7708
7757
7709
7758
7710
7759
7711
7760
7712
7761
7713
7762
7714
7763
7715
7764
7716
7765
7717
7766
7718
7767
7719
7768
7720
7769
7721
7770
7722
7771
7723
7772
7724
7773
7725
7774
7726
7775
7727
7776
7728
7777
7729
7778
7730
7779
7731
7780
7732
7781
7733
7782
7734
7783
7735
7784
7736
7785
7737
7786
7738
7787
7739
7788
7740
7789
7741
7790
7742
7791
7743
7792
7744
7793
7745
7794
7746
7795
7747
7796
7748
7797
7749
7798
7750
7799
7751
7800
7752
7801
7753
7802
7754
7803
7755
7804
7805
7757
7806
7758
7807
7759
7808
7760
7809
7761
7810
7762
7811
7763
7812
7764
7813
7765
7814
7766
7815
7767
7816
7768
7817
7769
7818
7770
7819
7771
7820
7772
7821
7773
7822
7774
7823
7775
7824
7776
7825
7777
7826
7778
7827
7779
7828
7780
7829
7781
7830
7782
7831
7783
7832
7784
7833
7785
7834
7786
7835
7787
7836
7788
7837
7789
7838
7790
7839
7791
7840
7792
7841
7793
7842
7794
7843
7795
7844
7796
7845
7797
7846
7798
7847
7799
7848
7800
7849
7801
7850
7802
7851
7803
7852
7804
7853
7805
7854
7855
7807
7856
7808
7857
7809
7858
7810
7859
7811
7860
7812
7861
7813
7862
7814
7863
7815
7864
7816
7865
7817
7866
7818
7867
7819
7868
7820
7869
7821
7870
7822
7871
7823
7872
7824
7873
7825
7874
7826
7875
7827
7876
7828
7877
7829
7878
7830
7879
7831
7880
7832
7881
7833
7882
7834
7883
7835
7884
7836
7885
7837
7886
7838
7887
7839
7888
7840
7889
7841
7890
7842
7891
7843
7892
7844
7893
7845
7894
7846
7895
7847
7896
7848
7897
7849
7898
7850
7899
7851
7900
7852
7901
7853
7902
7854
7903
7855
7904
7905
7857
7906
7858
7907
7859
7908
7860
7909
7861
7910
7862
7911
7863
7912
7864
7913
7865
7914
7866
7915
7867
7916
7868
7917
7869
7918
7870
7919
7871
7920
7872
7921
7873
7922
7874
7923
7875
7924
7876
7925
7877
7926
7878
7927
7879
7928
7880
7929
7881
7930
7882
7931
7883
7932
7884
7933
7885
7934
7886
7935
7887
7936
7888
7937
7889
7938
7890
7939
7891
7940
7892
7941
7893
7942
7894
7943
7895
7944
7896
7945
7897
7946
7898
7947
7899
7948
7900
7949
7901
7950
7902
7951
7903
7952
7904
7953
7905
7954
7955
7907
7956
7908
7957
7909
7958
7910
7959
7911
7960
7912
7961
7913
7962
7914
7963
7915
7964
7916
7965
7917
7966
7918
7967
7919
7968
7920
7969
7921
7970
7922
7971
7923
7972
7924
7973
7925
7974
7926
7975
7927
7976
7928
7977
7929
7978
7930
7979
7931
7980
7932
7981
7933
7982
7934
7983
7935
7984
7936
7985
7937
7986
7938
7987
7939
7988
7940
7989
7941
7990
7942
7991
7943
7992
7944
7993
7945
7994
7946
7995
7947
7996
7948
7997
7949
7998
7950
7999
7951
8000
7952
8001
7953
8002
7954
8003
7955
8004
8005
7957
8006
7958
8007
7959
8008
7960
8009
7961
8010
7962
8011
7963
8012
7964
8013
7965
8014
7966
8015
7967
8016
7968
8017
7969
8018
7970
8019
7971
8020
7972
8021
7973
8022
7974
8023
7975
8024
7976
8025
7977
8026
7978
8027
7979
8028
7980
8029
7981
8030
7982
8031
7983
8032
7984
8033
7985
8034
7986
8035
7987
8036
7988
8037
7989
8038
7990
8039
7991
8040
7992
8041
7993
8042
7994
8043
7995
8044
7996
8045
7997
8046
7998
8047
7999
8048
8000
8049
8001
8050
8002
8051
8003
8052
8004
8053
8005
8054
8055
8007
8056
8008
8057
8009
8058
8010
8059
8011
8060
8012
8061
8013
8062
8014
8063
8015
8064
8016
8065
8017
8066
8018
8067
8019
8068
8020
8069
8021
8070
8022
8071
8023
8072
8024
8073
8025
8074
8026
8075
8027
8076
8028
8077
8029
8078
8030
8079
8031
8080
8032
8081
8033
8082
8034
8083
8035
8084
8036
8085
8037
8086
8038
8087
8039
8088
8040
8089
8041
8090
8042
8091
8043
8092
8044
8093
8045
8094
8046
8095
8047
8096
8048
8097
8049
8098
8050
8099
8051
8100
8052
8101
8053
8102
8054
8103
8055
8104
8105
8057
8106
8058
8107
8059
8108
8060
8109
8061
8110
8062
8111
8063
8112
8064
8113
8065
8114
8066
8115
8067
8116
8068
8117
8069
8118
8070
8119
8071
8120
8072
8121
8073
8122
8074
8123
8075
8124
8076
8125
8077
8126
8078
8127
8079
8128
8080
8129
8081
8130
8082
8131
8083
8132
8084
8133
8085
8134
8086
8135
8087
8136
8088
8137
8089
8138
8090
8139
8091
8140
8092
8141
8093
8142
8094
8143
8095
8144
8096
8145
8097
8146
8098
8147
8099
8148
8100
8149
8101
8150
8102
8151
8103
8152
8104
8153
8105
8154
8155
8107
8156
8108
8157
8109
8158
8110
8159
8111
8160
8112
8161
8113
8162
8114
8163
8115
8164
8116
8165
8117
8166
8118
8167
8119
8168
8120
8169
8121
8170
8122
8171
8123
8172
8124
8173
8125
8174
8126
8175
8127
8176
8128
8177
8129
8178
8130
8179
8131
8180
8132
8181
8133
8182
8134
8183
8135
8184
8136
8185
8137
8186
8138
8187
8139
8188
8140
8189
8141
8190
8142
8191
8143
8192
8144
8193
8145
8194
8146
8195
8147
8196
8148
8197
8149
8198
8150
8199
8151
8200
8152
8201
8153
8202
8154
8203
8155
8204
8205
8157
8206
8158
8207
8159
8208
8160
8209
8161
8210
8162
8211
8163
8212
8164
8213
8165
8214
8166
8215
8167
8216
8168
8217
8169
8218
8170
8219
8171
8220
8172
8221
8173
8222
8174
8223
8175
8224
8176
8225
8177
8226
8178
8227
8179
8228
8180
8229
8181
8230
8182
8231
8183
8232
8184
8233
8185
8234
8186
8235
8187
8236
8188
8237
8189
8238
8190
8239
8191
8240
8192
8241
8193
8242
8194
8243
8195
8244
8196
8245
8197
8246
8198
8247
8199
8248
8200
8249
8201
8250
8202
8251
8203
8252
8204
8253
8205
8254
8255
8207
8256
8208
8257
8209
8258
8210
8259
8211
8260
8212
8261
8213
8262
8214
8263
8215
8264
8216
8265
8217
8266
8218
8267
8219
8268
8220
8269
8221
8270
8222
8271
8223
8272
8224
8273
8225
8274
8226
8275
8227
8276
8228
8277
8229
8278
8230
8279
8231
8280
8232
8281
8233
8282
8234
8283
8235
8284
8236
8285
8237
8286
8238
8287
8239
8288
8240
8289
8241
8290
8242
8291
8243
8292
8244
8293
8245
8294
8246
8295
8247
8296
8248
8297
8249
8298
8250
8299
8251
8300
8252
8301
8253
8302
8254
8303
8255
8304
8305
8257
8306
8258
8307
8259
8308
8260
8309
8261
8310
8262
8311
8263
8312
8264
8313
8265
8314
8266
8315
8267
8316
8268
8317
8269
8318
8270
8319
8271
8320
8272
8321
8273
8322
8274
8323
8275
8324
8276
8325
8277
8326
8278
8327
8279
8328
8280
8329
8281
8330
8282
8331
8283
8332
8284
8333
8285
8334
8286
8335
8287
8336
8288
8337
8289
8338
8290
8339
8291
8340
8292
8341
8293
8342
8294
8343
8295
8344
8296
8345
8297
8346
8298
8347
8299
8348
8300
8349
8301
8350
8302
8351
8303
8352
8304
8353
8305
8354
8355
8307
8356
8308
8357
8309
8358
8310
8359
8311
8360
8312
8361
8313
8362
8314
8363
8315
8364
8316
8365
8317
8366
8318
8367
8319
8368
8320
8369
8321
8370
8322
8371
8323
8372
8324
8373
8325
8374
8326
8375
8327
8376
8328
8377
8329
8378
8330
8379
8331
8380
8332
8381
8333
8382
8334
8383
8335
8384
8336
8385
8337
8386
8338
8387
8339
8388
8340
8389
8341
8390
8342
8391
8343
8392
8344
8393
8345
8394
8346
8395
8347
8396
8348
8397
8349
8398
8350
8399
8351
8400
8352
8401
8353
8402
8354
8403
8355
8404
8405
8357
8406
8358
8407
8359
8408
8360
8409
8361
8410
8362
8411
8363
8412
8364
8413
8365
8414
8366
8415
8367
8416
8368
8417
8369
8418
8370
8419
8371
8420
8372
8421
8373
8422
8374
8423
8375
8424
8376
8425
8377
8426
8378
8427
8379
8428
8380
8429
8381
8430
8382
8431
8383
8432
8384
8433
8385
8434
8386
8435
8387
8436
8388
8437
8389
8438
8390
8439
8391
8440
8392
8441
8393
8442
8394
8443
8395
8444
8396
8445
8397
8446
8398
8447
8399
8448
8400
8449
8401
8450
8402
8451
8403
8452
8404
8453
8405
8454
8455
8407
8456
8408
8457
8409
8458
8410
8459
8411
8460
8412
8461
8413
8462
8414
8463
8415
8464
8416
8465
8417
8466
8418
8467
8419
8468
8420
8469
8421
8470
8422
8471
8423
8472
8424
8473
8425
8474
8426
8475
8427
8476
8428
8477
8429
8478
8430
8479
8431
8480
8432
8481
8433
8482
8434
8483
8435
8484
8436
8485
8437
8486
8438
8487
8439
8488
8440
8489
8441
8490
8442
8491
8443
8492
8444
8493
8445
8494
8446
8495
8447
8496
8448
8497
8449
8498
8450
8499
8451
8500
8452
8501
8453
8502
8454
8503
8455
8504
8505
8457
8506
8458
8507
8459
8508
8460
8509
8461
8510
8462
8511
8463
8512
8464
8513
8465
8514
8466
8515
8467
8516
8468
8517
8469
8518
8470
8519
8471
8520
8472
8521
8473
8522
8474
8523
8475
8524
8476
8525
8477
8526
8478
8527
8479
8528
8480
8529
8481
8530
8482
8531
8483
8532
8484
8533
8485
8534
8486
8535
8487
8536
8488
8537
8489
8538
8490
8539
8491
8540
8492
8541
8493
8542
8494
8543
8495
8544
8496
8545
8497
8546
8498
8547
8499
8548
8500
8549
8501
8550
8502
8551
8503
8552
8504
8553
8505
8554
8555
8507
8556
8508
8557
8509
8558
8510
8559
8511
8560
8512
8561
8513
8562
8514
8563
8515
8564
8516
8565
8517
8566
8518
8567
8519
8568
8520
8569
8521
8570
8522
8571
8523
8572
8524
8573
8525
8574
8526
8575
8527
8576
8528
8577
8529
8578
8530
8579
8531
8580
8532
8581
8533
8582
8534
8583
8535
8584
8536
8585
8537
8586
8538
8587
8539
8588
8540
8589
8541
8590
8542
8591
8543
8592
8544
8593
8545
8594
8546
8595
8547
8596
8548
8597
8549
8598
8550
8599
8551
8600
8552
8601
8553
8602
8554
8603
8555
8604
8605
8557
8606
8558
8607
8559
8608
8560
8609
8561
8610
8562
8611
8563
8612
8564
8613
8565
8614
8566
8615
8567
8616
8568
8617
8569
8618
8570
8619
8571
8620
8572
8621
8573
8622
8574
8623
8575
8624
8576
8625
8577
8626
8578
8627
8579
8628
8580
8629
8581
8630
8582
8631
8583
8632
8584
8633
8585
8634
8586
8635
8587
8636
8588
8637
8589
8638
8590
8639
8591
8640
8592
8641
8593
8642
8594
8643
8595
8644
8596
8645
8597
8646
8598
8647
8599
8648
8600
8649
8601
8650
8602
8651
8603
8652
8604
8653
8605
8654
8655
8607
8656
8608
8657
8609
8658
8610
8659
8611
8660
8612
8661
8613
8662
8614
8663
8615
8664
8616
8665
8617
8666
8618
8667
8619
8668
8620
8669
8621
8670
8622
8671
8623
8672
8624
8673
8625
8674
8626
8675
8627
8676
8628
8677
8629
8678
8630
8679
8631
8680
8632
8681
8633
8682
8634
8683
8635
8684
8636
8685
8637
8686
8638
8687
8639
8688
8640
8689
8641
8690
8642
8691
8643
8692
8644
8693
8645
8694
8646
8695
8647
8696
8648
8697
8649
8698
8650
8699
8651
8700
8652
8701
8653
8702
8654
8703
8655
8704
8705
8657
8706
8658
8707
8659
8708
8660
8709
8661
8710
8662
8711
8663
8712
8664
8713
8665
8714
8666
8715
8667
8716
8668
8717
8669
8718
8670
8719
8671
8720
8672
8721
8673
8722
8674
8723
8675
8724
8676
8725
8677
8726
8678
8727
8679
8728
8680
8729
8681
8730
8682
8731
8683
8732
8684
8733
8685
8734
8686
8735
8687
8736
8688
8737
8689
8738
8690
8739
8691
8740
8692
8741
8693
8742
8694
8743
8695
8744
8696
8745
8697
8746
8698
8747
8699
8748
8700
8749
8701
8750
8702
8751
8703
8752
8704
8753
8705
8754
8755
8707
8756
8708
8757
8709
8758
8710
8759
8711
8760
8712
8761
8713
8762
8714
8763
8715
8764
8716
8765
8717
8766
8718
8767
8719
8768
8720
8769
8721
8770
8722
8771
8723
8772
8724
8773
8725
8774
8726
8775
8727
8776
8728
8777
8729
8778
8730
8779
8731
8780
8732
8781
8733
8782
8734
8783
8735
8784
8736
8785
8737
8786
8738
8787
8739
8788
8740
8789
8741
8790
8742
8791
8743
8792
8744
8793
8745
8794
8746
8795
8747
8796
8748
8797
8749
8798
8750
8799
8751
8800
8752
8801
8753
8802
8754
8803
8755
8804
8805
8757
8806
8758
8807
8759
8808
8760
8809
8761
8810
8762
8811
8763
8812
8764
8813
8765
8814
8766
8815
8767
8816
8768
8817
8769
8818
8770
8819
8771
8820
8772
8821
8773
8822
8774
8823
8775
8824
8776
8825
8777
8826
8778
8827
8779
8828
8780
8829
8781
8830
8782
8831
8783
8832
8784
8833
8785
8834
8786
8835
8787
8836
8788
8837
8789
8838
8790
8839
8791
8840
8792
8841
8793
8842
8794
8843
8795
8844
8796
8845
8797
8846
8798
8847
8799
8848
8800
8849
8801
8850
8802
8851
8803
8852
8804
8853
8805
8854
8855
8807
8856
8808
8857
8809
8858
8810
8859
8811
8860
8812
8861
8813
8862
8814
8863
8815
8864
8816
8865
8817
8866
8818
8867
8819
8868
8820
8869
8821
8870
8822
8871
8823
8872
8824
8873
8825
8874
8826
8875
8827
8876
8828
8877
8829
8878
8830
8879
8831
8880
8832
8881
8833
8882
8834
8883
8835
8884
8836
8885
8837
8886
8838
8887
8839
8888
8840
8889
8841
8890
8842
8891
8843
8892
8844
8893
8845
8894
8846
8895
8847
8896
8848
8897
8849
8898
8850
8899
8851
8900
8852
8901
8853
8902
8854
8903
8855
8904
8905
8857
8906
8858
8907
8859
8908
8860
8909
8861
8910
8862
8911
8863
8912
8864
8913
8865
8914
8866
8915
8867
8916
8868
8917
8869
8918
8870
8919
8871
8920
8872
8921
8873
8922
8874
8923
8875
8924
8876
8925
8877
8926
8878
8927
8879
8928
8880
8929
8881
8930
8882
8931
8883
8932
8884
8933
8885
8934
8886
8935
8887
8936
8888
8937
8889
8938
8890
8939
8891
8940
8892
8941
8893
8942
8894
8943
8895
8944
8896
8945
8897
8946
8898
8947
8899
8948
8900
8949
8901
8950
8902
8951
8903
8952
8904
8953
8905
8954
8955
8907
8956
8908
8957
8909
8958
8910
8959
8911
8960
8912
8961
8913
8962
8914
8963
8915
8964
8916
8965
8917
8966
8918
8967
8919
8968
8920
8969
8921
8970
8922
8971
8923
8972
8924
8973
8925
8974
8926
8975
8927
8976
8928
8977
8929
8978
8930
8979
8931
8980
8932
8981
8933
8982
8934
8983
8935
8984
8936
8985
8937
8986
8938
8987
8939
8988
8940
8989
8941
8990
8942
8991
8943
8992
8944
8993
8945
8994
8946
8995
8947
8996
8948
8997
8949
8998
8950
8999
8951
9000
8952
9001
8953
9002
8954
9003
8955
9004
9005
8957
9006
8958
9007
8959
9008
8960
9009
8961
9010
8962
9011
8963
9012
8964
9013
8965
9014
8966
9015
8967
9016
8968
9017
8969
9018
8970
9019
8971
9020
8972
9021
8973
9022
8974
9023
8975
9024
8976
9025
8977
9026
8978
9027
8979
9028
8980
9029
8981
9030
8982
9031
8983
9032
8984
9033
8985
9034
8986
9035
8987
9036
8988
9037
8989
9038
8990
9039
8991
9040
8992
9041
8993
9042
8994
9043
8995
9044
8996
9045
8997
9046
8998
9047
8999
9048
9000
9049
9001
9050
9002
9051
9003
9052
9004
9053
9005
9054
9055
9007
9056
9008
9057
9009
9058
9010
9059
9011
9060
9012
9061
9013
9062
9014
9063
9015
9064
9016
9065
9017
9066
9018
9067
9019
9068
9020
9069
9021
9070
9022
9071
9023
9072
9024
9073
9025
9074
9026
9075
9027
9076
9028
9077
9029
9078
9030
9079
9031
9080
9032
9081
9033
9082
9034
9083
9035
9084
9036
9085
9037
9086
9038
9087
9039
9088
9040
9089
9041
9090
9042
9091
9043
9092
9044
9093
9045
9094
9046
9095
9047
9096
9048
9097
9049
9098
9050
9099
9051
9100
9052
9101
9053
9102
9054
9103
9055
9104
9105
9057
9106
9058
9107
9059
9108
9060
9109
9061
9110
9062
9111
9063
9112
9064
9113
9065
9114
9066
9115
9067
9116
9068
9117
9069
9118
9070
9119
9071
9120
9072
9121
9073
9122
9074
9123
9075
9124
9076
9125
9077
9126
9078
9127
9079
9128
9080
9129
9081
9130
9082
9131
9083
9132
9084
9133
9085
9134
9086
9135
9087
9136
9088
9137
9089
9138
9090
9139
9091
9140
9092
9141
9093
9142
9094
9143
9095
9144
9096
9145
9097
9146
9098
9147
9099
9148
9100
9149
9101
9150
9102
9151
9103
9152
9104
9153
9105
9154
9155
9107
9156
9108
9157
9109
9158
9110
9159
9111
9160
9112
9161
9113
9162
9114
9163
9115
9164
9116
9165
9117
9166
9118
9167
9119
9168
9120
9169
9121
9170
9122
9171
9123
9172
9124
9173
9125
9174
9126
9175
9127
9176
9128
9177
9129
9178
9130
9179
9131
9180
9132
9181
9133
9182
9134
9183
9135
9184
9136
9185
9137
9186
9138
9187
9139
9188
9140
9189
9141
9190
9142
9191
9143
9192
9144
9193
9145
9194
9146
9195
9147
9196
9148
9197
9149
9198
9150
9199
9151
9200
9152
9201
9153
9202
9154
9203
9155
9204
9205
9157
9206
9158
9207
9159
9208
9160
9209
9161
9210
9162
9211
9163
9212
9164
9213
9165
9214
9166
9215
9167
9216
9168
9217
9169
9218
9170
9219
9171
9220
9172
9221
9173
9222
9174
9223
9175
9224
9176
9225
9177
9226
9178
9227
9179
9228
9180
9229
9181
9230
9182
9231
9183
9232
9184
9233
9185
9234
9186
9235
9187
9236
9188
9237
9189
9238
9190
9239
9191
9240
9192
9241
9193
9242
9194
9243
9195
9244
9196
9245
9197
9246
9198
9247
9199
9248
9200
9249
9201
9250
9202
9251
9203
9252
9204
9253
9205
9254
9255
9207
9256
9208
9257
9209
9258
9210
9259
9211
9260
9212
9261
9213
9262
9214
9263
9215
9264
9216
9265
9217
9266
9218
9267
9219
9268
9220
9269
9221
9270
9222
9271
9223
9272
9224
9273
9225
9274
9226
9275
9227
9276
9228
9277
9229
9278
9230
9279
9231
9280
9232
9281
9233
9282
9234
9283
9235
9284
9236
9285
9237
9286
9238
9287
9239
9288
9240
9289
9241
9290
9242
9291
9243
9292
9244
9293
9245
9294
9246
9295
9247
9296
9248
9297
9249
9298
9250
9299
9251
9300
9252
9301
9253
9302
9254
9303
9255
9304
9305
9257
9306
9258
9307
9259
9308
9260
9309
9261
9310
9262
9311
9263
9312
9264
9313
9265
9314
9266
9315
9267
9316
9268
9317
9269
9318
9270
9319
9271
9320
9272
9321
9273
9322
9274
9323
9275
9324
9276
9325
9277
9326
9278
9327
9279
9328
9280
9329
9281
9330
9282
9331
9283
9332
9284
9333
9285
9334
9286
9335
9287
9336
9288
9337
9289
9338
9290
9339
9291
9340
9292
9341
9293
9342
9294
9343
9295
9344
9296
9345
9297
9346
9298
9347
9299
9348
9300
9349
9301
9350
9302
9351
9303
9352
9304
9353
9305
9354
9355
9307
9356
9308
9357
9309
9358
9310
9359
9311
9360
9312
9361
9313
9362
9314
9363
9315
9364
9316
9365
9317
9366
9318
9367
9319
9368
9320
9369
9321
9370
9322
9371
9323
9372
9324
9373
9325
9374
9326
9375
9327
9376
9328
9377
9329
9378
9330
9379
9331
9380
9332
9381
9333
9382
9334
9383
9335
9384
9336
9385
9337
9386
9338
9387
9339
9388
9340
9389
9341
9390
9342
9391
9343
9392
9344
9393
9345
9394
9346
9395
9347
9396
9348
9397
9349
9398
9350
9399
9351
9400
9352
9401
9353
9402
9354
9403
9355
9404
9405
9357
9406
9358
9407
9359
9408
9360
9409
9361
9410
9362
9411
9363
9412
9364
9413
9365
9414
9366
9415
9367
9416
9368
9417
9369
9418
9370
9419
9371
9420
9372
9421
9373
9422
9374
9423
9375
9424
9376
9425
9377
9426
9378
9427
9379
9428
9380
9429
9381
9430
9382
9431
9383
9432
9384
9433
9385
9434
9386
9435
9387
9436
9388
9437
9389
9438
9390
9439
9391
9440
9392
9441
9393
9442
9394
9443
9395
9444
9396
9445
9397
9446
9398
9447
9399
9448
9400
9449
9401
9450
9402
9451
9403
9452
9404
9453
9405
9454
9455
9407
9456
9408
9457
9409
9458
9410
9459
9411
9460
9412
9461
9413
9462
9414
9463
9415
9464
9416
9465
9417
9466
9418
9467
9419
9468
9420
9469
9421
9470
9422
9471
9423
9472
9424
9473
9425
9474
9426
9475
9427
9476
9428
9477
9429
9478
9430
9479
9431
9480
9432
9481
9433
9482
9434
9483
9435
9484
9436
9485
9437
9486
9438
9487
9439
9488
9440
9489
9441
9490
9442
9491
9443
9492
9444
9493
9445
9494
9446
9495
9447
9496
9448
9497
9449
9498
9450
9499
9451
9500
9452
9501
9453
9502
9454
9503
9455
9504
9505
9457
9506
9458
9507
9459
9508
9460
9509
9461
9510
9462
9511
9463
9512
9464
9513
9465
9514
9466
9515
9467
9516
9468
9517
9469
9518
9470
9519
9471
9520
9472
9521
9473
9522
9474
9523
9475
9524
9476
9525
9477
9526
9478
9527
9479
9528
9480
9529
9481
9530
9482
9531
9483
9532
9484
9533
9485
9534
9486
9535
9487
9536
9488
9537
9489
9538
9490
9539
9491
9540
9492
9541
9493
9542
9494
9543
9495
9544
9496
9545
9497
9546
9498
9547
9499
9548
9500
9549
9501
9550
9502
9551
9503
9552
9504
9553
9505
9554
9555
9507
9556
9508
9557
9509
9558
9510
9559
9511
9560
9512
9561
9513
9562
9514
9563
9515
9564
9516
9565
9517
9566
9518
9567
9519
9568
9520
9569
9521
9570
9522
9571
9523
9572
9524
9573
9525
9574
9526
9575
9527
9576
9528
9577
9529
9578
9530
9579
9531
9580
9532
9581
9533
9582
9534
9583
9535
9584
9536
9585
9537
9586
9538
9587
9539
9588
9540
9589
9541
9590
9542
9591
9543
9592
9544
9593
9545
9594
9546
9595
9547
9596
9548
9597
9549
9598
9550
9599
9551
9600
9552
9601
9553
9602
9554
9603
9555
9604
9605
9557
9606
9558
9607
9559
9608
9560
9609
9561
9610
9562
9611
9563
9612
9564
9613
9565
9614
9566
9615
9567
9616
9568
9617
9569
9618
9570
9619
9571
9620
9572
9621
9573
9622
9574
9623
9575
9624
9576
9625
9577
9626
9578
9627
9579
9628
9580
9629
9581
9630
9582
9631
9583
9632
9584
9633
9585
9634
9586
9635
9587
9636
9588
9637
9589
9638
9590
9639
9591
9640
9592
9641
9593
9642
9594
9643
9595
9644
9596
9645
9597
9646
9598
9647
9599
9648
9600
9649
9601
9650
9602
9651
9603
9652
9604
9653
9605
9654
9655
9607
9656
9608
9657
9609
9658
9610
9659
9611
9660
9612
9661
9613
9662
9614
9663
9615
9664
9616
9665
9617
9666
9618
9667
9619
9668
9620
9669
9621
9670
9622
9671
9623
9672
9624
9673
9625
9674
9626
9675
9627
9676
9628
9677
9629
9678
9630
9679
9631
9680
9632
9681
9633
9682
9634
9683
9635
9684
9636
9685
9637
9686
9638
9687
9639
9688
9640
9689
9641
9690
9642
9691
9643
9692
9644
9693
9645
9694
9646
9695
9647
9696
9648
9697
9649
9698
9650
9699
9651
9700
9652
9701
9653
9702
9654
9703
9655
9704
9705
9657
9706
9658
9707
9659
9708
9660
9709
9661
9710
9662
9711
9663
9712
9664
9713
9665
9714
9666
9715
9667
9716
9668
9717
9669
9718
9670
9719
9671
9720
9672
9721
9673
9722
9674
9723
9675
9724
9676
9725
9677
9726
9678
9727
9679
9728
9680
9729
9681
9730
9682
9731
9683
9732
9684
9733
9685
9734
9686
9735
9687
9736
9688
9737
9689
9738
9690
9739
9691
9740
9692
9741
9693
9742
9694
9743
9695
9744
9696
9745
9697
9746
9698
9747
9699
9748
9700
9749
9701
9750
9702
9751
9703
9752
9704
9753
9705
9754
9755
9707
9756
9708
9757
9709
9758
9710
9759
9711
9760
9712
9761
9713
9762
9714
9763
9715
9764
9716
9765
9717
9766
9718
9767
9719
9768
9720
9769
9721
9770
9722
9771
9723
9772
9724
9773
9725
9774
9726
9775
9727
9776
9728
9777
9729
9778
9730
9779
9731
9780
9732
9781
9733
9782
9734
9783
9735
9784
9736
9785
9737
9786
9738
9787
9739
9788
9740
9789
9741
9790
9742
9791
9743
9792
9744
9793
9745
9794
9746
9795
9747
9796
9748
9797
9749
9798
9750
9799
9751
9800
9752
9801
9753
9802
9754
9803
9755
9804
9805
9757
9806
9758
9807
9759
9808
9760
9809
9761
9810
9762
9811
9763
9812
9764
9813
9765
9814
9766
9815
9767
9816
9768
9817
9769
9818
9770
9819
9771
9820
9772
9821
9773
9822
9774
9823
9775
9824
9776
9825
9777
9826
9778
9827
9779
9828
9780
9829
9781
9830
9782
9831
9783
9832
9784
9833
9785
9834
9786
9835
9787
9836
9788
9837
9789
9838
9790
9839
9791
9840
9792
9841
9793
9842
9794
9843
9795
9844
9796
9845
9797
9846
9798
9847
9799
9848
9800
9849
9801
9850
9802
9851
9803
9852
9804
9853
9805
9854
9855
9807
9856
9808
9857
9809
9858
9810
9859
9811
9860
9812
9861
9813
9862
9814
9863
9815
9864
9816
9865
9817
9866
9818
9867
9819
9868
9820
9869
9821
9870
9822
9871
9823
9872
9824
9873
9825
9874
9826
9875
9827
9876
9828
9877
9829
9878
9830
9879
9831
9880
9832
9881
9833
9882
9834
9883
9835
9884
9836
9885
9837
9886
9838
9887
9839
9888
9840
9889
9841
9890
9842
9891
9843
9892
9844
9893
9845
9894
9846
9895
9847
9896
9848
9897
9849
9898
9850
9899
9851
9900
9852
9901
9853
9902
9854
9903
9855
9904
9905
9857
9858
9859
9860
9861
9862
9863
9864
9865
9866
9867
9868
9869
9870
9871
9872
9873
9874
9875
9876
9877
9878
9879
9880
9881
9882
9883
9884
9885
9886
9887
9888
9889
9890
9891
9892
9893
9894
9895
9896
9897
9898
9899
9900
9901
9902
9903
9904
9905
)


// ************************************************************************* //
