/*--------------------------------*- C++ -*----------------------------------*\
  =========                 |
  \\      /  F ield         | OpenFOAM: The Open Source CFD Toolbox
   \\    /   O peration     | Website:  https://openfoam.org
    \\  /    A nd           | Version:  7
     \\/     M anipulation  |
\*---------------------------------------------------------------------------*/
FoamFile
{
    version     2.0;
    format      ascii;
    class       labelList;
    note        "nPoints: 13162 nCells: 6386 nFaces: 25738 nInternalFaces: 12578";
    location    "constant/polyMesh";
    object      neighbour;
}
// * * * * * * * * * * * * * * * * * * * * * * * * * * * * * * * * * * * * * //


12578
(
1
10
446
2
11
447
3
12
448
4
13
449
5
14
450
6
15
451
7
16
452
8
17
453
9
18
454
19
455
456
11
20
12
21
13
22
14
23
15
24
16
25
17
26
18
27
19
28
29
498
21
30
22
31
23
32
24
33
25
34
26
35
27
36
28
37
29
38
39
540
31
40
32
41
33
42
34
43
35
44
36
45
37
46
38
47
39
48
49
582
41
50
42
51
43
52
44
53
45
54
46
55
47
56
48
57
49
58
59
624
51
60
52
61
53
62
54
63
55
64
56
65
57
66
58
67
59
68
69
666
61
70
62
71
63
72
64
73
65
74
66
75
67
76
68
77
69
78
79
708
71
80
72
81
73
82
74
83
75
84
76
85
77
86
78
87
79
88
89
750
81
90
82
91
83
92
84
93
85
94
86
95
87
96
88
97
89
98
99
792
91
100
92
101
93
102
94
103
95
104
96
105
97
106
98
107
99
108
109
834
101
110
102
111
103
112
104
113
105
114
106
115
107
116
108
117
109
118
119
876
111
120
112
121
113
122
114
123
115
124
116
125
117
126
118
127
119
128
129
918
121
130
122
131
123
132
124
133
125
134
126
135
127
136
128
137
129
138
139
960
131
140
132
141
133
142
134
143
135
144
136
145
137
146
138
147
139
148
149
1002
141
142
150
143
151
144
152
145
153
146
154
147
155
148
156
149
157
158
1044
151
159
152
160
153
161
154
162
155
163
156
164
157
165
158
166
167
1086
160
168
161
169
162
170
163
171
164
172
165
173
166
174
167
175
176
1128
169
170
177
171
178
172
179
173
180
174
181
175
182
176
183
184
1170
178
185
179
186
180
187
181
188
182
189
183
190
184
191
192
1212
186
187
193
188
194
189
195
190
196
191
197
192
198
199
1254
194
195
200
196
201
197
202
198
203
199
204
205
3068
201
206
202
207
203
208
204
209
205
210
211
3067
207
208
212
209
213
210
214
211
215
216
3066
213
214
217
215
218
216
219
220
3065
218
219
221
220
222
223
3064
222
223
224
225
3063
225
226
3062
3061
228
229
230
3774
230
232
233
3775
232
235
233
236
237
3776
235
239
236
240
237
241
242
3777
239
244
240
245
241
246
242
247
248
3778
244
249
245
250
246
251
247
252
248
253
254
3779
250
256
251
257
252
258
253
259
254
260
261
3780
256
263
257
264
258
265
259
266
260
267
261
268
269
3781
263
270
264
271
265
272
266
273
267
274
268
275
269
276
277
5546
271
279
272
280
273
281
274
282
275
283
276
284
277
285
286
5588
279
287
280
288
281
289
282
290
283
291
284
292
285
293
286
294
295
5630
288
297
289
298
290
299
291
300
292
301
293
302
294
303
295
304
305
5672
297
306
298
307
299
308
300
309
301
310
302
311
303
312
304
313
305
314
315
5714
307
316
308
317
309
318
310
319
311
320
312
321
313
322
314
323
315
324
325
5756
317
326
318
327
319
328
320
329
321
330
322
331
323
332
324
333
325
334
335
5798
327
336
328
337
329
338
330
339
331
340
332
341
333
342
334
343
335
344
345
5840
337
346
338
347
339
348
340
349
341
350
342
351
343
352
344
353
345
354
355
5882
347
356
348
357
349
358
350
359
351
360
352
361
353
362
354
363
355
364
365
5924
357
366
358
367
359
368
360
369
361
370
362
371
363
372
364
373
365
374
375
5966
367
376
368
377
369
378
370
379
371
380
372
381
373
382
374
383
375
384
385
6008
377
386
378
387
379
388
380
389
381
390
382
391
383
392
384
393
385
394
395
6050
387
396
388
397
389
398
390
399
391
400
392
401
393
402
394
403
395
404
405
6092
397
406
398
407
399
408
400
409
401
410
402
411
403
412
404
413
405
414
415
6134
407
416
408
417
409
418
410
419
411
420
412
421
413
422
414
423
415
424
425
6176
417
426
418
427
419
428
420
429
421
430
422
431
423
432
424
433
425
434
435
6218
427
436
428
437
429
438
430
439
431
440
432
441
433
442
434
443
435
444
445
6260
437
446
438
447
439
448
440
449
441
450
442
451
443
452
444
453
445
454
455
6302
447
448
449
450
451
452
453
454
455
6344
457
498
6344
458
499
6345
459
500
6346
460
501
6347
461
502
6348
462
503
6349
463
504
6350
464
505
6351
465
506
6352
466
507
6353
467
508
6354
468
509
6355
469
510
6356
470
511
6357
471
512
6358
472
513
6359
473
514
6360
474
515
6361
475
516
6362
476
517
6363
477
518
6364
478
519
6365
479
520
6366
480
521
6367
481
522
6368
482
523
6369
483
524
6370
484
525
6371
485
526
6372
486
527
6373
487
528
6374
488
529
6375
489
530
6376
490
531
6377
491
532
6378
492
533
6379
493
534
6380
494
535
6381
495
536
6382
496
537
6383
497
538
6384
539
6385
499
540
500
541
501
542
502
543
503
544
504
545
505
546
506
547
507
548
508
549
509
550
510
551
511
552
512
553
513
554
514
555
515
556
516
557
517
558
518
559
519
560
520
561
521
562
522
563
523
564
524
565
525
566
526
567
527
568
528
569
529
570
530
571
531
572
532
573
533
574
534
575
535
576
536
577
537
578
538
579
539
580
581
541
582
542
583
543
584
544
585
545
586
546
587
547
588
548
589
549
590
550
591
551
592
552
593
553
594
554
595
555
596
556
597
557
598
558
599
559
600
560
601
561
602
562
603
563
604
564
605
565
606
566
607
567
608
568
609
569
610
570
611
571
612
572
613
573
614
574
615
575
616
576
617
577
618
578
619
579
620
580
621
581
622
623
583
624
584
625
585
626
586
627
587
628
588
629
589
630
590
631
591
632
592
633
593
634
594
635
595
636
596
637
597
638
598
639
599
640
600
641
601
642
602
643
603
644
604
645
605
646
606
647
607
648
608
649
609
650
610
651
611
652
612
653
613
654
614
655
615
656
616
657
617
658
618
659
619
660
620
661
621
662
622
663
623
664
665
625
666
626
667
627
668
628
669
629
670
630
671
631
672
632
673
633
674
634
675
635
676
636
677
637
678
638
679
639
680
640
681
641
682
642
683
643
684
644
685
645
686
646
687
647
688
648
689
649
690
650
691
651
692
652
693
653
694
654
695
655
696
656
697
657
698
658
699
659
700
660
701
661
702
662
703
663
704
664
705
665
706
707
667
708
668
709
669
710
670
711
671
712
672
713
673
714
674
715
675
716
676
717
677
718
678
719
679
720
680
721
681
722
682
723
683
724
684
725
685
726
686
727
687
728
688
729
689
730
690
731
691
732
692
733
693
734
694
735
695
736
696
737
697
738
698
739
699
740
700
741
701
742
702
743
703
744
704
745
705
746
706
747
707
748
749
709
750
710
751
711
752
712
753
713
754
714
755
715
756
716
757
717
758
718
759
719
760
720
761
721
762
722
763
723
764
724
765
725
766
726
767
727
768
728
769
729
770
730
771
731
772
732
773
733
774
734
775
735
776
736
777
737
778
738
779
739
780
740
781
741
782
742
783
743
784
744
785
745
786
746
787
747
788
748
789
749
790
791
751
792
752
793
753
794
754
795
755
796
756
797
757
798
758
799
759
800
760
801
761
802
762
803
763
804
764
805
765
806
766
807
767
808
768
809
769
810
770
811
771
812
772
813
773
814
774
815
775
816
776
817
777
818
778
819
779
820
780
821
781
822
782
823
783
824
784
825
785
826
786
827
787
828
788
829
789
830
790
831
791
832
833
793
834
794
835
795
836
796
837
797
838
798
839
799
840
800
841
801
842
802
843
803
844
804
845
805
846
806
847
807
848
808
849
809
850
810
851
811
852
812
853
813
854
814
855
815
856
816
857
817
858
818
859
819
860
820
861
821
862
822
863
823
864
824
865
825
866
826
867
827
868
828
869
829
870
830
871
831
872
832
873
833
874
875
835
876
836
877
837
878
838
879
839
880
840
881
841
882
842
883
843
884
844
885
845
886
846
887
847
888
848
889
849
890
850
891
851
892
852
893
853
894
854
895
855
896
856
897
857
898
858
899
859
900
860
901
861
902
862
903
863
904
864
905
865
906
866
907
867
908
868
909
869
910
870
911
871
912
872
913
873
914
874
915
875
916
917
877
918
878
919
879
920
880
921
881
922
882
923
883
924
884
925
885
926
886
927
887
928
888
929
889
930
890
931
891
932
892
933
893
934
894
935
895
936
896
937
897
938
898
939
899
940
900
941
901
942
902
943
903
944
904
945
905
946
906
947
907
948
908
949
909
950
910
951
911
952
912
953
913
954
914
955
915
956
916
957
917
958
959
919
960
920
961
921
962
922
963
923
964
924
965
925
966
926
967
927
968
928
969
929
970
930
971
931
972
932
973
933
974
934
975
935
976
936
977
937
978
938
979
939
980
940
981
941
982
942
983
943
984
944
985
945
986
946
987
947
988
948
989
949
990
950
991
951
992
952
993
953
994
954
995
955
996
956
997
957
998
958
999
959
1000
1001
961
1002
962
1003
963
1004
964
1005
965
1006
966
1007
967
1008
968
1009
969
1010
970
1011
971
1012
972
1013
973
1014
974
1015
975
1016
976
1017
977
1018
978
1019
979
1020
980
1021
981
1022
982
1023
983
1024
984
1025
985
1026
986
1027
987
1028
988
1029
989
1030
990
1031
991
1032
992
1033
993
1034
994
1035
995
1036
996
1037
997
1038
998
1039
999
1040
1000
1041
1001
1042
1043
1003
1044
1004
1045
1005
1046
1006
1047
1007
1048
1008
1049
1009
1050
1010
1051
1011
1052
1012
1053
1013
1054
1014
1055
1015
1056
1016
1057
1017
1058
1018
1059
1019
1060
1020
1061
1021
1062
1022
1063
1023
1064
1024
1065
1025
1066
1026
1067
1027
1068
1028
1069
1029
1070
1030
1071
1031
1072
1032
1073
1033
1074
1034
1075
1035
1076
1036
1077
1037
1078
1038
1079
1039
1080
1040
1081
1041
1082
1042
1083
1043
1084
1085
1045
1086
1046
1087
1047
1088
1048
1089
1049
1090
1050
1091
1051
1092
1052
1093
1053
1094
1054
1095
1055
1096
1056
1097
1057
1098
1058
1099
1059
1100
1060
1101
1061
1102
1062
1103
1063
1104
1064
1105
1065
1106
1066
1107
1067
1108
1068
1109
1069
1110
1070
1111
1071
1112
1072
1113
1073
1114
1074
1115
1075
1116
1076
1117
1077
1118
1078
1119
1079
1120
1080
1121
1081
1122
1082
1123
1083
1124
1084
1125
1085
1126
1127
1087
1128
1088
1129
1089
1130
1090
1131
1091
1132
1092
1133
1093
1134
1094
1135
1095
1136
1096
1137
1097
1138
1098
1139
1099
1140
1100
1141
1101
1142
1102
1143
1103
1144
1104
1145
1105
1146
1106
1147
1107
1148
1108
1149
1109
1150
1110
1151
1111
1152
1112
1153
1113
1154
1114
1155
1115
1156
1116
1157
1117
1158
1118
1159
1119
1160
1120
1161
1121
1162
1122
1163
1123
1164
1124
1165
1125
1166
1126
1167
1127
1168
1169
1129
1170
1130
1171
1131
1172
1132
1173
1133
1174
1134
1175
1135
1176
1136
1177
1137
1178
1138
1179
1139
1180
1140
1181
1141
1182
1142
1183
1143
1184
1144
1185
1145
1186
1146
1187
1147
1188
1148
1189
1149
1190
1150
1191
1151
1192
1152
1193
1153
1194
1154
1195
1155
1196
1156
1197
1157
1198
1158
1199
1159
1200
1160
1201
1161
1202
1162
1203
1163
1204
1164
1205
1165
1206
1166
1207
1167
1208
1168
1209
1169
1210
1211
1171
1212
1172
1213
1173
1214
1174
1215
1175
1216
1176
1217
1177
1218
1178
1219
1179
1220
1180
1221
1181
1222
1182
1223
1183
1224
1184
1225
1185
1226
1186
1227
1187
1228
1188
1229
1189
1230
1190
1231
1191
1232
1192
1233
1193
1234
1194
1235
1195
1236
1196
1237
1197
1238
1198
1239
1199
1240
1200
1241
1201
1242
1202
1243
1203
1244
1204
1245
1205
1246
1206
1247
1207
1248
1208
1249
1209
1250
1210
1251
1211
1252
1253
1213
1254
1214
1255
1215
1256
1216
1257
1217
1258
1218
1259
1219
1260
1220
1261
1221
1262
1222
1263
1223
1264
1224
1265
1225
1266
1226
1267
1227
1268
1228
1269
1229
1270
1230
1271
1231
1272
1232
1273
1233
1274
1234
1275
1235
1276
1236
1277
1237
1278
1238
1279
1239
1280
1240
1281
1241
1282
1242
1283
1243
1284
1244
1285
1245
1286
1246
1287
1247
1288
1248
1289
1249
1290
1250
1291
1251
1292
1252
1293
1253
1294
1295
1255
1296
1256
1297
1257
1298
1258
1299
1259
1300
1260
1301
1261
1302
1262
1303
1263
1304
1264
1305
1265
1306
1266
1307
1267
1308
1268
1309
1269
1310
1270
1311
1271
1312
1272
1313
1273
1314
1274
1315
1275
1316
1276
1317
1277
1318
1278
1319
1279
1320
1280
1321
1281
1322
1282
1323
1283
1324
1284
1325
1285
1326
1286
1327
1287
1328
1288
1329
1289
1330
1290
1331
1291
1332
1292
1333
1293
1334
1294
1335
1295
1336
1337
1297
1338
3068
1298
1339
1299
1340
1300
1341
1301
1342
1302
1343
1303
1344
1304
1345
1305
1346
1306
1347
1307
1348
1308
1349
1309
1350
1310
1351
1311
1352
1312
1353
1313
1354
1314
1355
1315
1356
1316
1357
1317
1358
1318
1359
1319
1360
1320
1361
1321
1362
1322
1363
1323
1364
1324
1365
1325
1366
1326
1367
1327
1368
1328
1369
1329
1370
1330
1371
1331
1372
1332
1373
1333
1374
1334
1375
1335
1376
1336
1377
1337
1378
1379
1339
1380
3077
1340
1381
1341
1382
1342
1383
1343
1384
1344
1385
1345
1386
1346
1387
1347
1388
1348
1389
1349
1390
1350
1391
1351
1392
1352
1393
1353
1394
1354
1395
1355
1396
1356
1397
1357
1398
1358
1399
1359
1400
1360
1401
1361
1402
1362
1403
1363
1404
1364
1405
1365
1406
1366
1407
1367
1408
1368
1409
1369
1410
1370
1411
1371
1412
1372
1413
1373
1414
1374
1415
1375
1416
1376
1417
1377
1418
1378
1419
1379
1420
1421
1381
1422
3086
1382
1423
1383
1424
1384
1425
1385
1426
1386
1427
1387
1428
1388
1429
1389
1430
1390
1431
1391
1432
1392
1433
1393
1434
1394
1435
1395
1436
1396
1437
1397
1438
1398
1439
1399
1440
1400
1441
1401
1442
1402
1443
1403
1444
1404
1445
1405
1446
1406
1447
1407
1448
1408
1449
1409
1450
1410
1451
1411
1452
1412
1453
1413
1454
1414
1455
1415
1456
1416
1457
1417
1458
1418
1459
1419
1460
1420
1461
1421
1462
1463
1423
1464
3095
1424
1465
1425
1466
1426
1467
1427
1468
1428
1469
1429
1470
1430
1471
1431
1472
1432
1473
1433
1474
1434
1475
1435
1476
1436
1477
1437
1478
1438
1479
1439
1480
1440
1481
1441
1482
1442
1483
1443
1484
1444
1485
1445
1486
1446
1487
1447
1488
1448
1489
1449
1490
1450
1491
1451
1492
1452
1493
1453
1494
1454
1495
1455
1496
1456
1497
1457
1498
1458
1499
1459
1500
1460
1501
1461
1502
1462
1503
1463
1504
1505
1465
1506
3104
1466
1507
1467
1508
1468
1509
1469
1510
1470
1511
1471
1512
1472
1513
1473
1514
1474
1515
1475
1516
1476
1517
1477
1518
1478
1519
1479
1520
1480
1521
1481
1522
1482
1523
1483
1524
1484
1525
1485
1526
1486
1527
1487
1528
1488
1529
1489
1530
1490
1531
1491
1532
1492
1533
1493
1534
1494
1535
1495
1536
1496
1537
1497
1538
1498
1539
1499
1540
1500
1541
1501
1542
1502
1543
1503
1544
1504
1545
1505
1546
1547
1507
1548
3113
1508
1549
1509
1550
1510
1551
1511
1552
1512
1553
1513
1554
1514
1555
1515
1556
1516
1557
1517
1558
1518
1559
1519
1560
1520
1561
1521
1562
1522
1563
1523
1564
1524
1565
1525
1566
1526
1567
1527
1568
1528
1569
1529
1570
1530
1571
1531
1572
1532
1573
1533
1574
1534
1575
1535
1576
1536
1577
1537
1578
1538
1579
1539
1580
1540
1581
1541
1582
1542
1583
1543
1584
1544
1585
1545
1586
1546
1587
1547
1588
1589
1549
1590
3122
1550
1591
1551
1592
1552
1593
1553
1594
1554
1595
1555
1596
1556
1597
1557
1598
1558
1599
1559
1600
1560
1601
1561
1602
1562
1603
1563
1604
1564
1605
1565
1606
1566
1607
1567
1608
1568
1609
1569
1610
1570
1611
1571
1612
1572
1613
1573
1614
1574
1615
1575
1616
1576
1617
1577
1618
1578
1619
1579
1620
1580
1621
1581
1622
1582
1623
1583
1624
1584
1625
1585
1626
1586
1627
1587
1628
1588
1629
1589
1630
1631
1591
1632
3131
1592
1633
1593
1634
1594
1635
1595
1636
1596
1637
1597
1638
1598
1639
1599
1640
1600
1641
1601
1642
1602
1643
1603
1644
1604
1645
1605
1646
1606
1647
1607
1648
1608
1649
1609
1650
1610
1651
1611
1652
1612
1653
1613
1654
1614
1655
1615
1656
1616
1657
1617
1658
1618
1659
1619
1660
1620
1661
1621
1662
1622
1663
1623
1664
1624
1665
1625
1666
1626
1667
1627
1668
1628
1669
1629
1670
1630
1671
1631
1672
1673
1633
1674
3140
1634
1675
1635
1676
1636
1677
1637
1678
1638
1679
1639
1680
1640
1681
1641
1682
1642
1683
1643
1684
1644
1685
1645
1686
1646
1687
1647
1688
1648
1689
1649
1690
1650
1691
1651
1692
1652
1693
1653
1694
1654
1695
1655
1696
1656
1697
1657
1698
1658
1699
1659
1700
1660
1701
1661
1702
1662
1703
1663
1704
1664
1705
1665
1706
1666
1707
1667
1708
1668
1709
1669
1710
1670
1711
1671
1712
1672
1713
1673
1714
1715
1675
1716
3149
1676
1717
1677
1718
1678
1719
1679
1720
1680
1721
1681
1722
1682
1723
1683
1724
1684
1725
1685
1726
1686
1727
1687
1728
1688
1729
1689
1730
1690
1731
1691
1732
1692
1733
1693
1734
1694
1735
1695
1736
1696
1737
1697
1738
1698
1739
1699
1740
1700
1741
1701
1742
1702
1743
1703
1744
1704
1745
1705
1746
1706
1747
1707
1748
1708
1749
1709
1750
1710
1751
1711
1752
1712
1753
1713
1754
1714
1755
1715
1756
1757
1717
1758
3158
1718
1759
1719
1760
1720
1761
1721
1762
1722
1763
1723
1764
1724
1765
1725
1766
1726
1767
1727
1768
1728
1769
1729
1770
1730
1771
1731
1772
1732
1773
1733
1774
1734
1775
1735
1776
1736
1777
1737
1778
1738
1779
1739
1780
1740
1781
1741
1782
1742
1783
1743
1784
1744
1785
1745
1786
1746
1787
1747
1788
1748
1789
1749
1790
1750
1791
1751
1792
1752
1793
1753
1794
1754
1795
1755
1796
1756
1797
1757
1798
1799
1759
1800
3167
1760
1801
1761
1802
1762
1803
1763
1804
1764
1805
1765
1806
1766
1807
1767
1808
1768
1809
1769
1810
1770
1811
1771
1812
1772
1813
1773
1814
1774
1815
1775
1816
1776
1817
1777
1818
1778
1819
1779
1820
1780
1821
1781
1822
1782
1823
1783
1824
1784
1825
1785
1826
1786
1827
1787
1828
1788
1829
1789
1830
1790
1831
1791
1832
1792
1833
1793
1834
1794
1835
1795
1836
1796
1837
1797
1838
1798
1839
1799
1840
1841
1801
1842
3176
1802
1843
1803
1844
1804
1845
1805
1846
1806
1847
1807
1848
1808
1849
1809
1850
1810
1851
1811
1852
1812
1853
1813
1854
1814
1855
1815
1856
1816
1857
1817
1858
1818
1859
1819
1860
1820
1861
1821
1862
1822
1863
1823
1864
1824
1865
1825
1866
1826
1867
1827
1868
1828
1869
1829
1870
1830
1871
1831
1872
1832
1873
1833
1874
1834
1875
1835
1876
1836
1877
1837
1878
1838
1879
1839
1880
1840
1881
1841
1882
1883
1843
1884
3185
1844
1885
1845
1886
1846
1887
1847
1888
1848
1889
1849
1890
1850
1891
1851
1892
1852
1893
1853
1894
1854
1895
1855
1896
1856
1897
1857
1898
1858
1899
1859
1900
1860
1901
1861
1902
1862
1903
1863
1904
1864
1905
1865
1906
1866
1907
1867
1908
1868
1909
1869
1910
1870
1911
1871
1912
1872
1913
1873
1914
1874
1915
1875
1916
1876
1917
1877
1918
1878
1919
1879
1920
1880
1921
1881
1922
1882
1923
1883
1924
1925
1885
1926
3194
1886
1927
1887
1928
1888
1929
1889
1930
1890
1931
1891
1932
1892
1933
1893
1934
1894
1935
1895
1936
1896
1937
1897
1938
1898
1939
1899
1940
1900
1941
1901
1942
1902
1943
1903
1944
1904
1945
1905
1946
1906
1947
1907
1948
1908
1949
1909
1950
1910
1951
1911
1952
1912
1953
1913
1954
1914
1955
1915
1956
1916
1957
1917
1958
1918
1959
1919
1960
1920
1961
1921
1962
1922
1963
1923
1964
1924
1965
1925
1966
1967
1927
1968
3203
1928
1969
1929
1970
1930
1971
1931
1972
1932
1973
1933
1974
1934
1975
1935
1976
1936
1977
1937
1978
1938
1979
1939
1980
1940
1981
1941
1982
1942
1983
1943
1984
1944
1985
1945
1986
1946
1987
1947
1988
1948
1989
1949
1990
1950
1991
1951
1992
1952
1993
1953
1994
1954
1995
1955
1996
1956
1997
1957
1998
1958
1999
1959
2000
1960
2001
1961
2002
1962
2003
1963
2004
1964
2005
1965
2006
1966
2007
1967
2008
2009
1969
2010
3212
1970
2011
1971
2012
1972
2013
1973
2014
1974
2015
1975
2016
1976
2017
1977
2018
1978
2019
1979
2020
1980
2021
1981
2022
1982
2023
1983
2024
1984
2025
1985
2026
1986
2027
1987
2028
1988
2029
1989
2030
1990
2031
1991
2032
1992
2033
1993
2034
1994
2035
1995
2036
1996
2037
1997
2038
1998
2039
1999
2040
2000
2041
2001
2042
2002
2043
2003
2044
2004
2045
2005
2046
2006
2047
2007
2048
2008
2049
2009
2050
2051
2011
2052
3221
2012
2053
2013
2054
2014
2055
2015
2056
2016
2057
2017
2058
2018
2059
2019
2060
2020
2061
2021
2062
2022
2063
2023
2064
2024
2065
2025
2066
2026
2067
2027
2068
2028
2069
2029
2070
2030
2071
2031
2072
2032
2073
2033
2074
2034
2075
2035
2076
2036
2077
2037
2078
2038
2079
2039
2080
2040
2081
2041
2082
2042
2083
2043
2084
2044
2085
2045
2086
2046
2087
2047
2088
2048
2089
2049
2090
2050
2091
2051
2092
2093
2053
2094
3230
2054
2095
2055
2096
2056
2097
2057
2098
2058
2099
2059
2100
2060
2101
2061
2102
2062
2103
2063
2104
2064
2105
2065
2106
2066
2107
2067
2108
2068
2109
2069
2110
2070
2111
2071
2112
2072
2113
2073
2114
2074
2115
2075
2116
2076
2117
2077
2118
2078
2119
2079
2120
2080
2121
2081
2122
2082
2123
2083
2124
2084
2125
2085
2126
2086
2127
2087
2128
2088
2129
2089
2130
2090
2131
2091
2132
2092
2133
2093
2134
2135
2095
2136
3239
2096
2137
2097
2138
2098
2139
2099
2140
2100
2141
2101
2142
2102
2143
2103
2144
2104
2145
2105
2146
2106
2147
2107
2148
2108
2149
2109
2150
2110
2151
2111
2152
2112
2153
2113
2154
2114
2155
2115
2156
2116
2157
2117
2158
2118
2159
2119
2160
2120
2161
2121
2162
2122
2163
2123
2164
2124
2165
2125
2166
2126
2167
2127
2168
2128
2169
2129
2170
2130
2171
2131
2172
2132
2173
2133
2174
2134
2175
2135
2176
2177
2137
2178
3248
2138
2179
2139
2180
2140
2181
2141
2182
2142
2183
2143
2184
2144
2185
2145
2186
2146
2187
2147
2188
2148
2189
2149
2190
2150
2191
2151
2192
2152
2193
2153
2194
2154
2195
2155
2196
2156
2197
2157
2198
2158
2199
2159
2200
2160
2201
2161
2202
2162
2203
2163
2204
2164
2205
2165
2206
2166
2207
2167
2208
2168
2209
2169
2210
2170
2211
2171
2212
2172
2213
2173
2214
2174
2215
2175
2216
2176
2217
2177
2218
2219
2179
2220
3256
2180
2221
2181
2222
2182
2223
2183
2224
2184
2225
2185
2226
2186
2227
2187
2228
2188
2229
2189
2230
2190
2231
2191
2232
2192
2233
2193
2234
2194
2235
2195
2236
2196
2237
2197
2238
2198
2239
2199
2240
2200
2241
2201
2242
2202
2243
2203
2244
2204
2245
2205
2246
2206
2247
2207
2248
2208
2249
2209
2250
2210
2251
2211
2252
2212
2253
2213
2254
2214
2255
2215
2256
2216
2257
2217
2258
2218
2259
2219
2260
2261
2221
2262
3264
2222
2263
2223
2264
2224
2265
2225
2266
2226
2267
2227
2268
2228
2269
2229
2270
2230
2271
2231
2272
2232
2273
2233
2274
2234
2275
2235
2276
2236
2277
2237
2278
2238
2279
2239
2280
2240
2281
2241
2282
2242
2283
2243
2284
2244
2285
2245
2286
2246
2287
2247
2288
2248
2289
2249
2290
2250
2291
2251
2292
2252
2293
2253
2294
2254
2295
2255
2296
2256
2297
2257
2298
2258
2299
2259
2300
2260
2301
2261
2302
2303
2263
2304
3272
2264
2305
2265
2306
2266
2307
2267
2308
2268
2309
2269
2310
2270
2311
2271
2312
2272
2313
2273
2314
2274
2315
2275
2316
2276
2317
2277
2318
2278
2319
2279
2320
2280
2321
2281
2322
2282
2323
2283
2324
2284
2325
2285
2326
2286
2327
2287
2328
2288
2329
2289
2330
2290
2331
2291
2332
2292
2333
2293
2334
2294
2335
2295
2336
2296
2337
2297
2338
2298
2339
2299
2340
2300
2341
2301
2342
2302
2343
2303
2344
2345
2305
2346
3280
2306
2347
2307
2348
2308
2349
2309
2350
2310
2351
2311
2352
2312
2353
2313
2354
2314
2355
2315
2356
2316
2357
2317
2358
2318
2359
2319
2360
2320
2361
2321
2362
2322
2363
2323
2364
2324
2365
2325
2366
2326
2367
2327
2368
2328
2369
2329
2370
2330
2371
2331
2372
2332
2373
2333
2374
2334
2375
2335
2376
2336
2377
2337
2378
2338
2379
2339
2380
2340
2381
2341
2382
2342
2383
2343
2384
2344
2385
2345
2386
2387
2347
2388
3288
2348
2389
2349
2390
2350
2391
2351
2392
2352
2393
2353
2394
2354
2395
2355
2396
2356
2397
2357
2398
2358
2399
2359
2400
2360
2401
2361
2402
2362
2403
2363
2404
2364
2405
2365
2406
2366
2407
2367
2408
2368
2409
2369
2410
2370
2411
2371
2412
2372
2413
2373
2414
2374
2415
2375
2416
2376
2417
2377
2418
2378
2419
2379
2420
2380
2421
2381
2422
2382
2423
2383
2424
2384
2425
2385
2426
2386
2427
2387
2428
2429
2389
2430
3296
2390
2431
2391
2432
2392
2433
2393
2434
2394
2435
2395
2436
2396
2437
2397
2438
2398
2439
2399
2440
2400
2441
2401
2442
2402
2443
2403
2444
2404
2445
2405
2446
2406
2447
2407
2448
2408
2449
2409
2450
2410
2451
2411
2452
2412
2453
2413
2454
2414
2455
2415
2456
2416
2457
2417
2458
2418
2459
2419
2460
2420
2461
2421
2462
2422
2463
2423
2464
2424
2465
2425
2466
2426
2467
2427
2468
2428
2469
2429
2470
2471
2431
2472
3304
2432
2473
2433
2474
2434
2475
2435
2476
2436
2477
2437
2478
2438
2479
2439
2480
2440
2481
2441
2482
2442
2483
2443
2484
2444
2485
2445
2486
2446
2487
2447
2488
2448
2489
2449
2490
2450
2491
2451
2492
2452
2493
2453
2494
2454
2495
2455
2496
2456
2497
2457
2498
2458
2499
2459
2500
2460
2501
2461
2502
2462
2503
2463
2504
2464
2505
2465
2506
2466
2507
2467
2508
2468
2509
2469
2510
2470
2511
2471
2512
2513
2473
2514
3312
2474
2515
2475
2516
2476
2517
2477
2518
2478
2519
2479
2520
2480
2521
2481
2522
2482
2523
2483
2524
2484
2525
2485
2526
2486
2527
2487
2528
2488
2529
2489
2530
2490
2531
2491
2532
2492
2533
2493
2534
2494
2535
2495
2536
2496
2537
2497
2538
2498
2539
2499
2540
2500
2541
2501
2542
2502
2543
2503
2544
2504
2545
2505
2546
2506
2547
2507
2548
2508
2549
2509
2550
2510
2551
2511
2552
2512
2553
2513
2554
2555
2515
2556
3320
2516
2557
2517
2558
2518
2559
2519
2560
2520
2561
2521
2562
2522
2563
2523
2564
2524
2565
2525
2566
2526
2567
2527
2568
2528
2569
2529
2570
2530
2571
2531
2572
2532
2573
2533
2574
2534
2575
2535
2576
2536
2577
2537
2578
2538
2579
2539
2580
2540
2581
2541
2582
2542
2583
2543
2584
2544
2585
2545
2586
2546
2587
2547
2588
2548
2589
2549
2590
2550
2591
2551
2592
2552
2593
2553
2594
2554
2595
2555
2596
2597
2557
2598
3328
2558
2599
2559
2600
2560
2601
2561
2602
2562
2603
2563
2604
2564
2605
2565
2606
2566
2607
2567
2608
2568
2609
2569
2610
2570
2611
2571
2612
2572
2613
2573
2614
2574
2615
2575
2616
2576
2617
2577
2618
2578
2619
2579
2620
2580
2621
2581
2622
2582
2623
2583
2624
2584
2625
2585
2626
2586
2627
2587
2628
2588
2629
2589
2630
2590
2631
2591
2632
2592
2633
2593
2634
2594
2635
2595
2636
2596
2637
2597
2638
2639
2599
2640
3336
2600
2641
2601
2642
2602
2643
2603
2644
2604
2645
2605
2646
2606
2647
2607
2648
2608
2649
2609
2650
2610
2651
2611
2652
2612
2653
2613
2654
2614
2655
2615
2656
2616
2657
2617
2658
2618
2659
2619
2660
2620
2661
2621
2662
2622
2663
2623
2664
2624
2665
2625
2666
2626
2667
2627
2668
2628
2669
2629
2670
2630
2671
2631
2672
2632
2673
2633
2674
2634
2675
2635
2676
2636
2677
2637
2678
2638
2679
2639
2680
2681
2641
2682
3344
2642
2683
2643
2684
2644
2685
2645
2686
2646
2687
2647
2688
2648
2689
2649
2690
2650
2691
2651
2692
2652
2693
2653
2694
2654
2695
2655
2696
2656
2697
2657
2698
2658
2699
2659
2700
2660
2701
2661
2702
2662
2703
2663
2704
2664
2705
2665
2706
2666
2707
2667
2708
2668
2709
2669
2710
2670
2711
2671
2712
2672
2713
2673
2714
2674
2715
2675
2716
2676
2717
2677
2718
2678
2719
2679
2720
2680
2721
2681
2722
2723
2683
2724
3352
2684
2725
2685
2726
2686
2727
2687
2728
2688
2729
2689
2730
2690
2731
2691
2732
2692
2733
2693
2734
2694
2735
2695
2736
2696
2737
2697
2738
2698
2739
2699
2740
2700
2741
2701
2742
2702
2743
2703
2744
2704
2745
2705
2746
2706
2747
2707
2748
2708
2749
2709
2750
2710
2751
2711
2752
2712
2753
2713
2754
2714
2755
2715
2756
2716
2757
2717
2758
2718
2759
2719
2760
2720
2761
2721
2762
2722
2763
2723
2764
2765
2725
2766
3360
2726
2767
2727
2768
2728
2769
2729
2770
2730
2771
2731
2772
2732
2773
2733
2774
2734
2775
2735
2776
2736
2777
2737
2778
2738
2779
2739
2780
2740
2781
2741
2782
2742
2783
2743
2784
2744
2785
2745
2786
2746
2787
2747
2788
2748
2789
2749
2790
2750
2791
2751
2792
2752
2793
2753
2794
2754
2795
2755
2796
2756
2797
2757
2798
2758
2799
2759
2800
2760
2801
2761
2802
2762
2803
2763
2804
2764
2805
2765
2806
2807
2767
2808
3368
2768
2809
2769
2810
2770
2811
2771
2812
2772
2813
2773
2814
2774
2815
2775
2816
2776
2817
2777
2818
2778
2819
2779
2820
2780
2821
2781
2822
2782
2823
2783
2824
2784
2825
2785
2826
2786
2827
2787
2828
2788
2829
2789
2830
2790
2831
2791
2832
2792
2833
2793
2834
2794
2835
2795
2836
2796
2837
2797
2838
2798
2839
2799
2840
2800
2841
2801
2842
2802
2843
2803
2844
2804
2845
2805
2846
2806
2847
2807
2848
2849
2809
2850
3376
2810
2851
2811
2852
2812
2853
2813
2854
2814
2855
2815
2856
2816
2857
2817
2858
2818
2859
2819
2860
2820
2861
2821
2862
2822
2863
2823
2864
2824
2865
2825
2866
2826
2867
2827
2868
2828
2869
2829
2870
2830
2871
2831
2872
2832
2873
2833
2874
2834
2875
2835
2876
2836
2877
2837
2878
2838
2879
2839
2880
2840
2881
2841
2882
2842
2883
2843
2884
2844
2885
2845
2886
2846
2887
2847
2888
2848
2889
2849
2890
2891
2851
2892
3384
2852
2893
2853
2894
2854
2895
2855
2896
2856
2897
2857
2898
2858
2899
2859
2900
2860
2901
2861
2902
2862
2903
2863
2904
2864
2905
2865
2906
2866
2907
2867
2908
2868
2909
2869
2910
2870
2911
2871
2912
2872
2913
2873
2914
2874
2915
2875
2916
2876
2917
2877
2918
2878
2919
2879
2920
2880
2921
2881
2922
2882
2923
2883
2924
2884
2925
2885
2926
2886
2927
2887
2928
2888
2929
2889
2930
2890
2931
2891
2932
2933
2893
2934
3392
2894
2935
2895
2936
2896
2937
2897
2938
2898
2939
2899
2940
2900
2941
2901
2942
2902
2943
2903
2944
2904
2945
2905
2946
2906
2947
2907
2948
2908
2949
2909
2950
2910
2951
2911
2952
2912
2953
2913
2954
2914
2955
2915
2956
2916
2957
2917
2958
2918
2959
2919
2960
2920
2961
2921
2962
2922
2963
2923
2964
2924
2965
2925
2966
2926
2967
2927
2968
2928
2969
2929
2970
2930
2971
2931
2972
2932
2973
2933
2974
2975
2935
2976
3400
2936
2977
2937
2978
2938
2979
2939
2980
2940
2981
2941
2982
2942
2983
2943
2984
2944
2985
2945
2986
2946
2987
2947
2988
2948
2989
2949
2990
2950
2991
2951
2992
2952
2993
2953
2994
2954
2995
2955
2996
2956
2997
2957
2998
2958
2999
2959
3000
2960
3001
2961
3002
2962
3003
2963
3004
2964
3005
2965
3006
2966
3007
2967
3008
2968
3009
2969
3010
2970
3011
2971
3012
2972
3013
2973
3014
2974
3015
2975
3016
3017
2977
3018
3408
2978
3019
2979
3020
2980
3021
2981
3022
2982
3023
2983
3024
2984
3025
2985
3026
2986
3027
2987
3028
2988
3029
2989
3030
2990
3031
2991
3032
2992
3033
2993
3034
2994
3035
2995
3036
2996
3037
2997
3038
2998
3039
2999
3040
3000
3041
3001
3042
3002
3043
3003
3044
3004
3045
3005
3046
3006
3047
3007
3048
3008
3049
3009
3050
3010
3051
3011
3052
3012
3053
3013
3054
3014
3055
3015
3056
3016
3057
3017
3058
3059
3019
3416
3020
3021
3022
3023
3024
3025
3026
3027
3028
3029
3030
3031
3032
3033
3034
3035
3036
3037
3038
3039
3040
3041
3042
3043
3044
3045
3046
3047
3048
3049
3050
3051
3052
3053
3054
3055
3056
3057
3058
3059
3061
3069
3062
3070
3063
3071
3064
3072
3065
3073
3066
3074
3067
3075
3068
3076
3077
3070
3078
3071
3079
3072
3080
3073
3081
3074
3082
3075
3083
3076
3084
3077
3085
3086
3079
3087
3080
3088
3081
3089
3082
3090
3083
3091
3084
3092
3085
3093
3086
3094
3095
3088
3096
3089
3097
3090
3098
3091
3099
3092
3100
3093
3101
3094
3102
3095
3103
3104
3097
3105
3098
3106
3099
3107
3100
3108
3101
3109
3102
3110
3103
3111
3104
3112
3113
3106
3114
3107
3115
3108
3116
3109
3117
3110
3118
3111
3119
3112
3120
3113
3121
3122
3115
3123
3116
3124
3117
3125
3118
3126
3119
3127
3120
3128
3121
3129
3122
3130
3131
3124
3132
3125
3133
3126
3134
3127
3135
3128
3136
3129
3137
3130
3138
3131
3139
3140
3133
3141
3134
3142
3135
3143
3136
3144
3137
3145
3138
3146
3139
3147
3140
3148
3149
3142
3150
3143
3151
3144
3152
3145
3153
3146
3154
3147
3155
3148
3156
3149
3157
3158
3151
3159
3152
3160
3153
3161
3154
3162
3155
3163
3156
3164
3157
3165
3158
3166
3167
3160
3168
3161
3169
3162
3170
3163
3171
3164
3172
3165
3173
3166
3174
3167
3175
3176
3169
3177
3170
3178
3171
3179
3172
3180
3173
3181
3174
3182
3175
3183
3176
3184
3185
3178
3186
3179
3187
3180
3188
3181
3189
3182
3190
3183
3191
3184
3192
3185
3193
3194
3187
3195
3188
3196
3189
3197
3190
3198
3191
3199
3192
3200
3193
3201
3194
3202
3203
3196
3204
3197
3205
3198
3206
3199
3207
3200
3208
3201
3209
3202
3210
3203
3211
3212
3205
3213
3206
3214
3207
3215
3208
3216
3209
3217
3210
3218
3211
3219
3212
3220
3221
3214
3222
3215
3223
3216
3224
3217
3225
3218
3226
3219
3227
3220
3228
3221
3229
3230
3223
3231
3224
3232
3225
3233
3226
3234
3227
3235
3228
3236
3229
3237
3230
3238
3239
3232
3240
3233
3241
3234
3242
3235
3243
3236
3244
3237
3245
3238
3246
3239
3247
3248
3241
3242
3249
3243
3250
3244
3251
3245
3252
3246
3253
3247
3254
3248
3255
3256
3250
3257
3251
3258
3252
3259
3253
3260
3254
3261
3255
3262
3256
3263
3264
3258
3265
3259
3266
3260
3267
3261
3268
3262
3269
3263
3270
3264
3271
3272
3266
3273
3267
3274
3268
3275
3269
3276
3270
3277
3271
3278
3272
3279
3280
3274
3281
3275
3282
3276
3283
3277
3284
3278
3285
3279
3286
3280
3287
3288
3282
3289
3283
3290
3284
3291
3285
3292
3286
3293
3287
3294
3288
3295
3296
3290
3297
3291
3298
3292
3299
3293
3300
3294
3301
3295
3302
3296
3303
3304
3298
3305
3299
3306
3300
3307
3301
3308
3302
3309
3303
3310
3304
3311
3312
3306
3313
3307
3314
3308
3315
3309
3316
3310
3317
3311
3318
3312
3319
3320
3314
3321
3315
3322
3316
3323
3317
3324
3318
3325
3319
3326
3320
3327
3328
3322
3329
3323
3330
3324
3331
3325
3332
3326
3333
3327
3334
3328
3335
3336
3330
3337
3331
3338
3332
3339
3333
3340
3334
3341
3335
3342
3336
3343
3344
3338
3345
3339
3346
3340
3347
3341
3348
3342
3349
3343
3350
3344
3351
3352
3346
3353
3347
3354
3348
3355
3349
3356
3350
3357
3351
3358
3352
3359
3360
3354
3361
3355
3362
3356
3363
3357
3364
3358
3365
3359
3366
3360
3367
3368
3362
3369
3363
3370
3364
3371
3365
3372
3366
3373
3367
3374
3368
3375
3376
3370
3377
3371
3378
3372
3379
3373
3380
3374
3381
3375
3382
3376
3383
3384
3378
3385
3379
3386
3380
3387
3381
3388
3382
3389
3383
3390
3384
3391
3392
3386
3393
3387
3394
3388
3395
3389
3396
3390
3397
3391
3398
3392
3399
3400
3394
3401
3395
3402
3396
3403
3397
3404
3398
3405
3399
3406
3400
3407
3408
3402
3409
3403
3410
3404
3411
3405
3412
3406
3413
3407
3414
3408
3415
3416
3410
3411
3412
3413
3414
3415
3416
3418
3425
3419
3426
3420
3427
3421
3428
3422
3429
3423
3430
3424
3431
3432
3782
3426
3433
3427
3434
3428
3435
3429
3436
3430
3437
3431
3438
3432
3439
3440
3824
3434
3441
3435
3442
3436
3443
3437
3444
3438
3445
3439
3446
3440
3447
3448
3866
3442
3449
3443
3450
3444
3451
3445
3452
3446
3453
3447
3454
3448
3455
3456
3908
3450
3457
3451
3458
3452
3459
3453
3460
3454
3461
3455
3462
3456
3463
3464
3950
3458
3465
3459
3466
3460
3467
3461
3468
3462
3469
3463
3470
3464
3471
3472
3992
3466
3473
3467
3474
3468
3475
3469
3476
3470
3477
3471
3478
3472
3479
3480
4034
3474
3481
3475
3482
3476
3483
3477
3484
3478
3485
3479
3486
3480
3487
3488
4076
3482
3489
3483
3490
3484
3491
3485
3492
3486
3493
3487
3494
3488
3495
3496
4118
3490
3497
3491
3498
3492
3499
3493
3500
3494
3501
3495
3502
3496
3503
3504
4160
3498
3505
3499
3506
3500
3507
3501
3508
3502
3509
3503
3510
3504
3511
3512
4202
3506
3513
3507
3514
3508
3515
3509
3516
3510
3517
3511
3518
3512
3519
3520
4244
3514
3522
3515
3523
3516
3524
3517
3525
3518
3526
3519
3527
3520
3528
3529
4286
3522
3530
3523
3531
3524
3532
3525
3533
3526
3534
3527
3535
3528
3536
3529
3537
3538
4328
3531
3539
3532
3540
3533
3541
3534
3542
3535
3543
3536
3544
3537
3545
3538
3546
3547
4370
3540
3548
3541
3549
3542
3550
3543
3551
3544
3552
3545
3553
3546
3554
3547
3555
3556
4412
3549
3557
3550
3558
3551
3559
3552
3560
3553
3561
3554
3562
3555
3563
3556
3564
3565
4454
3558
3566
3559
3567
3560
3568
3561
3569
3562
3570
3563
3571
3564
3572
3565
3573
3574
4496
3567
3575
3568
3576
3569
3577
3570
3578
3571
3579
3572
3580
3573
3581
3574
3582
3583
4538
3576
3584
3577
3585
3578
3586
3579
3587
3580
3588
3581
3589
3582
3590
3583
3591
3592
4580
3585
3593
3586
3594
3587
3595
3588
3596
3589
3597
3590
3598
3591
3599
3592
3600
3601
4622
3594
3602
3595
3603
3596
3604
3597
3605
3598
3606
3599
3607
3600
3608
3601
3609
3610
4664
3603
3611
3604
3612
3605
3613
3606
3614
3607
3615
3608
3616
3609
3617
3610
3618
3619
4706
3612
3620
3613
3621
3614
3622
3615
3623
3616
3624
3617
3625
3618
3626
3619
3627
3628
4748
3621
3629
3622
3630
3623
3631
3624
3632
3625
3633
3626
3634
3627
3635
3628
3636
3637
4790
3630
3638
3631
3639
3632
3640
3633
3641
3634
3642
3635
3643
3636
3644
3637
3645
3646
4832
3639
3647
3640
3648
3641
3649
3642
3650
3643
3651
3644
3652
3645
3653
3646
3654
3655
4874
3648
3656
3649
3657
3650
3658
3651
3659
3652
3660
3653
3661
3654
3662
3655
3663
3664
4916
3657
3665
3658
3666
3659
3667
3660
3668
3661
3669
3662
3670
3663
3671
3664
3672
3673
4958
3666
3674
3667
3675
3668
3676
3669
3677
3670
3678
3671
3679
3672
3680
3673
3681
3682
5000
3675
3683
3676
3684
3677
3685
3678
3686
3679
3687
3680
3688
3681
3689
3682
3690
3691
5042
3684
3692
3685
3693
3686
3694
3687
3695
3688
3696
3689
3697
3690
3698
3691
3699
3700
5084
3693
3701
3694
3702
3695
3703
3696
3704
3697
3705
3698
3706
3699
3707
3700
3708
3709
5126
3702
3710
3703
3711
3704
3712
3705
3713
3706
3714
3707
3715
3708
3716
3709
3717
3718
5168
3711
3719
3712
3720
3713
3721
3714
3722
3715
3723
3716
3724
3717
3725
3718
3726
3727
5210
3720
3728
3721
3729
3722
3730
3723
3731
3724
3732
3725
3733
3726
3734
3727
3735
3736
5252
3729
3737
3730
3738
3731
3739
3732
3740
3733
3741
3734
3742
3735
3743
3736
3744
3745
5294
3738
3746
3739
3747
3740
3748
3741
3749
3742
3750
3743
3751
3744
3752
3745
3753
3754
5336
3747
3755
3748
3756
3749
3757
3750
3758
3751
3759
3752
3760
3753
3761
3754
3762
3763
5378
3756
3764
3757
3765
3758
3766
3759
3767
3760
3768
3761
3769
3762
3770
3763
3771
3772
5420
3765
3773
3766
3774
3767
3775
3768
3776
3769
3777
3770
3778
3771
3779
3772
3780
3781
5462
3774
3775
3776
3777
3778
3779
3780
3781
5504
3783
3824
3784
3825
3785
3826
3786
3827
3787
3828
3788
3829
3789
3830
3790
3831
3791
3832
3792
3833
3793
3834
3794
3835
3795
3836
3796
3837
3797
3838
3798
3839
3799
3840
3800
3841
3801
3842
3802
3843
3803
3844
3804
3845
3805
3846
3806
3847
3807
3848
3808
3849
3809
3850
3810
3851
3811
3852
3812
3853
3813
3854
3814
3855
3815
3856
3816
3857
3817
3858
3818
3859
3819
3860
3820
3861
3821
3862
3822
3863
3823
3864
3865
3825
3866
3826
3867
3827
3868
3828
3869
3829
3870
3830
3871
3831
3872
3832
3873
3833
3874
3834
3875
3835
3876
3836
3877
3837
3878
3838
3879
3839
3880
3840
3881
3841
3882
3842
3883
3843
3884
3844
3885
3845
3886
3846
3887
3847
3888
3848
3889
3849
3890
3850
3891
3851
3892
3852
3893
3853
3894
3854
3895
3855
3896
3856
3897
3857
3898
3858
3899
3859
3900
3860
3901
3861
3902
3862
3903
3863
3904
3864
3905
3865
3906
3907
3867
3908
3868
3909
3869
3910
3870
3911
3871
3912
3872
3913
3873
3914
3874
3915
3875
3916
3876
3917
3877
3918
3878
3919
3879
3920
3880
3921
3881
3922
3882
3923
3883
3924
3884
3925
3885
3926
3886
3927
3887
3928
3888
3929
3889
3930
3890
3931
3891
3932
3892
3933
3893
3934
3894
3935
3895
3936
3896
3937
3897
3938
3898
3939
3899
3940
3900
3941
3901
3942
3902
3943
3903
3944
3904
3945
3905
3946
3906
3947
3907
3948
3949
3909
3950
3910
3951
3911
3952
3912
3953
3913
3954
3914
3955
3915
3956
3916
3957
3917
3958
3918
3959
3919
3960
3920
3961
3921
3962
3922
3963
3923
3964
3924
3965
3925
3966
3926
3967
3927
3968
3928
3969
3929
3970
3930
3971
3931
3972
3932
3973
3933
3974
3934
3975
3935
3976
3936
3977
3937
3978
3938
3979
3939
3980
3940
3981
3941
3982
3942
3983
3943
3984
3944
3985
3945
3986
3946
3987
3947
3988
3948
3989
3949
3990
3991
3951
3992
3952
3993
3953
3994
3954
3995
3955
3996
3956
3997
3957
3998
3958
3999
3959
4000
3960
4001
3961
4002
3962
4003
3963
4004
3964
4005
3965
4006
3966
4007
3967
4008
3968
4009
3969
4010
3970
4011
3971
4012
3972
4013
3973
4014
3974
4015
3975
4016
3976
4017
3977
4018
3978
4019
3979
4020
3980
4021
3981
4022
3982
4023
3983
4024
3984
4025
3985
4026
3986
4027
3987
4028
3988
4029
3989
4030
3990
4031
3991
4032
4033
3993
4034
3994
4035
3995
4036
3996
4037
3997
4038
3998
4039
3999
4040
4000
4041
4001
4042
4002
4043
4003
4044
4004
4045
4005
4046
4006
4047
4007
4048
4008
4049
4009
4050
4010
4051
4011
4052
4012
4053
4013
4054
4014
4055
4015
4056
4016
4057
4017
4058
4018
4059
4019
4060
4020
4061
4021
4062
4022
4063
4023
4064
4024
4065
4025
4066
4026
4067
4027
4068
4028
4069
4029
4070
4030
4071
4031
4072
4032
4073
4033
4074
4075
4035
4076
4036
4077
4037
4078
4038
4079
4039
4080
4040
4081
4041
4082
4042
4083
4043
4084
4044
4085
4045
4086
4046
4087
4047
4088
4048
4089
4049
4090
4050
4091
4051
4092
4052
4093
4053
4094
4054
4095
4055
4096
4056
4097
4057
4098
4058
4099
4059
4100
4060
4101
4061
4102
4062
4103
4063
4104
4064
4105
4065
4106
4066
4107
4067
4108
4068
4109
4069
4110
4070
4111
4071
4112
4072
4113
4073
4114
4074
4115
4075
4116
4117
4077
4118
4078
4119
4079
4120
4080
4121
4081
4122
4082
4123
4083
4124
4084
4125
4085
4126
4086
4127
4087
4128
4088
4129
4089
4130
4090
4131
4091
4132
4092
4133
4093
4134
4094
4135
4095
4136
4096
4137
4097
4138
4098
4139
4099
4140
4100
4141
4101
4142
4102
4143
4103
4144
4104
4145
4105
4146
4106
4147
4107
4148
4108
4149
4109
4150
4110
4151
4111
4152
4112
4153
4113
4154
4114
4155
4115
4156
4116
4157
4117
4158
4159
4119
4160
4120
4161
4121
4162
4122
4163
4123
4164
4124
4165
4125
4166
4126
4167
4127
4168
4128
4169
4129
4170
4130
4171
4131
4172
4132
4173
4133
4174
4134
4175
4135
4176
4136
4177
4137
4178
4138
4179
4139
4180
4140
4181
4141
4182
4142
4183
4143
4184
4144
4185
4145
4186
4146
4187
4147
4188
4148
4189
4149
4190
4150
4191
4151
4192
4152
4193
4153
4194
4154
4195
4155
4196
4156
4197
4157
4198
4158
4199
4159
4200
4201
4161
4202
4162
4203
4163
4204
4164
4205
4165
4206
4166
4207
4167
4208
4168
4209
4169
4210
4170
4211
4171
4212
4172
4213
4173
4214
4174
4215
4175
4216
4176
4217
4177
4218
4178
4219
4179
4220
4180
4221
4181
4222
4182
4223
4183
4224
4184
4225
4185
4226
4186
4227
4187
4228
4188
4229
4189
4230
4190
4231
4191
4232
4192
4233
4193
4234
4194
4235
4195
4236
4196
4237
4197
4238
4198
4239
4199
4240
4200
4241
4201
4242
4243
4203
4244
4204
4245
4205
4246
4206
4247
4207
4248
4208
4249
4209
4250
4210
4251
4211
4252
4212
4253
4213
4254
4214
4255
4215
4256
4216
4257
4217
4258
4218
4259
4219
4260
4220
4261
4221
4262
4222
4263
4223
4264
4224
4265
4225
4266
4226
4267
4227
4268
4228
4269
4229
4270
4230
4271
4231
4272
4232
4273
4233
4274
4234
4275
4235
4276
4236
4277
4237
4278
4238
4279
4239
4280
4240
4281
4241
4282
4242
4283
4243
4284
4285
4245
4286
4246
4287
4247
4288
4248
4289
4249
4290
4250
4291
4251
4292
4252
4293
4253
4294
4254
4295
4255
4296
4256
4297
4257
4298
4258
4299
4259
4300
4260
4301
4261
4302
4262
4303
4263
4304
4264
4305
4265
4306
4266
4307
4267
4308
4268
4309
4269
4310
4270
4311
4271
4312
4272
4313
4273
4314
4274
4315
4275
4316
4276
4317
4277
4318
4278
4319
4279
4320
4280
4321
4281
4322
4282
4323
4283
4324
4284
4325
4285
4326
4327
4287
4328
4288
4329
4289
4330
4290
4331
4291
4332
4292
4333
4293
4334
4294
4335
4295
4336
4296
4337
4297
4338
4298
4339
4299
4340
4300
4341
4301
4342
4302
4343
4303
4344
4304
4345
4305
4346
4306
4347
4307
4348
4308
4349
4309
4350
4310
4351
4311
4352
4312
4353
4313
4354
4314
4355
4315
4356
4316
4357
4317
4358
4318
4359
4319
4360
4320
4361
4321
4362
4322
4363
4323
4364
4324
4365
4325
4366
4326
4367
4327
4368
4369
4329
4370
4330
4371
4331
4372
4332
4373
4333
4374
4334
4375
4335
4376
4336
4377
4337
4378
4338
4379
4339
4380
4340
4381
4341
4382
4342
4383
4343
4384
4344
4385
4345
4386
4346
4387
4347
4388
4348
4389
4349
4390
4350
4391
4351
4392
4352
4393
4353
4394
4354
4395
4355
4396
4356
4397
4357
4398
4358
4399
4359
4400
4360
4401
4361
4402
4362
4403
4363
4404
4364
4405
4365
4406
4366
4407
4367
4408
4368
4409
4369
4410
4411
4371
4412
4372
4413
4373
4414
4374
4415
4375
4416
4376
4417
4377
4418
4378
4419
4379
4420
4380
4421
4381
4422
4382
4423
4383
4424
4384
4425
4385
4426
4386
4427
4387
4428
4388
4429
4389
4430
4390
4431
4391
4432
4392
4433
4393
4434
4394
4435
4395
4436
4396
4437
4397
4438
4398
4439
4399
4440
4400
4441
4401
4442
4402
4443
4403
4444
4404
4445
4405
4446
4406
4447
4407
4448
4408
4449
4409
4450
4410
4451
4411
4452
4453
4413
4454
4414
4455
4415
4456
4416
4457
4417
4458
4418
4459
4419
4460
4420
4461
4421
4462
4422
4463
4423
4464
4424
4465
4425
4466
4426
4467
4427
4468
4428
4469
4429
4470
4430
4471
4431
4472
4432
4473
4433
4474
4434
4475
4435
4476
4436
4477
4437
4478
4438
4479
4439
4480
4440
4481
4441
4482
4442
4483
4443
4484
4444
4485
4445
4486
4446
4487
4447
4488
4448
4489
4449
4490
4450
4491
4451
4492
4452
4493
4453
4494
4495
4455
4496
4456
4497
4457
4498
4458
4499
4459
4500
4460
4501
4461
4502
4462
4503
4463
4504
4464
4505
4465
4506
4466
4507
4467
4508
4468
4509
4469
4510
4470
4511
4471
4512
4472
4513
4473
4514
4474
4515
4475
4516
4476
4517
4477
4518
4478
4519
4479
4520
4480
4521
4481
4522
4482
4523
4483
4524
4484
4525
4485
4526
4486
4527
4487
4528
4488
4529
4489
4530
4490
4531
4491
4532
4492
4533
4493
4534
4494
4535
4495
4536
4537
4497
4538
4498
4539
4499
4540
4500
4541
4501
4542
4502
4543
4503
4544
4504
4545
4505
4546
4506
4547
4507
4548
4508
4549
4509
4550
4510
4551
4511
4552
4512
4553
4513
4554
4514
4555
4515
4556
4516
4557
4517
4558
4518
4559
4519
4560
4520
4561
4521
4562
4522
4563
4523
4564
4524
4565
4525
4566
4526
4567
4527
4568
4528
4569
4529
4570
4530
4571
4531
4572
4532
4573
4533
4574
4534
4575
4535
4576
4536
4577
4537
4578
4579
4539
4580
4540
4581
4541
4582
4542
4583
4543
4584
4544
4585
4545
4586
4546
4587
4547
4588
4548
4589
4549
4590
4550
4591
4551
4592
4552
4593
4553
4594
4554
4595
4555
4596
4556
4597
4557
4598
4558
4599
4559
4600
4560
4601
4561
4602
4562
4603
4563
4604
4564
4605
4565
4606
4566
4607
4567
4608
4568
4609
4569
4610
4570
4611
4571
4612
4572
4613
4573
4614
4574
4615
4575
4616
4576
4617
4577
4618
4578
4619
4579
4620
4621
4581
4622
4582
4623
4583
4624
4584
4625
4585
4626
4586
4627
4587
4628
4588
4629
4589
4630
4590
4631
4591
4632
4592
4633
4593
4634
4594
4635
4595
4636
4596
4637
4597
4638
4598
4639
4599
4640
4600
4641
4601
4642
4602
4643
4603
4644
4604
4645
4605
4646
4606
4647
4607
4648
4608
4649
4609
4650
4610
4651
4611
4652
4612
4653
4613
4654
4614
4655
4615
4656
4616
4657
4617
4658
4618
4659
4619
4660
4620
4661
4621
4662
4663
4623
4664
4624
4665
4625
4666
4626
4667
4627
4668
4628
4669
4629
4670
4630
4671
4631
4672
4632
4673
4633
4674
4634
4675
4635
4676
4636
4677
4637
4678
4638
4679
4639
4680
4640
4681
4641
4682
4642
4683
4643
4684
4644
4685
4645
4686
4646
4687
4647
4688
4648
4689
4649
4690
4650
4691
4651
4692
4652
4693
4653
4694
4654
4695
4655
4696
4656
4697
4657
4698
4658
4699
4659
4700
4660
4701
4661
4702
4662
4703
4663
4704
4705
4665
4706
4666
4707
4667
4708
4668
4709
4669
4710
4670
4711
4671
4712
4672
4713
4673
4714
4674
4715
4675
4716
4676
4717
4677
4718
4678
4719
4679
4720
4680
4721
4681
4722
4682
4723
4683
4724
4684
4725
4685
4726
4686
4727
4687
4728
4688
4729
4689
4730
4690
4731
4691
4732
4692
4733
4693
4734
4694
4735
4695
4736
4696
4737
4697
4738
4698
4739
4699
4740
4700
4741
4701
4742
4702
4743
4703
4744
4704
4745
4705
4746
4747
4707
4748
4708
4749
4709
4750
4710
4751
4711
4752
4712
4753
4713
4754
4714
4755
4715
4756
4716
4757
4717
4758
4718
4759
4719
4760
4720
4761
4721
4762
4722
4763
4723
4764
4724
4765
4725
4766
4726
4767
4727
4768
4728
4769
4729
4770
4730
4771
4731
4772
4732
4773
4733
4774
4734
4775
4735
4776
4736
4777
4737
4778
4738
4779
4739
4780
4740
4781
4741
4782
4742
4783
4743
4784
4744
4785
4745
4786
4746
4787
4747
4788
4789
4749
4790
4750
4791
4751
4792
4752
4793
4753
4794
4754
4795
4755
4796
4756
4797
4757
4798
4758
4799
4759
4800
4760
4801
4761
4802
4762
4803
4763
4804
4764
4805
4765
4806
4766
4807
4767
4808
4768
4809
4769
4810
4770
4811
4771
4812
4772
4813
4773
4814
4774
4815
4775
4816
4776
4817
4777
4818
4778
4819
4779
4820
4780
4821
4781
4822
4782
4823
4783
4824
4784
4825
4785
4826
4786
4827
4787
4828
4788
4829
4789
4830
4831
4791
4832
4792
4833
4793
4834
4794
4835
4795
4836
4796
4837
4797
4838
4798
4839
4799
4840
4800
4841
4801
4842
4802
4843
4803
4844
4804
4845
4805
4846
4806
4847
4807
4848
4808
4849
4809
4850
4810
4851
4811
4852
4812
4853
4813
4854
4814
4855
4815
4856
4816
4857
4817
4858
4818
4859
4819
4860
4820
4861
4821
4862
4822
4863
4823
4864
4824
4865
4825
4866
4826
4867
4827
4868
4828
4869
4829
4870
4830
4871
4831
4872
4873
4833
4874
4834
4875
4835
4876
4836
4877
4837
4878
4838
4879
4839
4880
4840
4881
4841
4882
4842
4883
4843
4884
4844
4885
4845
4886
4846
4887
4847
4888
4848
4889
4849
4890
4850
4891
4851
4892
4852
4893
4853
4894
4854
4895
4855
4896
4856
4897
4857
4898
4858
4899
4859
4900
4860
4901
4861
4902
4862
4903
4863
4904
4864
4905
4865
4906
4866
4907
4867
4908
4868
4909
4869
4910
4870
4911
4871
4912
4872
4913
4873
4914
4915
4875
4916
4876
4917
4877
4918
4878
4919
4879
4920
4880
4921
4881
4922
4882
4923
4883
4924
4884
4925
4885
4926
4886
4927
4887
4928
4888
4929
4889
4930
4890
4931
4891
4932
4892
4933
4893
4934
4894
4935
4895
4936
4896
4937
4897
4938
4898
4939
4899
4940
4900
4941
4901
4942
4902
4943
4903
4944
4904
4945
4905
4946
4906
4947
4907
4948
4908
4949
4909
4950
4910
4951
4911
4952
4912
4953
4913
4954
4914
4955
4915
4956
4957
4917
4958
4918
4959
4919
4960
4920
4961
4921
4962
4922
4963
4923
4964
4924
4965
4925
4966
4926
4967
4927
4968
4928
4969
4929
4970
4930
4971
4931
4972
4932
4973
4933
4974
4934
4975
4935
4976
4936
4977
4937
4978
4938
4979
4939
4980
4940
4981
4941
4982
4942
4983
4943
4984
4944
4985
4945
4986
4946
4987
4947
4988
4948
4989
4949
4990
4950
4991
4951
4992
4952
4993
4953
4994
4954
4995
4955
4996
4956
4997
4957
4998
4999
4959
5000
4960
5001
4961
5002
4962
5003
4963
5004
4964
5005
4965
5006
4966
5007
4967
5008
4968
5009
4969
5010
4970
5011
4971
5012
4972
5013
4973
5014
4974
5015
4975
5016
4976
5017
4977
5018
4978
5019
4979
5020
4980
5021
4981
5022
4982
5023
4983
5024
4984
5025
4985
5026
4986
5027
4987
5028
4988
5029
4989
5030
4990
5031
4991
5032
4992
5033
4993
5034
4994
5035
4995
5036
4996
5037
4997
5038
4998
5039
4999
5040
5041
5001
5042
5002
5043
5003
5044
5004
5045
5005
5046
5006
5047
5007
5048
5008
5049
5009
5050
5010
5051
5011
5052
5012
5053
5013
5054
5014
5055
5015
5056
5016
5057
5017
5058
5018
5059
5019
5060
5020
5061
5021
5062
5022
5063
5023
5064
5024
5065
5025
5066
5026
5067
5027
5068
5028
5069
5029
5070
5030
5071
5031
5072
5032
5073
5033
5074
5034
5075
5035
5076
5036
5077
5037
5078
5038
5079
5039
5080
5040
5081
5041
5082
5083
5043
5084
5044
5085
5045
5086
5046
5087
5047
5088
5048
5089
5049
5090
5050
5091
5051
5092
5052
5093
5053
5094
5054
5095
5055
5096
5056
5097
5057
5098
5058
5099
5059
5100
5060
5101
5061
5102
5062
5103
5063
5104
5064
5105
5065
5106
5066
5107
5067
5108
5068
5109
5069
5110
5070
5111
5071
5112
5072
5113
5073
5114
5074
5115
5075
5116
5076
5117
5077
5118
5078
5119
5079
5120
5080
5121
5081
5122
5082
5123
5083
5124
5125
5085
5126
5086
5127
5087
5128
5088
5129
5089
5130
5090
5131
5091
5132
5092
5133
5093
5134
5094
5135
5095
5136
5096
5137
5097
5138
5098
5139
5099
5140
5100
5141
5101
5142
5102
5143
5103
5144
5104
5145
5105
5146
5106
5147
5107
5148
5108
5149
5109
5150
5110
5151
5111
5152
5112
5153
5113
5154
5114
5155
5115
5156
5116
5157
5117
5158
5118
5159
5119
5160
5120
5161
5121
5162
5122
5163
5123
5164
5124
5165
5125
5166
5167
5127
5168
5128
5169
5129
5170
5130
5171
5131
5172
5132
5173
5133
5174
5134
5175
5135
5176
5136
5177
5137
5178
5138
5179
5139
5180
5140
5181
5141
5182
5142
5183
5143
5184
5144
5185
5145
5186
5146
5187
5147
5188
5148
5189
5149
5190
5150
5191
5151
5192
5152
5193
5153
5194
5154
5195
5155
5196
5156
5197
5157
5198
5158
5199
5159
5200
5160
5201
5161
5202
5162
5203
5163
5204
5164
5205
5165
5206
5166
5207
5167
5208
5209
5169
5210
5170
5211
5171
5212
5172
5213
5173
5214
5174
5215
5175
5216
5176
5217
5177
5218
5178
5219
5179
5220
5180
5221
5181
5222
5182
5223
5183
5224
5184
5225
5185
5226
5186
5227
5187
5228
5188
5229
5189
5230
5190
5231
5191
5232
5192
5233
5193
5234
5194
5235
5195
5236
5196
5237
5197
5238
5198
5239
5199
5240
5200
5241
5201
5242
5202
5243
5203
5244
5204
5245
5205
5246
5206
5247
5207
5248
5208
5249
5209
5250
5251
5211
5252
5212
5253
5213
5254
5214
5255
5215
5256
5216
5257
5217
5258
5218
5259
5219
5260
5220
5261
5221
5262
5222
5263
5223
5264
5224
5265
5225
5266
5226
5267
5227
5268
5228
5269
5229
5270
5230
5271
5231
5272
5232
5273
5233
5274
5234
5275
5235
5276
5236
5277
5237
5278
5238
5279
5239
5280
5240
5281
5241
5282
5242
5283
5243
5284
5244
5285
5245
5286
5246
5287
5247
5288
5248
5289
5249
5290
5250
5291
5251
5292
5293
5253
5294
5254
5295
5255
5296
5256
5297
5257
5298
5258
5299
5259
5300
5260
5301
5261
5302
5262
5303
5263
5304
5264
5305
5265
5306
5266
5307
5267
5308
5268
5309
5269
5310
5270
5311
5271
5312
5272
5313
5273
5314
5274
5315
5275
5316
5276
5317
5277
5318
5278
5319
5279
5320
5280
5321
5281
5322
5282
5323
5283
5324
5284
5325
5285
5326
5286
5327
5287
5328
5288
5329
5289
5330
5290
5331
5291
5332
5292
5333
5293
5334
5335
5295
5336
5296
5337
5297
5338
5298
5339
5299
5340
5300
5341
5301
5342
5302
5343
5303
5344
5304
5345
5305
5346
5306
5347
5307
5348
5308
5349
5309
5350
5310
5351
5311
5352
5312
5353
5313
5354
5314
5355
5315
5356
5316
5357
5317
5358
5318
5359
5319
5360
5320
5361
5321
5362
5322
5363
5323
5364
5324
5365
5325
5366
5326
5367
5327
5368
5328
5369
5329
5370
5330
5371
5331
5372
5332
5373
5333
5374
5334
5375
5335
5376
5377
5337
5378
5338
5379
5339
5380
5340
5381
5341
5382
5342
5383
5343
5384
5344
5385
5345
5386
5346
5387
5347
5388
5348
5389
5349
5390
5350
5391
5351
5392
5352
5393
5353
5394
5354
5395
5355
5396
5356
5397
5357
5398
5358
5399
5359
5400
5360
5401
5361
5402
5362
5403
5363
5404
5364
5405
5365
5406
5366
5407
5367
5408
5368
5409
5369
5410
5370
5411
5371
5412
5372
5413
5373
5414
5374
5415
5375
5416
5376
5417
5377
5418
5419
5379
5420
5380
5421
5381
5422
5382
5423
5383
5424
5384
5425
5385
5426
5386
5427
5387
5428
5388
5429
5389
5430
5390
5431
5391
5432
5392
5433
5393
5434
5394
5435
5395
5436
5396
5437
5397
5438
5398
5439
5399
5440
5400
5441
5401
5442
5402
5443
5403
5444
5404
5445
5405
5446
5406
5447
5407
5448
5408
5449
5409
5450
5410
5451
5411
5452
5412
5453
5413
5454
5414
5455
5415
5456
5416
5457
5417
5458
5418
5459
5419
5460
5461
5421
5462
5422
5463
5423
5464
5424
5465
5425
5466
5426
5467
5427
5468
5428
5469
5429
5470
5430
5471
5431
5472
5432
5473
5433
5474
5434
5475
5435
5476
5436
5477
5437
5478
5438
5479
5439
5480
5440
5481
5441
5482
5442
5483
5443
5484
5444
5485
5445
5486
5446
5487
5447
5488
5448
5489
5449
5490
5450
5491
5451
5492
5452
5493
5453
5494
5454
5495
5455
5496
5456
5497
5457
5498
5458
5499
5459
5500
5460
5501
5461
5502
5503
5463
5504
5464
5505
5465
5506
5466
5507
5467
5508
5468
5509
5469
5510
5470
5511
5471
5512
5472
5513
5473
5514
5474
5515
5475
5516
5476
5517
5477
5518
5478
5519
5479
5520
5480
5521
5481
5522
5482
5523
5483
5524
5484
5525
5485
5526
5486
5527
5487
5528
5488
5529
5489
5530
5490
5531
5491
5532
5492
5533
5493
5534
5494
5535
5495
5536
5496
5537
5497
5538
5498
5539
5499
5540
5500
5541
5501
5542
5502
5543
5503
5544
5545
5505
5546
5506
5547
5507
5548
5508
5549
5509
5550
5510
5551
5511
5552
5512
5553
5513
5554
5514
5555
5515
5556
5516
5557
5517
5558
5518
5559
5519
5560
5520
5561
5521
5562
5522
5563
5523
5564
5524
5565
5525
5566
5526
5567
5527
5568
5528
5569
5529
5570
5530
5571
5531
5572
5532
5573
5533
5574
5534
5575
5535
5576
5536
5577
5537
5578
5538
5579
5539
5580
5540
5581
5541
5582
5542
5583
5543
5584
5544
5585
5545
5586
5587
5547
5588
5548
5589
5549
5590
5550
5591
5551
5592
5552
5593
5553
5594
5554
5595
5555
5596
5556
5597
5557
5598
5558
5599
5559
5600
5560
5601
5561
5602
5562
5603
5563
5604
5564
5605
5565
5606
5566
5607
5567
5608
5568
5609
5569
5610
5570
5611
5571
5612
5572
5613
5573
5614
5574
5615
5575
5616
5576
5617
5577
5618
5578
5619
5579
5620
5580
5621
5581
5622
5582
5623
5583
5624
5584
5625
5585
5626
5586
5627
5587
5628
5629
5589
5630
5590
5631
5591
5632
5592
5633
5593
5634
5594
5635
5595
5636
5596
5637
5597
5638
5598
5639
5599
5640
5600
5641
5601
5642
5602
5643
5603
5644
5604
5645
5605
5646
5606
5647
5607
5648
5608
5649
5609
5650
5610
5651
5611
5652
5612
5653
5613
5654
5614
5655
5615
5656
5616
5657
5617
5658
5618
5659
5619
5660
5620
5661
5621
5662
5622
5663
5623
5664
5624
5665
5625
5666
5626
5667
5627
5668
5628
5669
5629
5670
5671
5631
5672
5632
5673
5633
5674
5634
5675
5635
5676
5636
5677
5637
5678
5638
5679
5639
5680
5640
5681
5641
5682
5642
5683
5643
5684
5644
5685
5645
5686
5646
5687
5647
5688
5648
5689
5649
5690
5650
5691
5651
5692
5652
5693
5653
5694
5654
5695
5655
5696
5656
5697
5657
5698
5658
5699
5659
5700
5660
5701
5661
5702
5662
5703
5663
5704
5664
5705
5665
5706
5666
5707
5667
5708
5668
5709
5669
5710
5670
5711
5671
5712
5713
5673
5714
5674
5715
5675
5716
5676
5717
5677
5718
5678
5719
5679
5720
5680
5721
5681
5722
5682
5723
5683
5724
5684
5725
5685
5726
5686
5727
5687
5728
5688
5729
5689
5730
5690
5731
5691
5732
5692
5733
5693
5734
5694
5735
5695
5736
5696
5737
5697
5738
5698
5739
5699
5740
5700
5741
5701
5742
5702
5743
5703
5744
5704
5745
5705
5746
5706
5747
5707
5748
5708
5749
5709
5750
5710
5751
5711
5752
5712
5753
5713
5754
5755
5715
5756
5716
5757
5717
5758
5718
5759
5719
5760
5720
5761
5721
5762
5722
5763
5723
5764
5724
5765
5725
5766
5726
5767
5727
5768
5728
5769
5729
5770
5730
5771
5731
5772
5732
5773
5733
5774
5734
5775
5735
5776
5736
5777
5737
5778
5738
5779
5739
5780
5740
5781
5741
5782
5742
5783
5743
5784
5744
5785
5745
5786
5746
5787
5747
5788
5748
5789
5749
5790
5750
5791
5751
5792
5752
5793
5753
5794
5754
5795
5755
5796
5797
5757
5798
5758
5799
5759
5800
5760
5801
5761
5802
5762
5803
5763
5804
5764
5805
5765
5806
5766
5807
5767
5808
5768
5809
5769
5810
5770
5811
5771
5812
5772
5813
5773
5814
5774
5815
5775
5816
5776
5817
5777
5818
5778
5819
5779
5820
5780
5821
5781
5822
5782
5823
5783
5824
5784
5825
5785
5826
5786
5827
5787
5828
5788
5829
5789
5830
5790
5831
5791
5832
5792
5833
5793
5834
5794
5835
5795
5836
5796
5837
5797
5838
5839
5799
5840
5800
5841
5801
5842
5802
5843
5803
5844
5804
5845
5805
5846
5806
5847
5807
5848
5808
5849
5809
5850
5810
5851
5811
5852
5812
5853
5813
5854
5814
5855
5815
5856
5816
5857
5817
5858
5818
5859
5819
5860
5820
5861
5821
5862
5822
5863
5823
5864
5824
5865
5825
5866
5826
5867
5827
5868
5828
5869
5829
5870
5830
5871
5831
5872
5832
5873
5833
5874
5834
5875
5835
5876
5836
5877
5837
5878
5838
5879
5839
5880
5881
5841
5882
5842
5883
5843
5884
5844
5885
5845
5886
5846
5887
5847
5888
5848
5889
5849
5890
5850
5891
5851
5892
5852
5893
5853
5894
5854
5895
5855
5896
5856
5897
5857
5898
5858
5899
5859
5900
5860
5901
5861
5902
5862
5903
5863
5904
5864
5905
5865
5906
5866
5907
5867
5908
5868
5909
5869
5910
5870
5911
5871
5912
5872
5913
5873
5914
5874
5915
5875
5916
5876
5917
5877
5918
5878
5919
5879
5920
5880
5921
5881
5922
5923
5883
5924
5884
5925
5885
5926
5886
5927
5887
5928
5888
5929
5889
5930
5890
5931
5891
5932
5892
5933
5893
5934
5894
5935
5895
5936
5896
5937
5897
5938
5898
5939
5899
5940
5900
5941
5901
5942
5902
5943
5903
5944
5904
5945
5905
5946
5906
5947
5907
5948
5908
5949
5909
5950
5910
5951
5911
5952
5912
5953
5913
5954
5914
5955
5915
5956
5916
5957
5917
5958
5918
5959
5919
5960
5920
5961
5921
5962
5922
5963
5923
5964
5965
5925
5966
5926
5967
5927
5968
5928
5969
5929
5970
5930
5971
5931
5972
5932
5973
5933
5974
5934
5975
5935
5976
5936
5977
5937
5978
5938
5979
5939
5980
5940
5981
5941
5982
5942
5983
5943
5984
5944
5985
5945
5986
5946
5987
5947
5988
5948
5989
5949
5990
5950
5991
5951
5992
5952
5993
5953
5994
5954
5995
5955
5996
5956
5997
5957
5998
5958
5999
5959
6000
5960
6001
5961
6002
5962
6003
5963
6004
5964
6005
5965
6006
6007
5967
6008
5968
6009
5969
6010
5970
6011
5971
6012
5972
6013
5973
6014
5974
6015
5975
6016
5976
6017
5977
6018
5978
6019
5979
6020
5980
6021
5981
6022
5982
6023
5983
6024
5984
6025
5985
6026
5986
6027
5987
6028
5988
6029
5989
6030
5990
6031
5991
6032
5992
6033
5993
6034
5994
6035
5995
6036
5996
6037
5997
6038
5998
6039
5999
6040
6000
6041
6001
6042
6002
6043
6003
6044
6004
6045
6005
6046
6006
6047
6007
6048
6049
6009
6050
6010
6051
6011
6052
6012
6053
6013
6054
6014
6055
6015
6056
6016
6057
6017
6058
6018
6059
6019
6060
6020
6061
6021
6062
6022
6063
6023
6064
6024
6065
6025
6066
6026
6067
6027
6068
6028
6069
6029
6070
6030
6071
6031
6072
6032
6073
6033
6074
6034
6075
6035
6076
6036
6077
6037
6078
6038
6079
6039
6080
6040
6081
6041
6082
6042
6083
6043
6084
6044
6085
6045
6086
6046
6087
6047
6088
6048
6089
6049
6090
6091
6051
6092
6052
6093
6053
6094
6054
6095
6055
6096
6056
6097
6057
6098
6058
6099
6059
6100
6060
6101
6061
6102
6062
6103
6063
6104
6064
6105
6065
6106
6066
6107
6067
6108
6068
6109
6069
6110
6070
6111
6071
6112
6072
6113
6073
6114
6074
6115
6075
6116
6076
6117
6077
6118
6078
6119
6079
6120
6080
6121
6081
6122
6082
6123
6083
6124
6084
6125
6085
6126
6086
6127
6087
6128
6088
6129
6089
6130
6090
6131
6091
6132
6133
6093
6134
6094
6135
6095
6136
6096
6137
6097
6138
6098
6139
6099
6140
6100
6141
6101
6142
6102
6143
6103
6144
6104
6145
6105
6146
6106
6147
6107
6148
6108
6149
6109
6150
6110
6151
6111
6152
6112
6153
6113
6154
6114
6155
6115
6156
6116
6157
6117
6158
6118
6159
6119
6160
6120
6161
6121
6162
6122
6163
6123
6164
6124
6165
6125
6166
6126
6167
6127
6168
6128
6169
6129
6170
6130
6171
6131
6172
6132
6173
6133
6174
6175
6135
6176
6136
6177
6137
6178
6138
6179
6139
6180
6140
6181
6141
6182
6142
6183
6143
6184
6144
6185
6145
6186
6146
6187
6147
6188
6148
6189
6149
6190
6150
6191
6151
6192
6152
6193
6153
6194
6154
6195
6155
6196
6156
6197
6157
6198
6158
6199
6159
6200
6160
6201
6161
6202
6162
6203
6163
6204
6164
6205
6165
6206
6166
6207
6167
6208
6168
6209
6169
6210
6170
6211
6171
6212
6172
6213
6173
6214
6174
6215
6175
6216
6217
6177
6218
6178
6219
6179
6220
6180
6221
6181
6222
6182
6223
6183
6224
6184
6225
6185
6226
6186
6227
6187
6228
6188
6229
6189
6230
6190
6231
6191
6232
6192
6233
6193
6234
6194
6235
6195
6236
6196
6237
6197
6238
6198
6239
6199
6240
6200
6241
6201
6242
6202
6243
6203
6244
6204
6245
6205
6246
6206
6247
6207
6248
6208
6249
6209
6250
6210
6251
6211
6252
6212
6253
6213
6254
6214
6255
6215
6256
6216
6257
6217
6258
6259
6219
6260
6220
6261
6221
6262
6222
6263
6223
6264
6224
6265
6225
6266
6226
6267
6227
6268
6228
6269
6229
6270
6230
6271
6231
6272
6232
6273
6233
6274
6234
6275
6235
6276
6236
6277
6237
6278
6238
6279
6239
6280
6240
6281
6241
6282
6242
6283
6243
6284
6244
6285
6245
6286
6246
6287
6247
6288
6248
6289
6249
6290
6250
6291
6251
6292
6252
6293
6253
6294
6254
6295
6255
6296
6256
6297
6257
6298
6258
6299
6259
6300
6301
6261
6302
6262
6303
6263
6304
6264
6305
6265
6306
6266
6307
6267
6308
6268
6309
6269
6310
6270
6311
6271
6312
6272
6313
6273
6314
6274
6315
6275
6316
6276
6317
6277
6318
6278
6319
6279
6320
6280
6321
6281
6322
6282
6323
6283
6324
6284
6325
6285
6326
6286
6327
6287
6328
6288
6329
6289
6330
6290
6331
6291
6332
6292
6333
6293
6334
6294
6335
6295
6336
6296
6337
6297
6338
6298
6339
6299
6340
6300
6341
6301
6342
6343
6303
6344
6304
6345
6305
6346
6306
6347
6307
6348
6308
6349
6309
6350
6310
6351
6311
6352
6312
6353
6313
6354
6314
6355
6315
6356
6316
6357
6317
6358
6318
6359
6319
6360
6320
6361
6321
6362
6322
6363
6323
6364
6324
6365
6325
6366
6326
6367
6327
6368
6328
6369
6329
6370
6330
6371
6331
6372
6332
6373
6333
6374
6334
6375
6335
6376
6336
6377
6337
6378
6338
6379
6339
6380
6340
6381
6341
6382
6342
6383
6343
6384
6385
6345
6346
6347
6348
6349
6350
6351
6352
6353
6354
6355
6356
6357
6358
6359
6360
6361
6362
6363
6364
6365
6366
6367
6368
6369
6370
6371
6372
6373
6374
6375
6376
6377
6378
6379
6380
6381
6382
6383
6384
6385
)


// ************************************************************************* //
