/*--------------------------------*- C++ -*----------------------------------*\
  =========                 |
  \\      /  F ield         | OpenFOAM: The Open Source CFD Toolbox
   \\    /   O peration     | Website:  https://openfoam.org
    \\  /    A nd           | Version:  7
     \\/     M anipulation  |
\*---------------------------------------------------------------------------*/
FoamFile
{
    version     2.0;
    format      ascii;
    class       volScalarField;
    location    "25";
    object      p;
}
// * * * * * * * * * * * * * * * * * * * * * * * * * * * * * * * * * * * * * //

dimensions      [0 2 -2 0 0 0 0];

internalField   nonuniform List<scalar> 
6386
(
-0.248378
-0.250711
-0.253234
-0.255986
-0.255286
-0.259017
-0.257979
-0.262374
-0.260944
-0.25868
-0.26611
-0.264228
-0.261523
-0.258186
-0.270287
-0.267877
-0.264688
-0.260841
-0.274963
-0.271939
-0.268224
-0.263838
-0.259276
-0.280192
-0.276465
-0.272182
-0.267229
-0.262111
-0.257043
-0.286024
-0.281498
-0.276608
-0.271061
-0.265345
-0.259599
-0.253391
-0.2925
-0.287079
-0.281549
-0.275375
-0.269003
-0.262469
-0.255284
-0.247334
-0.299652
-0.293244
-0.287041
-0.280203
-0.273091
-0.265631
-0.257266
-0.247739
-0.235605
-0.307497
-0.300018
-0.293116
-0.285561
-0.277597
-0.269037
-0.259252
-0.247958
-0.234304
-0.220969
-0.316038
-0.307415
-0.299787
-0.291446
-0.282489
-0.27261
-0.261137
-0.247905
-0.232634
-0.217757
-0.325255
-0.315432
-0.30705
-0.29783
-0.287701
-0.276235
-0.262801
-0.247498
-0.230577
-0.214267
-0.335107
-0.324046
-0.314875
-0.304655
-0.293132
-0.279769
-0.264125
-0.246666
-0.228104
-0.210447
-0.345524
-0.333206
-0.323199
-0.311828
-0.298637
-0.283051
-0.264992
-0.245342
-0.225183
-0.206246
-0.356404
-0.34283
-0.331924
-0.319215
-0.304033
-0.28591
-0.26529
-0.243462
-0.22177
-0.201617
-0.36761
-0.3528
-0.340913
-0.326637
-0.309108
-0.288176
-0.264914
-0.240962
-0.217819
-0.196508
-0.378967
-0.362958
-0.349985
-0.333872
-0.313637
-0.289688
-0.263766
-0.237778
-0.213275
-0.19087
-0.390263
-0.373107
-0.358921
-0.34066
-0.317387
-0.290289
-0.26175
-0.233842
-0.208083
-0.184655
-0.401249
-0.383011
-0.367459
-0.346718
-0.320131
-0.289834
-0.258774
-0.229088
-0.202184
-0.177817
-0.411643
-0.392399
-0.375303
-0.35175
-0.321655
-0.288187
-0.254749
-0.223447
-0.19552
-0.170314
-0.421136
-0.400969
-0.382129
-0.355464
-0.321756
-0.285223
-0.24959
-0.216852
-0.188034
-0.162108
-0.429398
-0.408398
-0.387603
-0.357582
-0.320254
-0.280828
-0.243217
-0.209238
-0.179672
-0.153161
-0.436087
-0.414348
-0.391385
-0.357844
-0.316985
-0.274899
-0.235556
-0.200544
-0.170387
-0.143444
-0.44086
-0.418476
-0.393155
-0.35602
-0.311808
-0.267346
-0.22654
-0.190716
-0.160143
-0.132941
-0.443381
-0.420446
-0.392612
-0.351909
-0.304606
-0.258093
-0.216107
-0.179702
-0.148908
-0.121643
-0.443335
-0.419937
-0.389493
-0.345347
-0.295285
-0.247076
-0.204207
-0.167456
-0.136643
-0.109493
-0.440431
-0.416659
-0.383577
-0.336207
-0.283776
-0.234254
-0.190809
-0.153949
-0.123284
-0.0963051
-0.434416
-0.410358
-0.374691
-0.324399
-0.270038
-0.219603
-0.175899
-0.139175
-0.108782
-0.0817955
-0.425078
-0.400827
-0.362707
-0.309872
-0.254051
-0.203113
-0.159473
-0.123151
-0.0932016
-0.0659858
-0.412256
-0.387916
-0.347544
-0.292611
-0.235824
-0.184792
-0.141537
-0.105896
-0.0766257
-0.0499001
-0.395841
-0.371527
-0.32917
-0.272635
-0.215387
-0.164663
-0.122134
-0.0874868
-0.0589194
-0.0333295
-0.375779
-0.35162
-0.3076
-0.250002
-0.192797
-0.142789
-0.10138
-0.0679008
-0.0402453
-0.0160666
-0.352071
-0.328212
-0.282902
-0.224807
-0.168139
-0.119282
-0.0792725
-0.0471931
-0.0207052
0.00190297
-0.324771
-0.301381
-0.255218
-0.19715
-0.141501
-0.0942026
-0.0558909
-0.0254474
-0.000369569
0.0204951
-0.293989
-0.271271
-0.224761
-0.167086
-0.113001
-0.0676464
-0.0313316
-0.00275331
0.0206916
0.0396008
-0.259896
-0.238099
-0.191638
-0.134745
-0.0827924
-0.0397448
-0.00570872
0.0207939
0.0424048
0.0591356
-0.22272
-0.202144
-0.155508
-0.100661
-0.0510712
-0.0106444
0.020852
0.0450933
0.0646857
0.0789956
-0.182675
-0.163624
-0.116947
-0.0648241
-0.0180311
0.0194939
0.0482267
0.0700504
0.0873819
0.0987952
-0.139971
-0.122185
-0.0770381
-0.0275013
0.016143
0.0505102
0.0763132
0.0955948
0.110215
0.117686
-0.0950062
-0.0787164
-0.0356283
0.0110303
0.0512441
0.0822444
0.105021
0.121656
0.13292
0.135213
-0.048236
-0.0334984
0.00710076
0.0505044
0.0870446
0.114519
0.134202
0.14804
0.15554
0.153405
5.72525e-05
0.0130345
0.0508414
0.0906494
0.123307
0.147131
0.163611
0.174355
0.17808
0.177052
0.0494659
0.0604844
0.0952452
0.131181
0.15979
0.179858
0.192984
0.200431
0.201159
0.200819
0.099561
0.108459
0.139953
0.171805
0.196242
0.212479
0.22215
0.22633
0.224492
0.223285
0.14991
0.156562
0.184604
0.212221
0.23241
0.244766
0.250935
0.251922
0.247657
0.244825
0.20008
0.204389
0.228841
0.25213
0.268038
0.276502
0.279172
0.277033
0.270334
0.265452
0.249635
0.251541
0.27231
0.291234
0.302874
0.307474
0.306683
0.301489
0.292347
0.285217
0.298147
0.29762
0.314666
0.329241
0.33667
0.337472
0.333291
0.325119
0.31355
0.30409
0.345198
0.34224
0.355574
0.365868
0.369186
0.366292
0.358821
0.347768
0.333822
0.322015
0.390381
0.385027
0.39471
0.400841
0.40019
0.393738
0.383104
0.369287
0.353047
0.338921
0.433309
0.425624
0.431766
0.433899
0.429461
0.41962
0.405979
0.38954
0.371113
0.35473
0.473611
0.463694
0.466453
0.464798
0.456789
0.443761
0.427294
0.408398
0.387913
0.369365
0.510943
0.49892
0.498497
0.493306
0.48198
0.465995
0.446907
0.425739
0.403344
0.382754
0.544985
0.531012
0.52765
0.519213
0.504854
0.486167
0.464688
0.441451
0.417313
0.394828
0.575448
0.559705
0.553685
0.542327
0.525247
0.504139
0.480518
0.455432
0.429733
0.405526
0.60207
0.584763
0.576398
0.562477
0.543014
0.519787
0.494293
0.467593
0.440526
0.414793
0.624626
0.60598
0.595615
0.579513
0.558028
0.533003
0.505922
0.477854
0.449626
0.422584
0.642923
0.623181
0.611184
0.593309
0.570182
0.543698
0.515326
0.486149
0.456976
0.42886
0.656803
0.636225
0.622985
0.603762
0.579389
0.551796
0.522445
0.492425
0.462532
0.433588
0.666147
0.645003
0.630924
0.610793
0.585581
0.557242
0.527231
0.496643
0.466264
0.43676
0.670874
0.649441
0.634938
0.614347
0.58871
0.559994
0.52965
0.498776
0.468159
0.43839
0.670941
0.649501
0.634992
0.614395
0.588752
0.56003
0.52968
0.498801
0.468182
0.438425
0.666346
0.645181
0.631085
0.610935
0.585703
0.557345
0.527314
0.496708
0.466315
0.436802
0.657124
0.636513
0.623245
0.60399
0.579583
0.551955
0.52257
0.492516
0.462593
0.43362
0.643353
0.623567
0.611532
0.59361
0.570434
0.5439
0.515478
0.486253
0.457038
0.428882
0.625148
0.606449
0.596035
0.579873
0.558324
0.533235
0.50609
0.477963
0.449684
0.422597
0.602665
0.585298
0.576875
0.562881
0.543341
0.520036
0.494469
0.467702
0.440578
0.414798
0.576094
0.560287
0.554201
0.542761
0.525592
0.504397
0.480696
0.455539
0.42978
0.405524
0.545663
0.531625
0.528192
0.519664
0.505208
0.486428
0.464864
0.441554
0.417358
0.394824
0.511634
0.499546
0.49905
0.493762
0.482335
0.466254
0.44708
0.42584
0.403388
0.382749
0.474297
0.464318
0.467004
0.465251
0.45714
0.444016
0.427463
0.408498
0.387958
0.369362
0.433975
0.426234
0.432306
0.434342
0.429802
0.419868
0.406145
0.389641
0.371161
0.354729
0.391016
0.385612
0.39523
0.401268
0.40052
0.393979
0.383268
0.36939
0.353099
0.338923
0.345791
0.342791
0.356067
0.366275
0.369502
0.366525
0.358983
0.347873
0.333879
0.322021
0.298692
0.298131
0.315128
0.329626
0.336972
0.337697
0.333452
0.325228
0.313613
0.304098
0.250127
0.252008
0.272737
0.291594
0.30316
0.307692
0.306843
0.301603
0.292416
0.285227
0.200517
0.20481
0.229231
0.252465
0.268309
0.276713
0.279331
0.277152
0.270413
0.265462
0.150293
0.156935
0.184957
0.21253
0.232666
0.24497
0.251094
0.252045
0.247748
0.24484
0.0998887
0.108785
0.140269
0.172087
0.196483
0.212676
0.222308
0.226459
0.224602
0.223317
0.0497412
0.0607639
0.0955252
0.131439
0.160015
0.180051
0.193142
0.200565
0.201294
0.200899
0.000283352
0.01327
0.0510866
0.0908831
0.123519
0.147317
0.163771
0.174491
0.178237
0.17725
-0.0480554
-0.0333043
0.00731327
0.0507149
0.087242
0.1147
0.134365
0.148184
0.155716
0.153748
-0.0948667
-0.0785608
-0.0354459
0.0112186
0.0514279
0.0824198
0.105186
0.121809
0.133094
0.135518
-0.139869
-0.122065
-0.076883
-0.0273341
0.0163131
0.0506781
0.0764766
0.0957484
0.110373
0.117909
-0.182605
-0.163537
-0.116817
-0.0646774
-0.0178746
0.0196528
0.048384
0.0701992
0.0875251
0.0989676
-0.222677
-0.202079
-0.155407
-0.100534
-0.050928
-0.0104953
0.0210013
0.0452352
0.0648191
0.0791441
-0.259876
-0.238056
-0.191558
-0.134636
-0.082662
-0.0396056
-0.00556779
0.0209289
0.042531
0.0592694
-0.293989
-0.271248
-0.2247
-0.166991
-0.112882
-0.0675167
-0.0311988
-0.00262495
0.0208114
0.0397227
-0.324787
-0.301373
-0.255173
-0.197069
-0.141394
-0.0940821
-0.0557658
-0.0253255
-0.000255686
0.0206081
-0.352098
-0.328217
-0.28287
-0.224738
-0.168042
-0.11917
-0.0791547
-0.0470773
-0.0205965
0.00200965
-0.375815
-0.351635
-0.307579
-0.249943
-0.19271
-0.142685
-0.101268
-0.0677905
-0.0401409
-0.0159641
-0.395883
-0.371548
-0.329157
-0.272585
-0.215307
-0.164566
-0.122029
-0.0873812
-0.0588187
-0.0332299
-0.4123
-0.38794
-0.347537
-0.292568
-0.235751
-0.184701
-0.141438
-0.105795
-0.076528
-0.0498027
-0.425122
-0.400852
-0.362704
-0.309835
-0.253984
-0.203027
-0.159378
-0.123054
-0.0931064
-0.0658909
-0.434457
-0.410382
-0.374689
-0.324365
-0.269975
-0.219521
-0.175807
-0.139081
-0.108689
-0.0817046
-0.440467
-0.41668
-0.383575
-0.336175
-0.283717
-0.234176
-0.190721
-0.153857
-0.123193
-0.0962165
-0.443365
-0.419953
-0.389489
-0.345316
-0.295228
-0.247001
-0.204122
-0.167366
-0.136554
-0.109406
-0.443404
-0.420455
-0.392604
-0.351877
-0.30455
-0.258019
-0.216023
-0.179613
-0.14882
-0.121557
-0.440874
-0.418478
-0.393142
-0.355986
-0.311752
-0.267274
-0.226457
-0.190629
-0.160056
-0.132856
-0.436092
-0.414342
-0.391367
-0.357808
-0.316928
-0.274827
-0.235474
-0.200458
-0.170301
-0.143359
-0.429393
-0.408383
-0.387577
-0.357541
-0.320196
-0.280755
-0.243135
-0.209152
-0.179586
-0.153077
-0.421121
-0.400945
-0.382096
-0.355419
-0.321696
-0.285149
-0.249508
-0.216767
-0.187948
-0.162024
-0.411619
-0.392366
-0.375262
-0.351699
-0.321591
-0.288112
-0.254666
-0.223361
-0.195434
-0.170231
-0.401215
-0.382969
-0.367411
-0.346661
-0.320064
-0.289757
-0.258691
-0.229001
-0.202098
-0.177733
-0.390219
-0.373057
-0.358865
-0.340598
-0.317316
-0.29021
-0.261666
-0.233754
-0.207996
-0.184571
-0.378914
-0.3629
-0.349922
-0.333804
-0.313562
-0.289606
-0.26368
-0.237689
-0.213187
-0.190785
-0.367549
-0.352734
-0.340843
-0.326563
-0.309029
-0.288092
-0.264826
-0.240872
-0.217729
-0.196422
-0.356336
-0.342758
-0.331849
-0.319135
-0.303949
-0.285822
-0.265198
-0.24337
-0.221679
-0.20153
-0.345449
-0.333128
-0.323118
-0.311743
-0.298549
-0.282959
-0.264898
-0.245248
-0.22509
-0.206158
-0.335027
-0.323963
-0.314789
-0.304566
-0.29304
-0.279674
-0.264028
-0.246569
-0.228009
-0.210356
-0.325169
-0.315345
-0.30696
-0.297737
-0.287606
-0.276137
-0.262701
-0.247398
-0.230478
-0.214173
-0.315947
-0.307324
-0.299693
-0.29135
-0.28239
-0.272508
-0.261033
-0.247801
-0.232533
-0.21766
-0.307403
-0.299924
-0.293019
-0.285462
-0.277495
-0.268932
-0.259145
-0.24785
-0.234199
-0.220868
-0.299554
-0.293147
-0.286942
-0.280101
-0.272986
-0.265523
-0.257155
-0.247627
-0.292399
-0.286979
-0.281447
-0.275271
-0.268896
-0.262358
-0.255169
-0.247217
-0.28592
-0.281395
-0.276505
-0.270955
-0.265236
-0.259485
-0.253273
-0.280086
-0.27636
-0.272076
-0.267121
-0.261999
-0.256926
-0.274855
-0.271834
-0.268118
-0.263729
-0.259162
-0.270178
-0.26777
-0.26458
-0.260731
-0.266001
-0.264121
-0.261415
-0.258075
-0.262265
-0.260837
-0.258572
-0.258909
-0.257874
-0.255881
-0.255183
-0.253132
-0.250612
-0.142864
-0.151058
-0.158693
-0.165794
-0.172383
-0.178486
-0.184128
-0.189332
-0.194123
-0.19852
-0.20255
-0.128531
-0.136384
-0.143792
-0.15078
-0.157368
-0.163579
-0.169435
-0.174956
-0.180168
-0.1851
-0.189794
-0.115706
-0.123177
-0.1303
-0.1371
-0.143602
-0.149828
-0.155803
-0.161556
-0.167118
-0.172529
-0.177832
-0.104294
-0.111398
-0.118238
-0.124837
-0.131216
-0.137396
-0.143401
-0.149254
-0.154979
-0.160601
-0.166134
-0.0941732
-0.100917
-0.10746
-0.113819
-0.120012
-0.126055
-0.131962
-0.137748
-0.143422
-0.148995
-0.154459
-0.0851558
-0.0915343
-0.0977572
-0.103837
-0.109786
-0.115616
-0.121336
-0.126956
-0.132481
-0.137924
-0.143288
-0.077066
-0.083081
-0.088974
-0.0947547
-0.100432
-0.106017
-0.111516
-0.11694
-0.122299
-0.127607
-0.132872
-0.0697971
-0.0754546
-0.081017
-0.0864924
-0.0918884
-0.0972134
-0.102476
-0.107685
-0.112847
-0.117973
-0.123061
-0.0632555
-0.0685654
-0.0738017
-0.0789711
-0.0840798
-0.0891346
-0.0941417
-0.0991077
-0.104036
-0.108934
-0.113799
-0.0573444
-0.0623208
-0.0672399
-0.0721071
-0.0769275
-0.0817063
-0.0864485
-0.0911591
-0.0958421
-0.100504
-0.105147
-0.0519902
-0.056648
-0.0612611
-0.0658339
-0.0703705
-0.0748756
-0.0793537
-0.0838093
-0.0882466
-0.0926707
-0.0970847
-0.0471252
-0.0514813
-0.0558019
-0.0600913
-0.0643532
-0.0685916
-0.0728102
-0.0770128
-0.0812029
-0.085384
-0.0895587
-0.0426974
-0.0467681
-0.0508099
-0.0548278
-0.0588251
-0.0628047
-0.0667696
-0.0707231
-0.0746681
-0.0786077
-0.082545
-0.0386664
-0.0424657
-0.0462422
-0.0500003
-0.053743
-0.0574726
-0.0611917
-0.064903
-0.0686093
-0.0723132
-0.0760176
-0.0349857
-0.0385285
-0.0420537
-0.045565
-0.0490648
-0.052555
-0.0560379
-0.0595158
-0.062991
-0.0664657
-0.0699423
-0.0316139
-0.0349157
-0.0382044
-0.0414824
-0.0447517
-0.0480142
-0.0512716
-0.0545258
-0.0577788
-0.0610325
-0.0642888
-0.0285199
-0.0315955
-0.0346613
-0.0377192
-0.0407707
-0.043817
-0.0468599
-0.0499008
-0.0529416
-0.0559837
-0.0590288
-0.0256768
-0.0285398
-0.0313961
-0.0342466
-0.0370923
-0.0399342
-0.0427737
-0.0456122
-0.048451
-0.0512914
-0.0541347
-0.0230526
-0.0257184
-0.0283792
-0.0310354
-0.0336878
-0.0363373
-0.0389852
-0.0416323
-0.0442799
-0.0469289
-0.0495806
-0.0206224
-0.0231075
-0.0255863
-0.0280606
-0.0305319
-0.033001
-0.0354687
-0.0379357
-0.040403
-0.0428713
-0.0453418
-0.0183826
-0.0206957
-0.0230032
-0.0253069
-0.027608
-0.0299073
-0.0322053
-0.0345025
-0.0367997
-0.0390976
-0.041397
-0.0163143
-0.0184651
-0.0206119
-0.0227556
-0.0248971
-0.0270369
-0.0291754
-0.0313131
-0.0334504
-0.035588
-0.0377263
-0.039866
-0.0143935
-0.016394
-0.0183913
-0.020386
-0.0223787
-0.0243696
-0.0263592
-0.0283476
-0.0303352
-0.0323225
-0.0343099
-0.0362978
-0.0126112
-0.0144721
-0.0163303
-0.0181861
-0.0200399
-0.0218919
-0.0237422
-0.0255911
-0.0274388
-0.0292855
-0.0311316
-0.0329773
-0.0109557
-0.0126869
-0.0144157
-0.0161423
-0.0178668
-0.0195893
-0.0213099
-0.0230286
-0.0247457
-0.0264613
-0.0281756
-0.0298887
-0.00941728
-0.0110283
-0.012637
-0.0142435
-0.0158478
-0.0174499
-0.0190498
-0.0206475
-0.022243
-0.0238365
-0.0254281
-0.0270177
-0.00798793
-0.00948755
-0.0109849
-0.01248
-0.0139728
-0.0154632
-0.016951
-0.0184363
-0.0199191
-0.0213992
-0.0228768
-0.0243518
-0.0066608
-0.00805731
-0.00945162
-0.0108436
-0.0122332
-0.01362
-0.0150041
-0.0163853
-0.0177635
-0.0191386
-0.0205106
-0.0218794
-0.00543033
-0.00673159
-0.00803067
-0.00932743
-0.0106216
-0.0119128
-0.013201
-0.014486
-0.0157676
-0.0170457
-0.0183202
-0.019591
-0.00428965
-0.00550364
-0.00671536
-0.00792455
-0.00913091
-0.0103342
-0.0115341
-0.0127305
-0.0139232
-0.015112
-0.0162968
-0.0174774
-0.00323479
-0.00436948
-0.00550146
-0.0066304
-0.0077562
-0.00887871
-0.00999769
-0.0111129
-0.012224
-0.013331
-0.0144335
-0.0155314
-0.0022674
-0.00332853
-0.00438693
-0.00544225
-0.00649433
-0.00754294
-0.00858782
-0.00962869
-0.0106653
-0.0116974
-0.0127247
-0.0137472
-0.00138299
-0.00237703
-0.00336837
-0.00435664
-0.00534159
-0.00632294
-0.00730039
-0.00827365
-0.00924246
-0.0102065
-0.0111657
-0.0121196
-0.000578341
-0.00151196
-0.00244283
-0.00337058
-0.00429492
-0.00521554
-0.00613213
-0.00704439
-0.00795204
-0.0088548
-0.00975242
-0.0106447
0.000146345
-0.000733152
-0.00160983
-0.00248333
-0.00335334
-0.00421954
-0.00508162
-0.00593926
-0.00679218
-0.0076401
-0.00848276
-0.00931989
0.000791154
-4.03362e-05
-0.000868955
-0.00169435
-0.00251621
-0.0033342
-0.004148
-0.00495732
-0.00576185
-0.00656132
-0.00735546
-0.008144
0.00135527
0.000565758
-0.00022085
-0.00100421
-0.001784
-0.00255989
-0.00333159
-0.00409878
-0.00486118
-0.0056185
-0.00637047
-0.00711685
0.00183659
0.001083
0.000332331
-0.000415075
-0.00115891
-0.00189886
-0.00263463
-0.00336592
-0.00409245
-0.00481395
-0.00553014
-0.00624079
0.00223343
0.00150974
0.000788979
7.14523e-05
-0.000642541
-0.00135271
-0.00205876
-0.00276042
-0.00345741
-0.00414948
-0.00483636
-0.00551783
0.00253873
0.00183869
0.00114157
0.000447674
-0.00024273
-0.000929371
-0.00161199
-0.00229031
-0.00296411
-0.00363313
-0.00429713
-0.00495591
0.00275445
0.00207147
0.00139133
0.000714291
4.06079e-05
-0.000629471
-0.0012957
-0.00195785
-0.00261568
-0.00326897
-0.0039175
-0.00456106
0.00285846
0.00218684
0.0015181
0.000852473
0.000190126
-0.000468751
-0.00112398
-0.00177538
-0.00242277
-0.003066
-0.00370489
-0.00433929
0.145536
0.127315
0.110373
0.0937397
0.076162
0.0583064
0.0408496
0.0238701
0.00732305
-0.00874557
-0.0242861
-0.0392783
-0.0536928
-0.0671987
-0.0803882
-0.0926895
-0.104062
-0.114694
-0.124694
-0.134082
0.136258
0.118603
0.10042
0.084397
0.0684496
0.0521551
0.0362425
0.0209631
0.0061916
-0.00812479
-0.0219361
-0.035163
-0.0477049
-0.0594275
-0.0709877
-0.0820228
-0.0923844
-0.102155
-0.111423
-0.120214
0.125326
0.108822
0.0909296
0.0758787
0.0618336
0.0474909
0.0332864
0.0196646
0.00657923
-0.00608089
-0.0182985
-0.0300081
-0.041174
-0.0518268
-0.0622701
-0.0723737
-0.0819531
-0.0910176
-0.0996406
-0.107865
0.113949
0.0989362
0.0822622
0.0683991
0.0559901
0.0434064
0.0307531
0.0185437
0.00685663
-0.00443151
-0.0153624
-0.0259091
-0.0360448
-0.0457516
-0.0549244
-0.0640138
-0.072815
-0.0812084
-0.0892218
-0.0969078
0.10328
0.0898404
0.0746885
0.0620535
0.0510035
0.0399172
0.0286609
0.0177088
0.00723141
-0.00286448
-0.01265
-0.022115
-0.0312283
-0.0399792
-0.0483799
-0.0567182
-0.0648127
-0.0725727
-0.0800234
-0.087214
0.0936701
0.0816609
0.0680453
0.0566019
0.0467009
0.0368739
0.0268535
0.017028
0.0076081
-0.00145848
-0.0102518
-0.0187814
-0.0270217
-0.0349647
-0.0426387
-0.0503325
-0.0577894
-0.0649598
-0.0718857
-0.0786102
0.0850918
0.0743307
0.0621706
0.0518656
0.0429697
0.0342122
0.0252744
0.0164552
0.00796668
-0.000210671
-0.00815449
-0.0158929
-0.0234206
-0.0307327
-0.037831
-0.0446993
-0.0514992
-0.0581536
-0.0646219
-0.0709182
0.07745
0.0677877
0.0569645
0.0477235
0.0397208
0.0318799
0.0238831
0.0159561
0.00829197
0.000893126
-0.00630594
-0.0133382
-0.0202025
-0.0268884
-0.033388
-0.0396723
-0.0459329
-0.05211
-0.0581444
-0.0640331
0.0706577
0.0619745
0.0523551
0.0440848
0.0368775
0.0298292
0.0226496
0.0155102
0.00857805
0.00186776
-0.00467228
-0.0110737
-0.0173384
-0.0234578
-0.0294285
-0.0352476
-0.0410396
-0.0467602
-0.0523686
-0.0578617
0.0646312
0.0568225
0.0482733
0.0408736
0.0343732
0.0280158
0.0215482
0.0151029
0.00882103
0.00272204
-0.00323392
-0.00907539
-0.014807
-0.0204239
-0.0259257
-0.0313162
-0.0366844
-0.0419826
-0.0471875
-0.0523037
0.0592864
0.0522577
0.0446527
0.0380263
0.0321531
0.0264019
0.0205574
0.0147241
0.00901971
0.00346446
-0.00197228
-0.00731478
-0.0125681
-0.0177284
-0.0227962
-0.027781
-0.0327699
-0.0376868
-0.0425198
-0.0472832
0.054543
0.0482089
0.0414334
0.0354904
0.0301738
0.0249572
0.0196604
0.0143677
0.0091764
0.00410526
-0.000869645
-0.00576906
-0.0105986
-0.0153567
-0.020043
-0.0246617
-0.0292432
-0.0337891
-0.038285
-0.0427285
0.050328
0.044612
0.0385639
0.0332234
0.0284011
0.023658
0.0188454
0.0140319
0.00929777
0.00465972
9.86038e-05
-0.00440339
-0.00885223
-0.0132485
-0.0175905
-0.0218732
-0.0260632
-0.0302585
-0.0344429
-0.038591
0.0465768
0.0414109
0.0360001
0.0311907
0.0268081
0.0224863
0.0181036
0.0137168
0.00939221
0.00514427
0.000958073
-0.00318054
-0.00727596
-0.0113273
-0.015332
-0.0192875
-0.0231875
-0.0270868
-0.0309762
-0.034838
0.0432328
0.0385569
0.0337049
0.0293638
0.0253732
0.0214277
0.0174285
0.0134231
0.0094662
0.0055704
0.00172393
-0.00208458
-0.00585875
-0.00959809
-0.0133013
-0.0169678
-0.0205955
-0.024219
-0.027831
-0.0314209
0.0402471
0.0360081
0.0316465
0.0277191
0.0240786
0.0204704
0.0168143
0.0131506
0.00952465
0.00594696
0.00240826
-0.00110064
-0.00458272
-0.00803767
-0.0114646
-0.0148636
-0.0182347
-0.0216022
-0.024958
-0.0282955
0.0375772
0.0337282
0.029798
0.0262366
0.0229096
0.0196043
0.0162563
0.0128997
0.0095721
0.00628235
0.00302305
-0.0002132
-0.00342882
-0.00662352
-0.00979662
-0.0129485
-0.01608
-0.0192107
-0.0223294
-0.0254321
0.0351865
0.0316862
0.0281361
0.0248993
0.0218536
0.0188212
0.0157505
0.0126705
0.00961251
0.00658401
0.00357909
0.00059183
-0.00237968
-0.00533526
-0.00827457
-0.0111985
-0.0141087
-0.0170223
-0.019922
-0.0228054
0.0330434
0.0298553
0.0266411
0.0236927
0.0208999
0.0181137
0.015293
0.0124625
0.00964845
0.006857
0.00408351
0.00132343
-0.00142437
-0.00415908
-0.00687948
-0.009586
-0.0122827
-0.0149986
-0.0176982
-0.0203806
0.0311205
0.0282126
0.0252957
0.0226044
0.0200393
0.0174758
0.014881
0.0122762
0.00968305
0.0071067
0.00454325
0.00198874
-0.000558326
-0.00309808
-0.00563094
-0.00815609
-0.0106695
-0.0131457
-0.0156337
-0.0181298
0.0293943
0.0267382
0.0240855
0.0216239
0.0192644
0.0169029
0.0145129
0.012113
0.00972104
0.00734153
0.0049714
0.00260767
0.000249584
-0.00210228
-0.00444709
-0.00678363
-0.00911033
-0.011423
-0.0137411
-0.0160633
0.0278445
0.0254151
0.0229977
0.0207418
0.0185684
0.0163904
0.0141866
0.011973
0.0097646
0.00756519
0.00537244
0.00318403
0.000999477
-0.0011807
-0.00335596
-0.00552573
-0.00768934
-0.00984421
-0.012001
-0.0141589
0.026453
0.0242282
0.0220208
0.0199497
0.017945
0.0159338
0.0138994
0.0118553
0.0098143
0.00777952
0.00574914
0.0037214
0.00169597
-0.000326639
-0.00234588
-0.00436126
-0.00637225
-0.00837756
-0.0103836
-0.0123897
0.0252039
0.023164
0.0211444
0.0192396
0.0173879
0.0155286
0.0136484
0.0117588
0.00987058
0.00798636
0.00610477
0.00422448
0.00234533
0.000467828
-0.00140749
-0.00328016
-0.00514979
-0.00701563
-0.00888181
-0.0107475
0.0240833
0.0222106
0.0203594
0.0186043
0.0168916
0.0151707
0.013431
0.0116823
0.00993359
0.00818715
0.00644198
0.00469708
0.00295242
0.00120852
-0.000534099
-0.00227499
-0.0040138
-0.00574999
-0.00748634
-0.00922196
0.0230786
0.0213572
0.0196571
0.0180372
0.016451
0.0148563
0.0132446
0.0116244
0.0100032
0.00838287
0.00676281
0.00514225
0.00352126
0.00190038
0.000280115
-0.00133908
-0.00295686
-0.00457282
-0.00618886
-0.00780399
0.0221786
0.0205943
0.01903
0.0175322
0.016061
0.0145814
0.0130866
0.0115836
0.0100789
0.00857407
0.00706872
0.00556233
0.00405504
0.00254739
0.00103989
-0.000467014
-0.00197297
-0.00347764
-0.00498243
-0.00648612
0.0213733
0.0199132
0.0184711
0.0170838
0.0157172
0.0143425
0.0129542
0.0115583
0.01016
0.00876087
0.00736066
0.00595903
0.0045562
0.00315268
0.00174898
0.000345564
-0.00105723
-0.00245912
-0.00386131
-0.00526209
0.0206538
0.019306
0.017974
0.0166866
0.0154152
0.0141361
0.0128449
0.0115466
0.0102455
0.00894306
0.00763914
0.00633357
0.00502661
0.00371878
0.00241057
0.00110244
-0.000205304
-0.0015125
-0.00282064
-0.00412677
0.020012
0.0187658
0.0175329
0.0163358
0.0151509
0.0139588
0.0127559
0.0115465
0.010334
0.00911981
0.00790388
0.00668618
0.00546703
0.00424695
0.00302648
0.00180611
0.000586176
-0.000633283
-0.00185439
-0.00307334
0.0194409
0.0182864
0.0171424
0.0160269
0.0149205
0.0138073
0.0126847
0.0115559
0.010424
0.00929
0.00815406
0.0070162
0.00587672
0.00473606
0.0035947
0.00245305
0.00131174
0.000171816
-0.000962819
-0.00209855
0.0189341
0.0178621
0.016798
0.0157562
0.0147207
0.0136792
0.0126293
0.0115737
0.010515
0.00945409
0.0083912
0.00732645
0.00626018
0.00519288
0.00412506
0.00305719
0.00198981
0.000923493
-0.000140546
-0.00120434
0.0184863
0.0174882
0.0164955
0.0155197
0.0145483
0.0135714
0.0125871
0.0115976
0.0106051
0.00961025
0.00861345
0.00761485
0.00661481
0.00561379
0.00461227
0.00361068
0.00260951
0.00160925
0.00061076
-0.000386797
0.0180926
0.0171601
0.016231
0.0153142
0.0144002
0.0134812
0.0125557
0.0116255
0.0106924
0.00975696
0.00881961
0.00788056
0.00694018
0.0059989
0.00505719
0.00411548
0.00317423
0.00223389
0.0012951
0.000357551
0.0177487
0.0168742
0.0160011
0.0151366
0.0142736
0.013406
0.0125328
0.0116554
0.0107751
0.0098927
0.00900841
0.00812255
0.00723548
0.00634763
0.00545944
0.00457133
0.00368374
0.00279711
0.00191194
0.00102822
0.0174513
0.0166272
0.0158029
0.0149842
0.0141659
0.0133435
0.0125163
0.0116853
0.0108516
0.0100158
0.00917839
0.00833951
0.00749958
0.006659
0.0058182
0.00497758
0.00413756
0.00329856
0.00246104
0.0016251
0.0171977
0.0164166
0.015634
0.0148547
0.0140749
0.0132915
0.012504
0.0117131
0.0109198
0.0101246
0.00932789
0.0085299
0.00773103
0.00693167
0.00613222
0.00533307
0.00453462
0.00373727
0.00294144
0.00214731
0.0169859
0.0162404
0.0154926
0.0147461
0.0139987
0.0132482
0.0124941
0.0117371
0.010978
0.0102171
0.00945496
0.00869175
0.00792786
0.00716365
0.0063995
0.00563579
0.0048729
0.00411119
0.00335106
0.00259274
0.0168147
0.0160974
0.0153772
0.0146571
0.0139358
0.0132117
0.0124848
0.0117554
0.0110242
0.0102915
0.00955775
0.00882322
0.00808823
0.00735313
0.00661828
0.00588401
0.00515068
0.00441864
0.00368823
0.00295971
0.0166836
0.0159869
0.015287
0.0145864
0.0138845
0.0131803
0.0124739
0.0117654
0.0110555
0.0103444
0.00963253
0.00892017
0.00820761
0.00749518
0.00678321
0.00607201
0.00536191
0.00465323
0.00394632
0.00324139
0.0165937
0.0159095
0.0152223
0.0145342
0.0138451
0.0131544
0.0124619
0.011768
0.011073
0.0103772
0.00968104
0.00898466
0.00828836
0.00759241
0.00689711
0.00620274
0.00550957
0.00481788
0.00412795
0.00344004
0.0165466
0.0158659
0.0151821
0.0144975
0.0138123
0.013126
0.0124387
0.0117506
0.0110621
0.0103734
0.00968475
0.0089965
0.00830886
0.00762206
0.00693636
0.006252
0.00556922
0.00488827
0.0042094
0.00353274
0.147741
0.149243
0.152005
0.155906
0.160731
0.166431
0.172801
0.17979
0.187143
0.194783
0.20234
0.20969
0.21627
0.221925
0.225775
0.22775
0.226386
0.222012
0.211747
0.19695
0.170039
0.146682
0.14812
0.150755
0.154467
0.159037
0.164398
0.170338
0.176787
0.183474
0.1903
0.196876
0.203058
0.20827
0.212339
0.214411
0.214375
0.210918
0.204178
0.192118
0.175587
0.153497
0.14552
0.146884
0.149377
0.152876
0.157156
0.162141
0.167607
0.17347
0.179443
0.185413
0.190979
0.195986
0.199866
0.202448
0.202936
0.201223
0.196239
0.188095
0.175688
0.15975
0.140618
0.144248
0.145533
0.147871
0.151141
0.155115
0.159702
0.164672
0.169925
0.175168
0.180269
0.184831
0.188686
0.191299
0.192491
0.191582
0.18845
0.182345
0.17333
0.160973
0.145652
0.127909
0.142863
0.144062
0.146239
0.149267
0.15292
0.157095
0.161555
0.166187
0.170696
0.174934
0.178518
0.181267
0.182702
0.182631
0.180517
0.176221
0.169285
0.159719
0.147436
0.132643
0.11595
0.141361
0.142471
0.144477
0.147253
0.150573
0.154321
0.158262
0.162264
0.166042
0.169431
0.172075
0.173779
0.174135
0.172944
0.16981
0.164592
0.157047
0.147168
0.135034
0.12086
0.105249
0.139739
0.140754
0.142583
0.145096
0.148073
0.151384
0.154798
0.15817
0.161226
0.163788
0.165537
0.166269
0.16565
0.163486
0.159505
0.15358
0.145615
0.135622
0.123772
0.110308
0.0957733
0.137993
0.138911
0.140556
0.142798
0.145423
0.14829
0.151175
0.153921
0.156272
0.15804
0.158947
0.158788
0.157303
0.154311
0.149641
0.143197
0.134979
0.125035
0.113581
0.10086
0.0873461
0.136123
0.136939
0.138395
0.14036
0.142628
0.145047
0.147406
0.149537
0.151206
0.152222
0.152347
0.151386
0.149142
0.145462
0.14025
0.133449
0.125124
0.115349
0.104362
0.092381
0.0798292
0.134126
0.134838
0.136102
0.137785
0.139692
0.141666
0.143506
0.145039
0.146057
0.146369
0.145778
0.144106
0.141211
0.136972
0.131353
0.124332
0.116016
0.106497
0.0960189
0.084768
0.0731241
0.132003
0.132608
0.133677
0.135077
0.136624
0.138157
0.139491
0.140451
0.140852
0.140514
0.139277
0.136985
0.133544
0.128865
0.122958
0.11583
0.107617
0.0984166
0.0884703
0.0779331
0.0671447
0.129753
0.130252
0.131125
0.132241
0.133432
0.134534
0.135378
0.135793
0.135619
0.13469
0.132878
0.130056
0.126167
0.121155
0.115064
0.107925
0.0998854
0.091048
0.0816431
0.0717966
0.0618102
0.12738
0.127771
0.128448
0.129285
0.130126
0.130811
0.131186
0.13109
0.130385
0.128924
0.126611
0.123344
0.1191
0.113851
0.107665
0.100589
0.0927796
0.0843337
0.075469
0.0662845
0.0570461
0.124885
0.125169
0.125654
0.126216
0.126717
0.127002
0.126934
0.126364
0.125177
0.123246
0.120502
0.116871
0.112357
0.106955
0.100748
0.0937971
0.0862568
0.078219
0.0698849
0.0613295
0.0527861
0.122273
0.122453
0.122747
0.123043
0.123218
0.123124
0.122642
0.121638
0.120017
0.117677
0.114573
0.110654
0.105945
0.100461
0.094297
0.0875179
0.0802751
0.0726521
0.0648327
0.0568713
0.048972
0.119549
0.119627
0.119738
0.119778
0.119641
0.119192
0.118328
0.116932
0.11493
0.112241
0.108841
0.104704
0.099868
0.0943642
0.0882923
0.081721
0.0747934
0.0675845
0.0602599
0.0528565
0.0455525
0.116719
0.1167
0.116634
0.116432
0.116002
0.115224
0.114012
0.112267
0.109934
0.106954
0.103321
0.099027
0.0941238
0.0886518
0.0827127
0.0763752
0.0697729
0.0629714
0.0561188
0.0492377
0.042483
0.113793
0.113681
0.113447
0.113018
0.112315
0.111237
0.109712
0.107662
0.105049
0.101832
0.0980231
0.0936282
0.0887081
0.0833105
0.0775356
0.07145
0.0651764
0.0587715
0.0523668
0.0459728
0.0397243
0.110779
0.11058
0.110188
0.109548
0.108596
0.107247
0.105447
0.103135
0.100289
0.0968879
0.0929541
0.0885075
0.0836138
0.0783252
0.0727381
0.0669157
0.0609693
0.0549472
0.0489656
0.0430249
0.0372426
0.107687
0.107408
0.106871
0.106037
0.10486
0.103271
0.101233
0.0987004
0.0956685
0.0921302
0.0881183
0.0836626
0.0788315
0.0736792
0.0682971
0.0627438
0.0571194
0.0514644
0.0458807
0.0403614
0.0350082
0.104531
0.104179
0.103508
0.1025
0.101123
0.099326
0.0970849
0.0943738
0.0911986
0.0875664
0.0835176
0.0790892
0.0743504
0.0693556
0.06419
0.0589074
0.0535969
0.0482921
0.0430818
0.0379534
0.0329952
0.101323
0.100904
0.100115
0.0989527
0.0974007
0.0954264
0.0930188
0.0901671
0.0868887
0.0832014
0.0791516
0.0747812
0.0701586
0.065337
0.060395
0.0553811
0.0503744
0.0454021
0.0405414
0.0357756
0.0311812
0.0980772
0.0976005
0.0967068
0.09541
0.0937093
0.0915878
0.0890477
0.0860916
0.0827462
0.0790383
0.0750183
0.0707313
0.0662436
0.0616063
0.0568911
0.0521415
0.0474269
0.0427692
0.0382353
0.0338056
0.0295462
0.0948094
0.0942824
0.0932988
0.0918881
0.0900639
0.0878246
0.0851841
0.0821566
0.0787768
0.0750784
0.0711144
0.0669314
0.0625927
0.0581468
0.0536587
0.0491666
0.0447315
0.0403707
0.0361417
0.0320234
0.0280727
0.0915356
0.0909661
0.0899074
0.0884029
0.0864798
0.0841503
0.0814391
0.0783704
0.074985
0.0713221
0.0674356
0.0633727
0.0591933
0.0549426
0.0506791
0.0464364
0.0422676
0.0381861
0.0342413
0.0304113
0.026745
0.0882729
0.0876687
0.0865491
0.0849703
0.0829715
0.0805779
0.0778232
0.0747401
0.0713741
0.0677684
0.0639769
0.0600464
0.0560329
0.0519785
0.0479351
0.0439325
0.0400163
0.036197
0.0325168
0.0289535
0.0255493
0.0850388
0.0844075
0.0832409
0.0816061
0.0795536
0.0771195
0.0743457
0.0712717
0.0679465
0.0644158
0.060733
0.0569437
0.0530999
0.0492403
0.045411
0.041638
0.0379607
0.0343869
0.0309526
0.027636
0.0244732
0.0818515
0.0812002
0.0799995
0.078326
0.0762398
0.0737868
0.0710153
0.0679704
0.0647038
0.0612624
0.0576986
0.0540561
0.050383
0.0467148
0.0430922
0.0395379
0.0360856
0.0327412
0.029535
0.0264464
0.0235057
0.0787296
0.0780648
0.076842
0.0751457
0.0730438
0.0705906
0.0678399
0.0648411
0.0616472
0.0583061
0.0548682
0.0513754
0.0478719
0.04439
0.0409656
0.0376185
0.0343774
0.0312467
0.0282517
0.0253733
0.022637
0.0756919
0.0750196
0.0737856
0.0720804
0.0699788
0.0675416
0.0648271
0.0618879
0.0587779
0.0555448
0.052237
0.0488943
0.0455572
0.042255
0.0390195
0.0358677
0.032824
0.0298918
0.027092
0.0244071
0.0218582
0.0727574
0.072083
0.0708473
0.0691455
0.0670577
0.06465
0.0619842
0.0591152
0.0560969
0.0529766
0.0498004
0.0466061
0.0434305
0.0403003
0.0372434
0.0342747
0.0314149
0.0286663
0.0260462
0.0235389
0.0211617
0.0699456
0.0692735
0.0680443
0.0663563
0.0642934
0.061926
0.0593183
0.056527
0.0536055
0.0506001
0.0475548
0.044505
0.0414845
0.0385174
0.0356284
0.0328303
0.0301407
0.0275612
0.0251061
0.0227612
0.0205406
0.0672759
0.06661
0.0653938
0.0637278
0.0616986
0.0593795
0.0568368
0.0541278
0.0513054
0.0484146
0.0454971
0.0425864
0.0397131
0.0368994
0.0341667
0.0315265
0.0289935
0.026569
0.0242644
0.0220674
0.0199889
0.0647682
0.0641114
0.0629133
0.0612755
0.0592863
0.0570211
0.0545473
0.0519226
0.049199
0.0464202
0.0436256
0.0408467
0.0381116
0.0354404
0.0328521
0.0303568
0.0279668
0.0256833
0.0235151
0.0214518
0.0195016
0.0624428
0.061797
0.0606206
0.0590151
0.0570698
0.0548616
0.0524581
0.0499171
0.0472896
0.0446179
0.0419394
0.0392837
0.0366764
0.0341362
0.0316797
0.0293159
0.0270553
0.0248987
0.0228531
0.0209096
0.0190742
0.0603203
0.0596869
0.0585341
0.0569631
0.0550634
0.0529125
0.0505782
0.048118
0.0455817
0.0430103
0.0404393
0.0378966
0.0354058
0.032984
0.030646
0.0284002
0.026255
0.0242113
0.0222745
0.0204371
0.0187032
0.0584224
0.0578017
0.0566729
0.0551366
0.0532819
0.0511865
0.0489179
0.0465333
0.0440811
0.0416013
0.0391276
0.0366862
0.0342993
0.0319826
0.0297494
0.0276072
0.0255632
0.0236183
0.0217765
0.0200315
0.0183858
0.0567716
0.0561632
0.0550576
0.0535543
0.0517419
0.0496978
0.0474892
0.0451726
0.0427955
0.0403966
0.0380082
0.0356553
0.0333586
0.0311326
0.0289895
0.0269362
0.0249789
0.0231183
0.0213573
0.0196909
0.0181202
0.0553922
0.0547949
0.0537102
0.0522365
0.0504616
0.0484625
0.046306
0.0440477
0.0417346
0.0394043
0.0370877
0.0348089
0.0325872
0.0304367
0.0283683
0.0263884
0.0245024
0.0227111
0.0210166
0.0194146
0.0179053
0.0543103
0.0537223
0.052655
0.0512058
0.0494617
0.0474992
0.0453846
0.0431732
0.040911
0.0386348
0.0363749
0.0341543
0.0319915
0.0298998
0.0278895
0.0259667
0.0241361
0.0223985
0.0207554
0.0192032
0.0177412
0.0535551
0.0529738
0.0519191
0.0504876
0.0487658
0.0468297
0.044745
0.0425667
0.0403403
0.0381023
0.035882
0.033702
0.0315802
0.0295295
0.0275597
0.0256765
0.0238842
0.0221839
0.0205763
0.0190586
0.0176293
0.0531591
0.0525812
0.0515332
0.0501114
0.0484016
0.0464796
0.0444108
0.04225
0.0400425
0.0378246
0.0356251
0.0334664
0.0313662
0.0293369
0.0273882
0.0255257
0.0237535
0.0220726
0.0204837
0.0189841
0.017572
0.154432
0.156077
0.159163
0.163588
0.169189
0.17595
0.183697
0.192574
0.20249
0.213541
0.225668
0.238979
0.253419
0.269106
0.285966
0.304123
0.323439
0.344066
0.365708
0.388587
0.412039
0.1544
0.156041
0.159106
0.163477
0.168965
0.175661
0.183408
0.192254
0.202134
0.213149
0.225238
0.238513
0.252915
0.268562
0.285371
0.303467
0.322695
0.343201
0.364669
0.387375
0.410661
0.154333
0.155968
0.159022
0.163392
0.168921
0.175617
0.183313
0.192123
0.201962
0.212929
0.224957
0.238157
0.252462
0.267992
0.284654
0.302574
0.321583
0.341839
0.363002
0.385357
0.408147
0.154235
0.155866
0.158918
0.163288
0.168802
0.175484
0.183168
0.191958
0.201766
0.212689
0.224653
0.23777
0.251962
0.267346
0.283811
0.301486
0.320174
0.34004
0.360697
0.382455
0.404434
0.154104
0.155733
0.15878
0.163143
0.168644
0.175305
0.182963
0.191721
0.201483
0.212344
0.224223
0.237228
0.251267
0.266457
0.282663
0.300013
0.318275
0.337621
0.357602
0.378568
0.399481
0.153942
0.155567
0.158607
0.162962
0.168438
0.175081
0.182709
0.191425
0.201128
0.211911
0.223681
0.236546
0.250394
0.26534
0.281221
0.298165
0.315895
0.334595
0.353736
0.373721
0.393312
0.153747
0.155368
0.1584
0.162749
0.168233
0.174813
0.182407
0.191073
0.200705
0.211395
0.223036
0.235734
0.249353
0.264009
0.279502
0.295962
0.313057
0.330986
0.349122
0.367937
0.385949
0.153521
0.155137
0.15816
0.162499
0.167949
0.174502
0.182056
0.190665
0.200216
0.210798
0.22229
0.234792
0.248148
0.262467
0.277509
0.293409
0.309767
0.326803
0.343775
0.361236
0.377417
0.153263
0.154874
0.157887
0.162214
0.16764
0.174153
0.181659
0.190202
0.199661
0.21012
0.221443
0.233725
0.24678
0.260717
0.275249
0.290513
0.306035
0.32206
0.337709
0.353638
0.367746
0.152975
0.15458
0.157581
0.161892
0.167293
0.173763
0.181216
0.189686
0.199043
0.209365
0.220498
0.232534
0.245255
0.258765
0.272728
0.287284
0.301873
0.316771
0.330943
0.345171
0.356975
0.152657
0.154256
0.157248
0.1615
0.166903
0.173334
0.180729
0.189118
0.198362
0.208533
0.21946
0.231223
0.243577
0.256617
0.269953
0.283729
0.29729
0.310951
0.323499
0.335865
0.345145
0.152308
0.153901
0.15689
0.161194
0.166475
0.172866
0.180198
0.1885
0.197622
0.207628
0.218329
0.229796
0.24175
0.254278
0.266931
0.279859
0.292301
0.304619
0.315398
0.325752
0.332305
0.151931
0.153518
0.156494
0.160741
0.166014
0.172363
0.179627
0.187833
0.196824
0.206652
0.21711
0.228257
0.239779
0.251754
0.263671
0.275684
0.286917
0.297791
0.306664
0.314868
0.318504
0.151525
0.153108
0.156056
0.160285
0.165526
0.171824
0.179015
0.18712
0.19597
0.205608
0.215806
0.22661
0.23767
0.249052
0.26018
0.271213
0.281154
0.290489
0.297324
0.303254
0.303799
0.151091
0.152671
0.155632
0.1598
0.165006
0.17125
0.178364
0.186362
0.195064
0.204499
0.214421
0.224859
0.235428
0.246177
0.256468
0.266459
0.275025
0.28273
0.287403
0.290949
0.28824
0.15063
0.152205
0.155141
0.159285
0.164455
0.170643
0.177676
0.185561
0.194105
0.203327
0.212956
0.223007
0.233057
0.243136
0.252542
0.26143
0.268547
0.274537
0.27693
0.277998
0.271873
0.150143
0.151711
0.154626
0.158745
0.163875
0.170003
0.176951
0.184716
0.193094
0.20209
0.211411
0.221052
0.230556
0.239928
0.248406
0.256132
0.261735
0.26593
0.265938
0.264446
0.25473
0.14963
0.151202
0.154089
0.158183
0.163273
0.169341
0.176202
0.183844
0.192051
0.200811
0.209811
0.219024
0.227955
0.236585
0.244091
0.250599
0.254624
0.256944
0.254473
0.25036
0.236829
0.149091
0.150657
0.153533
0.157604
0.16266
0.168673
0.175452
0.182978
0.191017
0.199543
0.208218
0.216992
0.225329
0.233182
0.239665
0.244882
0.247243
0.247584
0.242512
0.23572
0.21804
0.148528
0.150078
0.152929
0.156959
0.161959
0.167893
0.174563
0.181938
0.189773
0.198022
0.206326
0.214606
0.222294
0.229305
0.234705
0.238556
0.239214
0.237524
0.229901
0.220194
0.197751
0.148535
0.150079
0.15294
0.156989
0.162011
0.167965
0.174654
0.182042
0.189883
0.198127
0.206408
0.214648
0.222275
0.229206
0.234507
0.238254
0.238788
0.236971
0.229237
0.219461
0.197213
0.149104
0.150688
0.153617
0.157763
0.162911
0.169026
0.175911
0.18354
0.191673
0.200277
0.208999
0.217786
0.226085
0.233854
0.240184
0.245212
0.247316
0.247412
0.242103
0.23523
0.217686
0.149645
0.151254
0.154219
0.158417
0.163632
0.169833
0.176829
0.184601
0.192923
0.201775
0.21083
0.220057
0.228946
0.23748
0.244822
0.25112
0.254887
0.256942
0.254252
0.249999
0.236601
0.150157
0.151763
0.154754
0.158977
0.164229
0.170486
0.177565
0.185458
0.19395
0.20304
0.212424
0.222091
0.231569
0.240867
0.249211
0.256752
0.262131
0.266071
0.265878
0.264203
0.254586
0.150643
0.152256
0.155268
0.159513
0.164804
0.171121
0.178287
0.186302
0.194966
0.204291
0.213994
0.224085
0.234129
0.244154
0.253449
0.26217
0.269085
0.274823
0.277016
0.277869
0.271791
0.151103
0.152723
0.15577
0.160031
0.165359
0.171735
0.178985
0.187119
0.195947
0.205493
0.2155
0.22599
0.236568
0.247278
0.257477
0.267315
0.275695
0.283152
0.287622
0.290929
0.288207
0.151537
0.153159
0.156178
0.160521
0.165884
0.172315
0.179645
0.18789
0.196872
0.206628
0.21692
0.227787
0.238871
0.250227
0.261282
0.272177
0.281945
0.291038
0.297665
0.303334
0.303808
0.151943
0.15357
0.156625
0.160979
0.166376
0.172859
0.180265
0.188615
0.197742
0.207695
0.218256
0.229477
0.241036
0.253
0.264859
0.276748
0.287823
0.298462
0.307119
0.315044
0.318551
0.15232
0.153954
0.157024
0.161418
0.166838
0.173368
0.180844
0.189292
0.198556
0.208693
0.219505
0.231056
0.243059
0.255589
0.2682
0.281018
0.293312
0.305402
0.315957
0.326015
0.332385
0.152668
0.154309
0.157385
0.161763
0.167268
0.17384
0.181382
0.18992
0.199311
0.209618
0.220664
0.23252
0.244934
0.257989
0.271296
0.284975
0.298399
0.311839
0.324155
0.336209
0.345256
0.152986
0.154634
0.157719
0.162134
0.167661
0.174274
0.181875
0.190498
0.200005
0.210468
0.221728
0.233864
0.246657
0.260193
0.27414
0.288611
0.303071
0.317754
0.331689
0.345591
0.357115
0.153274
0.154929
0.158025
0.162459
0.168013
0.174667
0.182324
0.191023
0.200636
0.211241
0.222696
0.235086
0.248223
0.262196
0.276723
0.291914
0.307315
0.323131
0.338536
0.354126
0.367913
0.153532
0.155192
0.158298
0.162747
0.168326
0.175021
0.182727
0.191493
0.201202
0.211934
0.223564
0.236182
0.249627
0.263991
0.279039
0.294876
0.31112
0.327954
0.344676
0.361787
0.37761
0.153758
0.155424
0.158539
0.163
0.1686
0.175333
0.183082
0.191909
0.201701
0.212545
0.22433
0.237149
0.250865
0.265575
0.281082
0.297489
0.314476
0.332208
0.35009
0.368546
0.386167
0.153953
0.155623
0.158747
0.163217
0.168846
0.175604
0.183389
0.192267
0.202133
0.213073
0.224991
0.237983
0.251934
0.266943
0.282845
0.299745
0.317373
0.335881
0.354763
0.374382
0.393556
0.154116
0.15579
0.158921
0.163396
0.169013
0.175832
0.183647
0.192568
0.202495
0.213516
0.225546
0.238684
0.252832
0.268091
0.284325
0.301638
0.319803
0.338962
0.358682
0.379276
0.399752
0.154246
0.155924
0.15906
0.163541
0.16919
0.176015
0.183854
0.192808
0.202783
0.213869
0.225987
0.239241
0.253546
0.269006
0.285505
0.303151
0.321747
0.341431
0.361825
0.383207
0.404729
0.154345
0.156026
0.159167
0.163649
0.169307
0.176146
0.184004
0.192983
0.202993
0.214127
0.226312
0.239652
0.254076
0.269687
0.286386
0.304282
0.323202
0.343278
0.364176
0.386152
0.408466
0.154411
0.156098
0.159248
0.163737
0.169376
0.176244
0.184135
0.193145
0.203195
0.214376
0.226622
0.240037
0.254555
0.270282
0.287128
0.305199
0.324333
0.344657
0.365859
0.388191
0.41099
0.154443
0.15613
0.159289
0.163804
0.169506
0.176366
0.184267
0.193298
0.203371
0.214579
0.226856
0.240307
0.254869
0.27065
0.287566
0.305727
0.324982
0.345462
0.366848
0.389357
0.412343
0.053149
0.0525711
0.051523
0.050101
0.048391
0.0464687
0.0443997
0.0422387
0.040031
0.0378129
0.0356132
0.0334544
0.031354
0.0293246
0.0273758
0.0255132
0.023741
0.0220601
0.0204711
0.0189715
0.0175594
0.0535451
0.0529637
0.0519089
0.0504773
0.0487552
0.0468189
0.0447339
0.0425554
0.0403288
0.0380906
0.0358701
0.0336899
0.031568
0.0295172
0.0275472
0.0256639
0.0238716
0.0221712
0.0205636
0.0190459
0.0176166
0.0543004
0.0537123
0.0526449
0.0511955
0.0494512
0.0474885
0.0453736
0.043162
0.0408995
0.0386231
0.036363
0.0341422
0.0319792
0.0298874
0.027877
0.0259541
0.0241234
0.0223857
0.0207425
0.0191903
0.0177283
0.0553824
0.054785
0.0537002
0.0522263
0.0504512
0.0484519
0.046295
0.0440366
0.0417232
0.0393926
0.0370757
0.0347967
0.0325749
0.0304242
0.0283556
0.0263756
0.0244895
0.0226981
0.0210035
0.0194015
0.0178921
0.056762
0.0561535
0.0550477
0.0535443
0.0517316
0.0496873
0.0474784
0.0451615
0.0427841
0.040385
0.0379963
0.0356432
0.0333461
0.03112
0.0289767
0.0269233
0.0249657
0.023105
0.0213439
0.0196774
0.0181066
0.058413
0.0577922
0.0566632
0.0551267
0.0532718
0.0511761
0.0489072
0.0465222
0.0440698
0.0415897
0.0391156
0.036674
0.0342868
0.0319699
0.0297364
0.027594
0.0255499
0.0236048
0.0217628
0.0200177
0.0183719
0.0603111
0.0596776
0.0585246
0.0569534
0.0550534
0.0529022
0.0505676
0.0481071
0.0455704
0.0429988
0.0404274
0.0378843
0.0353932
0.0329711
0.0306329
0.0283868
0.0262414
0.0241975
0.0222605
0.0204229
0.0186888
0.0624339
0.061788
0.0606114
0.0590057
0.0570601
0.0548515
0.0524477
0.0499064
0.0472785
0.0446064
0.0419276
0.0392714
0.0366638
0.0341233
0.0316664
0.0293024
0.0270415
0.0248846
0.0228388
0.020895
0.0190594
0.0647596
0.0641027
0.0629044
0.0612664
0.0592768
0.0570113
0.0545371
0.051912
0.049188
0.0464088
0.0436138
0.0408345
0.038099
0.0354274
0.0328387
0.0303431
0.0279528
0.0256689
0.0235005
0.0214368
0.0194864
0.0672676
0.0666016
0.0653853
0.063719
0.0616894
0.05937
0.0568269
0.0541174
0.0512945
0.0484033
0.0454854
0.0425742
0.0397005
0.0368864
0.0341533
0.0315127
0.0289793
0.0265545
0.0242495
0.0220521
0.0199733
0.0699377
0.0692656
0.0680361
0.0663478
0.0642845
0.0619167
0.0593086
0.0565168
0.0535948
0.050589
0.0475432
0.0444929
0.041472
0.0385045
0.0356149
0.0328164
0.0301264
0.0275465
0.025091
0.0227457
0.0205246
0.07275
0.0720754
0.0708395
0.0691374
0.0670492
0.0646411
0.0619748
0.0591053
0.0560865
0.0529657
0.049789
0.0465942
0.0434181
0.0402874
0.03723
0.0342608
0.0314005
0.0286514
0.0260309
0.0235232
0.0211454
0.0756849
0.0750125
0.0737782
0.0720727
0.0699707
0.067533
0.064818
0.0618783
0.0587678
0.0555342
0.0522258
0.0488826
0.045545
0.0422423
0.0390062
0.0358539
0.0328097
0.0298769
0.0270766
0.0243912
0.0218418
0.0787231
0.0780581
0.0768351
0.0751383
0.0730361
0.0705823
0.0678311
0.0648318
0.0616374
0.0582957
0.0548573
0.0513639
0.0478599
0.0443774
0.0409525
0.0376048
0.0343632
0.0312319
0.0282364
0.0253574
0.0226205
0.0818455
0.081194
0.079993
0.0783191
0.0762325
0.0737789
0.0710069
0.0679615
0.0646942
0.0612523
0.0576879
0.0540449
0.0503713
0.0467025
0.0430793
0.0395245
0.0360716
0.0327266
0.0295198
0.0264306
0.0234894
0.0850332
0.0844018
0.0832349
0.0815997
0.0795466
0.0771121
0.0743377
0.071263
0.0679373
0.064406
0.0607227
0.0569328
0.0530885
0.0492283
0.0453984
0.0416249
0.037947
0.0343726
0.0309377
0.0276205
0.0244571
0.0882679
0.0876636
0.0865436
0.0849643
0.0829651
0.0805709
0.0778156
0.0747318
0.0713653
0.0677589
0.0639669
0.0600358
0.0560218
0.0519668
0.0479229
0.0439197
0.040003
0.0361831
0.0325023
0.0289384
0.0255336
0.0915312
0.0909615
0.0899024
0.0883975
0.0864738
0.0841437
0.0814319
0.0783625
0.0749765
0.0713129
0.0674259
0.0633624
0.0591825
0.0549313
0.0506673
0.0464241
0.0422548
0.0381727
0.0342274
0.0303967
0.0267298
0.0948056
0.0942783
0.0932944
0.0918832
0.0900584
0.0878184
0.0851772
0.0821491
0.0787686
0.0750696
0.0711051
0.0669215
0.0625823
0.058136
0.0536473
0.0491548
0.0447193
0.0403579
0.0361285
0.0320095
0.0280583
0.098074
0.0975971
0.096703
0.0954056
0.0937043
0.0915821
0.0890413
0.0860844
0.0827383
0.0790298
0.0750093
0.0707218
0.0662335
0.0615958
0.0568803
0.0521303
0.0474153
0.0427571
0.0382228
0.0337926
0.0295327
0.10132
0.100902
0.100112
0.0989488
0.0973962
0.0954211
0.0930128
0.0901603
0.0868812
0.0831932
0.0791429
0.074772
0.0701489
0.065327
0.0603847
0.0553705
0.0503635
0.0453908
0.0405298
0.0357636
0.0311688
0.104529
0.104176
0.103506
0.102497
0.101119
0.0993212
0.0970793
0.0943673
0.0911914
0.0875585
0.0835091
0.0790802
0.074341
0.069346
0.0641802
0.0588973
0.0535867
0.0482817
0.0430712
0.0379426
0.0329842
0.107686
0.107407
0.106869
0.106034
0.104856
0.103267
0.101227
0.0986943
0.0956615
0.0921225
0.08811
0.0836538
0.0788224
0.0736699
0.0682877
0.0627343
0.05711
0.051455
0.0458713
0.0403518
0.0349986
0.110778
0.110579
0.110187
0.109546
0.108593
0.107243
0.105442
0.103129
0.100282
0.0968803
0.0929459
0.0884988
0.0836049
0.0783161
0.0727291
0.0669068
0.0609606
0.0549388
0.0489573
0.0430168
0.0372347
0.113793
0.113681
0.113446
0.113016
0.112313
0.111234
0.109708
0.107657
0.105042
0.101825
0.0980149
0.0936196
0.0886992
0.0833016
0.0775269
0.0714416
0.0651684
0.0587639
0.0523598
0.0459662
0.0397182
0.11672
0.116701
0.116634
0.116432
0.116
0.115221
0.114008
0.112262
0.109928
0.106947
0.103313
0.0990183
0.0941148
0.0886429
0.082704
0.0763671
0.0697655
0.0629647
0.056113
0.0492326
0.0424788
0.119551
0.119628
0.119738
0.119778
0.11964
0.11919
0.118324
0.116927
0.114924
0.112233
0.108833
0.104695
0.0998588
0.0943551
0.0882836
0.0817131
0.0747865
0.0675787
0.0602553
0.0528531
0.0455504
0.122275
0.122455
0.122749
0.123044
0.123217
0.123122
0.122639
0.121633
0.120011
0.11767
0.114564
0.110645
0.105936
0.100452
0.094288
0.08751
0.0802684
0.072647
0.0648293
0.0568695
0.048972
0.124888
0.125172
0.125656
0.126217
0.126717
0.127001
0.126932
0.12636
0.125171
0.123238
0.120493
0.116862
0.112347
0.106944
0.100739
0.0937889
0.0862502
0.0782144
0.0698825
0.0613293
0.0527884
0.127384
0.127774
0.128451
0.129287
0.130127
0.13081
0.131184
0.131086
0.130379
0.128917
0.126601
0.123333
0.119089
0.11384
0.107654
0.10058
0.0927727
0.0843293
0.0754675
0.066286
0.0570508
0.129758
0.130256
0.131129
0.132244
0.133434
0.134534
0.135376
0.13579
0.135613
0.134682
0.132868
0.130044
0.126155
0.121143
0.115052
0.107915
0.0998778
0.0910435
0.0816422
0.0717997
0.0618173
0.132008
0.132613
0.133682
0.13508
0.136627
0.138158
0.13949
0.140447
0.140846
0.140506
0.139266
0.136973
0.13353
0.128851
0.122944
0.115819
0.107608
0.0984117
0.0884697
0.0779376
0.0671545
0.134132
0.134844
0.136107
0.137789
0.139696
0.141667
0.143506
0.145037
0.146051
0.146361
0.145767
0.144092
0.141196
0.136956
0.131337
0.124318
0.116005
0.106491
0.0960181
0.0847736
0.0731364
0.13613
0.136945
0.138401
0.140366
0.142632
0.14505
0.147406
0.149535
0.151201
0.152213
0.152335
0.151371
0.149125
0.145443
0.140231
0.133432
0.12511
0.115341
0.104361
0.0923877
0.079844
0.138001
0.138918
0.140563
0.142805
0.145428
0.148293
0.151176
0.153919
0.156267
0.158031
0.158934
0.158772
0.157283
0.154289
0.149618
0.143176
0.134963
0.125025
0.113579
0.100867
0.0873637
0.139748
0.140762
0.14259
0.145104
0.148079
0.151388
0.1548
0.158169
0.161222
0.163779
0.165524
0.166251
0.165628
0.163461
0.159478
0.153554
0.145593
0.135608
0.123767
0.110317
0.0957947
0.141371
0.142479
0.144485
0.147261
0.15058
0.154327
0.158265
0.162265
0.166039
0.169423
0.172062
0.173761
0.174111
0.172916
0.16978
0.164561
0.157019
0.147147
0.135024
0.120867
0.105273
0.142875
0.144072
0.146247
0.149276
0.152928
0.157101
0.16156
0.166188
0.170693
0.174926
0.178505
0.181247
0.182675
0.182598
0.18048
0.176181
0.169248
0.159687
0.147414
0.13264
0.115971
0.144261
0.145542
0.14788
0.151149
0.155122
0.159707
0.164674
0.169923
0.175161
0.180256
0.184811
0.188657
0.19126
0.192443
0.191528
0.188393
0.182293
0.173285
0.160938
0.145634
0.12792
0.145534
0.146895
0.149387
0.152884
0.157163
0.162144
0.167605
0.173461
0.179428
0.185389
0.190946
0.195943
0.199812
0.202383
0.202864
0.201149
0.196177
0.18805
0.175669
0.15975
0.14065
0.146698
0.148134
0.150773
0.154488
0.159059
0.16442
0.170358
0.176805
0.183488
0.190309
0.196879
0.203053
0.208257
0.212316
0.214376
0.21433
0.210879
0.204159
0.19215
0.175665
0.153624
0.147756
0.149263
0.15204
0.155961
0.160808
0.166528
0.172918
0.179925
0.187291
0.194938
0.202497
0.209841
0.216404
0.222029
0.225836
0.22775
0.226323
0.221897
0.211634
0.196896
0.170151
0.016534
0.0158534
0.0151696
0.014485
0.0137998
0.0131136
0.0124263
0.0117383
0.0110498
0.0103611
0.00967254
0.00898435
0.00829676
0.00761003
0.00692441
0.00624013
0.00555744
0.00487658
0.0041978
0.00352123
0.016581
0.0158969
0.0152096
0.0145216
0.0138325
0.0131418
0.0124493
0.0117554
0.0110605
0.0103648
0.00966867
0.00897234
0.00827609
0.00758021
0.00688498
0.00619068
0.0054976
0.00480599
0.00411615
0.00342834
0.0166707
0.015974
0.0152741
0.0145735
0.0138716
0.0131675
0.012461
0.0117526
0.0110427
0.0103317
0.00961985
0.00890754
0.00819503
0.00748266
0.00677075
0.00605961
0.00534958
0.00464099
0.00393415
0.00322932
0.0168014
0.0160842
0.015364
0.0146439
0.0139226
0.0131985
0.0124716
0.0117422
0.011011
0.0102784
0.00954466
0.00881016
0.00807521
0.00734015
0.00660534
0.00587113
0.00513786
0.00440588
0.00367554
0.0029471
0.0169723
0.0162268
0.0154789
0.0147325
0.0139851
0.0132345
0.0124805
0.0117235
0.0109643
0.0102035
0.00944134
0.00867815
0.00791428
0.0071501
0.00638598
0.00562231
0.00485946
0.0040978
0.00333772
0.00257946
0.0171837
0.0164025
0.0156199
0.0148405
0.0140608
0.0132774
0.0124898
0.0116989
0.0109056
0.0101104
0.00931366
0.00851567
0.0077168
0.00691744
0.006118
0.00531887
0.00452045
0.00372312
0.00292731
0.00213322
0.0174368
0.0166126
0.0157883
0.0149695
0.0141512
0.0133288
0.0125015
0.0116704
0.0108367
0.010001
0.00916348
0.00832458
0.00748462
0.00664403
0.00580321
0.00496258
0.00412256
0.00328355
0.00244603
0.0016101
0.0177337
0.0168591
0.0159859
0.0151214
0.0142583
0.0133907
0.0125174
0.0116399
0.0107596
0.00987712
0.00899278
0.00810686
0.00721974
0.00633184
0.0054436
0.00455546
0.00366783
0.00278116
0.00189596
0.0010122
0.0180771
0.0171445
0.0162153
0.0152985
0.0143844
0.0134652
0.0125397
0.0116094
0.0106761
0.00974066
0.00880323
0.00786409
0.00692362
0.00598226
0.00504047
0.00409868
0.00315735
0.00221694
0.00127808
0.000340452
0.0184704
0.0174721
0.0164794
0.0155035
0.014532
0.0135549
0.0125704
0.0115809
0.0105882
0.00959323
0.00859631
0.00759759
0.00659743
0.00559629
0.00459464
0.00359293
0.00259164
0.00159126
0.00059265
-0.000405025
0.0189178
0.0178456
0.0167814
0.0157394
0.0147038
0.0136621
0.012612
0.0115563
0.0104974
0.00943638
0.00837333
0.00730841
0.00624198
0.00517452
0.00410653
0.00303849
0.00197093
0.000904432
-0.000159797
-0.00122377
0.0194243
0.0182695
0.0171254
0.0160098
0.0149031
0.0137898
0.0126669
0.011538
0.0104058
0.00927165
0.0081355
0.00699744
0.00585775
0.00471689
0.00357532
0.00243348
0.00129199
0.000151856
-0.000983105
-0.00211911
0.0199952
0.0187488
0.0175156
0.0163183
0.0151332
0.0139408
0.0127377
0.011528
0.0103153
0.00910087
0.00788467
0.0066667
0.00544726
0.0042269
0.00300612
0.00178543
0.00056517
-0.000654591
-0.0018758
-0.00309495
0.0206369
0.0192888
0.0179566
0.0166689
0.0153973
0.0141178
0.0128264
0.0115278
0.0102264
0.00892367
0.00761944
0.00631355
0.00500627
0.00369812
0.00238958
0.00108112
-0.000226954
-0.00153449
-0.00284301
-0.00414953
0.0213565
0.019896
0.0184537
0.017066
0.0156992
0.0143241
0.0129355
0.0115392
0.0101406
0.00874115
0.00734058
0.00593858
0.00453536
0.00313145
0.00172735
0.00032352
-0.0010797
-0.00248202
-0.00388466
-0.0052859
0.022162
0.0205774
0.0190127
0.0175146
0.016043
0.014563
0.0130678
0.0115645
0.0100594
0.00855417
0.0070484
0.00554157
0.00403385
0.00252574
0.00101777
-0.000489616
-0.00199606
-0.00350124
-0.00500656
-0.00651079
0.0230624
0.0213407
0.0196402
0.0180198
0.0164332
0.0148381
0.0132261
0.0116055
0.00998374
0.00836298
0.00674244
0.00512138
0.00349989
0.00187848
0.000257684
-0.00136207
-0.00298042
-0.00459697
-0.00621363
-0.00782939
0.0240677
0.0221947
0.0203429
0.0185874
0.0168744
0.015153
0.0134128
0.0116637
0.00991443
0.00816747
0.00642177
0.00467632
0.00293109
0.00118659
-0.000556636
-0.00229816
-0.00403762
-0.0057745
-0.00751154
-0.00924789
0.0251891
0.0231489
0.0211288
0.0192234
0.0173713
0.0155115
0.0136308
0.0117407
0.00985193
0.00796713
0.00608496
0.00420406
0.00232427
0.000446108
-0.00142989
-0.00330327
-0.00517364
-0.00704025
-0.00890722
-0.0107738
0.0264392
0.0242141
0.0220061
0.0199345
0.0179292
0.0159175
0.0138826
0.011838
0.0097964
0.007761
0.00572998
0.00370157
0.00167544
-0.000347886
-0.00236788
-0.00438404
-0.00639585
-0.00840202
-0.010409
-0.012416
0.0278319
0.0254022
0.0229842
0.0207278
0.0185539
0.0163753
0.014171
0.0119567
0.00974772
0.00754765
0.00535421
0.00316508
0.000979779
-0.00120119
-0.00337727
-0.00554789
-0.0077124
-0.00986821
-0.012026
-0.0141849
0.0293832
0.0267268
0.0240735
0.0216112
0.0192512
0.0168892
0.0144986
0.0120981
0.00970547
0.00732526
0.0049544
0.00258992
0.000231032
-0.00212167
-0.00446736
-0.00680484
-0.00913254
-0.0114463
-0.0137655
-0.0160887
0.031111
0.0282028
0.0252854
0.0225934
0.0200277
0.0174638
0.0148684
0.0122629
0.00966907
0.007092
0.00452779
0.00197248
-0.000575413
-0.00311602
-0.00564976
-0.00817581
-0.0106902
-0.0131676
-0.0156569
-0.0181542
0.0330357
0.0298475
0.0266326
0.0236836
0.0208902
0.0181036
0.0152822
0.0124511
0.00963636
0.00684416
0.00406988
0.00130896
-0.00143975
-0.00417544
-0.00689691
-0.00960456
-0.0123024
-0.0150191
-0.0177197
-0.0204034
0.0351809
0.0316805
0.0281298
0.0248923
0.0218461
0.0188133
0.0157419
0.0126613
0.00960264
0.0065734
0.00356768
0.000579571
-0.00239284
-0.00534936
-0.00828966
-0.0112146
-0.0141259
-0.0170407
-0.0199417
-0.0228264
0.0375738
0.0337249
0.0297941
0.026232
0.0229046
0.0195988
0.0162503
0.0128931
0.00956477
0.00627429
0.0030142
-0.0002229
-0.00343942
-0.00663509
-0.00980922
-0.0129622
-0.0160949
-0.0192268
-0.0223469
-0.025451
0.0402461
0.0360074
0.0316452
0.0277171
0.0240762
0.0204676
0.0168111
0.0131468
0.00952017
0.00594177
0.00240229
-0.00110744
-0.00459043
-0.00804635
-0.0114743
-0.0148744
-0.0182467
-0.0216155
-0.0249726
-0.0283116
0.0432345
0.038559
0.0337064
0.0293647
0.0253737
0.0214279
0.0174283
0.0134224
0.0094649
0.00556841
0.0017212
-0.00208813
-0.00586318
-0.00960348
-0.0133077
-0.0169754
-0.0206042
-0.024229
-0.0278424
-0.0314337
0.0465813
0.0414161
0.0360048
0.0311947
0.0268118
0.0224898
0.0181068
0.0137196
0.0093944
0.00514582
0.000958924
-0.00318046
-0.00727673
-0.011329
-0.0153347
-0.0192913
-0.0231924
-0.027093
-0.0309839
-0.0348471
0.0503356
0.0446205
0.038572
0.0332308
0.0284082
0.023665
0.0188523
0.0140384
0.00930379
0.00466515
0.00010339
-0.00439932
-0.00884897
-0.0132462
-0.0175891
-0.0218728
-0.026064
-0.0302606
-0.0344463
-0.0385958
0.0545539
0.0482212
0.0414453
0.0355015
0.0301847
0.0249681
0.0196713
0.0143784
0.00918659
0.00411492
-0.000860567
-0.00576064
-0.0105909
-0.0153499
-0.0200371
-0.0246568
-0.0292393
-0.0337864
-0.0382837
-0.0427286
0.0593009
0.0522742
0.0446687
0.0380415
0.0321681
0.0264172
0.0205727
0.0147392
0.00903444
0.00347872
-0.00195855
-0.00730162
-0.0125556
-0.0177167
-0.0227854
-0.0277711
-0.0327611
-0.0376792
-0.0425134
-0.0472781
0.0646498
0.0568438
0.048294
0.0408934
0.0343927
0.0280357
0.0215683
0.0151229
0.0088407
0.00274129
-0.00321514
-0.00905713
-0.0147894
-0.020407
-0.0259096
-0.031301
-0.0366702
-0.0419695
-0.0471755
-0.0522929
0.0706808
0.0620011
0.0523811
0.0441096
0.036902
0.0298542
0.0226751
0.0155356
0.00860315
0.00189243
-0.00464803
-0.0110499
-0.0173151
-0.0234352
-0.0294066
-0.0352265
-0.0410195
-0.0467411
-0.0523506
-0.0578449
0.0774782
0.0678204
0.0569965
0.0477539
0.0397508
0.0319106
0.0239146
0.0159876
0.00832306
0.000923763
-0.00627569
-0.0133083
-0.0201731
-0.0268597
-0.0333599
-0.039645
-0.0459064
-0.0520844
-0.0581198
-0.0640096
0.0851264
0.0743708
0.0622097
0.0519022
0.0430057
0.0342493
0.0253126
0.0164935
0.00800442
-0.00017346
-0.00811763
-0.0158564
-0.0233845
-0.0306971
-0.0377959
-0.0446652
-0.0514659
-0.0581211
-0.0645902
-0.0708875
0.0937128
0.0817114
0.068094
0.0566461
0.0467438
0.0369185
0.0268996
0.017074
0.00765328
-0.00141392
-0.0102076
-0.0187374
-0.0269783
-0.0349219
-0.0425966
-0.0502909
-0.0577485
-0.0649197
-0.0718464
-0.0785717
0.10333
0.089904
0.0747492
0.0621065
0.0510548
0.0399712
0.0287166
0.0177638
0.00728495
-0.0028117
-0.0125975
-0.0220628
-0.0311767
-0.0399281
-0.0483294
-0.0566683
-0.0647635
-0.0725242
-0.0799756
-0.0871669
0.114004
0.0990112
0.0823321
0.0684591
0.0560506
0.0434722
0.0308207
0.0186095
0.00692022
-0.00436905
-0.0153006
-0.0258481
-0.0359846
-0.0456923
-0.0548655
-0.0639554
-0.0727573
-0.0811512
-0.0891652
-0.0968517
0.125402
0.108911
0.0910015
0.0759371
0.0618974
0.0475651
0.0333643
0.0197413
0.00665439
-0.00600654
-0.0182249
-0.0299354
-0.0411022
-0.0517556
-0.062201
-0.0723058
-0.0818861
-0.0909512
-0.0995749
-0.1078
0.136425
0.11876
0.100521
0.0844629
0.0685164
0.0522309
0.0363212
0.0210414
0.00627027
-0.00804546
-0.0218567
-0.0350841
-0.0476266
-0.0593493
-0.07091
-0.0819462
-0.0923088
-0.10208
-0.111348
-0.120141
0.145844
0.127615
0.110572
0.0938769
0.0762825
0.0584199
0.0409545
0.0239683
0.00741744
-0.00865349
-0.0241961
-0.0391907
-0.0536077
-0.0671133
-0.0803033
-0.0926058
-0.103979
-0.114612
-0.124613
-0.134002
0.00284707
0.00217556
0.00150694
0.000841439
0.000179226
-0.000479512
-0.00113459
-0.00178584
-0.00243307
-0.00307613
-0.00371485
-0.00434907
0.00274286
0.00205998
0.00137996
0.000703043
2.94888e-05
-0.000640455
-0.00130654
-0.00196854
-0.00262622
-0.00327934
-0.0039277
-0.00457108
0.00252676
0.00182681
0.0011298
0.000436016
-0.000254268
-0.000940784
-0.00162327
-0.00230146
-0.0029751
-0.00364397
-0.00430782
-0.00496642
0.0022209
0.0014973
0.000776632
5.92035e-05
-0.000654685
-0.00136474
-0.00207067
-0.00277221
-0.00346907
-0.004161
-0.00484774
-0.00552906
0.00182337
0.00106984
0.000319249
-0.000428077
-0.00117183
-0.00191169
-0.00264736
-0.00337855
-0.00410497
-0.00482635
-0.00554242
-0.00625294
0.00134122
0.00055175
-0.000234809
-0.00101811
-0.00179784
-0.00257367
-0.0033453
-0.00411242
-0.00487473
-0.00563196
-0.00638384
-0.00713012
0.000776157
-5.53192e-05
-0.00088392
-0.00170929
-0.00253112
-0.00334908
-0.00416285
-0.00497212
-0.00577661
-0.00657602
-0.0073701
-0.00815858
0.000130304
-0.000749214
-0.00162591
-0.00249942
-0.00336944
-0.00423565
-0.00509773
-0.00595538
-0.00680829
-0.00765621
-0.00849885
-0.00933597
-0.000595506
-0.00152919
-0.00246012
-0.00338793
-0.00431233
-0.005233
-0.00614964
-0.00706195
-0.00796964
-0.00887245
-0.00977011
-0.0106624
-0.00140133
-0.00239549
-0.00338693
-0.00437532
-0.00536038
-0.00634184
-0.0073194
-0.00829277
-0.00926168
-0.0102259
-0.0111851
-0.0121391
-0.00228699
-0.00334829
-0.00440685
-0.00546234
-0.00651459
-0.00756337
-0.00860842
-0.00964946
-0.0106862
-0.0117185
-0.0127461
-0.0137687
-0.00325559
-0.00439051
-0.00552272
-0.0066519
-0.00777795
-0.0089007
-0.0100199
-0.0111354
-0.0122468
-0.013354
-0.0144568
-0.015555
-0.00431157
-0.0055259
-0.00673794
-0.00794746
-0.00915415
-0.0103577
-0.011558
-0.0127548
-0.0139478
-0.015137
-0.0163221
-0.0175031
-0.00545348
-0.00675513
-0.00805461
-0.00935177
-0.0106463
-0.011938
-0.0132266
-0.014512
-0.0157941
-0.0170726
-0.0183476
-0.00668507
-0.00808205
-0.00947683
-0.0108693
-0.0122594
-0.0136468
-0.0150314
-0.0164131
-0.0177919
-0.0191676
-0.0205402
-0.00801315
-0.00951333
-0.0110113
-0.012507
-0.0140004
-0.0154914
-0.0169799
-0.0184659
-0.0199493
-0.0214301
-0.0229084
-0.00944332
-0.011055
-0.0126644
-0.0142716
-0.0158766
-0.0174794
-0.0190801
-0.0206786
-0.022275
-0.0238694
-0.0254618
-0.0109824
-0.0127144
-0.014444
-0.0161714
-0.0178967
-0.0196201
-0.0213415
-0.0230612
-0.0247793
-0.0264959
-0.0282112
-0.0126383
-0.0145
-0.0163591
-0.0182159
-0.0200707
-0.0219237
-0.023775
-0.025625
-0.0274738
-0.0293217
-0.031169
-0.0144207
-0.0164222
-0.0184205
-0.0204163
-0.0224101
-0.0244022
-0.0263929
-0.0283825
-0.0303714
-0.0323601
-0.0343488
-0.0163413
-0.0184932
-0.0206411
-0.022786
-0.0249288
-0.0270699
-0.0292097
-0.0313488
-0.0334875
-0.0356266
-0.0377665
-0.0184092
-0.0207234
-0.0230322
-0.0253372
-0.0276397
-0.0299404
-0.0322398
-0.0345386
-0.0368374
-0.039137
-0.0414381
-0.020648
-0.0231344
-0.0256145
-0.0280903
-0.0305631
-0.0330338
-0.0355031
-0.0379718
-0.0404408
-0.042911
-0.0453834
-0.0230768
-0.0257441
-0.0284063
-0.031064
-0.033718
-0.0363693
-0.0390189
-0.0416679
-0.0443174
-0.0469685
-0.0496223
-0.0256993
-0.0285638
-0.0314217
-0.0342738
-0.0371212
-0.0399649
-0.0428063
-0.0456468
-0.0484877
-0.0513302
-0.0541758
-0.0285402
-0.0316173
-0.0346848
-0.0377445
-0.0407977
-0.0438459
-0.0468908
-0.0499339
-0.0529768
-0.0560212
-0.0590688
-0.0316315
-0.0349349
-0.0382252
-0.041505
-0.0447763
-0.0480408
-0.0513002
-0.0545566
-0.057812
-0.0610681
-0.064327
-0.0350001
-0.0385445
-0.0420715
-0.0455846
-0.0490863
-0.0525786
-0.0560637
-0.0595439
-0.0630215
-0.0664987
-0.0699779
-0.038677
-0.042478
-0.0462562
-0.0500163
-0.0537609
-0.0574926
-0.0612139
-0.0649275
-0.0686363
-0.0723428
-0.0760499
-0.0427038
-0.0467761
-0.0508197
-0.0548395
-0.0588387
-0.0628204
-0.0667875
-0.0707433
-0.0746908
-0.0786331
-0.0825731
-0.0471268
-0.0514845
-0.0558069
-0.0600981
-0.064362
-0.0686024
-0.0728232
-0.0770281
-0.0812206
-0.0854043
-0.0895817
-0.0519866
-0.0566459
-0.0612607
-0.0658352
-0.0703737
-0.0748809
-0.079361
-0.0838188
-0.0882585
-0.092685
-0.0971016
-0.0573351
-0.0623129
-0.0672335
-0.0721025
-0.0769246
-0.0817053
-0.0864494
-0.0911621
-0.0958473
-0.100511
-0.105157
-0.0632399
-0.0685512
-0.0737889
-0.0789598
-0.0840701
-0.0891266
-0.0941355
-0.0991033
-0.104034
-0.108933
-0.113801
-0.0697748
-0.0754334
-0.0809971
-0.0864738
-0.0918712
-0.0971977
-0.102461
-0.107672
-0.112836
-0.117963
-0.123053
-0.0770363
-0.0830523
-0.0889463
-0.0947281
-0.100407
-0.105992
-0.111493
-0.116918
-0.122278
-0.127588
-0.132854
-0.085118
-0.0914974
-0.0977212
-0.103802
-0.109752
-0.115582
-0.121303
-0.126924
-0.13245
-0.137893
-0.143258
-0.0941268
-0.100871
-0.107415
-0.113775
-0.119968
-0.126011
-0.131919
-0.137705
-0.14338
-0.148953
-0.154417
-0.104239
-0.111343
-0.118183
-0.124783
-0.131162
-0.137343
-0.143347
-0.1492
-0.154925
-0.160547
-0.16608
-0.115642
-0.123113
-0.130236
-0.137036
-0.143538
-0.149764
-0.155739
-0.161492
-0.167053
-0.172463
-0.177766
-0.128458
-0.136311
-0.14372
-0.150708
-0.157296
-0.163507
-0.169362
-0.174883
-0.180093
-0.185024
-0.189716
-0.142785
-0.150979
-0.158614
-0.165715
-0.172304
-0.178406
-0.184047
-0.189251
-0.19404
-0.198436
-0.202462
)
;

boundaryField
{
    inlet
    {
        type            zeroGradient;
    }
    outlet
    {
        type            fixedValue;
        value           nonuniform 0();
    }
    cylinder
    {
        type            zeroGradient;
    }
    top
    {
        type            symmetryPlane;
    }
    bottom
    {
        type            symmetryPlane;
    }
    defaultFaces
    {
        type            empty;
    }
    procBoundary0to1
    {
        type            processor;
        value           nonuniform List<scalar> 
133
(
-0.246204
-0.248438
-0.250549
-0.252823
-0.252823
-0.253772
-0.256111
-0.256111
-0.255821
-0.255821
-0.254649
-0.256804
-0.256804
-0.254803
-0.254803
-0.251642
-0.251642
-0.246833
-0.246833
-0.236548
-0.236548
-0.223961
-0.223961
-0.206242
-0.235495
-0.223856
-0.206152
-0.235495
-0.236434
-0.246712
-0.246712
-0.25152
-0.25152
-0.254684
-0.254684
-0.256689
-0.256689
-0.254532
-0.25571
-0.25571
-0.256004
-0.256004
-0.253666
-0.252722
-0.252722
-0.250451
-0.248284
-0.206242
-0.194308
-0.183087
-0.171599
-0.159834
-0.148611
-0.138122
-0.128124
-0.118644
-0.109783
-0.101493
-0.0937303
-0.086483
-0.0797247
-0.0734225
-0.0675496
-0.0620784
-0.0569823
-0.052236
-0.0478152
-0.0436985
-0.0436985
-0.0420077
-0.0382867
-0.0348232
-0.031601
-0.0286057
-0.0258243
-0.0232451
-0.020858
-0.0186537
-0.0166246
-0.0147645
-0.0130682
-0.0115313
-0.0101513
-0.00892671
-0.00785738
-0.00694565
-0.00619364
-0.00560923
-0.00519943
-0.00496904
-0.00497863
-0.00520927
-0.00561957
-0.00620471
-0.00695766
-0.00787055
-0.00894123
-0.0101673
-0.0115491
-0.0130878
-0.0147862
-0.0166484
-0.0186798
-0.0196189
-0.0196189
-0.0219096
-0.0243842
-0.0270523
-0.0299254
-0.033016
-0.0363381
-0.0399078
-0.0437415
-0.0478589
-0.0522799
-0.0570258
-0.062121
-0.0675905
-0.073461
-0.0797599
-0.086514
-0.0937562
-0.101513
-0.109795
-0.118648
-0.128118
-0.138105
-0.148582
-0.159793
-0.171544
-0.183019
-0.194228
-0.206152
)
;
    }
}


// ************************************************************************* //
