/*--------------------------------*- C++ -*----------------------------------*\
  =========                 |
  \\      /  F ield         | OpenFOAM: The Open Source CFD Toolbox
   \\    /   O peration     | Website:  https://openfoam.org
    \\  /    A nd           | Version:  7
     \\/     M anipulation  |
\*---------------------------------------------------------------------------*/
FoamFile
{
    version     2.0;
    format      ascii;
    class       volScalarField;
    location    "15";
    object      p;
}
// * * * * * * * * * * * * * * * * * * * * * * * * * * * * * * * * * * * * * //

dimensions      [0 2 -2 0 0 0 0];

internalField   nonuniform List<scalar> 
8500
(
-0.361137
-0.364626
-0.364028
-0.361185
-0.356443
-0.350007
-0.342165
-0.333222
-0.323391
-0.312719
-0.362205
-0.365505
-0.364781
-0.361823
-0.356974
-0.350439
-0.342506
-0.333488
-0.323577
-0.312726
-0.364336
-0.367258
-0.366282
-0.363094
-0.358031
-0.3513
-0.343184
-0.334014
-0.323944
-0.312732
-0.367516
-0.369874
-0.368523
-0.36499
-0.359607
-0.352582
-0.344192
-0.334792
-0.324482
-0.312724
-0.37173
-0.37334
-0.37149
-0.3675
-0.361691
-0.354276
-0.345519
-0.335811
-0.325179
-0.31268
-0.376955
-0.377635
-0.375166
-0.370608
-0.36427
-0.356367
-0.347153
-0.337057
-0.326016
-0.312573
-0.383163
-0.382736
-0.379529
-0.374294
-0.367326
-0.358842
-0.349079
-0.338513
-0.326973
-0.312369
-0.390323
-0.388614
-0.384554
-0.378537
-0.370841
-0.361684
-0.351281
-0.340161
-0.328028
-0.312025
-0.398401
-0.395236
-0.390211
-0.383311
-0.374794
-0.364876
-0.353745
-0.341985
-0.329157
-0.311495
-0.407352
-0.402567
-0.396468
-0.38859
-0.379163
-0.368402
-0.356457
-0.343971
-0.330337
-0.310724
-0.417134
-0.410563
-0.403289
-0.394342
-0.383926
-0.372246
-0.359407
-0.346107
-0.33155
-0.309655
-0.427693
-0.419177
-0.410631
-0.400536
-0.389059
-0.376396
-0.362591
-0.348393
-0.332782
-0.308225
-0.43897
-0.428354
-0.41845
-0.407135
-0.394538
-0.380839
-0.36601
-0.350837
-0.33403
-0.30637
-0.450896
-0.438035
-0.426693
-0.414099
-0.400339
-0.385569
-0.369676
-0.353462
-0.335305
-0.304039
-0.463389
-0.448148
-0.435302
-0.421387
-0.406435
-0.390582
-0.373614
-0.356319
-0.336661
-0.301228
-0.476351
-0.458614
-0.444213
-0.428948
-0.412799
-0.395876
-0.377858
-0.359491
-0.33823
-0.29807
-0.48967
-0.469342
-0.453353
-0.436728
-0.419395
-0.401446
-0.382456
-0.363089
-0.340148
-0.294685
-0.503215
-0.480232
-0.462637
-0.444663
-0.426185
-0.407291
-0.387479
-0.367247
-0.342303
-0.290456
-0.51684
-0.491171
-0.471976
-0.452678
-0.433116
-0.413409
-0.393061
-0.372294
-0.345042
-0.285659
-0.530385
-0.502038
-0.481266
-0.460686
-0.440113
-0.419763
-0.399316
-0.378895
-0.352442
-0.296216
-0.543679
-0.512706
-0.490398
-0.468579
-0.447058
-0.426191
-0.405959
-0.386787
-0.368936
-0.364458
-0.55655
-0.523042
-0.499254
-0.476241
-0.453798
-0.432399
-0.412243
-0.39373
-0.379168
-0.38737
-0.568834
-0.532916
-0.507718
-0.483559
-0.460203
-0.438188
-0.417794
-0.399144
-0.384383
-0.39365
-0.580373
-0.542203
-0.515681
-0.490429
-0.466171
-0.443469
-0.422595
-0.403418
-0.387697
-0.395763
-0.591026
-0.550782
-0.523037
-0.496757
-0.471621
-0.448185
-0.426665
-0.406741
-0.389833
-0.395341
-0.600662
-0.55854
-0.529681
-0.502451
-0.476471
-0.452275
-0.429995
-0.409147
-0.390852
-0.393115
-0.609164
-0.565365
-0.535513
-0.507419
-0.480639
-0.455675
-0.432555
-0.410658
-0.390855
-0.389646
-0.616422
-0.571151
-0.540431
-0.511565
-0.484042
-0.458315
-0.434306
-0.411286
-0.38993
-0.385211
-0.622327
-0.575789
-0.544331
-0.514793
-0.486588
-0.460117
-0.435196
-0.411017
-0.388108
-0.379926
-0.626772
-0.579171
-0.547108
-0.517001
-0.488183
-0.460996
-0.435159
-0.409815
-0.385383
-0.373831
-0.629647
-0.581188
-0.548654
-0.518084
-0.488726
-0.460862
-0.434122
-0.407628
-0.381726
-0.366926
-0.630838
-0.581726
-0.548858
-0.517934
-0.488115
-0.459619
-0.432003
-0.404393
-0.377088
-0.359186
-0.630226
-0.580671
-0.547607
-0.516441
-0.48624
-0.457167
-0.428713
-0.400037
-0.371409
-0.350569
-0.627686
-0.577905
-0.544786
-0.513491
-0.482995
-0.453404
-0.424163
-0.394484
-0.364623
-0.341029
-0.623092
-0.573311
-0.540281
-0.508972
-0.47827
-0.448229
-0.418261
-0.387653
-0.356659
-0.330508
-0.616317
-0.56677
-0.533976
-0.502772
-0.471958
-0.44154
-0.410916
-0.379463
-0.347445
-0.318949
-0.607234
-0.558169
-0.525762
-0.494784
-0.463954
-0.43324
-0.402039
-0.369837
-0.336912
-0.306295
-0.595723
-0.547398
-0.515532
-0.484902
-0.454157
-0.423234
-0.391545
-0.358701
-0.324994
-0.292488
-0.58167
-0.534352
-0.503184
-0.47303
-0.442475
-0.411436
-0.379358
-0.345986
-0.311631
-0.277477
-0.564972
-0.51894
-0.48863
-0.459078
-0.428823
-0.397768
-0.365407
-0.331633
-0.296774
-0.261213
-0.545544
-0.501081
-0.471789
-0.442969
-0.413127
-0.382163
-0.349635
-0.315592
-0.28038
-0.24366
-0.523307
-0.480704
-0.452591
-0.424635
-0.395322
-0.364562
-0.331993
-0.297823
-0.262418
-0.224783
-0.498211
-0.457758
-0.430986
-0.404025
-0.375362
-0.344925
-0.312446
-0.278302
-0.242871
-0.204564
-0.470225
-0.432212
-0.406939
-0.381104
-0.353213
-0.323225
-0.290976
-0.257015
-0.221733
-0.182992
-0.439343
-0.404053
-0.380434
-0.355855
-0.328862
-0.299452
-0.267579
-0.233966
-0.199013
-0.160068
-0.405583
-0.373292
-0.351474
-0.32828
-0.302311
-0.273614
-0.242269
-0.209172
-0.174735
-0.135808
-0.368992
-0.339959
-0.320086
-0.298402
-0.273584
-0.245739
-0.215077
-0.182666
-0.148935
-0.11024
-0.329643
-0.304113
-0.286318
-0.266265
-0.242725
-0.215872
-0.186052
-0.154499
-0.121663
-0.0833665
-0.287638
-0.265834
-0.250241
-0.231935
-0.209802
-0.184083
-0.155265
-0.124749
-0.0930255
-0.0551289
-0.243103
-0.225227
-0.211949
-0.195503
-0.1749
-0.150459
-0.122806
-0.0935154
-0.0631674
-0.0256674
-0.196195
-0.182422
-0.17156
-0.157077
-0.138129
-0.115108
-0.0887843
-0.0608632
-0.031757
0.00427041
-0.147092
-0.13757
-0.129214
-0.116793
-0.0996189
-0.0781609
-0.0533266
-0.0269458
0.000710547
0.0352816
-0.0959977
-0.0908429
-0.0850703
-0.0748043
-0.0595209
-0.0397668
-0.0165817
0.00810014
0.0341167
0.0672
-0.0431312
-0.0424359
-0.0393113
-0.0312831
-0.0180055
-9.54276e-05
0.021283
0.0441164
0.0683428
0.0998084
0.0112783
0.00742757
0.00786784
0.0135786
0.0247405
0.0406671
0.0600796
0.0809177
0.103218
0.132889
0.0669546
0.0585417
0.0562487
0.0595734
0.0685146
0.0823195
0.0996027
0.1183
0.138543
0.166152
0.123643
0.110656
0.105602
0.106481
0.113102
0.124648
0.139633
0.156055
0.174129
0.199121
0.181071
0.163516
0.155688
0.154069
0.158278
0.167429
0.179939
0.193977
0.209762
0.231083
0.238954
0.21686
0.206256
0.2021
0.203813
0.210434
0.220277
0.231767
0.244745
0.260892
0.297
0.270414
0.257045
0.250326
0.249479
0.253454
0.260444
0.269037
0.277365
0.284106
0.354909
0.323898
0.307789
0.298501
0.295057
0.296325
0.300396
0.305821
0.307011
0.294735
0.412386
0.37703
0.35822
0.346371
0.340322
0.338897
0.340141
0.342772
0.341141
0.328473
0.469119
0.42952
0.408056
0.393672
0.38503
0.380939
0.379447
0.379405
0.375887
0.364633
0.524793
0.48107
0.457016
0.440134
0.428921
0.422189
0.418003
0.415262
0.40957
0.398403
0.579097
0.53139
0.504818
0.485485
0.471734
0.462388
0.455535
0.450093
0.442098
0.430194
0.631721
0.580186
0.551183
0.529461
0.513217
0.501293
0.491801
0.483675
0.473362
0.460264
0.682359
0.627175
0.595836
0.5718
0.553124
0.538674
0.526585
0.5158
0.503162
0.488576
0.730717
0.672079
0.638515
0.612252
0.591221
0.574313
0.559685
0.546291
0.53134
0.515075
0.776515
0.714634
0.678965
0.650578
0.627286
0.608007
0.590921
0.574992
0.557776
0.539722
0.819484
0.754586
0.716945
0.686551
0.661109
0.639568
0.620129
0.60177
0.582368
0.562488
0.859376
0.7917
0.75223
0.71996
0.692498
0.668822
0.647159
0.626502
0.605025
0.58334
0.895959
0.825756
0.784609
0.750608
0.721273
0.695612
0.671877
0.649078
0.625666
0.602243
0.929023
0.856552
0.813892
0.778316
0.747271
0.719794
0.69416
0.6694
0.644215
0.61916
0.958378
0.883907
0.839903
0.802924
0.770346
0.74124
0.713899
0.687381
0.660605
0.634056
0.983856
0.907659
0.862491
0.824286
0.790369
0.759835
0.731
0.702941
0.674773
0.646897
1.00531
0.927669
0.88152
0.842281
0.807229
0.775482
0.745378
0.716013
0.686666
0.657652
1.02262
0.943819
0.89688
0.856803
0.82083
0.7881
0.756966
0.726541
0.696237
0.666292
1.03569
0.956015
0.908479
0.867768
0.831097
0.797621
0.765705
0.734478
0.703449
0.672793
1.04445
0.964185
0.91625
0.875114
0.837974
0.803997
0.771556
0.739789
0.708274
0.677138
1.04884
0.968283
0.920147
0.878797
0.841422
0.807193
0.774488
0.74245
0.710691
0.679314
1.04884
0.968283
0.920147
0.878797
0.841422
0.807193
0.774488
0.74245
0.710691
0.679314
1.04445
0.964185
0.91625
0.875114
0.837974
0.803997
0.771556
0.739789
0.708274
0.677138
1.03569
0.956015
0.908479
0.867768
0.831097
0.797621
0.765705
0.734478
0.703449
0.672793
1.02262
0.943819
0.89688
0.856803
0.82083
0.7881
0.756966
0.726541
0.696237
0.666292
1.00531
0.927669
0.88152
0.842281
0.807229
0.775482
0.745378
0.716013
0.686666
0.657652
0.983856
0.907659
0.862491
0.824286
0.790369
0.759835
0.731
0.702941
0.674773
0.646897
0.958378
0.883907
0.839903
0.802924
0.770346
0.74124
0.713899
0.68738
0.660605
0.634056
0.929023
0.856552
0.813892
0.778316
0.747271
0.719794
0.69416
0.6694
0.644215
0.61916
0.895959
0.825756
0.784609
0.750608
0.721273
0.695612
0.671877
0.649078
0.625666
0.602243
0.859376
0.7917
0.75223
0.71996
0.692498
0.668822
0.647159
0.626502
0.605025
0.58334
0.819484
0.754586
0.716945
0.686551
0.661109
0.639568
0.620129
0.60177
0.582368
0.562488
0.776515
0.714634
0.678965
0.650578
0.627286
0.608007
0.590921
0.574992
0.557776
0.539722
0.730717
0.672079
0.638515
0.612252
0.591221
0.574313
0.559685
0.546291
0.53134
0.515075
0.682359
0.627175
0.595836
0.5718
0.553124
0.538674
0.526585
0.5158
0.503162
0.488576
0.631721
0.580186
0.551183
0.529461
0.513217
0.501293
0.491801
0.483675
0.473362
0.460264
0.579097
0.53139
0.504818
0.485485
0.471734
0.462388
0.455535
0.450093
0.442098
0.430194
0.524793
0.48107
0.457016
0.440134
0.42892
0.422189
0.418003
0.415262
0.409569
0.398403
0.469119
0.429519
0.408056
0.393672
0.38503
0.380939
0.379447
0.379405
0.375887
0.364633
0.412386
0.37703
0.35822
0.346371
0.340322
0.338897
0.340141
0.342772
0.341141
0.328473
0.354909
0.323898
0.307789
0.298501
0.295057
0.296325
0.300395
0.305821
0.307011
0.294735
0.297
0.270414
0.257045
0.250326
0.249479
0.253454
0.260444
0.269037
0.277365
0.284106
0.238954
0.21686
0.206256
0.202099
0.203813
0.210434
0.220277
0.231767
0.244745
0.260892
0.181071
0.163516
0.155688
0.154069
0.158277
0.167429
0.179939
0.193977
0.209762
0.231083
0.123643
0.110656
0.105602
0.106481
0.113102
0.124648
0.139633
0.156055
0.174129
0.199121
0.0669545
0.0585416
0.0562486
0.0595733
0.0685145
0.0823194
0.0996027
0.118299
0.138542
0.166152
0.0112783
0.00742752
0.00786779
0.0135786
0.0247405
0.0406671
0.0600796
0.0809177
0.103218
0.132889
-0.0431312
-0.042436
-0.0393113
-0.0312832
-0.0180055
-9.54883e-05
0.021283
0.0441163
0.0683427
0.0998084
-0.0959978
-0.0908429
-0.0850704
-0.0748044
-0.059521
-0.0397669
-0.0165818
0.00810008
0.0341167
0.0671999
-0.147092
-0.13757
-0.129214
-0.116793
-0.099619
-0.078161
-0.0533267
-0.0269459
0.000710479
0.0352815
-0.196195
-0.182422
-0.17156
-0.157078
-0.138129
-0.115108
-0.0887844
-0.0608632
-0.0317571
0.00427034
-0.243103
-0.225227
-0.211949
-0.195503
-0.1749
-0.150459
-0.122806
-0.0935155
-0.0631675
-0.0256674
-0.287638
-0.265834
-0.250241
-0.231935
-0.209802
-0.184083
-0.155265
-0.12475
-0.0930255
-0.055129
-0.329644
-0.304113
-0.286318
-0.266265
-0.242726
-0.215873
-0.186052
-0.154499
-0.121663
-0.0833666
-0.368992
-0.339959
-0.320086
-0.298402
-0.273584
-0.245739
-0.215077
-0.182666
-0.148935
-0.11024
-0.405583
-0.373292
-0.351474
-0.32828
-0.302311
-0.273614
-0.242269
-0.209172
-0.174735
-0.135808
-0.439343
-0.404053
-0.380434
-0.355855
-0.328862
-0.299452
-0.267579
-0.233966
-0.199013
-0.160068
-0.470225
-0.432212
-0.406939
-0.381104
-0.353213
-0.323225
-0.290976
-0.257015
-0.221733
-0.182992
-0.498211
-0.457758
-0.430986
-0.404025
-0.375362
-0.344925
-0.312446
-0.278302
-0.242871
-0.204564
-0.523307
-0.480704
-0.452591
-0.424635
-0.395322
-0.364562
-0.331993
-0.297824
-0.262418
-0.224783
-0.545544
-0.501081
-0.471789
-0.442969
-0.413127
-0.382163
-0.349635
-0.315592
-0.28038
-0.24366
-0.564972
-0.51894
-0.48863
-0.459078
-0.428823
-0.397768
-0.365408
-0.331633
-0.296774
-0.261214
-0.58167
-0.534352
-0.503185
-0.47303
-0.442475
-0.411436
-0.379358
-0.345986
-0.311632
-0.277477
-0.595723
-0.547398
-0.515532
-0.484902
-0.454157
-0.423234
-0.391545
-0.358701
-0.324994
-0.292488
-0.607234
-0.558169
-0.525762
-0.494784
-0.463954
-0.43324
-0.402039
-0.369837
-0.336912
-0.306295
-0.616317
-0.566771
-0.533977
-0.502773
-0.471958
-0.44154
-0.410916
-0.379463
-0.347445
-0.31895
-0.623092
-0.573311
-0.540281
-0.508972
-0.478271
-0.448229
-0.418261
-0.387653
-0.356659
-0.330508
-0.627686
-0.577905
-0.544786
-0.513491
-0.482995
-0.453404
-0.424163
-0.394484
-0.364623
-0.341029
-0.630226
-0.580671
-0.547607
-0.516441
-0.48624
-0.457167
-0.428713
-0.400037
-0.371409
-0.35057
-0.630838
-0.581726
-0.548858
-0.517934
-0.488115
-0.459619
-0.432003
-0.404393
-0.377088
-0.359186
-0.629647
-0.581188
-0.548654
-0.518084
-0.488727
-0.460862
-0.434122
-0.407628
-0.381726
-0.366926
-0.626772
-0.579171
-0.547108
-0.517001
-0.488183
-0.460996
-0.43516
-0.409815
-0.385384
-0.373831
-0.622327
-0.575789
-0.544331
-0.514793
-0.486588
-0.460117
-0.435196
-0.411017
-0.388108
-0.379926
-0.616422
-0.571151
-0.540431
-0.511565
-0.484042
-0.458315
-0.434306
-0.411286
-0.38993
-0.385211
-0.609165
-0.565366
-0.535513
-0.507419
-0.48064
-0.455675
-0.432555
-0.410658
-0.390856
-0.389646
-0.600662
-0.55854
-0.529681
-0.502451
-0.476471
-0.452275
-0.429995
-0.409147
-0.390852
-0.393115
-0.591026
-0.550782
-0.523037
-0.496757
-0.471621
-0.448185
-0.426666
-0.406742
-0.389833
-0.395341
-0.580373
-0.542203
-0.515681
-0.490429
-0.466171
-0.443469
-0.422595
-0.403418
-0.387697
-0.395763
-0.568834
-0.532916
-0.507718
-0.483559
-0.460203
-0.438188
-0.417795
-0.399144
-0.384383
-0.39365
-0.556551
-0.523042
-0.499254
-0.476241
-0.453799
-0.432399
-0.412243
-0.39373
-0.379168
-0.38737
-0.543679
-0.512706
-0.490398
-0.46858
-0.447058
-0.426191
-0.405959
-0.386787
-0.368936
-0.364458
-0.530385
-0.502038
-0.481267
-0.460686
-0.440114
-0.419763
-0.399316
-0.378895
-0.352442
-0.296216
-0.516841
-0.491171
-0.471976
-0.452678
-0.433116
-0.413409
-0.393061
-0.372294
-0.345042
-0.285659
-0.503215
-0.480232
-0.462637
-0.444663
-0.426185
-0.407291
-0.387479
-0.367247
-0.342303
-0.290456
-0.48967
-0.469342
-0.453353
-0.436728
-0.419395
-0.401446
-0.382456
-0.363089
-0.340148
-0.294685
-0.476351
-0.458614
-0.444213
-0.428948
-0.412799
-0.395876
-0.377858
-0.359491
-0.33823
-0.29807
-0.463389
-0.448148
-0.435302
-0.421387
-0.406435
-0.390582
-0.373614
-0.356319
-0.336662
-0.301228
-0.450896
-0.438035
-0.426693
-0.4141
-0.400339
-0.385569
-0.369676
-0.353463
-0.335305
-0.304039
-0.43897
-0.428355
-0.41845
-0.407135
-0.394538
-0.380839
-0.36601
-0.350837
-0.33403
-0.30637
-0.427693
-0.419177
-0.410631
-0.400536
-0.389059
-0.376396
-0.362591
-0.348393
-0.332782
-0.308225
-0.417134
-0.410563
-0.403289
-0.394342
-0.383926
-0.372247
-0.359407
-0.346107
-0.33155
-0.309655
-0.407352
-0.402567
-0.396469
-0.38859
-0.379163
-0.368402
-0.356457
-0.343971
-0.330337
-0.310724
-0.398401
-0.395236
-0.390211
-0.383311
-0.374794
-0.364876
-0.353745
-0.341985
-0.329157
-0.311495
-0.390323
-0.388614
-0.384554
-0.378537
-0.370841
-0.361684
-0.351281
-0.340161
-0.328028
-0.312025
-0.383163
-0.382736
-0.379529
-0.374294
-0.367326
-0.358842
-0.349079
-0.338513
-0.326973
-0.312369
-0.376955
-0.377635
-0.375166
-0.370608
-0.36427
-0.356367
-0.347153
-0.337057
-0.326016
-0.312573
-0.37173
-0.37334
-0.37149
-0.3675
-0.361691
-0.354276
-0.345519
-0.335811
-0.325179
-0.31268
-0.367516
-0.369874
-0.368523
-0.36499
-0.359607
-0.352582
-0.344192
-0.334792
-0.324482
-0.312724
-0.364336
-0.367258
-0.366282
-0.363094
-0.358031
-0.3513
-0.343184
-0.334014
-0.323944
-0.312732
-0.362205
-0.365505
-0.364781
-0.361823
-0.356974
-0.350439
-0.342506
-0.333488
-0.323577
-0.312726
-0.361137
-0.364626
-0.364028
-0.361185
-0.356443
-0.350007
-0.342165
-0.333222
-0.323391
-0.312719
-0.302994
-0.289276
-0.275188
-0.260036
-0.244247
-0.22814
-0.211946
-0.1959
-0.180184
-0.164941
-0.150279
-0.136271
-0.12297
-0.110402
-0.0985852
-0.0875104
-0.0771927
-0.0675639
-0.0587101
-0.0503859
-0.0429879
-0.0356689
-0.0299026
-0.0229112
-0.0195226
-0.0111998
-0.0124802
0.00137941
-0.01086
0.0193408
-0.303622
-0.289598
-0.27546
-0.260261
-0.244434
-0.228302
-0.21209
-0.196031
-0.180304
-0.165052
-0.150381
-0.136365
-0.123055
-0.110479
-0.0986544
-0.087572
-0.0772472
-0.0676118
-0.0587517
-0.0504219
-0.0430188
-0.0356954
-0.0299244
-0.0229307
-0.0195363
-0.0112159
-0.0124844
0.00135972
-0.0108486
0.0192991
-0.304875
-0.29024
-0.276001
-0.260709
-0.244806
-0.228625
-0.212377
-0.196292
-0.180543
-0.165273
-0.150584
-0.136551
-0.123225
-0.110633
-0.0987925
-0.0876952
-0.077356
-0.0677073
-0.0588349
-0.050494
-0.0430803
-0.0357485
-0.0299679
-0.0229698
-0.0195635
-0.0112482
-0.012493
0.0013204
-0.0108259
0.0192158
-0.30674
-0.291192
-0.276803
-0.261373
-0.245357
-0.229104
-0.212803
-0.196679
-0.1809
-0.165602
-0.150888
-0.13683
-0.123479
-0.110863
-0.0989992
-0.0878793
-0.0775189
-0.0678502
-0.0589593
-0.0506017
-0.0431724
-0.0358278
-0.0300329
-0.0230283
-0.0196042
-0.0112964
-0.0125057
0.00126161
-0.0107919
0.0190916
-0.309203
-0.292446
-0.277857
-0.262244
-0.24608
-0.229733
-0.213364
-0.197191
-0.181371
-0.166038
-0.15129
-0.1372
-0.123817
-0.111168
-0.0992736
-0.0881238
-0.0777351
-0.0680399
-0.0591246
-0.0507448
-0.0432946
-0.0359331
-0.0301192
-0.023106
-0.0196582
-0.0113605
-0.0125226
0.00118353
-0.0107468
0.0189271
-0.312241
-0.293987
-0.279148
-0.263311
-0.246966
-0.230505
-0.214055
-0.197821
-0.181954
-0.166577
-0.151789
-0.137659
-0.124236
-0.111548
-0.0996147
-0.0884278
-0.078004
-0.068276
-0.0593301
-0.0509227
-0.0434466
-0.0360641
-0.0302264
-0.0232026
-0.0197253
-0.0114403
-0.0125436
0.00108646
-0.010691
0.0187233
-0.315824
-0.295798
-0.280659
-0.264559
-0.248002
-0.231411
-0.214868
-0.198566
-0.182643
-0.167218
-0.152382
-0.138205
-0.124735
-0.112
-0.100021
-0.0887904
-0.0783247
-0.0685574
-0.0595751
-0.0511348
-0.0436277
-0.0362203
-0.0303542
-0.0233178
-0.0198053
-0.0115354
-0.0125686
0.000970716
-0.0106246
0.0184813
-0.319915
-0.297859
-0.282367
-0.26597
-0.249177
-0.23244
-0.215795
-0.199419
-0.183435
-0.167955
-0.153066
-0.138835
-0.125312
-0.112523
-0.100492
-0.0892102
-0.0786961
-0.0688834
-0.0598589
-0.0513806
-0.0438375
-0.0364011
-0.0305021
-0.0234513
-0.0198977
-0.0116457
-0.0125975
0.000836712
-0.010548
0.0182025
-0.324469
-0.30015
-0.284249
-0.267524
-0.250474
-0.23358
-0.216827
-0.200372
-0.184324
-0.168785
-0.153838
-0.139548
-0.125964
-0.113116
-0.101025
-0.0896859
-0.079117
-0.0692529
-0.0601805
-0.051659
-0.0440751
-0.0366061
-0.0306696
-0.0236026
-0.0200023
-0.0117708
-0.0126302
0.000684899
-0.0104616
0.0178884
-0.329423
-0.302647
-0.286275
-0.269198
-0.251877
-0.234819
-0.217955
-0.20142
-0.185305
-0.169703
-0.154693
-0.140339
-0.12669
-0.113776
-0.101619
-0.0902159
-0.079586
-0.0696646
-0.0605389
-0.0519693
-0.0443398
-0.0368344
-0.0308559
-0.0237712
-0.0201187
-0.0119103
-0.0126666
0.000515786
-0.0103658
0.0175407
-0.3347
-0.305324
-0.288411
-0.270966
-0.253368
-0.236143
-0.219169
-0.202553
-0.186371
-0.170705
-0.155629
-0.141207
-0.127486
-0.1145
-0.102272
-0.0907985
-0.0801017
-0.0701173
-0.0609328
-0.0523103
-0.0446305
-0.0370853
-0.0310606
-0.0239565
-0.0202463
-0.0120639
-0.0127065
0.00032993
-0.0102611
0.0171612
-0.340194
-0.308155
-0.290622
-0.272799
-0.25493
-0.23754
-0.220459
-0.203766
-0.187516
-0.171785
-0.156641
-0.142146
-0.12835
-0.115286
-0.102981
-0.0914318
-0.0806623
-0.0706095
-0.061361
-0.052681
-0.0449464
-0.037358
-0.0312827
-0.0241581
-0.0203848
-0.012231
-0.0127499
0.000127934
-0.010148
0.0167519
-0.345755
-0.311113
-0.292867
-0.274665
-0.256543
-0.238995
-0.221815
-0.205049
-0.188735
-0.172938
-0.157724
-0.143154
-0.129279
-0.116133
-0.103744
-0.092114
-0.0812663
-0.0711398
-0.0618222
-0.0530803
-0.0452865
-0.0376517
-0.0315217
-0.0243752
-0.0205337
-0.0124113
-0.0127967
-8.95656e-05
-0.0100271
0.0163147
-0.351175
-0.314163
-0.295107
-0.276528
-0.258186
-0.240496
-0.223228
-0.206396
-0.190022
-0.174161
-0.158877
-0.144229
-0.13027
-0.117037
-0.10456
-0.0928437
-0.0819123
-0.071707
-0.0623155
-0.0535073
-0.0456499
-0.0379656
-0.0317768
-0.0246074
-0.0206925
-0.0126042
-0.0128467
-0.000321909
-0.00989894
0.0158518
-0.356144
-0.317241
-0.297288
-0.278344
-0.259835
-0.242026
-0.224685
-0.207799
-0.191369
-0.175446
-0.160091
-0.145364
-0.131319
-0.117995
-0.105426
-0.0936177
-0.0825978
-0.0723088
-0.0628385
-0.05396
-0.0460348
-0.0382983
-0.0320467
-0.0248536
-0.0208603
-0.0128091
-0.0128995
-0.000568369
-0.00976393
0.0153652
-0.360163
-0.320227
-0.299357
-0.280064
-0.261459
-0.243566
-0.22617
-0.209239
-0.19276
-0.17678
-0.161355
-0.146548
-0.132414
-0.118996
-0.106332
-0.0944278
-0.0833152
-0.0729388
-0.0633859
-0.0544338
-0.0464374
-0.0386465
-0.0323288
-0.0251117
-0.0210355
-0.0130247
-0.0129545
-0.000828032
-0.00962244
0.0148572
-0.362591
-0.323085
-0.301346
-0.281684
-0.263053
-0.245113
-0.227681
-0.210716
-0.194195
-0.178159
-0.162665
-0.147777
-0.133552
-0.120038
-0.107274
-0.0952713
-0.0840624
-0.0735949
-0.063956
-0.0549276
-0.0468569
-0.0390098
-0.032623
-0.0253817
-0.0212188
-0.0132509
-0.0130131
-0.00109999
-0.00947661
0.0143299
-0.36297
-0.325908
-0.303333
-0.283242
-0.264662
-0.246731
-0.22929
-0.212307
-0.195752
-0.179664
-0.1641
-0.149126
-0.134805
-0.121186
-0.108313
-0.0962011
-0.0848859
-0.0743176
-0.0645836
-0.0554705
-0.0473181
-0.0394082
-0.0329465
-0.025676
-0.0214218
-0.0134939
-0.0130831
-0.0013848
-0.00933241
0.0137854
-0.359223
-0.327359
-0.30482
-0.284495
-0.266152
-0.248365
-0.230989
-0.214035
-0.197477
-0.181356
-0.165733
-0.150676
-0.136254
-0.122521
-0.109527
-0.0972906
-0.0858521
-0.0751657
-0.0653191
-0.0561047
-0.0478547
-0.0398685
-0.0333183
-0.0260092
-0.021652
-0.0137601
-0.0131648
-0.00168573
-0.0091857
0.0132243
-0.3404
-0.323384
-0.304579
-0.284582
-0.266752
-0.249267
-0.232042
-0.215175
-0.198664
-0.182558
-0.166924
-0.151833
-0.137357
-0.123555
-0.11048
-0.098157
-0.0866269
-0.075851
-0.0659137
-0.0566204
-0.0482847
-0.040243
-0.0336055
-0.0262853
-0.0218108
-0.0140003
-0.0131814
-0.00199795
-0.00897757
0.0126446
-0.288241
-0.31392
-0.304306
-0.284665
-0.267013
-0.249555
-0.232218
-0.215212
-0.198572
-0.182359
-0.166646
-0.151506
-0.137005
-0.123199
-0.110134
-0.0978337
-0.0863301
-0.0755897
-0.06568
-0.0564319
-0.0481108
-0.0401339
-0.0334746
-0.0262709
-0.0216873
-0.0141224
-0.0129936
-0.00235713
-0.00858629
0.0119165
-0.268661
-0.300528
-0.296289
-0.278445
-0.262281
-0.245969
-0.229425
-0.213024
-0.196871
-0.181056
-0.16567
-0.150798
-0.136516
-0.122887
-0.109962
-0.0977706
-0.086348
-0.075671
-0.0657994
-0.0565892
-0.04827
-0.0403296
-0.0336268
-0.0264975
-0.0217847
-0.0144133
-0.0129605
-0.0028205
-0.0082665
0.0110363
-0.260738
-0.288597
-0.286529
-0.270416
-0.255749
-0.240734
-0.225189
-0.209593
-0.194111
-0.178858
-0.163947
-0.149474
-0.135525
-0.12217
-0.109469
-0.0974579
-0.0861763
-0.0756119
-0.0658196
-0.0566789
-0.0483895
-0.0405025
-0.0337763
-0.0267247
-0.0219015
-0.0147113
-0.0129603
-0.00328547
-0.00798601
0.0101255
-0.254771
-0.277366
-0.27691
-0.262412
-0.248956
-0.235119
-0.220555
-0.205774
-0.190985
-0.176323
-0.161917
-0.147874
-0.13429
-0.12124
-0.108792
-0.0969895
-0.0858747
-0.075446
-0.065754
-0.0567006
-0.0484571
-0.0406365
-0.0338987
-0.0269342
-0.0220077
-0.0150081
-0.0129574
-0.00376672
-0.00769663
0.00916112
-0.248909
-0.26638
-0.267069
-0.254141
-0.241764
-0.229047
-0.215484
-0.201555
-0.187504
-0.173481
-0.159624
-0.146052
-0.132868
-0.120158
-0.107993
-0.0964236
-0.0854978
-0.0752234
-0.0656479
-0.0566943
-0.048508
-0.0407613
-0.0340198
-0.0271464
-0.0221211
-0.0153155
-0.0129633
-0.00426979
-0.00740338
0.00814138
-0.242491
-0.255401
-0.256701
-0.245304
-0.233976
-0.222362
-0.209837
-0.196817
-0.183567
-0.170245
-0.156998
-0.143953
-0.13122
-0.118892
-0.107047
-0.095745
-0.0850364
-0.0749394
-0.0655001
-0.0566614
-0.0485458
-0.0408812
-0.0341454
-0.0273654
-0.0222486
-0.0156357
-0.012986
-0.00479203
-0.00711713
0.00707347
-0.235061
-0.24417
-0.245696
-0.2358
-0.225539
-0.215019
-0.203566
-0.191511
-0.179125
-0.166569
-0.153993
-0.141533
-0.129305
-0.117408
-0.105927
-0.0949293
-0.0844702
-0.0745777
-0.0652978
-0.0565918
-0.0485632
-0.0409905
-0.0342722
-0.0275884
-0.0223901
-0.0159666
-0.0130285
-0.00532958
-0.00684485
0.0059661
-0.226324
-0.232469
-0.233988
-0.225567
-0.216418
-0.206996
-0.196647
-0.185609
-0.174144
-0.162417
-0.150577
-0.138763
-0.127095
-0.115681
-0.10461
-0.0939562
-0.0837821
-0.0741241
-0.0650295
-0.0564765
-0.0485532
-0.041084
-0.0343968
-0.0278127
-0.0225448
-0.016306
-0.0130925
-0.00587871
-0.00659259
0.00482933
-0.216143
-0.220148
-0.221536
-0.214557
-0.206578
-0.198272
-0.189055
-0.179083
-0.168598
-0.157761
-0.146719
-0.13561
-0.124562
-0.113683
-0.103071
-0.092806
-0.0829552
-0.0735646
-0.0646838
-0.0563066
-0.048509
-0.0411567
-0.0345158
-0.0280354
-0.0227121
-0.016652
-0.0131802
-0.00643536
-0.00636672
0.00367539
-0.204503
-0.207115
-0.208342
-0.202761
-0.196009
-0.188841
-0.180781
-0.171916
-0.162463
-0.152574
-0.14239
-0.132049
-0.121678
-0.111391
-0.101289
-0.0914576
-0.0819715
-0.072884
-0.0642482
-0.0560721
-0.0484229
-0.0412026
-0.0346252
-0.0282533
-0.0228905
-0.017002
-0.0132928
-0.00699496
-0.00617351
0.00251882
-0.191483
-0.193347
-0.194455
-0.190216
-0.18473
-0.178723
-0.171836
-0.164112
-0.155733
-0.146842
-0.137572
-0.128056
-0.11842
-0.108779
-0.099239
-0.0898904
-0.0808123
-0.0720661
-0.063709
-0.0557616
-0.0482856
-0.0412147
-0.0347194
-0.0284623
-0.0230778
-0.0173531
-0.0134309
-0.00755243
-0.00601865
0.00137627
-0.177255
-0.178892
-0.179971
-0.177007
-0.172802
-0.167968
-0.162259
-0.155695
-0.148422
-0.140569
-0.132259
-0.123619
-0.114771
-0.10583
-0.0969033
-0.0880854
-0.0794599
-0.0710949
-0.0630519
-0.0553632
-0.0480873
-0.0411849
-0.0347923
-0.0286576
-0.0232704
-0.0177019
-0.0135938
-0.00810232
-0.00590676
0.000266063
-0.16207
-0.163868
-0.165034
-0.163265
-0.160323
-0.156657
-0.152118
-0.146715
-0.140563
-0.133775
-0.126461
-0.118739
-0.110725
-0.102532
-0.0942675
-0.0860272
-0.0778986
-0.0699553
-0.0622634
-0.0548648
-0.0478172
-0.0411047
-0.0348365
-0.0288335
-0.023464
-0.0180443
-0.0137796
-0.00863881
-0.00584103
-0.00079235
-0.146242
-0.148454
-0.149826
-0.149159
-0.147429
-0.144905
-0.141508
-0.13725
-0.132217
-0.126503
-0.120206
-0.113431
-0.106288
-0.0988852
-0.0913253
-0.0837061
-0.0761168
-0.068635
-0.0613308
-0.0542547
-0.047465
-0.0409649
-0.0348441
-0.0289835
-0.0236529
-0.0183756
-0.0139852
-0.00915586
-0.00582278
-0.00177923
-0.130118
-0.132876
-0.134556
-0.134887
-0.134287
-0.132853
-0.130551
-0.127401
-0.123465
-0.118817
-0.113541
-0.10773
-0.101482
-0.0948994
-0.08808
-0.0811198
-0.0741081
-0.0671254
-0.0602446
-0.0535231
-0.0470206
-0.0407566
-0.0348068
-0.029101
-0.0238308
-0.0186908
-0.0142058
-0.00964728
-0.00585109
-0.00267563
-0.114049
-0.117385
-0.119444
-0.120661
-0.121081
-0.120661
-0.119391
-0.117293
-0.114412
-0.110804
-0.106535
-0.101686
-0.0963439
-0.0905998
-0.0845464
-0.0782752
-0.0718738
-0.0654233
-0.0589986
-0.0526623
-0.0464759
-0.0404719
-0.0347164
-0.0291789
-0.0239906
-0.0189841
-0.0144357
-0.0101069
-0.00592265
-0.00346458
-0.0983603
-0.102233
-0.104707
-0.106689
-0.108005
-0.108504
-0.108182
-0.107064
-0.105179
-0.102564
-0.0992728
-0.095368
-0.0909256
-0.0860256
-0.0807519
-0.0751898
-0.0694234
-0.0635325
-0.0575924
-0.0516688
-0.0458252
-0.040104
-0.0345658
-0.0292105
-0.0241251
-0.0192498
-0.0146678
-0.0105288
-0.00603187
-0.00413216
-0.0833298
-0.0876515
-0.0905404
-0.0931677
-0.0952458
-0.096554
-0.0970835
-0.096859
-0.0958947
-0.0942127
-0.0918497
-0.088858
-0.0852948
-0.0812296
-0.0767364
-0.0718926
-0.0667765
-0.0614648
-0.0560314
-0.0505439
-0.0450664
-0.0396491
-0.0343492
-0.02919
-0.0242272
-0.0194822
-0.0148946
-0.0109075
-0.00617125
-0.00466867
-0.0691742
-0.0738365
-0.077112
-0.0802663
-0.0829723
-0.0849733
-0.0862509
-0.0868238
-0.0866951
-0.0858726
-0.0843786
-0.0822491
-0.0795303
-0.0762768
-0.0725518
-0.0684233
-0.0639622
-0.0592404
-0.0543287
-0.0492944
-0.0442019
-0.0391063
-0.0340633
-0.0291131
-0.0242907
-0.0196763
-0.0151084
-0.0112383
-0.0063317
-0.00506974
-0.0560463
-0.0609385
-0.0645522
-0.0681233
-0.0713304
-0.0739082
-0.0758269
-0.0770969
-0.0777114
-0.0776657
-0.0769689
-0.0756427
-0.0737198
-0.0712421
-0.0682603
-0.064832
-0.0610196
-0.0568884
-0.0525048
-0.0479341
-0.0432394
-0.0384791
-0.0337077
-0.0289777
-0.024311
-0.0198277
-0.0153019
-0.0115177
-0.0065033
-0.00533693
-0.0440401
-0.0490621
-0.0529553
-0.0568441
-0.0604381
-0.0634826
-0.065938
-0.0678048
-0.0690676
-0.0697113
-0.0697329
-0.0691415
-0.0679565
-0.0662073
-0.0639321
-0.0611774
-0.0579963
-0.0544464
-0.0505881
-0.046483
-0.0421924
-0.0377755
-0.033286
-0.0287843
-0.0242854
-0.0199338
-0.0154687
-0.0117437
-0.00667602
-0.00547804
-0.0332017
-0.0382713
-0.0423833
-0.0465044
-0.0503863
-0.0537979
-0.0566919
-0.0590592
-0.0608769
-0.0621214
-0.0627793
-0.0628481
-0.0623354
-0.0612582
-0.0596433
-0.0575254
-0.0549478
-0.0519594
-0.048614
-0.0449683
-0.0410803
-0.0370085
-0.0328057
-0.0285367
-0.024214
-0.0199939
-0.0156042
-0.0119164
-0.00684064
-0.0055067
-0.0235431
-0.0285983
-0.0328723
-0.0371549
-0.0412426
-0.0449344
-0.0481787
-0.0509572
-0.0532408
-0.0549994
-0.0562108
-0.0568626
-0.0569516
-0.0564836
-0.0554739
-0.053947
-0.0519353
-0.0494792
-0.0466249
-0.0434234
-0.0399284
-0.0361964
-0.0322791
-0.0282425
-0.0240997
-0.0200095
-0.0157056
-0.0120378
-0.0069895
-0.00544153
-0.0150557
-0.020054
-0.0244411
-0.0288291
-0.0330569
-0.036956
-0.0404731
-0.0435824
-0.0462499
-0.0484401
-0.050124
-0.051281
-0.0518984
-0.051972
-0.0515068
-0.0505172
-0.0490253
-0.0470631
-0.044669
-0.0418876
-0.0387676
-0.0353626
-0.0317226
-0.027913
-0.0239488
-0.0199851
-0.0157728
-0.0121123
-0.00711716
-0.00530469
-0.00772311
-0.0126392
-0.0170999
-0.0215509
-0.0258682
-0.0299155
-0.0336397
-0.0370092
-0.0399862
-0.0425314
-0.0446106
-0.0461962
-0.0472677
-0.0478123
-0.0478258
-0.0473129
-0.0462881
-0.0447734
-0.0427997
-0.0404054
-0.0376341
-0.0345354
-0.0311573
-0.0275634
-0.0237712
-0.0199276
-0.0158082
-0.0121466
-0.00722084
-0.00512021
-0.0015303
-0.00635391
-0.0108583
-0.0153421
-0.0197119
-0.023861
-0.0277381
-0.0313072
-0.0345277
-0.0373578
-0.0397594
-0.0416994
-0.0431511
-0.0440943
-0.0445173
-0.0444165
-0.043798
-0.0426761
-0.0410749
-0.0390261
-0.0365685
-0.0337473
-0.0306083
-0.0272123
-0.0235797
-0.0198467
-0.0158168
-0.0121491
-0.0073005
-0.00491219
0.00352389
-0.00120798
-0.0057348
-0.0102312
-0.014628
-0.0188436
-0.0228297
-0.0265469
-0.0299528
-0.0330041
-0.0356598
-0.0378828
-0.0396414
-0.0409098
-0.0416696
-0.0419108
-0.0416321
-0.0408417
-0.0395567
-0.0378034
-0.0356156
-0.0330349
-0.0301043
-0.0268817
-0.0233901
-0.0197544
-0.0158062
-0.0121299
-0.00735825
-0.00470322
0.00742831
0.00277559
-0.001761
-0.00625919
-0.0106674
-0.0149244
-0.0189845
-0.0228065
-0.0263468
-0.0295611
-0.0324065
-0.0348433
-0.036836
-0.0383545
-0.0393756
-0.0398838
-0.0398724
-0.0393442
-0.038311
-0.0367943
-0.0348238
-0.0324376
-0.0296767
-0.0265957
-0.0232203
-0.0196645
-0.0157855
-0.0121
-0.00739823
-0.00451232
0.010126
0.00553612
0.000998666
-0.00349542
-0.00790586
-0.0121856
-0.0162914
-0.0201806
-0.023809
-0.0271319
-0.0301052
-0.0326874
-0.0348406
-0.0365318
-0.0377343
-0.038429
-0.0386053
-0.038262
-0.0374073
-0.0360591
-0.0342441
-0.0319976
-0.029359
-0.0263805
-0.0230897
-0.0195915
-0.0157655
-0.0120696
-0.00743181
-0.00435122
0.0115601
0.00699837
0.0024591
-0.00203378
-0.00644565
-0.0107368
-0.0148656
-0.018789
-0.0224625
-0.0258412
-0.0288807
-0.0315384
-0.0337754
-0.035557
-0.0368549
-0.0376481
-0.0379239
-0.0376789
-0.0369193
-0.0356612
-0.0339294
-0.031758
-0.0291854
-0.0262618
-0.0230178
-0.0195484
-0.015758
-0.0120425
-0.00748193
-0.0042283
-0.230348
-0.243032
-0.254506
-0.264841
-0.274121
-0.282445
-0.289922
-0.296669
-0.302807
-0.308462
-0.313752
-0.318791
-0.323676
-0.328494
-0.333364
-0.338411
-0.34342
-0.349282
-0.365087
-0.389936
-0.208435
-0.221046
-0.232697
-0.243458
-0.253409
-0.262642
-0.271256
-0.279361
-0.28707
-0.294505
-0.30179
-0.309054
-0.31643
-0.324063
-0.332158
-0.340875
-0.349818
-0.35998
-0.379919
-0.398428
-0.187612
-0.200206
-0.212047
-0.22318
-0.233663
-0.243558
-0.252935
-0.26187
-0.270446
-0.278752
-0.286886
-0.294948
-0.303047
-0.311306
-0.319903
-0.32892
-0.33789
-0.347956
-0.366865
-0.381965
-0.167541
-0.17979
-0.191437
-0.202518
-0.213074
-0.22315
-0.232801
-0.242086
-0.251071
-0.259829
-0.26844
-0.276993
-0.28558
-0.294316
-0.303362
-0.312771
-0.322127
-0.332683
-0.351271
-0.364962
-0.148414
-0.160242
-0.171599
-0.182514
-0.193019
-0.203151
-0.212955
-0.222477
-0.231772
-0.240901
-0.249932
-0.258936
-0.267994
-0.277202
-0.286696
-0.296487
-0.306203
-0.317075
-0.334974
-0.347395
-0.130317
-0.141675
-0.152672
-0.163331
-0.173677
-0.183739
-0.193553
-0.203157
-0.212594
-0.221912
-0.231166
-0.240414
-0.24972
-0.259163
-0.268853
-0.278779
-0.288624
-0.299573
-0.316656
-0.328269
-0.113266
-0.124102
-0.134663
-0.144969
-0.15504
-0.164901
-0.174578
-0.184102
-0.193507
-0.202834
-0.212126
-0.22143
-0.230798
-0.240297
-0.250015
-0.25993
-0.269786
-0.280689
-0.296899
-0.307917
-0.0972624
-0.107538
-0.117608
-0.127488
-0.137195
-0.146748
-0.156169
-0.165483
-0.174719
-0.183908
-0.193086
-0.202291
-0.211567
-0.220968
-0.230568
-0.240336
-0.250073
-0.260783
-0.276016
-0.286489
-0.0822921
-0.0919864
-0.101528
-0.110929
-0.120203
-0.129367
-0.138438
-0.147437
-0.156387
-0.165314
-0.174246
-0.183216
-0.192258
-0.20142
-0.210759
-0.220247
-0.22973
-0.2401
-0.254254
-0.264174
-0.0683215
-0.0774262
-0.086417
-0.0953041
-0.104099
-0.112814
-0.121464
-0.130066
-0.138639
-0.147204
-0.155783
-0.164405
-0.173097
-0.181898
-0.190856
-0.199943
-0.20905
-0.218942
-0.231928
-0.241252
-0.055313
-0.0638287
-0.0722593
-0.0806126
-0.0888976
-0.0971246
-0.105305
-0.113453
-0.121583
-0.129711
-0.137859
-0.146045
-0.154295
-0.162641
-0.171119
-0.179707
-0.18833
-0.197627
-0.209382
-0.218062
-0.0432106
-0.0511498
-0.0590235
-0.066838
-0.0746
-0.0823175
-0.0899998
-0.097657
-0.105301
-0.112946
-0.120606
-0.128298
-0.136042
-0.143864
-0.151792
-0.159807
-0.167863
-0.176474
-0.186975
-0.194972
-0.0319714
-0.0393505
-0.046678
-0.0539584
-0.0611966
-0.0683983
-0.0755701
-0.08272
-0.0898566
-0.0969903
-0.104133
-0.111296
-0.118497
-0.125754
-0.133089
-0.140488
-0.147923
-0.155794
-0.165059
-0.17236
-0.0215401
-0.028383
-0.0351835
-0.0419445
-0.0486691
-0.055361
-0.062025
-0.0686664
-0.0752913
-0.0819072
-0.0885223
-0.0951461
-0.10179
-0.108468
-0.115195
-0.121963
-0.128756
-0.135869
-0.14396
-0.150574
-0.0118706
-0.0182051
-0.0245032
-0.0307662
-0.0369957
-0.043194
-0.0493638
-0.0555083
-0.0616317
-0.0677385
-0.0738344
-0.0799257
-0.08602
-0.0921274
-0.0982579
-0.104405
-0.110562
-0.116936
-0.123951
-0.129913
-0.00292301
-0.00877945
-0.0146033
-0.0203946
-0.0261538
-0.0318817
-0.0375795
-0.0432487
-0.0488915
-0.0545103
-0.0601085
-0.0656898
-0.0712588
-0.0768218
-0.0823847
-0.0879431
-0.093496
-0.0991766
-0.105239
-0.110602
0.00534231
-6.94592e-05
-0.00545085
-0.0108011
-0.0161196
-0.021406
-0.0266603
-0.0318827
-0.0370738
-0.0422345
-0.0473662
-0.0524706
-0.0575499
-0.0626076
-0.0676464
-0.0726637
-0.0776602
-0.0827129
-0.0879587
-0.0927864
0.0129531
0.00795231
0.00298034
-0.00196129
-0.00687125
-0.0117483
-0.0165916
-0.0214003
-0.0261738
-0.0309118
-0.0356144
-0.0402816
-0.044914
-0.0495129
-0.054079
-0.0586108
-0.063109
-0.0676102
-0.0721758
-0.0765349
0.019938
0.0153132
0.0107162
0.00614894
0.00161335
-0.00288883
-0.00735598
-0.0117866
-0.0161794
-0.0205332
-0.024847
-0.02912
-0.0333516
-0.0375414
-0.0416891
-0.0457938
-0.0498556
-0.0538836
-0.0578955
-0.0618493
0.0263184
0.0220349
0.0177784
0.013551
0.00935504
0.00519267
0.00106589
-0.00302336
-0.00707327
-0.0110822
-0.0150484
-0.0189707
-0.0228475
-0.0266777
-0.0304604
-0.034195
-0.0378808
-0.0415102
-0.0450782
-0.0486832
0.032113
0.0281367
0.0241865
0.0202648
0.016374
0.0125166
0.0086947
0.00491053
0.00116615
-0.00253647
-0.00619543
-0.00980898
-0.0133754
-0.016893
-0.0203606
-0.023778
-0.0271434
-0.0304409
-0.0336563
-0.036961
0.037339
0.0336366
0.0299594
0.0263099
0.0226906
0.019104
0.0155525
0.0120382
0.00856328
0.0051299
0.00174002
-0.00160447
-0.00490175
-0.00815001
-0.0113479
-0.0144953
-0.0175901
-0.0206132
-0.0235488
-0.026594
0.0420077
0.0385474
0.0351113
0.0317021
0.0283221
0.0249739
0.0216598
0.0183819
0.0151425
0.0119435
0.00878712
0.00567507
0.00260919
-0.000408737
-0.00337739
-0.00629666
-0.00916416
-0.0119612
-0.0146741
-0.0174946
0.0461315
0.0428825
0.0396569
0.0364571
0.0332856
0.0301447
0.0270366
0.0239636
0.0209276
0.0179306
0.0149746
0.0120613
0.00919249
0.00636976
0.00359437
0.000866538
-0.00181138
-0.00442306
-0.00695831
-0.0095846
0.0497147
0.0466481
0.0436038
0.0405844
0.0375922
0.0346292
0.0316977
0.0287996
0.025937
0.0231117
0.0203255
0.01758
0.0148769
0.0122175
0.0096032
0.0070342
0.00451272
0.0020518
-0.00034176
-0.00280194
0.0527594
0.0498472
0.0469566
0.0440898
0.0412489
0.038436
0.0356531
0.0329021
0.0301847
0.0275027
0.0248577
0.0222513
0.0196849
0.0171598
0.0146772
0.0122375
0.00984254
0.00750202
0.00521993
0.00289845
0.0552611
0.0524759
0.0497115
0.0469698
0.044253
0.0415627
0.038901
0.0362695
0.0336699
0.0311037
0.0285725
0.0260776
0.0236203
0.021202
0.0188235
0.0164855
0.0141896
0.0119422
0.00974525
0.00753538
0.0572
0.0545166
0.0518532
0.0492117
0.0465937
0.0440009
0.0414351
0.0388978
0.0363903
0.0339143
0.0314709
0.0290614
0.0266871
0.024349
0.0220481
0.019785
0.0175611
0.0153802
0.0132428
0.0111147
0.0585554
0.0559436
0.0533512
0.0507796
0.0482307
0.0457058
0.0432064
0.0407341
0.0382901
0.0358757
0.0334922
0.0311406
0.0288221
0.0265376
0.0242881
0.0220742
0.0198971
0.0177584
0.0156583
0.0135835
0.0592685
0.0567096
0.0541692
0.0516486
0.049149
0.0466717
0.0442179
0.0417887
0.0393852
0.0370084
0.0346595
0.0323394
0.0300489
0.0277892
0.0255609
0.0233649
0.0212023
0.0190739
0.0169796
0.0149167
0.293742
0.250476
0.210322
0.177092
0.144899
0.113175
0.0823407
0.0524334
0.023453
-0.00458504
-0.0316428
-0.0571116
-0.0815663
-0.104756
-0.126674
-0.147301
-0.166597
-0.184542
-0.201137
-0.216397
0.2779
0.241084
0.202499
0.171208
0.141219
0.111538
0.0827891
0.0550705
0.0283405
0.00261587
-0.0219757
-0.0450111
-0.0682104
-0.0898241
-0.11015
-0.129343
-0.147401
-0.16432
-0.180113
-0.194806
0.253001
0.219669
0.184947
0.15698
0.130481
0.104204
0.0786983
0.0540908
0.0303186
0.00736467
-0.0148768
-0.0366373
-0.0564389
-0.0758342
-0.0944471
-0.112162
-0.128987
-0.144931
-0.160003
-0.174222
0.231378
0.201631
0.170852
0.145817
0.122167
0.0987184
0.0759215
0.0539157
0.0326388
0.012072
-0.00779427
-0.0270074
-0.0453101
-0.063046
-0.0800938
-0.0964101
-0.112012
-0.126913
-0.141124
-0.154661
0.21242
0.186075
0.159052
0.136776
0.115701
0.094799
0.0744333
0.0547398
0.0356667
0.0171847
-0.000707333
-0.0180073
-0.0346727
-0.0508833
-0.0664935
-0.0815174
-0.0959789
-0.109889
-0.123255
-0.136091
0.195978
0.172544
0.14887
0.129101
0.110344
0.091742
0.0735806
0.0559777
0.0388913
0.0222898
0.00616496
-0.00948021
-0.0246168
-0.0393981
-0.0536978
-0.0675344
-0.080931
-0.0938978
-0.106443
-0.118579
0.181848
0.160958
0.140257
0.122748
0.106058
0.0894994
0.0732983
0.057552
0.0422261
0.0272921
0.0127394
-0.00145661
-0.015332
-0.0286855
-0.041759
-0.0545043
-0.0669054
-0.0789717
-0.0907137
-0.102141
0.169743
0.151109
0.133026
0.117538
0.102686
0.0879363
0.0734721
0.0593721
0.045609
0.0321585
0.0190123
0.00616098
-0.00640868
-0.018658
-0.03066
-0.0423978
-0.0538685
-0.0650808
-0.0760444
-0.0867683
0.159437
0.142811
0.12701
0.113308
0.100079
0.0869228
0.0739912
0.0613468
0.0489676
0.0368333
0.0249354
0.0132671
0.00182622
-0.00937581
-0.0204011
-0.0312008
-0.0417925
-0.0521915
-0.0624034
-0.0724343
0.150713
0.135875
0.122047
0.109911
0.0981117
0.0863562
0.0747751
0.0634176
0.0522663
0.0413057
0.0305295
0.0199341
0.00954211
-0.000590507
-0.0108398
-0.0208217
-0.0306052
-0.0402406
-0.049736
-0.0590941
0.143361
0.130114
0.117984
0.107213
0.0966693
0.0861431
0.0757485
0.0655236
0.0554532
0.0455245
0.0357331
0.026073
0.0165103
0.00699377
-0.00213308
-0.0112436
-0.0202748
-0.0291926
-0.0380004
-0.0467055
0.137191
0.125358
0.114687
0.105105
0.0956624
0.0862168
0.0768681
0.0676466
0.0585403
0.0495398
0.0406428
0.0318489
0.0231531
0.0145454
0.0060568
-0.00236168
-0.0107005
-0.0189506
-0.0271155
-0.0352007
0.132033
0.121457
0.112039
0.10349
0.0950141
0.0865184
0.0780913
0.069757
0.0615056
0.0533302
0.0452294
0.0372022
0.0292472
0.0213631
0.0135529
0.00580574
-0.00187606
-0.00949233
-0.0170452
-0.0245373
0.127743
0.118282
0.109941
0.10229
0.0946622
0.0870023
0.0793885
0.07184
0.0643489
0.0569105
0.0495242
0.0421901
0.0349075
0.0276767
0.0205007
0.0133694
0.00629015
-0.00073882
-0.00771947
-0.0146528
0.124197
0.115725
0.108309
0.101439
0.0945561
0.0876325
0.0807372
0.0738857
0.0670718
0.0602925
0.0535483
0.04684
0.0401681
0.0335362
0.026951
0.0203728
0.0138438
0.0073583
0.000910915
-0.00549877
0.121288
0.113691
0.107072
0.100881
0.0946528
0.0883779
0.0821174
0.0758837
0.0696721
0.0634808
0.0573111
0.0511643
0.0450415
0.0389407
0.0328588
0.0268319
0.020823
0.0148395
0.00888675
0.00296584
0.118926
0.112103
0.106171
0.100571
0.0949179
0.0892149
0.0835157
0.0778307
0.0721561
0.0664915
0.0608386
0.0551995
0.0495761
0.0439692
0.0383794
0.0328163
0.0272717
0.0217494
0.0162528
0.0107834
0.117034
0.110894
0.105553
0.100469
0.0953201
0.0901208
0.0849174
0.0797185
0.0745215
0.0693266
0.064136
0.0589523
0.0537774
0.0486134
0.0434622
0.038328
0.0332102
0.0281115
0.0230345
0.0179811
0.115545
0.110007
0.105175
0.100538
0.0958316
0.0910753
0.0863091
0.0815403
0.0767672
0.0719907
0.0672133
0.0624376
0.0576661
0.0529012
0.0481453
0.0434015
0.0386713
0.0339573
0.0292623
0.0245884
0.1144
0.109391
0.104996
0.100746
0.0964265
0.0920586
0.0876767
0.0832873
0.0788893
0.074484
0.0700742
0.0656627
0.0612521
0.056845
0.0524441
0.0480525
0.0436719
0.0393056
0.0349562
0.0306263
0.113544
0.109
0.104979
0.101063
0.0970792
0.0930504
0.089005
0.0849486
0.0808809
0.0768035
0.0727192
0.0686309
0.0645413
0.0604531
0.0563694
0.0522931
0.0482258
0.0441717
0.0401331
0.0361127
0.112931
0.108792
0.105088
0.101458
0.0977659
0.0940313
0.0902789
0.0865134
0.082735
0.0789456
0.075148
0.0713452
0.0675397
0.0637346
0.0599334
0.0561405
0.0523481
0.0485704
0.0448087
0.041064
0.112514
0.108727
0.105291
0.101904
0.0984611
0.0949798
0.0914802
0.0879664
0.084439
0.0809
0.0773523
0.0737985
0.0702415
0.0666841
0.0631281
0.0595751
0.0560378
0.0525083
0.0489908
0.0454897
0.112253
0.108768
0.105555
0.102373
0.0991418
0.0958763
0.0925928
0.0892949
0.0859836
0.0826609
0.0793295
0.0759921
0.0726515
0.0693103
0.065971
0.0626363
0.0593101
0.0559935
0.0526897
0.0494014
0.11211
0.108881
0.105852
0.102839
0.099784
0.0966996
0.0935979
0.0904822
0.0873538
0.0842147
0.0810675
0.0779147
0.0747588
0.0716026
0.0684484
0.065299
0.0621572
0.0590253
0.0559059
0.0528015
0.112051
0.109032
0.10615
0.103274
0.100362
0.0974263
0.0944743
0.0915093
0.0885327
0.0855466
0.0825533
0.0795552
0.0765548
0.0735545
0.0705566
0.0675637
0.0645784
0.0616029
0.0586396
0.055691
0.112047
0.109195
0.106427
0.103657
0.100859
0.0980399
0.0952072
0.0923627
0.0895082
0.0866456
0.0837771
0.0809048
0.0780311
0.0751582
0.0722884
0.0694239
0.0665671
0.0637202
0.0608854
0.058065
0.112065
0.109334
0.106646
0.103951
0.101235
0.0985026
0.0957584
0.0930046
0.0902427
0.0874746
0.0847023
0.0819278
0.0791532
0.0763806
0.073612
0.0708495
0.0680952
0.065351
0.0626191
0.0599015
0.1121
0.109447
0.106809
0.104162
0.101499
0.0988244
0.0961402
0.0934482
0.0907502
0.0880477
0.0853426
0.0826368
0.079932
0.0772301
0.074533
0.0718425
0.0691606
0.0664892
0.0638299
0.0611847
0.112098
0.109465
0.106834
0.104195
0.101547
0.0988918
0.0962309
0.093566
0.0908988
0.0882308
0.0855634
0.0828984
0.0802372
0.0775813
0.0749324
0.0722919
0.0696615
0.0670424
0.0644363
0.0618445
0.316729
0.319057
0.325454
0.33392
0.344713
0.356876
0.369854
0.382543
0.393546
0.401104
0.402866
0.396913
0.379726
0.353959
0.285984
0.315391
0.317582
0.323609
0.331531
0.341508
0.352553
0.364017
0.37473
0.383246
0.387813
0.386211
0.376681
0.356095
0.327462
0.259436
0.313937
0.316012
0.321679
0.329066
0.338261
0.34827
0.358393
0.367453
0.374028
0.376445
0.37265
0.361044
0.33877
0.309606
0.246753
0.31233
0.314264
0.319519
0.326299
0.334611
0.343453
0.352073
0.359289
0.363705
0.363741
0.357541
0.343737
0.319957
0.289952
0.232079
0.310565
0.312341
0.317148
0.323272
0.33064
0.338245
0.345291
0.3506
0.35282
0.350485
0.341965
0.326152
0.30125
0.270553
0.217575
0.308638
0.310245
0.314578
0.320013
0.326402
0.332741
0.338207
0.341645
0.341773
0.337259
0.326724
0.309313
0.283798
0.252939
0.204745
0.306541
0.307969
0.311805
0.316522
0.321902
0.326959
0.330856
0.332481
0.330644
0.324172
0.311937
0.29333
0.26763
0.237095
0.193391
0.304266
0.305507
0.308823
0.312794
0.317142
0.320908
0.323258
0.323141
0.31948
0.311268
0.297629
0.278183
0.252631
0.222805
0.183217
0.30181
0.302854
0.30563
0.308833
0.312134
0.314612
0.315452
0.313682
0.308351
0.298626
0.283871
0.263912
0.238778
0.209968
0.174108
0.299167
0.300007
0.302227
0.304645
0.306894
0.308101
0.307485
0.304171
0.297338
0.286334
0.270739
0.250559
0.226063
0.198499
0.165991
0.296336
0.296966
0.298618
0.300241
0.301444
0.301409
0.29941
0.294672
0.286519
0.274467
0.25829
0.238143
0.214457
0.188294
0.158789
0.293319
0.293733
0.294811
0.295637
0.295808
0.294576
0.291278
0.285253
0.275965
0.263089
0.246565
0.226666
0.203919
0.179246
0.152429
0.290118
0.290313
0.290816
0.290851
0.290017
0.287644
0.283147
0.275978
0.26574
0.252253
0.235592
0.216116
0.194396
0.171249
0.146841
0.286741
0.286716
0.286648
0.285906
0.284106
0.280661
0.275072
0.266909
0.255902
0.242001
0.225385
0.206469
0.185834
0.164206
0.141957
0.283199
0.282955
0.282327
0.28083
0.278111
0.273674
0.26711
0.258103
0.246503
0.232364
0.215946
0.197693
0.17817
0.158024
0.137713
0.279507
0.279046
0.277877
0.275655
0.272076
0.266734
0.259316
0.249614
0.237582
0.223362
0.207268
0.189752
0.171342
0.152618
0.134048
0.275685
0.275014
0.273325
0.270417
0.266044
0.259892
0.251742
0.241488
0.229175
0.215008
0.199335
0.1826
0.165287
0.147909
0.130903
0.271758
0.270885
0.268706
0.265158
0.260062
0.253199
0.24444
0.233768
0.221305
0.207303
0.192124
0.176193
0.159943
0.143825
0.128225
0.267758
0.266692
0.264058
0.259921
0.25418
0.246705
0.237454
0.226489
0.21399
0.200242
0.185608
0.170483
0.15525
0.140301
0.12596
0.263721
0.262475
0.259424
0.254755
0.248449
0.240461
0.230829
0.219681
0.207242
0.193816
0.179756
0.165423
0.151149
0.137275
0.124062
0.259691
0.258278
0.254852
0.249711
0.24292
0.234515
0.224602
0.213367
0.201066
0.18801
0.174534
0.160964
0.147588
0.134694
0.122486
0.255716
0.254152
0.250397
0.244845
0.237648
0.228914
0.218812
0.207569
0.195464
0.182807
0.169909
0.157063
0.144514
0.132505
0.12119
0.251856
0.250157
0.246116
0.240215
0.232687
0.223706
0.213491
0.202304
0.190436
0.178188
0.16585
0.153679
0.141882
0.130664
0.120136
0.248172
0.246355
0.242074
0.235884
0.228094
0.218937
0.208672
0.197588
0.18598
0.174138
0.162327
0.150772
0.139652
0.129131
0.11929
0.244737
0.242819
0.238342
0.231918
0.223929
0.214655
0.20439
0.193439
0.182097
0.170641
0.159313
0.148311
0.137786
0.127871
0.118622
0.241629
0.239626
0.234994
0.228388
0.220253
0.210911
0.20068
0.189876
0.178792
0.16769
0.156791
0.14627
0.136255
0.126854
0.118104
0.238936
0.236864
0.232115
0.225373
0.217137
0.207761
0.197584
0.186925
0.176074
0.16528
0.154746
0.144628
0.135037
0.126056
0.117715
0.236752
0.234626
0.229794
0.222957
0.214654
0.205269
0.19515
0.18462
0.173965
0.163421
0.153178
0.143378
0.134116
0.125461
0.117434
0.235182
0.233016
0.228132
0.221234
0.212892
0.203509
0.193439
0.183008
0.172497
0.162133
0.152098
0.14252
0.133489
0.125062
0.117257
0.234342
0.232145
0.22724
0.220312
0.211952
0.202573
0.192533
0.182157
0.171724
0.161458
0.151532
0.142073
0.133163
0.124852
0.117157
0.326202
0.328644
0.336152
0.346266
0.359836
0.376214
0.395628
0.417968
0.443231
0.471391
0.502264
0.535572
0.5709
0.607423
0.644567
0.326156
0.328598
0.3361
0.346212
0.359773
0.376137
0.395528
0.417833
0.443043
0.471124
0.501881
0.535025
0.570132
0.606338
0.643147
0.326065
0.328507
0.335995
0.346105
0.359647
0.375983
0.395328
0.417563
0.442666
0.47059
0.501115
0.533934
0.568599
0.604169
0.64031
0.325928
0.328372
0.335869
0.345943
0.359459
0.375752
0.395029
0.41716
0.442102
0.469791
0.499968
0.5323
0.566301
0.600921
0.636063
0.325746
0.328191
0.335669
0.345729
0.359209
0.375445
0.394632
0.416624
0.441353
0.468729
0.498443
0.530127
0.563242
0.5966
0.630417
0.325519
0.327966
0.335424
0.345462
0.358897
0.375062
0.394138
0.415957
0.440421
0.467406
0.496541
0.52742
0.559426
0.591215
0.623383
0.325248
0.327697
0.335135
0.345144
0.358525
0.374606
0.393548
0.415161
0.439307
0.465826
0.494268
0.524184
0.554856
0.584776
0.614973
0.324931
0.327384
0.334799
0.344774
0.358093
0.374077
0.392864
0.414238
0.438016
0.463992
0.491626
0.520425
0.549536
0.577296
0.605199
0.324571
0.327028
0.334417
0.344354
0.357603
0.373476
0.392088
0.41319
0.43655
0.46191
0.488623
0.516152
0.54347
0.568791
0.594068
0.324168
0.32663
0.333991
0.343884
0.357056
0.372805
0.391222
0.412021
0.434914
0.459583
0.485264
0.511371
0.536659
0.559277
0.581581
0.323721
0.32619
0.33352
0.343367
0.356453
0.372067
0.390268
0.410733
0.433113
0.457018
0.481555
0.50609
0.529106
0.548772
0.567732
0.323232
0.325709
0.333006
0.342802
0.355795
0.371262
0.38923
0.409331
0.43115
0.454219
0.477504
0.500315
0.52081
0.537294
0.552497
0.322701
0.325186
0.33245
0.342192
0.355085
0.370394
0.388111
0.407819
0.429035
0.451197
0.473121
0.494054
0.511771
0.524864
0.535836
0.322129
0.324634
0.331853
0.341538
0.354325
0.369465
0.386914
0.406204
0.426774
0.447961
0.468423
0.487319
0.501996
0.511503
0.517689
0.321516
0.324035
0.331215
0.34084
0.353514
0.368475
0.385639
0.404483
0.424366
0.444509
0.463405
0.480099
0.491473
0.497212
0.497958
0.320864
0.323398
0.330537
0.340096
0.352646
0.367414
0.384271
0.402633
0.421776
0.440792
0.458005
0.472311
0.480119
0.481908
0.476442
0.320173
0.322729
0.329824
0.339315
0.351738
0.366302
0.382835
0.400688
0.419045
0.436853
0.452263
0.463967
0.46794
0.465565
0.452924
0.319448
0.322038
0.329104
0.338546
0.350868
0.365267
0.381527
0.398934
0.416577
0.433236
0.446855
0.45582
0.455702
0.448838
0.427813
0.318689
0.321324
0.328375
0.337793
0.350056
0.364354
0.380433
0.39752
0.414606
0.430284
0.442245
0.448422
0.443967
0.431977
0.401076
0.317865
0.320471
0.327396
0.33664
0.348627
0.362526
0.37801
0.394219
0.410013
0.423808
0.433118
0.435561
0.426188
0.408278
0.364012
0.317865
0.320471
0.327396
0.33664
0.348627
0.362526
0.37801
0.394219
0.410013
0.423808
0.433118
0.435561
0.426188
0.408278
0.364012
0.318689
0.321324
0.328375
0.337793
0.350056
0.364354
0.380433
0.39752
0.414606
0.430284
0.442245
0.448422
0.443967
0.431977
0.401076
0.319448
0.322038
0.329104
0.338546
0.350868
0.365267
0.381527
0.398934
0.416577
0.433236
0.446855
0.45582
0.455702
0.448838
0.427813
0.320173
0.322729
0.329824
0.339315
0.351738
0.366302
0.382835
0.400688
0.419045
0.436853
0.452263
0.463967
0.46794
0.465565
0.452924
0.320864
0.323398
0.330537
0.340096
0.352646
0.367414
0.384271
0.402633
0.421776
0.440792
0.458005
0.472311
0.480119
0.481908
0.476442
0.321516
0.324035
0.331215
0.34084
0.353514
0.368475
0.385639
0.404483
0.424366
0.444509
0.463405
0.480099
0.491473
0.497212
0.497958
0.322129
0.324634
0.331853
0.341538
0.354325
0.369465
0.386914
0.406204
0.426774
0.447961
0.468423
0.487319
0.501996
0.511503
0.517689
0.322701
0.325186
0.33245
0.342192
0.355085
0.370394
0.388111
0.407819
0.429035
0.451197
0.473121
0.494054
0.511771
0.524864
0.535836
0.323232
0.325709
0.333006
0.342802
0.355795
0.371262
0.38923
0.409331
0.43115
0.454219
0.477504
0.500315
0.52081
0.537294
0.552497
0.323721
0.32619
0.33352
0.343367
0.356453
0.372067
0.390268
0.410733
0.433113
0.457018
0.481555
0.50609
0.529106
0.548772
0.567732
0.324168
0.32663
0.333991
0.343884
0.357056
0.372805
0.391222
0.412021
0.434914
0.459583
0.485264
0.511371
0.536659
0.559277
0.581581
0.324571
0.327028
0.334417
0.344354
0.357603
0.373476
0.392088
0.41319
0.43655
0.46191
0.488623
0.516152
0.54347
0.568791
0.594068
0.324931
0.327384
0.334799
0.344774
0.358093
0.374077
0.392864
0.414238
0.438016
0.463992
0.491626
0.520425
0.549536
0.577296
0.605199
0.325248
0.327697
0.335135
0.345144
0.358525
0.374606
0.393548
0.415161
0.439307
0.465826
0.494268
0.524184
0.554856
0.584776
0.614973
0.325519
0.327966
0.335424
0.345462
0.358897
0.375062
0.394138
0.415957
0.440421
0.467406
0.496541
0.52742
0.559426
0.591215
0.623383
0.325746
0.328191
0.335669
0.345729
0.359209
0.375445
0.394632
0.416624
0.441353
0.468729
0.498443
0.530127
0.563242
0.5966
0.630417
0.325928
0.328372
0.335869
0.345943
0.359459
0.375752
0.395029
0.41716
0.442102
0.469791
0.499968
0.5323
0.566301
0.600921
0.636063
0.326065
0.328507
0.335995
0.346104
0.359647
0.375983
0.395328
0.417563
0.442666
0.47059
0.501115
0.533934
0.568599
0.604169
0.64031
0.326156
0.328598
0.3361
0.346212
0.359773
0.376137
0.395528
0.417833
0.443043
0.471124
0.501881
0.535025
0.570132
0.606338
0.643147
0.326202
0.328644
0.336152
0.346266
0.359836
0.376214
0.395628
0.417968
0.443231
0.471391
0.502264
0.535572
0.5709
0.607423
0.644567
0.234342
0.232145
0.22724
0.220312
0.211952
0.202573
0.192533
0.182157
0.171724
0.161458
0.151532
0.142073
0.133163
0.124852
0.117157
0.235182
0.233016
0.228132
0.221234
0.212892
0.203509
0.193439
0.183008
0.172497
0.162133
0.152098
0.14252
0.133489
0.125062
0.117257
0.236752
0.234626
0.229794
0.222957
0.214654
0.205269
0.19515
0.18462
0.173965
0.163421
0.153178
0.143378
0.134116
0.125461
0.117434
0.238936
0.236864
0.232115
0.225373
0.217137
0.207761
0.197584
0.186925
0.176074
0.16528
0.154746
0.144628
0.135037
0.126056
0.117715
0.241629
0.239626
0.234994
0.228388
0.220253
0.210911
0.20068
0.189876
0.178792
0.16769
0.156791
0.14627
0.136255
0.126854
0.118104
0.244737
0.242819
0.238342
0.231918
0.223929
0.214655
0.20439
0.193439
0.182097
0.170641
0.159313
0.148311
0.137786
0.127871
0.118622
0.248172
0.246355
0.242074
0.235884
0.228094
0.218937
0.208672
0.197588
0.18598
0.174138
0.162327
0.150772
0.139652
0.129131
0.11929
0.251856
0.250157
0.246116
0.240215
0.232687
0.223706
0.213491
0.202304
0.190436
0.178188
0.16585
0.153679
0.141882
0.130664
0.120136
0.255716
0.254152
0.250397
0.244845
0.237648
0.228914
0.218812
0.207569
0.195464
0.182807
0.169909
0.157063
0.144514
0.132505
0.12119
0.259691
0.258278
0.254852
0.249711
0.24292
0.234515
0.224602
0.213367
0.201066
0.18801
0.174534
0.160964
0.147588
0.134693
0.122486
0.263721
0.262475
0.259424
0.254755
0.248449
0.240461
0.230829
0.219681
0.207242
0.193816
0.179756
0.165423
0.151149
0.137275
0.124062
0.267758
0.266692
0.264058
0.259921
0.25418
0.246705
0.237454
0.226489
0.21399
0.200242
0.185608
0.170483
0.15525
0.140301
0.12596
0.271758
0.270885
0.268706
0.265158
0.260062
0.253199
0.24444
0.233768
0.221305
0.207303
0.192124
0.176193
0.159943
0.143825
0.128225
0.275685
0.275014
0.273325
0.270417
0.266044
0.259892
0.251742
0.241488
0.229175
0.215008
0.199335
0.1826
0.165287
0.147909
0.130903
0.279507
0.279046
0.277877
0.275655
0.272076
0.266734
0.259316
0.249614
0.237582
0.223362
0.207268
0.189752
0.171342
0.152618
0.134048
0.283199
0.282955
0.282327
0.28083
0.278111
0.273674
0.26711
0.258103
0.246503
0.232364
0.215946
0.197693
0.17817
0.158024
0.137713
0.286741
0.286716
0.286648
0.285906
0.284106
0.280661
0.275072
0.266909
0.255902
0.242001
0.225385
0.206469
0.185834
0.164206
0.141957
0.290118
0.290313
0.290816
0.290851
0.290017
0.287644
0.283147
0.275978
0.26574
0.252253
0.235592
0.216116
0.194396
0.171249
0.146841
0.293319
0.293733
0.294811
0.295637
0.295808
0.294576
0.291278
0.285253
0.275965
0.263089
0.246565
0.226666
0.203919
0.179246
0.152429
0.296336
0.296966
0.298618
0.300241
0.301444
0.301409
0.29941
0.294672
0.286519
0.274467
0.25829
0.238143
0.214457
0.188294
0.158789
0.299167
0.300007
0.302227
0.304645
0.306894
0.308101
0.307485
0.304171
0.297338
0.286334
0.270739
0.250559
0.226063
0.198499
0.165991
0.30181
0.302854
0.30563
0.308833
0.312134
0.314612
0.315452
0.313682
0.308351
0.298626
0.283871
0.263912
0.238778
0.209968
0.174108
0.304266
0.305507
0.308823
0.312794
0.317142
0.320908
0.323258
0.323141
0.31948
0.311268
0.297629
0.278183
0.252631
0.222805
0.183217
0.306541
0.307969
0.311805
0.316522
0.321902
0.326959
0.330856
0.332481
0.330644
0.324172
0.311937
0.29333
0.26763
0.237095
0.193391
0.308638
0.310245
0.314578
0.320013
0.326401
0.332741
0.338207
0.341645
0.341773
0.337259
0.326724
0.309313
0.283798
0.252939
0.204745
0.310565
0.312341
0.317148
0.323272
0.33064
0.338245
0.345291
0.3506
0.35282
0.350485
0.341965
0.326152
0.30125
0.270553
0.217575
0.31233
0.314264
0.319519
0.326299
0.334611
0.343453
0.352073
0.359289
0.363705
0.363741
0.357541
0.343737
0.319957
0.289952
0.232079
0.313937
0.316012
0.321679
0.329066
0.338261
0.34827
0.358393
0.367453
0.374028
0.376445
0.37265
0.361044
0.33877
0.309606
0.246753
0.315391
0.317582
0.323609
0.331531
0.341508
0.352553
0.364017
0.37473
0.383246
0.387813
0.386211
0.376681
0.356095
0.327462
0.259436
0.316729
0.319057
0.325454
0.33392
0.344713
0.356876
0.369854
0.382543
0.393546
0.401104
0.402866
0.396913
0.379725
0.353959
0.285984
0.112098
0.109465
0.106834
0.104195
0.101547
0.0988918
0.0962309
0.093566
0.0908988
0.0882308
0.0855634
0.0828984
0.0802372
0.0775813
0.0749324
0.0722919
0.0696615
0.0670424
0.0644363
0.0618445
0.1121
0.109447
0.106809
0.104162
0.101499
0.0988244
0.0961402
0.0934482
0.0907502
0.0880477
0.0853426
0.0826368
0.079932
0.0772301
0.074533
0.0718425
0.0691606
0.0664892
0.0638299
0.0611847
0.112065
0.109334
0.106646
0.103951
0.101235
0.0985026
0.0957584
0.0930046
0.0902427
0.0874746
0.0847023
0.0819278
0.0791532
0.0763806
0.073612
0.0708495
0.0680952
0.065351
0.0626191
0.0599014
0.112047
0.109195
0.106427
0.103657
0.100859
0.0980399
0.0952072
0.0923627
0.0895082
0.0866456
0.0837771
0.0809048
0.0780311
0.0751582
0.0722884
0.0694239
0.0665671
0.0637202
0.0608854
0.058065
0.112051
0.109032
0.10615
0.103274
0.100362
0.0974263
0.0944743
0.0915093
0.0885327
0.0855466
0.0825533
0.0795552
0.0765548
0.0735545
0.0705566
0.0675637
0.0645784
0.0616029
0.0586396
0.055691
0.11211
0.108881
0.105852
0.102839
0.099784
0.0966996
0.0935979
0.0904822
0.0873538
0.0842147
0.0810675
0.0779147
0.0747588
0.0716026
0.0684484
0.065299
0.0621572
0.0590253
0.0559059
0.0528015
0.112253
0.108768
0.105555
0.102373
0.0991418
0.0958763
0.0925928
0.0892949
0.0859836
0.0826609
0.0793295
0.0759921
0.0726515
0.0693103
0.065971
0.0626363
0.0593101
0.0559935
0.0526896
0.0494014
0.112514
0.108727
0.105291
0.101904
0.0984611
0.0949798
0.0914802
0.0879663
0.084439
0.0809
0.0773523
0.0737985
0.0702415
0.0666841
0.0631281
0.0595751
0.0560378
0.0525083
0.0489908
0.0454897
0.112931
0.108792
0.105088
0.101458
0.0977659
0.0940313
0.0902789
0.0865134
0.082735
0.0789456
0.075148
0.0713452
0.0675397
0.0637346
0.0599334
0.0561405
0.0523481
0.0485704
0.0448087
0.041064
0.113544
0.109
0.104979
0.101063
0.0970792
0.0930504
0.089005
0.0849486
0.0808809
0.0768035
0.0727192
0.0686309
0.0645413
0.0604531
0.0563694
0.0522931
0.0482258
0.0441717
0.0401331
0.0361127
0.1144
0.109391
0.104996
0.100746
0.0964265
0.0920586
0.0876767
0.0832873
0.0788893
0.074484
0.0700742
0.0656627
0.0612521
0.056845
0.0524441
0.0480525
0.0436719
0.0393056
0.0349562
0.0306263
0.115545
0.110007
0.105175
0.100538
0.0958316
0.0910753
0.0863091
0.0815403
0.0767672
0.0719907
0.0672133
0.0624376
0.0576661
0.0529012
0.0481453
0.0434015
0.0386713
0.0339573
0.0292623
0.0245884
0.117034
0.110894
0.105553
0.100469
0.09532
0.0901208
0.0849174
0.0797185
0.0745215
0.0693266
0.064136
0.0589523
0.0537774
0.0486134
0.0434622
0.038328
0.0332101
0.0281115
0.0230345
0.0179811
0.118926
0.112103
0.106171
0.100571
0.0949179
0.0892149
0.0835157
0.0778307
0.0721561
0.0664915
0.0608386
0.0551995
0.0495761
0.0439692
0.0383794
0.0328162
0.0272717
0.0217494
0.0162528
0.0107834
0.121288
0.113691
0.107072
0.100881
0.0946528
0.0883779
0.0821174
0.0758837
0.0696721
0.0634808
0.057311
0.0511643
0.0450415
0.0389407
0.0328588
0.0268319
0.020823
0.0148394
0.00888673
0.00296582
0.124197
0.115725
0.108309
0.101439
0.0945561
0.0876325
0.0807372
0.0738857
0.0670718
0.0602925
0.0535483
0.04684
0.0401681
0.0335361
0.026951
0.0203727
0.0138438
0.00735827
0.000910891
-0.00549879
0.127743
0.118282
0.109941
0.10229
0.0946622
0.0870023
0.0793885
0.07184
0.0643489
0.0569104
0.0495242
0.0421901
0.0349074
0.0276767
0.0205007
0.0133694
0.00629013
-0.000738847
-0.0077195
-0.0146529
0.132033
0.121457
0.112039
0.10349
0.0950141
0.0865183
0.0780913
0.069757
0.0615056
0.0533302
0.0452294
0.0372021
0.0292472
0.0213631
0.0135529
0.00580571
-0.00187609
-0.00949236
-0.0170452
-0.0245374
0.137191
0.125358
0.114687
0.105105
0.0956623
0.0862167
0.0768681
0.0676466
0.0585402
0.0495398
0.0406428
0.0318489
0.0231531
0.0145453
0.00605677
-0.00236172
-0.0107005
-0.0189507
-0.0271156
-0.0352007
0.143361
0.130114
0.117984
0.107213
0.0966693
0.0861431
0.0757484
0.0655235
0.0554532
0.0455244
0.0357331
0.026073
0.0165103
0.00699373
-0.00213312
-0.0112436
-0.0202749
-0.0291926
-0.0380005
-0.0467055
0.150713
0.135875
0.122047
0.109911
0.0981116
0.0863561
0.0747751
0.0634176
0.0522663
0.0413057
0.0305294
0.019934
0.00954207
-0.00059055
-0.0108399
-0.0208218
-0.0306052
-0.0402407
-0.049736
-0.0590942
0.159437
0.142811
0.12701
0.113308
0.100079
0.0869228
0.0739911
0.0613468
0.0489676
0.0368333
0.0249353
0.013267
0.00182617
-0.00937586
-0.0204011
-0.0312008
-0.0417925
-0.0521915
-0.0624035
-0.0724343
0.169743
0.151109
0.133026
0.117538
0.102686
0.0879363
0.073472
0.0593721
0.045609
0.0321584
0.0190123
0.00616093
-0.00640873
-0.018658
-0.03066
-0.0423979
-0.0538685
-0.0650809
-0.0760445
-0.0867683
0.181848
0.160958
0.140257
0.122748
0.106058
0.0894994
0.0732982
0.0575519
0.042226
0.0272921
0.0127393
-0.00145667
-0.015332
-0.0286856
-0.0417591
-0.0545044
-0.0669055
-0.0789718
-0.0907138
-0.102141
0.195978
0.172544
0.14887
0.129101
0.110344
0.091742
0.0735805
0.0559777
0.0388913
0.0222898
0.0061649
-0.00948027
-0.0246169
-0.0393982
-0.0536979
-0.0675345
-0.0809311
-0.0938979
-0.106443
-0.118579
0.21242
0.186075
0.159052
0.136776
0.115701
0.094799
0.0744332
0.0547397
0.0356667
0.0171846
-0.000707394
-0.0180074
-0.0346727
-0.0508834
-0.0664935
-0.0815175
-0.095979
-0.109889
-0.123255
-0.136092
0.231378
0.20163
0.170852
0.145817
0.122167
0.0987183
0.0759215
0.0539157
0.0326388
0.0120719
-0.00779434
-0.0270075
-0.0453101
-0.0630461
-0.0800939
-0.0964102
-0.112012
-0.126913
-0.141125
-0.154661
0.253001
0.219669
0.184947
0.15698
0.130481
0.104204
0.0786982
0.0540908
0.0303186
0.0073646
-0.0148768
-0.0366373
-0.056439
-0.0758342
-0.0944471
-0.112162
-0.128987
-0.144931
-0.160003
-0.174222
0.2779
0.241084
0.202499
0.171208
0.141219
0.111538
0.082789
0.0550704
0.0283405
0.0026158
-0.0219758
-0.0450112
-0.0682105
-0.0898242
-0.11015
-0.129343
-0.147401
-0.16432
-0.180113
-0.194806
0.293742
0.250476
0.210322
0.177092
0.144899
0.113175
0.0823407
0.0524333
0.0234529
-0.00458511
-0.0316429
-0.0571117
-0.0815663
-0.104756
-0.126674
-0.147301
-0.166597
-0.184542
-0.201137
-0.216397
0.0592685
0.0567096
0.0541692
0.0516486
0.049149
0.0466717
0.0442179
0.0417887
0.0393852
0.0370084
0.0346595
0.0323394
0.0300489
0.0277891
0.0255609
0.0233649
0.0212023
0.0190739
0.0169796
0.0149167
0.0585554
0.0559436
0.0533512
0.0507796
0.0482306
0.0457058
0.0432064
0.0407341
0.0382901
0.0358757
0.0334922
0.0311406
0.0288221
0.0265376
0.0242881
0.0220742
0.0198971
0.0177584
0.0156583
0.0135835
0.0572
0.0545166
0.0518532
0.0492117
0.0465937
0.0440009
0.0414351
0.0388978
0.0363903
0.0339143
0.0314709
0.0290614
0.0266871
0.024349
0.022048
0.019785
0.0175611
0.0153801
0.0132428
0.0111147
0.0552611
0.0524759
0.0497115
0.0469698
0.0442529
0.0415627
0.038901
0.0362695
0.0336698
0.0311037
0.0285724
0.0260776
0.0236203
0.021202
0.0188235
0.0164855
0.0141896
0.0119422
0.00974524
0.00753538
0.0527594
0.0498472
0.0469566
0.0440898
0.0412489
0.038436
0.0356531
0.032902
0.0301847
0.0275027
0.0248577
0.0222513
0.0196849
0.0171598
0.0146772
0.0122374
0.00984254
0.00750202
0.00521992
0.00289844
0.0497147
0.0466481
0.0436038
0.0405844
0.0375922
0.0346292
0.0316977
0.0287996
0.025937
0.0231117
0.0203255
0.01758
0.0148769
0.0122175
0.0096032
0.0070342
0.00451272
0.00205179
-0.000341766
-0.00280194
0.0461315
0.0428825
0.0396569
0.0364571
0.0332856
0.0301447
0.0270366
0.0239636
0.0209276
0.0179306
0.0149746
0.0120613
0.00919249
0.00636976
0.00359436
0.000866532
-0.00181138
-0.00442306
-0.00695832
-0.0095846
0.0420077
0.0385474
0.0351113
0.0317021
0.0283221
0.0249739
0.0216598
0.0183819
0.0151425
0.0119435
0.00878712
0.00567506
0.00260919
-0.000408744
-0.0033774
-0.00629666
-0.00916416
-0.0119612
-0.0146741
-0.0174946
0.037339
0.0336366
0.0299594
0.0263099
0.0226906
0.019104
0.0155525
0.0120382
0.00856327
0.0051299
0.00174001
-0.00160448
-0.00490176
-0.00815002
-0.0113479
-0.0144953
-0.0175902
-0.0206132
-0.0235488
-0.026594
0.032113
0.0281367
0.0241865
0.0202648
0.016374
0.0125166
0.00869469
0.00491052
0.00116614
-0.00253648
-0.00619545
-0.00980899
-0.0133754
-0.0168931
-0.0203606
-0.023778
-0.0271434
-0.030441
-0.0336563
-0.036961
0.0263184
0.0220349
0.0177784
0.013551
0.00935503
0.00519266
0.00106588
-0.00302337
-0.00707328
-0.0110822
-0.0150484
-0.0189707
-0.0228475
-0.0266778
-0.0304604
-0.034195
-0.0378808
-0.0415102
-0.0450782
-0.0486833
0.0199379
0.0153132
0.0107162
0.00614893
0.00161334
-0.00288885
-0.007356
-0.0117866
-0.0161794
-0.0205332
-0.0248471
-0.0291201
-0.0333516
-0.0375414
-0.0416891
-0.0457938
-0.0498556
-0.0538837
-0.0578955
-0.0618493
0.0129531
0.00795229
0.00298032
-0.00196131
-0.00687126
-0.0117484
-0.0165916
-0.0214003
-0.0261738
-0.0309119
-0.0356144
-0.0402816
-0.0449141
-0.0495129
-0.054079
-0.0586108
-0.0631091
-0.0676102
-0.0721759
-0.0765349
0.00534229
-6.94786e-05
-0.00545087
-0.0108011
-0.0161196
-0.021406
-0.0266603
-0.0318827
-0.0370738
-0.0422346
-0.0473663
-0.0524706
-0.05755
-0.0626076
-0.0676465
-0.0726638
-0.0776602
-0.0827129
-0.0879587
-0.0927864
-0.00292304
-0.00877947
-0.0146033
-0.0203946
-0.0261539
-0.0318818
-0.0375795
-0.0432488
-0.0488915
-0.0545104
-0.0601086
-0.0656898
-0.0712588
-0.0768218
-0.0823848
-0.0879432
-0.093496
-0.0991766
-0.105239
-0.110602
-0.0118707
-0.0182052
-0.0245032
-0.0307662
-0.0369957
-0.043194
-0.0493638
-0.0555084
-0.0616317
-0.0677386
-0.0738345
-0.0799257
-0.08602
-0.0921274
-0.0982579
-0.104405
-0.110562
-0.116936
-0.123951
-0.129913
-0.0215402
-0.028383
-0.0351836
-0.0419445
-0.0486691
-0.0553611
-0.0620251
-0.0686664
-0.0752914
-0.0819072
-0.0885223
-0.0951461
-0.10179
-0.108468
-0.115195
-0.121963
-0.128756
-0.135869
-0.14396
-0.150574
-0.0319714
-0.0393505
-0.0466781
-0.0539585
-0.0611966
-0.0683983
-0.0755702
-0.08272
-0.0898567
-0.0969904
-0.104133
-0.111297
-0.118497
-0.125754
-0.133089
-0.140488
-0.147923
-0.155794
-0.165059
-0.17236
-0.0432106
-0.0511498
-0.0590236
-0.066838
-0.0746
-0.0823176
-0.0899998
-0.0976571
-0.105301
-0.112946
-0.120606
-0.128298
-0.136042
-0.143864
-0.151792
-0.159807
-0.167863
-0.176474
-0.186975
-0.194972
-0.0553131
-0.0638288
-0.0722594
-0.0806127
-0.0888977
-0.0971246
-0.105305
-0.113453
-0.121583
-0.129711
-0.137859
-0.146045
-0.154295
-0.162641
-0.171119
-0.179707
-0.18833
-0.197627
-0.209382
-0.218062
-0.0683216
-0.0774262
-0.0864171
-0.0953041
-0.104099
-0.112814
-0.121464
-0.130066
-0.138639
-0.147204
-0.155783
-0.164405
-0.173097
-0.181898
-0.190856
-0.199943
-0.20905
-0.218942
-0.231928
-0.241252
-0.0822922
-0.0919865
-0.101528
-0.110929
-0.120204
-0.129367
-0.138438
-0.147437
-0.156387
-0.165314
-0.174246
-0.183216
-0.192258
-0.20142
-0.210759
-0.220247
-0.22973
-0.2401
-0.254254
-0.264174
-0.0972624
-0.107538
-0.117609
-0.127488
-0.137195
-0.146748
-0.156169
-0.165483
-0.174719
-0.183908
-0.193086
-0.202291
-0.211567
-0.220968
-0.230568
-0.240336
-0.250073
-0.260783
-0.276016
-0.286489
-0.113266
-0.124102
-0.134663
-0.144969
-0.15504
-0.164901
-0.174578
-0.184102
-0.193508
-0.202834
-0.212126
-0.22143
-0.230798
-0.240297
-0.250015
-0.25993
-0.269786
-0.280689
-0.296899
-0.307917
-0.130317
-0.141675
-0.152673
-0.163331
-0.173677
-0.18374
-0.193554
-0.203157
-0.212594
-0.221912
-0.231166
-0.240414
-0.24972
-0.259163
-0.268853
-0.278779
-0.288624
-0.299573
-0.316656
-0.328269
-0.148414
-0.160242
-0.171599
-0.182514
-0.193019
-0.203151
-0.212955
-0.222477
-0.231772
-0.240901
-0.249932
-0.258937
-0.267995
-0.277202
-0.286696
-0.296487
-0.306203
-0.317075
-0.334974
-0.347395
-0.167541
-0.17979
-0.191437
-0.202518
-0.213074
-0.22315
-0.232802
-0.242086
-0.251071
-0.259829
-0.268441
-0.276993
-0.285581
-0.294316
-0.303363
-0.312771
-0.322127
-0.332683
-0.351271
-0.364962
-0.187612
-0.200206
-0.212047
-0.22318
-0.233663
-0.243558
-0.252935
-0.26187
-0.270446
-0.278752
-0.286886
-0.294948
-0.303047
-0.311306
-0.319903
-0.32892
-0.33789
-0.347956
-0.366865
-0.381965
-0.208435
-0.221046
-0.232697
-0.243458
-0.253409
-0.262642
-0.271256
-0.279361
-0.28707
-0.294505
-0.30179
-0.309055
-0.31643
-0.324063
-0.332158
-0.340875
-0.349818
-0.35998
-0.379919
-0.398428
-0.230348
-0.243032
-0.254506
-0.264841
-0.274121
-0.282446
-0.289922
-0.296669
-0.302807
-0.308462
-0.313753
-0.318791
-0.323676
-0.328494
-0.333364
-0.338411
-0.34342
-0.349282
-0.365087
-0.389936
0.0115601
0.00699836
0.00245909
-0.00203379
-0.00644566
-0.0107368
-0.0148656
-0.018789
-0.0224625
-0.0258412
-0.0288807
-0.0315384
-0.0337754
-0.035557
-0.036855
-0.0376481
-0.0379239
-0.0376789
-0.0369193
-0.0356612
-0.0339294
-0.031758
-0.0291854
-0.0262618
-0.0230178
-0.0195484
-0.015758
-0.0120425
-0.00748193
-0.0042283
0.010126
0.00553612
0.000998661
-0.00349543
-0.00790586
-0.0121856
-0.0162914
-0.0201806
-0.023809
-0.0271319
-0.0301052
-0.0326874
-0.0348406
-0.0365318
-0.0377343
-0.038429
-0.0386053
-0.038262
-0.0374073
-0.0360591
-0.0342441
-0.0319976
-0.029359
-0.0263804
-0.0230897
-0.0195915
-0.0157655
-0.0120696
-0.00743181
-0.00435122
0.0074283
0.00277559
-0.001761
-0.0062592
-0.0106674
-0.0149244
-0.0189845
-0.0228065
-0.0263468
-0.0295611
-0.0324065
-0.0348433
-0.036836
-0.0383545
-0.0393756
-0.0398838
-0.0398724
-0.0393442
-0.038311
-0.0367943
-0.0348238
-0.0324376
-0.0296767
-0.0265957
-0.0232203
-0.0196645
-0.0157855
-0.0121
-0.00739823
-0.00451232
0.00352389
-0.00120799
-0.0057348
-0.0102312
-0.014628
-0.0188436
-0.0228297
-0.0265469
-0.0299528
-0.0330041
-0.0356598
-0.0378828
-0.0396414
-0.0409098
-0.0416696
-0.0419108
-0.0416321
-0.0408417
-0.0395567
-0.0378034
-0.0356156
-0.0330349
-0.0301043
-0.0268817
-0.0233901
-0.0197544
-0.0158062
-0.0121299
-0.00735824
-0.00470322
-0.0015303
-0.00635392
-0.0108583
-0.0153421
-0.0197119
-0.023861
-0.0277381
-0.0313072
-0.0345277
-0.0373578
-0.0397594
-0.0416994
-0.0431511
-0.0440944
-0.0445173
-0.0444165
-0.043798
-0.0426761
-0.0410749
-0.0390261
-0.0365684
-0.0337473
-0.0306083
-0.0272123
-0.0235797
-0.0198467
-0.0158168
-0.0121491
-0.0073005
-0.00491218
-0.00772312
-0.0126392
-0.0170999
-0.0215509
-0.0258682
-0.0299155
-0.0336398
-0.0370092
-0.0399862
-0.0425314
-0.0446106
-0.0461963
-0.0472677
-0.0478123
-0.0478258
-0.0473129
-0.0462881
-0.0447734
-0.0427997
-0.0404054
-0.0376341
-0.0345354
-0.0311573
-0.0275634
-0.0237712
-0.0199276
-0.0158081
-0.0121466
-0.00722084
-0.0051202
-0.0150557
-0.020054
-0.0244411
-0.0288291
-0.0330569
-0.036956
-0.0404731
-0.0435824
-0.0462499
-0.0484401
-0.050124
-0.051281
-0.0518984
-0.051972
-0.0515068
-0.0505172
-0.0490253
-0.0470631
-0.044669
-0.0418876
-0.0387676
-0.0353626
-0.0317226
-0.027913
-0.0239488
-0.0199851
-0.0157728
-0.0121123
-0.00711715
-0.00530469
-0.0235431
-0.0285983
-0.0328723
-0.0371549
-0.0412426
-0.0449344
-0.0481787
-0.0509572
-0.0532409
-0.0549994
-0.0562108
-0.0568626
-0.0569516
-0.0564836
-0.0554739
-0.053947
-0.0519353
-0.0494792
-0.0466249
-0.0434234
-0.0399284
-0.0361964
-0.032279
-0.0282425
-0.0240996
-0.0200095
-0.0157056
-0.0120377
-0.00698949
-0.00544153
-0.0332017
-0.0382713
-0.0423833
-0.0465044
-0.0503863
-0.0537979
-0.056692
-0.0590593
-0.0608769
-0.0621214
-0.0627793
-0.0628482
-0.0623355
-0.0612582
-0.0596433
-0.0575254
-0.0549478
-0.0519594
-0.048614
-0.0449683
-0.0410803
-0.0370084
-0.0328057
-0.0285367
-0.024214
-0.0199939
-0.0156042
-0.0119164
-0.00684064
-0.0055067
-0.0440401
-0.0490621
-0.0529553
-0.0568441
-0.0604381
-0.0634826
-0.065938
-0.0678048
-0.0690676
-0.0697113
-0.0697329
-0.0691415
-0.0679565
-0.0662073
-0.0639321
-0.0611774
-0.0579964
-0.0544464
-0.0505881
-0.046483
-0.0421924
-0.0377755
-0.033286
-0.0287843
-0.0242854
-0.0199338
-0.0154687
-0.0117437
-0.00667602
-0.00547804
-0.0560463
-0.0609385
-0.0645522
-0.0681233
-0.0713304
-0.0739082
-0.0758269
-0.0770969
-0.0777114
-0.0776657
-0.0769689
-0.0756427
-0.0737198
-0.0712422
-0.0682603
-0.064832
-0.0610196
-0.0568884
-0.0525049
-0.0479341
-0.0432394
-0.0384791
-0.0337077
-0.0289777
-0.024311
-0.0198277
-0.0153019
-0.0115177
-0.00650329
-0.00533693
-0.0691742
-0.0738365
-0.077112
-0.0802663
-0.0829723
-0.0849733
-0.0862509
-0.0868238
-0.0866951
-0.0858726
-0.0843786
-0.0822491
-0.0795303
-0.0762768
-0.0725519
-0.0684233
-0.0639622
-0.0592404
-0.0543287
-0.0492944
-0.0442019
-0.0391063
-0.0340633
-0.0291131
-0.0242907
-0.0196763
-0.0151084
-0.0112383
-0.00633169
-0.00506973
-0.0833298
-0.0876515
-0.0905404
-0.0931677
-0.0952459
-0.096554
-0.0970835
-0.096859
-0.0958948
-0.0942127
-0.0918498
-0.088858
-0.0852948
-0.0812296
-0.0767364
-0.0718926
-0.0667765
-0.0614648
-0.0560314
-0.0505439
-0.0450664
-0.0396491
-0.0343492
-0.02919
-0.0242272
-0.0194822
-0.0148946
-0.0109075
-0.00617124
-0.00466867
-0.0983603
-0.102233
-0.104707
-0.106689
-0.108005
-0.108504
-0.108182
-0.107064
-0.105179
-0.102564
-0.0992728
-0.095368
-0.0909256
-0.0860256
-0.0807519
-0.0751898
-0.0694234
-0.0635326
-0.0575924
-0.0516688
-0.0458252
-0.040104
-0.0345658
-0.0292105
-0.0241251
-0.0192498
-0.0146678
-0.0105288
-0.00603186
-0.00413215
-0.114049
-0.117385
-0.119444
-0.120661
-0.121081
-0.120661
-0.119391
-0.117293
-0.114412
-0.110804
-0.106535
-0.101686
-0.0963439
-0.0905998
-0.0845464
-0.0782752
-0.0718738
-0.0654233
-0.0589986
-0.0526623
-0.0464759
-0.0404719
-0.0347164
-0.0291789
-0.0239906
-0.0189841
-0.0144356
-0.0101069
-0.00592264
-0.00346458
-0.130118
-0.132876
-0.134556
-0.134887
-0.134287
-0.132853
-0.130551
-0.127401
-0.123465
-0.118817
-0.113541
-0.10773
-0.101483
-0.0948994
-0.08808
-0.0811198
-0.0741081
-0.0671254
-0.0602446
-0.0535231
-0.0470206
-0.0407566
-0.0348068
-0.029101
-0.0238308
-0.0186907
-0.0142058
-0.00964727
-0.00585108
-0.00267562
-0.146242
-0.148454
-0.149826
-0.149159
-0.147429
-0.144905
-0.141508
-0.13725
-0.132217
-0.126503
-0.120206
-0.113431
-0.106288
-0.0988852
-0.0913253
-0.0837061
-0.0761168
-0.068635
-0.0613308
-0.0542547
-0.047465
-0.0409649
-0.0348441
-0.0289835
-0.0236529
-0.0183756
-0.0139852
-0.00915585
-0.00582276
-0.00177923
-0.16207
-0.163868
-0.165034
-0.163265
-0.160323
-0.156657
-0.152118
-0.146715
-0.140563
-0.133775
-0.126461
-0.118739
-0.110725
-0.102532
-0.0942676
-0.0860272
-0.0778986
-0.0699553
-0.0622634
-0.0548648
-0.0478172
-0.0411047
-0.0348365
-0.0288335
-0.023464
-0.0180443
-0.0137796
-0.0086388
-0.00584101
-0.000792347
-0.177255
-0.178892
-0.179971
-0.177007
-0.172802
-0.167968
-0.162259
-0.155695
-0.148422
-0.140569
-0.132259
-0.123619
-0.114771
-0.10583
-0.0969033
-0.0880854
-0.0794599
-0.0710949
-0.0630519
-0.0553632
-0.0480873
-0.0411849
-0.0347923
-0.0286576
-0.0232704
-0.0177019
-0.0135938
-0.0081023
-0.00590674
0.000266066
-0.191483
-0.193347
-0.194455
-0.190216
-0.18473
-0.178723
-0.171836
-0.164112
-0.155733
-0.146842
-0.137572
-0.128056
-0.11842
-0.108779
-0.099239
-0.0898904
-0.0808123
-0.0720661
-0.063709
-0.0557616
-0.0482856
-0.0412147
-0.0347194
-0.0284623
-0.0230778
-0.0173531
-0.0134308
-0.00755242
-0.00601863
0.00137627
-0.204503
-0.207115
-0.208342
-0.202761
-0.196009
-0.188841
-0.180781
-0.171917
-0.162463
-0.152574
-0.14239
-0.132049
-0.121678
-0.111391
-0.101289
-0.0914576
-0.0819715
-0.072884
-0.0642482
-0.0560721
-0.0484229
-0.0412026
-0.0346251
-0.0282533
-0.0228905
-0.017002
-0.0132928
-0.00699495
-0.00617349
0.00251882
-0.216143
-0.220148
-0.221536
-0.214557
-0.206578
-0.198272
-0.189055
-0.179083
-0.168598
-0.157761
-0.146719
-0.13561
-0.124562
-0.113683
-0.103071
-0.092806
-0.0829553
-0.0735646
-0.0646838
-0.0563066
-0.048509
-0.0411567
-0.0345158
-0.0280354
-0.0227121
-0.016652
-0.0131801
-0.00643535
-0.0063667
0.00367539
-0.226324
-0.232469
-0.233988
-0.225567
-0.216418
-0.206996
-0.196647
-0.185609
-0.174144
-0.162417
-0.150577
-0.138763
-0.127095
-0.115681
-0.10461
-0.0939562
-0.0837821
-0.0741241
-0.0650295
-0.0564765
-0.0485532
-0.041084
-0.0343968
-0.0278127
-0.0225448
-0.016306
-0.0130925
-0.0058787
-0.00659257
0.00482933
-0.235062
-0.24417
-0.245696
-0.235801
-0.225539
-0.215019
-0.203566
-0.191511
-0.179125
-0.166569
-0.153993
-0.141533
-0.129305
-0.117408
-0.105927
-0.0949293
-0.0844702
-0.0745777
-0.0652978
-0.0565918
-0.0485632
-0.0409905
-0.0342722
-0.0275884
-0.0223901
-0.0159666
-0.0130284
-0.00532956
-0.00684482
0.0059661
-0.242491
-0.255401
-0.256701
-0.245304
-0.233976
-0.222362
-0.209837
-0.196817
-0.183567
-0.170246
-0.156998
-0.143953
-0.13122
-0.118892
-0.107047
-0.095745
-0.0850364
-0.0749394
-0.0655001
-0.0566614
-0.0485458
-0.0408812
-0.0341454
-0.0273654
-0.0222486
-0.0156357
-0.012986
-0.00479201
-0.0071171
0.00707347
-0.248909
-0.26638
-0.267069
-0.254141
-0.241764
-0.229047
-0.215484
-0.201555
-0.187504
-0.173481
-0.159624
-0.146052
-0.132868
-0.120158
-0.107993
-0.0964236
-0.0854979
-0.0752234
-0.0656479
-0.0566943
-0.048508
-0.0407613
-0.0340198
-0.0271464
-0.0221211
-0.0153155
-0.0129632
-0.00426978
-0.00740335
0.00814138
-0.254771
-0.277366
-0.27691
-0.262412
-0.248956
-0.235119
-0.220555
-0.205774
-0.190985
-0.176323
-0.161917
-0.147874
-0.13429
-0.12124
-0.108792
-0.0969895
-0.0858747
-0.075446
-0.065754
-0.0567006
-0.0484571
-0.0406365
-0.0338987
-0.0269342
-0.0220077
-0.0150081
-0.0129574
-0.00376671
-0.00769659
0.00916112
-0.260738
-0.288597
-0.286529
-0.270416
-0.255749
-0.240734
-0.225189
-0.209593
-0.194111
-0.178858
-0.163947
-0.149474
-0.135525
-0.12217
-0.109469
-0.0974579
-0.0861763
-0.0756119
-0.0658196
-0.0566789
-0.0483895
-0.0405025
-0.0337763
-0.0267247
-0.0219015
-0.0147113
-0.0129602
-0.00328546
-0.00798597
0.0101255
-0.268661
-0.300528
-0.29629
-0.278445
-0.262281
-0.245969
-0.229425
-0.213024
-0.196871
-0.181056
-0.16567
-0.150798
-0.136516
-0.122887
-0.109962
-0.0977706
-0.086348
-0.075671
-0.0657994
-0.0565892
-0.04827
-0.0403296
-0.0336268
-0.0264975
-0.0217847
-0.0144133
-0.0129605
-0.00282049
-0.00826647
0.0110363
-0.288241
-0.31392
-0.304306
-0.284665
-0.267013
-0.249555
-0.232218
-0.215212
-0.198572
-0.182359
-0.166646
-0.151506
-0.137005
-0.123199
-0.110134
-0.0978337
-0.0863301
-0.0755897
-0.06568
-0.0564319
-0.0481108
-0.0401339
-0.0334746
-0.0262709
-0.0216873
-0.0141224
-0.0129936
-0.00235712
-0.00858625
0.0119165
-0.3404
-0.323384
-0.304579
-0.284582
-0.266752
-0.249267
-0.232042
-0.215175
-0.198664
-0.182558
-0.166924
-0.151833
-0.137357
-0.123555
-0.11048
-0.098157
-0.086627
-0.0758511
-0.0659137
-0.0566204
-0.0482847
-0.040243
-0.0336055
-0.0262853
-0.0218108
-0.0140003
-0.0131814
-0.00199794
-0.00897754
0.0126446
-0.359223
-0.327359
-0.30482
-0.284495
-0.266152
-0.248365
-0.230989
-0.214035
-0.197477
-0.181356
-0.165733
-0.150676
-0.136254
-0.122521
-0.109527
-0.0972907
-0.0858521
-0.0751657
-0.0653191
-0.0561047
-0.0478547
-0.0398685
-0.0333183
-0.0260092
-0.021652
-0.0137601
-0.0131647
-0.00168572
-0.00918567
0.0132242
-0.36297
-0.325908
-0.303333
-0.283242
-0.264662
-0.246731
-0.22929
-0.212307
-0.195752
-0.179664
-0.1641
-0.149126
-0.134805
-0.121186
-0.108313
-0.0962011
-0.0848859
-0.0743176
-0.0645836
-0.0554705
-0.0473181
-0.0394082
-0.0329465
-0.025676
-0.0214217
-0.0134939
-0.0130831
-0.0013848
-0.00933238
0.0137854
-0.362591
-0.323085
-0.301346
-0.281684
-0.263053
-0.245113
-0.227681
-0.210716
-0.194195
-0.178159
-0.162665
-0.147777
-0.133552
-0.120038
-0.107274
-0.0952714
-0.0840624
-0.0735949
-0.063956
-0.0549276
-0.0468569
-0.0390098
-0.032623
-0.0253817
-0.0212188
-0.0132509
-0.0130131
-0.00109999
-0.00947658
0.0143298
-0.360163
-0.320227
-0.299357
-0.280064
-0.261459
-0.243566
-0.22617
-0.209239
-0.19276
-0.17678
-0.161355
-0.146548
-0.132414
-0.118996
-0.106332
-0.0944278
-0.0833152
-0.0729388
-0.0633859
-0.0544339
-0.0464374
-0.0386465
-0.0323288
-0.0251117
-0.0210355
-0.0130247
-0.0129545
-0.00082803
-0.00962241
0.0148571
-0.356144
-0.317241
-0.297288
-0.278344
-0.259835
-0.242026
-0.224685
-0.207799
-0.191369
-0.175446
-0.160091
-0.145364
-0.131319
-0.117995
-0.105426
-0.0936177
-0.0825978
-0.0723089
-0.0628385
-0.0539601
-0.0460348
-0.0382983
-0.0320467
-0.0248536
-0.0208603
-0.0128091
-0.0128995
-0.000568367
-0.0097639
0.0153652
-0.351175
-0.314163
-0.295107
-0.276528
-0.258186
-0.240496
-0.223228
-0.206396
-0.190022
-0.174161
-0.158877
-0.144229
-0.13027
-0.117037
-0.10456
-0.0928437
-0.0819123
-0.0717071
-0.0623155
-0.0535073
-0.0456499
-0.0379656
-0.0317768
-0.0246074
-0.0206925
-0.0126042
-0.0128467
-0.000321908
-0.00989891
0.0158518
-0.345755
-0.311113
-0.292867
-0.274665
-0.256543
-0.238995
-0.221815
-0.205049
-0.188735
-0.172938
-0.157725
-0.143154
-0.129279
-0.116133
-0.103744
-0.092114
-0.0812663
-0.0711398
-0.0618222
-0.0530803
-0.0452865
-0.0376517
-0.0315217
-0.0243752
-0.0205337
-0.0124113
-0.0127967
-8.95649e-05
-0.0100271
0.0163147
-0.340194
-0.308155
-0.290622
-0.272799
-0.25493
-0.23754
-0.220459
-0.203766
-0.187516
-0.171785
-0.156641
-0.142146
-0.12835
-0.115286
-0.102981
-0.0914318
-0.0806623
-0.0706095
-0.061361
-0.052681
-0.0449464
-0.037358
-0.0312827
-0.0241581
-0.0203848
-0.012231
-0.0127499
0.000127934
-0.010148
0.0167518
-0.3347
-0.305324
-0.288411
-0.270966
-0.253368
-0.236143
-0.219169
-0.202553
-0.186371
-0.170705
-0.155629
-0.141207
-0.127486
-0.1145
-0.102272
-0.0907985
-0.0801017
-0.0701173
-0.0609328
-0.0523103
-0.0446305
-0.0370853
-0.0310606
-0.0239565
-0.0202463
-0.0120639
-0.0127065
0.00032993
-0.0102611
0.0171612
-0.329423
-0.302647
-0.286275
-0.269198
-0.251877
-0.234819
-0.217955
-0.20142
-0.185305
-0.169703
-0.154693
-0.140339
-0.12669
-0.113776
-0.101619
-0.0902159
-0.079586
-0.0696646
-0.0605389
-0.0519693
-0.0443398
-0.0368344
-0.0308559
-0.0237712
-0.0201187
-0.0119103
-0.0126666
0.000515785
-0.0103658
0.0175406
-0.324469
-0.30015
-0.284249
-0.267524
-0.250474
-0.23358
-0.216827
-0.200372
-0.184324
-0.168785
-0.153838
-0.139548
-0.125964
-0.113116
-0.101025
-0.0896859
-0.079117
-0.0692529
-0.0601805
-0.051659
-0.0440751
-0.0366061
-0.0306696
-0.0236026
-0.0200023
-0.0117708
-0.0126302
0.000684898
-0.0104616
0.0178883
-0.319915
-0.297859
-0.282368
-0.26597
-0.249177
-0.23244
-0.215795
-0.199419
-0.183435
-0.167955
-0.153066
-0.138835
-0.125312
-0.112523
-0.100492
-0.0892102
-0.0786961
-0.0688834
-0.0598589
-0.0513806
-0.0438375
-0.0364011
-0.0305021
-0.0234513
-0.0198977
-0.0116457
-0.0125975
0.000836711
-0.010548
0.0182025
-0.315824
-0.295798
-0.280659
-0.264559
-0.248002
-0.231411
-0.214868
-0.198566
-0.182643
-0.167218
-0.152382
-0.138205
-0.124735
-0.112
-0.100021
-0.0887904
-0.0783247
-0.0685574
-0.0595751
-0.0511349
-0.0436278
-0.0362203
-0.0303542
-0.0233178
-0.0198053
-0.0115354
-0.0125686
0.000970715
-0.0106246
0.0184813
-0.312241
-0.293987
-0.279148
-0.263311
-0.246966
-0.230505
-0.214055
-0.197821
-0.181954
-0.166577
-0.151789
-0.137659
-0.124236
-0.111548
-0.0996147
-0.0884278
-0.078004
-0.068276
-0.0593301
-0.0509227
-0.0434466
-0.0360641
-0.0302264
-0.0232026
-0.0197253
-0.0114403
-0.0125436
0.00108645
-0.010691
0.0187233
-0.309203
-0.292446
-0.277857
-0.262244
-0.24608
-0.229733
-0.213364
-0.197191
-0.181371
-0.166038
-0.15129
-0.1372
-0.123817
-0.111168
-0.0992736
-0.0881238
-0.0777351
-0.0680399
-0.0591246
-0.0507448
-0.0432946
-0.0359331
-0.0301192
-0.023106
-0.0196582
-0.0113605
-0.0125226
0.00118353
-0.0107468
0.0189271
-0.30674
-0.291192
-0.276803
-0.261373
-0.245357
-0.229104
-0.212803
-0.196679
-0.1809
-0.165602
-0.150888
-0.13683
-0.123479
-0.110863
-0.0989992
-0.0878793
-0.0775189
-0.0678502
-0.0589593
-0.0506017
-0.0431724
-0.0358278
-0.0300329
-0.0230283
-0.0196042
-0.0112964
-0.0125057
0.0012616
-0.0107919
0.0190916
-0.304875
-0.29024
-0.276001
-0.260709
-0.244806
-0.228625
-0.212377
-0.196292
-0.180543
-0.165273
-0.150584
-0.136551
-0.123225
-0.110633
-0.0987926
-0.0876952
-0.0773561
-0.0677073
-0.0588349
-0.050494
-0.0430803
-0.0357485
-0.0299679
-0.0229698
-0.0195635
-0.0112482
-0.012493
0.0013204
-0.0108258
0.0192158
-0.303622
-0.289598
-0.27546
-0.260261
-0.244434
-0.228302
-0.21209
-0.196031
-0.180304
-0.165052
-0.150381
-0.136365
-0.123055
-0.110479
-0.0986544
-0.087572
-0.0772472
-0.0676118
-0.0587517
-0.0504219
-0.0430188
-0.0356954
-0.0299244
-0.0229307
-0.0195363
-0.0112159
-0.0124844
0.00135972
-0.0108486
0.0192991
-0.302994
-0.289276
-0.275188
-0.260036
-0.244247
-0.22814
-0.211946
-0.1959
-0.180184
-0.164941
-0.150279
-0.136271
-0.12297
-0.110402
-0.0985852
-0.0875104
-0.0771927
-0.0675639
-0.0587101
-0.0503859
-0.0429879
-0.0356689
-0.0299026
-0.0229112
-0.0195226
-0.0111998
-0.0124802
0.00137941
-0.01086
0.0193408
)
;

boundaryField
{
    inlet
    {
        type            zeroGradient;
    }
    outlet
    {
        type            fixedValue;
        value           uniform 0;
    }
    cylinder
    {
        type            zeroGradient;
    }
    top
    {
        type            symmetryPlane;
    }
    bottom
    {
        type            symmetryPlane;
    }
    defaultFaces
    {
        type            empty;
    }
}


// ************************************************************************* //
