/*--------------------------------*- C++ -*----------------------------------*\
  =========                 |
  \\      /  F ield         | OpenFOAM: The Open Source CFD Toolbox
   \\    /   O peration     | Website:  https://openfoam.org
    \\  /    A nd           | Version:  7
     \\/     M anipulation  |
\*---------------------------------------------------------------------------*/
FoamFile
{
    version     2.0;
    format      ascii;
    class       volScalarField;
    location    "10";
    object      p;
}
// * * * * * * * * * * * * * * * * * * * * * * * * * * * * * * * * * * * * * //

dimensions      [0 2 -2 0 0 0 0];

internalField   nonuniform List<scalar> 
6386
(
-0.306429
-0.312006
-0.313938
-0.314356
-0.313487
-0.311405
-0.308274
-0.304253
-0.299458
-0.293812
-0.307182
-0.312633
-0.314486
-0.31483
-0.313893
-0.31175
-0.308561
-0.304494
-0.299654
-0.293884
-0.308683
-0.313885
-0.315576
-0.315774
-0.314702
-0.312435
-0.309132
-0.304969
-0.300042
-0.29402
-0.31092
-0.315752
-0.317203
-0.317182
-0.315907
-0.313454
-0.309976
-0.30567
-0.300612
-0.294201
-0.313877
-0.318221
-0.319354
-0.319041
-0.317495
-0.314793
-0.311083
-0.306581
-0.30135
-0.294381
-0.317535
-0.321277
-0.322015
-0.321339
-0.319453
-0.316439
-0.312435
-0.307687
-0.30225
-0.294499
-0.32187
-0.324901
-0.325168
-0.324058
-0.321766
-0.318376
-0.314016
-0.308966
-0.303294
-0.294674
-0.326857
-0.329072
-0.328795
-0.327181
-0.324417
-0.320588
-0.31581
-0.310397
-0.304351
-0.294857
-0.332468
-0.333767
-0.332876
-0.330691
-0.327388
-0.323057
-0.317799
-0.311967
-0.3055
-0.294896
-0.338677
-0.338965
-0.337391
-0.334569
-0.330664
-0.325771
-0.319969
-0.313655
-0.306719
-0.294767
-0.345458
-0.344642
-0.342319
-0.338798
-0.334232
-0.328718
-0.32231
-0.315451
-0.307983
-0.294445
-0.352784
-0.350774
-0.347642
-0.343361
-0.338078
-0.33189
-0.32482
-0.31735
-0.309282
-0.293865
-0.360627
-0.35734
-0.353338
-0.348244
-0.342193
-0.335284
-0.327501
-0.319361
-0.310617
-0.293033
-0.368962
-0.364315
-0.359389
-0.353433
-0.346571
-0.338901
-0.330365
-0.321501
-0.311995
-0.291911
-0.377761
-0.371675
-0.365776
-0.358916
-0.351208
-0.34275
-0.333433
-0.323804
-0.313447
-0.290521
-0.379395
-0.372479
-0.364681
-0.356101
-0.346839
-0.336736
-0.326327
-0.315034
-0.288981
-0.387446
-0.379476
-0.370714
-0.361249
-0.351183
-0.340311
-0.329139
-0.3168
-0.287391
-0.395797
-0.386745
-0.377002
-0.366648
-0.355797
-0.344214
-0.332331
-0.318639
-0.285552
-0.394259
-0.383527
-0.372294
-0.360701
-0.348538
-0.336093
-0.320745
-0.284407
-0.401986
-0.390266
-0.37817
-0.365898
-0.353353
-0.34075
-0.325273
-0.29349
-0.397185
-0.384241
-0.371333
-0.358529
-0.346136
-0.33424
-0.332024
-0.390456
-0.376896
-0.36375
-0.351308
-0.340286
-0.344754
-0.396769
-0.382513
-0.368871
-0.356011
-0.344371
-0.349096
-0.388148
-0.373879
-0.360385
-0.347817
-0.35129
-0.378758
-0.364458
-0.350786
-0.351956
-0.368189
-0.353224
-0.351472
-0.355121
-0.350163
-0.348203
-0.356476
-0.348202
-0.355132
-0.350165
-0.368213
-0.353235
-0.351477
-0.378792
-0.36448
-0.350797
-0.351963
-0.388189
-0.37391
-0.360405
-0.347826
-0.351298
-0.396815
-0.38255
-0.368899
-0.356029
-0.34438
-0.349106
-0.390498
-0.376929
-0.363775
-0.351324
-0.340294
-0.344763
-0.397231
-0.384279
-0.371364
-0.358551
-0.346151
-0.334247
-0.332031
-0.402035
-0.390308
-0.378205
-0.365926
-0.353374
-0.340763
-0.325278
-0.293483
-0.394303
-0.383565
-0.372326
-0.360726
-0.348557
-0.336104
-0.320749
-0.284397
-0.395841
-0.386785
-0.377037
-0.366677
-0.35582
-0.344231
-0.332341
-0.318643
-0.285544
-0.387486
-0.379512
-0.370746
-0.361275
-0.351204
-0.340326
-0.329149
-0.316804
-0.287384
-0.387031
-0.379431
-0.372511
-0.364709
-0.356125
-0.346858
-0.336749
-0.326335
-0.315038
-0.288976
-0.377795
-0.371707
-0.365805
-0.358942
-0.351229
-0.342767
-0.333446
-0.323812
-0.313451
-0.290517
-0.368993
-0.364344
-0.359415
-0.353457
-0.346591
-0.338917
-0.330377
-0.321508
-0.311999
-0.291908
-0.360654
-0.357365
-0.353361
-0.348265
-0.342211
-0.335298
-0.327512
-0.319368
-0.310621
-0.293032
-0.352808
-0.350797
-0.347663
-0.34338
-0.338093
-0.331902
-0.32483
-0.317357
-0.309286
-0.293863
-0.345479
-0.344662
-0.342338
-0.338814
-0.334246
-0.328729
-0.322319
-0.315457
-0.307987
-0.294446
-0.338696
-0.338983
-0.337408
-0.334584
-0.330677
-0.325781
-0.319977
-0.313661
-0.306723
-0.294768
-0.332485
-0.333783
-0.332891
-0.330704
-0.3274
-0.323066
-0.317806
-0.311972
-0.305504
-0.294897
-0.326871
-0.329085
-0.328808
-0.327193
-0.324426
-0.320596
-0.315816
-0.310402
-0.304355
-0.294859
-0.321882
-0.324913
-0.325179
-0.324067
-0.321774
-0.318383
-0.314022
-0.30897
-0.303297
-0.294676
-0.317546
-0.321287
-0.322024
-0.321347
-0.31946
-0.316445
-0.31244
-0.30769
-0.302253
-0.2945
-0.313886
-0.318229
-0.319362
-0.319048
-0.3175
-0.314798
-0.311086
-0.306585
-0.301353
-0.294383
-0.310926
-0.315758
-0.317209
-0.317187
-0.315911
-0.313457
-0.309979
-0.305673
-0.300614
-0.294202
-0.308687
-0.313889
-0.31558
-0.315778
-0.314706
-0.312438
-0.309134
-0.304971
-0.300043
-0.294021
-0.307185
-0.312636
-0.314488
-0.314832
-0.313895
-0.311751
-0.308562
-0.304495
-0.299655
-0.293885
-0.30643
-0.312007
-0.313939
-0.314356
-0.313488
-0.311406
-0.308274
-0.304253
-0.299458
-0.293812
-0.289169
-0.284058
-0.278332
-0.272088
-0.265271
-0.257937
-0.250131
-0.2419
-0.233302
-0.224392
-0.215231
-0.205878
-0.196391
-0.186825
-0.177229
-0.167652
-0.158137
-0.148721
-0.139439
-0.130322
-0.121395
-0.112682
-0.104201
-0.0959669
-0.087993
-0.0802875
-0.0728592
-0.0657069
-0.0588453
-0.0522465
-0.0459709
-0.0398869
-0.0342602
-0.0285527
-0.023814
-0.0180406
-0.0149888
-0.00779923
-0.00884031
0.00365367
-0.00819379
0.0200992
-0.289584
-0.284387
-0.278611
-0.272343
-0.265503
-0.258149
-0.250327
-0.242083
-0.233472
-0.224552
-0.215382
-0.206022
-0.196528
-0.186954
-0.177353
-0.16777
-0.158248
-0.148827
-0.139539
-0.130417
-0.121485
-0.112766
-0.10428
-0.0960416
-0.0880632
-0.0803534
-0.0729211
-0.0657651
-0.0588998
-0.0522977
-0.046019
-0.0399321
-0.0343025
-0.0285928
-0.0238508
-0.0180767
-0.0150193
-0.00783383
-0.0088604
0.00361427
-0.00819174
0.0200382
-0.290408
-0.285038
-0.279166
-0.272848
-0.265963
-0.25857
-0.250716
-0.242444
-0.23381
-0.22487
-0.215683
-0.206307
-0.196799
-0.187212
-0.177598
-0.168003
-0.15847
-0.149038
-0.139739
-0.130606
-0.121664
-0.112935
-0.104439
-0.096191
-0.0882035
-0.0804852
-0.0730447
-0.065881
-0.0590086
-0.0523998
-0.0461147
-0.0400221
-0.0343866
-0.0286724
-0.0239238
-0.0181483
-0.0150794
-0.00790239
-0.00890002
0.00353602
-0.00818735
0.0199167
-0.291634
-0.286
-0.279986
-0.273596
-0.266641
-0.25919
-0.251288
-0.242977
-0.234309
-0.22534
-0.216127
-0.206729
-0.1972
-0.187595
-0.177963
-0.168351
-0.158801
-0.149352
-0.140037
-0.130888
-0.12193
-0.113187
-0.104676
-0.0964139
-0.0884129
-0.0806818
-0.0732292
-0.066054
-0.0591708
-0.0525519
-0.0462574
-0.040156
-0.0345118
-0.0287908
-0.0240324
-0.0182548
-0.0151688
-0.00800439
-0.00895877
0.00341948
-0.00818049
0.0197355
-0.293281
-0.287252
-0.281054
-0.27457
-0.267523
-0.259996
-0.252033
-0.243668
-0.234958
-0.225952
-0.216708
-0.207281
-0.197727
-0.188098
-0.178443
-0.168809
-0.159237
-0.149767
-0.140431
-0.131261
-0.122283
-0.11352
-0.10499
-0.0967088
-0.0886901
-0.0809419
-0.0734732
-0.0662828
-0.0593853
-0.052753
-0.0464458
-0.040333
-0.0346771
-0.0289472
-0.0241756
-0.0183954
-0.0152867
-0.00813905
-0.00903603
0.00326548
-0.00817094
0.0194958
-0.295397
-0.288719
-0.282334
-0.275751
-0.268588
-0.26097
-0.252932
-0.244507
-0.235744
-0.226696
-0.217414
-0.207955
-0.198371
-0.188714
-0.179033
-0.169372
-0.159775
-0.150278
-0.140917
-0.131722
-0.122719
-0.113931
-0.105378
-0.0970738
-0.089033
-0.0812638
-0.0737751
-0.0665658
-0.0596506
-0.0530016
-0.0466787
-0.0405516
-0.0348812
-0.0291403
-0.0243523
-0.0185689
-0.0154319
-0.00830536
-0.00913099
0.00307512
-0.00815843
0.0191992
-0.297597
-0.290466
-0.283814
-0.277109
-0.269823
-0.262092
-0.253967
-0.245473
-0.236653
-0.227557
-0.218235
-0.208741
-0.199124
-0.189436
-0.179725
-0.170035
-0.160408
-0.150882
-0.141492
-0.132267
-0.123235
-0.114419
-0.105837
-0.0975064
-0.0894395
-0.0816453
-0.0741329
-0.0669012
-0.0599648
-0.053296
-0.0469544
-0.0408103
-0.0351226
-0.0293686
-0.0245612
-0.0187741
-0.0156033
-0.00850209
-0.0092427
0.00284972
-0.00814262
0.0188475
-0.300139
-0.292888
-0.285519
-0.278629
-0.271197
-0.26334
-0.255119
-0.246548
-0.237667
-0.228521
-0.219158
-0.209626
-0.199976
-0.190255
-0.180512
-0.170791
-0.161132
-0.151573
-0.14215
-0.132893
-0.123828
-0.114979
-0.106365
-0.0980037
-0.0899069
-0.082084
-0.0745442
-0.0672866
-0.0603258
-0.0536342
-0.047271
-0.0411072
-0.0353995
-0.0296305
-0.0248005
-0.0190094
-0.0157994
-0.00872783
-0.00937005
0.00259082
-0.00812314
0.0184431
-0.302948
-0.295077
-0.287331
-0.280283
-0.272683
-0.264686
-0.256362
-0.247711
-0.238768
-0.229572
-0.220167
-0.210599
-0.200915
-0.191162
-0.181387
-0.171632
-0.161939
-0.152346
-0.142887
-0.133594
-0.124493
-0.115608
-0.106959
-0.0985624
-0.0904321
-0.0825769
-0.0750064
-0.0677196
-0.0607313
-0.0540138
-0.0476261
-0.0414403
-0.0357099
-0.0299241
-0.0250684
-0.0192731
-0.0160187
-0.00898096
-0.00951181
0.00230013
-0.00809956
0.0179884
-0.306062
-0.297532
-0.289282
-0.282039
-0.274252
-0.266106
-0.257673
-0.248941
-0.239937
-0.230693
-0.221249
-0.211647
-0.201931
-0.192147
-0.182339
-0.172551
-0.162823
-0.153193
-0.143697
-0.134365
-0.125225
-0.116301
-0.107613
-0.0991791
-0.0910118
-0.0831211
-0.0755165
-0.0681974
-0.0611785
-0.0544324
-0.0480175
-0.0418072
-0.0360516
-0.0302473
-0.025363
-0.0195633
-0.0162594
-0.00925976
-0.00966664
0.00197955
-0.00807142
0.0174862
-0.309429
-0.300173
-0.291325
-0.283861
-0.275874
-0.267571
-0.259028
-0.250217
-0.241154
-0.231867
-0.222389
-0.212756
-0.203012
-0.193198
-0.18336
-0.173539
-0.163776
-0.154109
-0.144574
-0.135201
-0.12602
-0.117054
-0.108325
-0.0998498
-0.0916425
-0.0837131
-0.0760714
-0.0687169
-0.0616646
-0.0548872
-0.0484425
-0.0422055
-0.0364222
-0.0305979
-0.0256822
-0.0198781
-0.0165196
-0.00956238
-0.00983315
0.00163109
-0.00803826
0.0169393
-0.312645
-0.302891
-0.293415
-0.285712
-0.277515
-0.269053
-0.260402
-0.251516
-0.242402
-0.233078
-0.223571
-0.213914
-0.204146
-0.194307
-0.184441
-0.174588
-0.164791
-0.155087
-0.145512
-0.136097
-0.126873
-0.117863
-0.10909
-0.100571
-0.0923204
-0.0843493
-0.0766677
-0.0692751
-0.0621866
-0.0553754
-0.0488985
-0.0426326
-0.0368193
-0.0309736
-0.0260236
-0.0202154
-0.0167975
-0.00988686
-0.0100099
0.00125686
-0.0079996
0.0163509
-0.316212
-0.305702
-0.295511
-0.287556
-0.279144
-0.270524
-0.261772
-0.252819
-0.243662
-0.234311
-0.224783
-0.215108
-0.205321
-0.195462
-0.185571
-0.175691
-0.16586
-0.15612
-0.146504
-0.137047
-0.127778
-0.118722
-0.109903
-0.101337
-0.0930417
-0.0850264
-0.0773021
-0.0698687
-0.0627416
-0.0558941
-0.0493826
-0.0430859
-0.0372403
-0.031372
-0.0263852
-0.020573
-0.0170911
-0.0102312
-0.0101954
0.000859074
-0.00795501
0.015724
-0.319747
-0.308504
-0.297576
-0.289353
-0.280725
-0.271958
-0.263116
-0.254108
-0.24492
-0.23555
-0.226011
-0.216327
-0.206529
-0.196655
-0.186744
-0.176838
-0.166977
-0.157201
-0.147545
-0.138045
-0.12873
-0.119628
-0.11076
-0.102146
-0.0938027
-0.0857406
-0.0779712
-0.0704947
-0.0633264
-0.0564405
-0.0498922
-0.0435628
-0.0376829
-0.0317907
-0.0267645
-0.0209488
-0.0173984
-0.0105934
-0.0103883
0.000439952
-0.007904
0.0150617
-0.323164
-0.311222
-0.29956
-0.291055
-0.28222
-0.273328
-0.264412
-0.255364
-0.246158
-0.236783
-0.227243
-0.217559
-0.207757
-0.197874
-0.187948
-0.178021
-0.168132
-0.158322
-0.148629
-0.139086
-0.129725
-0.120573
-0.111656
-0.102992
-0.0945988
-0.0864879
-0.0786711
-0.0711493
-0.0639377
-0.0570113
-0.0504241
-0.0440605
-0.0381441
-0.0322273
-0.0271591
-0.0213405
-0.0177172
-0.0109714
-0.0105869
1.61096e-06
-0.00784585
0.0143672
-0.326294
-0.313694
-0.301384
-0.292601
-0.283585
-0.274602
-0.265638
-0.256569
-0.247361
-0.237993
-0.228464
-0.218788
-0.208991
-0.199106
-0.189171
-0.179227
-0.169314
-0.159473
-0.149742
-0.140157
-0.13075
-0.12155
-0.112582
-0.103867
-0.0954225
-0.0872612
-0.0793954
-0.0718265
-0.0645699
-0.0576015
-0.0509738
-0.0445747
-0.0386203
-0.0326782
-0.0275661
-0.0217454
-0.0180453
-0.011363
-0.0107896
-0.000453697
-0.00777992
0.0136434
-0.328752
-0.315678
-0.302989
-0.293954
-0.284795
-0.275766
-0.266784
-0.257716
-0.248521
-0.239174
-0.229666
-0.220008
-0.210223
-0.200343
-0.190405
-0.180448
-0.170514
-0.160645
-0.150879
-0.141253
-0.131801
-0.122552
-0.113533
-0.104766
-0.0962696
-0.0880567
-0.0801404
-0.072523
-0.0652199
-0.0582081
-0.0515385
-0.0451028
-0.039109
-0.0331411
-0.0279833
-0.0221613
-0.0183813
-0.0117655
-0.0109962
-0.000922215
-0.00770841
0.0128946
-0.330265
-0.31718
-0.304473
-0.295166
-0.285884
-0.276856
-0.267888
-0.258842
-0.249679
-0.240365
-0.23089
-0.221261
-0.211498
-0.20163
-0.191695
-0.181731
-0.171781
-0.161885
-0.152084
-0.142417
-0.132918
-0.123618
-0.114545
-0.105722
-0.0971689
-0.0888999
-0.0809288
-0.0732585
-0.0659048
-0.0588456
-0.0521303
-0.0456547
-0.0396184
-0.0336222
-0.0284162
-0.0225907
-0.0187289
-0.0121782
-0.0112109
-0.0013986
-0.00763832
0.0121265
-0.330808
-0.317624
-0.305487
-0.296023
-0.286715
-0.277782
-0.268895
-0.259916
-0.250816
-0.241564
-0.232145
-0.222564
-0.21284
-0.203001
-0.193081
-0.18312
-0.173159
-0.163242
-0.153409
-0.1437
-0.134151
-0.124796
-0.115663
-0.106778
-0.0981613
-0.0898287
-0.0817949
-0.0740639
-0.0666517
-0.0595378
-0.0527697
-0.0462478
-0.0401624
-0.034133
-0.0288726
-0.0230413
-0.0190906
-0.0126066
-0.0114302
-0.00188976
-0.00755786
0.0113331
-0.323678
-0.312416
-0.304342
-0.295596
-0.286616
-0.277992
-0.269309
-0.260466
-0.251472
-0.242308
-0.232967
-0.223454
-0.213787
-0.203994
-0.194108
-0.18417
-0.174221
-0.164304
-0.154461
-0.144733
-0.135158
-0.12577
-0.1166
-0.107673
-0.0990126
-0.0906346
-0.0825548
-0.0747785
-0.0673212
-0.0601653
-0.0533539
-0.0467971
-0.0406668
-0.0346176
-0.0292973
-0.0234836
-0.019418
-0.0130524
-0.0115961
-0.00244189
-0.00737461
0.0104724
-0.287445
-0.29783
-0.301746
-0.294936
-0.286537
-0.278299
-0.269825
-0.261071
-0.252102
-0.242934
-0.23357
-0.224025
-0.214325
-0.2045
-0.194586
-0.184624
-0.174656
-0.164725
-0.154874
-0.14514
-0.135563
-0.126176
-0.117007
-0.108084
-0.0994282
-0.0910553
-0.0829803
-0.0752095
-0.0677552
-0.0606054
-0.0537912
-0.0472451
-0.0410962
-0.0350771
-0.0296941
-0.0239746
-0.0197265
-0.0136368
-0.0116874
-0.00327283
-0.00694026
0.00923188
-0.281623
-0.287271
-0.293108
-0.287632
-0.280137
-0.272769
-0.265034
-0.256862
-0.248377
-0.239632
-0.230651
-0.221459
-0.212084
-0.202562
-0.192929
-0.183228
-0.173499
-0.163787
-0.154133
-0.144578
-0.13516
-0.125914
-0.116871
-0.108056
-0.0994945
-0.0912031
-0.0831975
-0.0754862
-0.0680808
-0.060974
-0.0541903
-0.0476782
-0.0415381
-0.035558
-0.0301436
-0.0245044
-0.020125
-0.0142548
-0.0119081
-0.00410487
-0.00666958
0.00785894
-0.276501
-0.278934
-0.284131
-0.279513
-0.272761
-0.266089
-0.259017
-0.251428
-0.243458
-0.235183
-0.226639
-0.217855
-0.208866
-0.199707
-0.190419
-0.181039
-0.171612
-0.162179
-0.152783
-0.143464
-0.13426
-0.125207
-0.116337
-0.107677
-0.0992513
-0.0910799
-0.0831791
-0.0755589
-0.0682314
-0.0611929
-0.054464
-0.0480044
-0.0418951
-0.0359639
-0.0305434
-0.0249787
-0.0205098
-0.0148183
-0.0121616
-0.00485586
-0.00650834
0.00656417
-0.271194
-0.271129
-0.275261
-0.271293
-0.265187
-0.259084
-0.252598
-0.245571
-0.23812
-0.23033
-0.22224
-0.213885
-0.205302
-0.196528
-0.187603
-0.178566
-0.16946
-0.160327
-0.151208
-0.142144
-0.133174
-0.124333
-0.115654
-0.107165
-0.0988921
-0.0908558
-0.0830736
-0.0755574
-0.0683195
-0.0613594
-0.0546948
-0.0482951
-0.0422248
-0.0363464
-0.0309283
-0.0254365
-0.0208905
-0.0153666
-0.0124223
-0.00558909
-0.00636957
0.00529813
-0.264764
-0.263077
-0.26596
-0.26243
-0.256922
-0.251355
-0.245439
-0.23899
-0.232093
-0.224829
-0.217241
-0.209362
-0.201231
-0.192887
-0.184367
-0.175712
-0.166965
-0.158165
-0.149357
-0.140578
-0.13187
-0.123266
-0.114802
-0.106507
-0.0984062
-0.0905228
-0.0828752
-0.075477
-0.0683413
-0.0614704
-0.0548799
-0.0485475
-0.0425243
-0.0367024
-0.0312951
-0.0258742
-0.0212636
-0.0158954
-0.0126868
-0.00629864
-0.00625146
0.00407027
-0.25667
-0.254234
-0.255903
-0.252705
-0.2478
-0.242778
-0.237434
-0.231581
-0.225273
-0.218578
-0.211538
-0.204184
-0.196554
-0.188686
-0.180618
-0.17239
-0.164043
-0.155618
-0.147158
-0.138701
-0.130287
-0.121953
-0.113733
-0.105657
-0.0977528
-0.090044
-0.0825507
-0.0752881
-0.0682701
-0.061502
-0.0549979
-0.0487426
-0.0427766
-0.0370168
-0.0316304
-0.0262796
-0.0216192
-0.0163938
-0.0129505
-0.00697155
-0.00616032
0.00289927
-0.246821
-0.2443
-0.244953
-0.242073
-0.237804
-0.233358
-0.2286
-0.223364
-0.217672
-0.211582
-0.205129
-0.198342
-0.191256
-0.183907
-0.176334
-0.168574
-0.160668
-0.152657
-0.144582
-0.136483
-0.128398
-0.120364
-0.112418
-0.104589
-0.096907
-0.0893963
-0.0820784
-0.0749704
-0.0680873
-0.061437
-0.055033
-0.0488661
-0.0429684
-0.0372777
-0.0319231
-0.0266431
-0.0219484
-0.0168543
-0.0132069
-0.00760025
-0.00609577
0.00179974
-0.235272
-0.233164
-0.233082
-0.230557
-0.226964
-0.223134
-0.218983
-0.214378
-0.209328
-0.20387
-0.198035
-0.191848
-0.185343
-0.178551
-0.17151
-0.164256
-0.156829
-0.149269
-0.141614
-0.133906
-0.126183
-0.118482
-0.110838
-0.103285
-0.0958505
-0.0885617
-0.0814412
-0.0745077
-0.0677777
-0.0612613
-0.0549719
-0.0489057
-0.0430885
-0.037475
-0.0321637
-0.0269566
-0.0222429
-0.0172704
-0.0134492
-0.00817909
-0.00605508
0.000783586
-0.22225
-0.220879
-0.220365
-0.218253
-0.215363
-0.212185
-0.208661
-0.2047
-0.200303
-0.195496
-0.1903
-0.184739
-0.17884
-0.172635
-0.166157
-0.159441
-0.152525
-0.145446
-0.138245
-0.13096
-0.12363
-0.116291
-0.10898
-0.101728
-0.0945674
-0.0875246
-0.0806237
-0.0738853
-0.0673271
-0.0609614
-0.0548022
-0.0488498
-0.0431259
-0.037599
-0.0323427
-0.0272123
-0.0224947
-0.0176363
-0.0136712
-0.00870295
-0.00603514
-0.000139165
-0.208114
-0.207637
-0.206974
-0.205326
-0.203147
-0.200639
-0.197753
-0.194439
-0.190699
-0.186546
-0.181998
-0.177075
-0.171799
-0.166198
-0.160304
-0.154149
-0.147769
-0.1412
-0.134479
-0.127645
-0.120734
-0.113785
-0.106832
-0.0999085
-0.0930459
-0.0862725
-0.0796134
-0.0730906
-0.0667231
-0.0605255
-0.0545124
-0.048688
-0.0430706
-0.0376405
-0.0324516
-0.0274028
-0.0226965
-0.0179465
-0.013867
-0.00916742
-0.00603248
-0.000960768
-0.19329
-0.193723
-0.193139
-0.191991
-0.190505
-0.188661
-0.186408
-0.183733
-0.180638
-0.177132
-0.173228
-0.168941
-0.164291
-0.159302
-0.154003
-0.148423
-0.142595
-0.136553
-0.130332
-0.12397
-0.117502
-0.110965
-0.104394
-0.097822
-0.0912804
-0.0847982
-0.0784019
-0.0721145
-0.0659566
-0.0599443
-0.0540934
-0.0484113
-0.0429143
-0.0375921
-0.032483
-0.027522
-0.0228421
-0.0181967
-0.0140313
-0.00956916
-0.00604317
-0.00167627
-0.178211
-0.179469
-0.179123
-0.178484
-0.177647
-0.176436
-0.174796
-0.172734
-0.170262
-0.167383
-0.164105
-0.16044
-0.156407
-0.152026
-0.14732
-0.142318
-0.137048
-0.131543
-0.125836
-0.11996
-0.113952
-0.107845
-0.101674
-0.0954727
-0.0892716
-0.0831003
-0.0769859
-0.0709526
-0.0650218
-0.0592117
-0.0535388
-0.0480134
-0.0426505
-0.0374476
-0.0324311
-0.027565
-0.0229264
-0.0183833
-0.0141598
-0.00990599
-0.00606291
-0.0022838
-0.163262
-0.165201
-0.165184
-0.165034
-0.164782
-0.164154
-0.163087
-0.161602
-0.159717
-0.157431
-0.15475
-0.151684
-0.148247
-0.144457
-0.140334
-0.135903
-0.131189
-0.126221
-0.121031
-0.115649
-0.110109
-0.104445
-0.0986882
-0.0928721
-0.0870273
-0.0811834
-0.0753676
-0.0696048
-0.0639175
-0.0583252
-0.0528452
-0.0474904
-0.0422752
-0.0372033
-0.0322918
-0.0275285
-0.0229457
-0.0185041
-0.014249
-0.010177
-0.00608706
-0.00278473
-0.148752
-0.151208
-0.151547
-0.151845
-0.1521
-0.151991
-0.151443
-0.150487
-0.149142
-0.147408
-0.145286
-0.142785
-0.139914
-0.13669
-0.133129
-0.129252
-0.125082
-0.120644
-0.115966
-0.111078
-0.10601
-0.100794
-0.0954592
-0.0900386
-0.0845618
-0.0790579
-0.0735541
-0.0680759
-0.0626463
-0.0572858
-0.0520125
-0.0468416
-0.0417868
-0.0368573
-0.0320632
-0.0274107
-0.0228979
-0.0185581
-0.0142965
-0.0103824
-0.00611114
-0.00318307
-0.134901
-0.137713
-0.138394
-0.13908
-0.139761
-0.140096
-0.140006
-0.139523
-0.138666
-0.137434
-0.135826
-0.133848
-0.131507
-0.128816
-0.125789
-0.122443
-0.118796
-0.114873
-0.110698
-0.106296
-0.101696
-0.0969262
-0.0920165
-0.0869962
-0.0818944
-0.0767392
-0.0715577
-0.0663751
-0.0612149
-0.0560982
-0.0510439
-0.0460687
-0.0411862
-0.0364099
-0.0317448
-0.0272114
-0.022782
-0.0185455
-0.0143007
-0.0105239
-0.00613097
-0.0034852
-0.121843
-0.124871
-0.125853
-0.126861
-0.127885
-0.128589
-0.128891
-0.128821
-0.128396
-0.127613
-0.126469
-0.124969
-0.123116
-0.120921
-0.118393
-0.115548
-0.112401
-0.108971
-0.10528
-0.101351
-0.0972092
-0.0928808
-0.0883928
-0.0837729
-0.0790486
-0.0742469
-0.0693941
-0.0645151
-0.0596332
-0.0547702
-0.0499452
-0.045176
-0.0404766
-0.0358634
-0.0313381
-0.026932
-0.0225986
-0.0184675
-0.0142611
-0.0106038
-0.0061428
-0.00369947
-0.109646
-0.112777
-0.114004
-0.115266
-0.116558
-0.11756
-0.118188
-0.118469
-0.118418
-0.118029
-0.1173
-0.116228
-0.11482
-0.113079
-0.111014
-0.108635
-0.105957
-0.102995
-0.0997666
-0.0962925
-0.0925947
-0.0886965
-0.0846228
-0.0803988
-0.0760503
-0.071603
-0.0670818
-0.0625112
-0.057914
-0.0533119
-0.0487244
-0.0441701
-0.039663
-0.0352218
-0.0308463
-0.0265749
-0.0223493
-0.0183263
-0.0141777
-0.0106257
-0.00614334
-0.00383569
-0.0983224
-0.101473
-0.102887
-0.104341
-0.105832
-0.107066
-0.107959
-0.108533
-0.108799
-0.108751
-0.108384
-0.107694
-0.106683
-0.105354
-0.103712
-0.101766
-0.0995238
-0.0969998
-0.0942085
-0.0911672
-0.0878949
-0.0844122
-0.0807411
-0.0769048
-0.0729267
-0.068831
-0.0646412
-0.0603807
-0.0560716
-0.0517355
-0.0473916
-0.0430591
-0.0387519
-0.0344904
-0.0302734
-0.026144
-0.0220367
-0.0181249
-0.0140513
-0.0105935
-0.00612987
-0.00390452
-0.0878551
-0.0909637
-0.0925113
-0.0941011
-0.0957349
-0.0971424
-0.0982445
-0.0990563
-0.0995867
-0.0998287
-0.0997742
-0.0994186
-0.0987606
-0.0978008
-0.096542
-0.0949891
-0.0931494
-0.0910326
-0.0886507
-0.0860176
-0.0831495
-0.0800643
-0.0767812
-0.0733209
-0.0697048
-0.0659548
-0.0620931
-0.0581416
-0.0541217
-0.0500541
-0.0459578
-0.0418521
-0.037751
-0.0336757
-0.0296246
-0.0256434
-0.0216638
-0.0178668
-0.0138833
-0.0105118
-0.00610033
-0.00391686
-0.0782062
-0.0812314
-0.0828664
-0.0845455
-0.086273
-0.0878048
-0.0890659
-0.0900667
-0.0908131
-0.0912971
-0.0915088
-0.0914421
-0.0910934
-0.0904611
-0.0895457
-0.0883494
-0.0868769
-0.0851351
-0.0831331
-0.0808818
-0.0783946
-0.0756867
-0.0727745
-0.0696761
-0.0664107
-0.062998
-0.0594585
-0.0558124
-0.0520802
-0.0482814
-0.0444349
-0.0405592
-0.0366687
-0.0327845
-0.0289055
-0.0250782
-0.0212345
-0.0175558
-0.0136753
-0.0103853
-0.00605325
-0.00388335
-0.0693289
-0.0722436
-0.0739282
-0.0756583
-0.0774402
-0.079055
-0.0804322
-0.0815786
-0.0824976
-0.08318
-0.0836149
-0.0837946
-0.0837139
-0.083369
-0.0827584
-0.081882
-0.080742
-0.0793427
-0.0776904
-0.0757937
-0.0736629
-0.0713103
-0.06875
-0.0659974
-0.0630692
-0.0599832
-0.0567576
-0.0534113
-0.0499631
-0.0464317
-0.0428348
-0.0391908
-0.0355136
-0.0318244
-0.0281225
-0.0244536
-0.0207527
-0.0171962
-0.0134294
-0.0102187
-0.00598784
-0.00381386
-0.0611732
-0.0639609
-0.0656651
-0.0674159
-0.0692208
-0.0708846
-0.0723419
-0.0735965
-0.0746496
-0.0754915
-0.0761105
-0.0764976
-0.0766461
-0.0765509
-0.0762082
-0.0756161
-0.0747746
-0.0736857
-0.0723532
-0.0707831
-0.0689832
-0.0669631
-0.0647343
-0.0623097
-0.0597038
-0.0569318
-0.0540102
-0.050956
-0.0477863
-0.0445187
-0.0411699
-0.0377575
-0.034295
-0.030803
-0.0272818
-0.0237752
-0.0202227
-0.016792
-0.013148
-0.0100168
-0.00590388
-0.00371718
-0.0536899
-0.0563414
-0.0580421
-0.05979
-0.0615933
-0.0632788
-0.0647862
-0.0661171
-0.0672712
-0.0682382
-0.0690062
-0.0695653
-0.0699076
-0.0700267
-0.0699172
-0.0695756
-0.0689999
-0.06819
-0.0671477
-0.0658764
-0.0643815
-0.0626703
-0.0607518
-0.0586365
-0.0563363
-0.0538644
-0.0512352
-0.0484636
-0.0455654
-0.0425565
-0.0394525
-0.03627
-0.033022
-0.0297284
-0.0263902
-0.0230488
-0.0196491
-0.0163477
-0.0128335
-0.00978378
-0.00580169
-0.00360079
-0.0468317
-0.0493429
-0.051023
-0.0527499
-0.0545328
-0.0562182
-0.0577514
-0.059132
-0.0603587
-0.0614212
-0.0623072
-0.0630065
-0.0635103
-0.0638112
-0.0639026
-0.0637796
-0.0634386
-0.0628777
-0.0620965
-0.0610965
-0.0598811
-0.058455
-0.056825
-0.0549992
-0.0529873
-0.0508004
-0.0484506
-0.045951
-0.0433155
-0.0405586
-0.0376946
-0.034739
-0.0317041
-0.0286086
-0.0254545
-0.0222803
-0.0190367
-0.0158677
-0.0124889
-0.00952397
-0.00568205
-0.0034708
-0.0405546
-0.042925
-0.0445717
-0.0462646
-0.0480128
-0.0496812
-0.0512205
-0.0526289
-0.0539044
-0.0550368
-0.0560139
-0.0568253
-0.0574617
-0.0579149
-0.0581776
-0.0582436
-0.0581079
-0.0577671
-0.0572193
-0.056464
-0.0555026
-0.0543378
-0.0529744
-0.0514181
-0.0496765
-0.0477584
-0.0456739
-0.0434343
-0.0410517
-0.0385388
-0.0359087
-0.0331755
-0.0303508
-0.0274521
-0.0244819
-0.0214757
-0.0183903
-0.0153565
-0.0121172
-0.00924127
-0.00554618
-0.00333203
-0.0348174
-0.0370491
-0.0386536
-0.0403029
-0.042006
-0.0436447
-0.0451745
-0.0465931
-0.0478976
-0.0490782
-0.0501233
-0.0510222
-0.0517656
-0.0523447
-0.0527516
-0.0529792
-0.0530216
-0.0528741
-0.0525331
-0.0519968
-0.0512647
-0.0503378
-0.049219
-0.047912
-0.0464221
-0.0447561
-0.0429221
-0.0409296
-0.0387887
-0.0365107
-0.0341071
-0.0315906
-0.0289721
-0.0262674
-0.0234799
-0.0206417
-0.0177154
-0.0148189
-0.0117219
-0.00893942
-0.0053956
-0.0031881
-0.0295823
-0.0316792
-0.0332355
-0.0348347
-0.0364855
-0.0380849
-0.0395933
-0.0410079
-0.0423253
-0.0435363
-0.0446296
-0.045595
-0.0464229
-0.0471044
-0.0476313
-0.0479957
-0.048191
-0.0482115
-0.0480526
-0.0477108
-0.047184
-0.0464716
-0.0455766
-0.0444988
-0.0432418
-0.0418106
-0.0402116
-0.0384523
-0.0365412
-0.0344878
-0.0323022
-0.0299956
-0.0275779
-0.0250635
-0.0224562
-0.0197849
-0.0170176
-0.0142598
-0.0113067
-0.00862204
-0.00523211
-0.0030417
-0.0248144
-0.0267816
-0.0282862
-0.0298312
-0.0314249
-0.0329783
-0.0344565
-0.035856
-0.0371735
-0.0384
-0.0395252
-0.0405389
-0.041432
-0.0421953
-0.0428205
-0.0432994
-0.0436249
-0.0437904
-0.0437903
-0.0436201
-0.0432758
-0.042753
-0.0420637
-0.0411953
-0.0401522
-0.0389384
-0.0375584
-0.0360179
-0.0343238
-0.0324839
-0.0305067
-0.028402
-0.0261787
-0.0238498
-0.021419
-0.0189125
-0.0163029
-0.0136843
-0.0108756
-0.00829266
-0.00505774
-0.00289478
-0.0204816
-0.0223253
-0.0237763
-0.0252649
-0.026799
-0.0283021
-0.0297434
-0.0311196
-0.032427
-0.0336573
-0.0348007
-0.0358477
-0.0367893
-0.0376167
-0.0383212
-0.0388948
-0.0393298
-0.0396192
-0.039757
-0.0397379
-0.0395583
-0.0392171
-0.0386997
-0.0380178
-0.0371693
-0.0361551
-0.0349778
-0.0336413
-0.0321507
-0.0305124
-0.0287332
-0.0268216
-0.0247853
-0.0226358
-0.020377
-0.0180319
-0.0155777
-0.0130979
-0.010433
-0.00795485
-0.00487468
-0.0027488
-0.0165547
-0.0182817
-0.0196786
-0.0211103
-0.0225838
-0.0240341
-0.0254344
-0.0267811
-0.0280707
-0.0292954
-0.0304462
-0.0315139
-0.0324901
-0.0333662
-0.0341336
-0.0347843
-0.0353104
-0.0357046
-0.0359603
-0.0360715
-0.0360331
-0.0358407
-0.0354892
-0.0349784
-0.0343072
-0.0334756
-0.0324848
-0.0313372
-0.0300364
-0.028587
-0.0269948
-0.0252664
-0.0234088
-0.0214317
-0.0193389
-0.0171511
-0.0148489
-0.0125063
-0.00998343
-0.00761221
-0.00468528
-0.00260495
-0.0130069
-0.0146246
-0.0159683
-0.0173436
-0.018757
-0.0201535
-0.0215103
-0.0228235
-0.0240896
-0.0253016
-0.026451
-0.0275295
-0.0285287
-0.0294405
-0.0302567
-0.0309692
-0.0315701
-0.0320519
-0.0324077
-0.0326309
-0.0327156
-0.0326567
-0.0324497
-0.0320916
-0.0315802
-0.0309143
-0.0300939
-0.02912
-0.0279948
-0.0267214
-0.0253042
-0.0237487
-0.0220603
-0.0202477
-0.0183143
-0.0162783
-0.0141235
-0.0119155
-0.0095319
-0.00726845
-0.00449204
-0.00246425
-0.00981434
-0.0113304
-0.0126225
-0.0139432
-0.0152979
-0.0166412
-0.0179533
-0.0192305
-0.0204695
-0.0216635
-0.0228049
-0.023886
-0.0248988
-0.0258357
-0.0266887
-0.0274498
-0.0281113
-0.0286657
-0.0291057
-0.0294245
-0.0296157
-0.0296736
-0.0295932
-0.0293704
-0.0290017
-0.0284851
-0.0278192
-0.0270039
-0.0260399
-0.0249292
-0.0236747
-0.0222807
-0.0207515
-0.0190944
-0.0173126
-0.015422
-0.0134091
-0.011332
-0.00908354
-0.00692746
-0.00429758
-0.00232771
-0.0069557
-0.00837818
-0.00962102
-0.0108894
-0.012188
-0.0134794
-0.0147471
-0.0159874
-0.0171968
-0.0183694
-0.019498
-0.0205754
-0.0215945
-0.0225476
-0.0234274
-0.0242261
-0.024936
-0.0255498
-0.02606
-0.0264596
-0.0267419
-0.0269009
-0.0269307
-0.0268267
-0.0265847
-0.0262015
-0.0256746
-0.0250028
-0.0241856
-0.0232239
-0.0221194
-0.020875
-0.0194942
-0.017983
-0.016344
-0.0145913
-0.0127136
-0.0107622
-0.00864378
-0.00659325
-0.00410463
-0.00219639
-0.00441232
-0.00574935
-0.00694585
-0.00816506
-0.00941074
-0.0106528
-0.0118772
-0.0130807
-0.0142596
-0.0154086
-0.0165211
-0.0175905
-0.0186099
-0.0195725
-0.0204709
-0.0212978
-0.0220458
-0.0227074
-0.0232755
-0.0237428
-0.0241024
-0.0243479
-0.0244732
-0.0244728
-0.024342
-0.0240768
-0.0236737
-0.0231305
-0.0224458
-0.0216193
-0.0206515
-0.0195445
-0.0183005
-0.0169245
-0.0154187
-0.0137953
-0.012045
-0.0102131
-0.00821829
-0.00627004
-0.00391609
-0.00207138
-0.00216823
-0.00342815
-0.00458172
-0.00575539
-0.00695201
-0.00814777
-0.00933124
-0.010499
-0.0116477
-0.0127722
-0.0138666
-0.0149249
-0.0159406
-0.0169071
-0.0178176
-0.0186651
-0.0194424
-0.0201423
-0.0207574
-0.0212807
-0.0217052
-0.0220241
-0.0222311
-0.0223202
-0.0222861
-0.0221241
-0.0218301
-0.021401
-0.0208344
-0.020129
-0.0192846
-0.018302
-0.0171828
-0.0159306
-0.0145474
-0.0130438
-0.0114118
-0.00969198
-0.00781301
-0.00596225
-0.00373497
-0.00195388
-0.000210366
-0.00140164
-0.00251613
-0.00364837
-0.00480034
-0.00595366
-0.00709904
-0.00823318
-0.00935275
-0.0104531
-0.0115287
-0.0125741
-0.0135831
-0.0145497
-0.0154674
-0.0163293
-0.0171287
-0.0178584
-0.0185114
-0.0190805
-0.0195587
-0.0199391
-0.020215
-0.0203804
-0.0204294
-0.0203567
-0.0201575
-0.0198281
-0.0193654
-0.0187672
-0.0180324
-0.017161
-0.0161537
-0.0150133
-0.0137412
-0.0123466
-0.0108229
-0.00920624
-0.00743412
-0.0056745
-0.00356441
-0.00184516
0.00147121
0.000339946
-0.000739685
-0.00183505
-0.00294725
-0.00406251
-0.00517343
-0.00627678
-0.00736929
-0.00844662
-0.0095038
-0.0105356
-0.0115364
-0.0125004
-0.0134214
-0.014293
-0.0151086
-0.0158613
-0.0165441
-0.01715
-0.017672
-0.0181031
-0.0184365
-0.0186655
-0.018785
-0.0187881
-0.01867
-0.0184263
-0.0180533
-0.0175482
-0.0169091
-0.0161351
-0.0152263
-0.0141847
-0.0130113
-0.0117141
-0.0102875
-0.00876371
-0.00708803
-0.00541161
-0.00340769
-0.00174654
0.00288333
0.00180321
0.000753804
-0.000309649
-0.00138743
-0.0024696
-0.0035503
-0.00462641
-0.0056947
-0.00675111
-0.00779106
-0.00880962
-0.00980159
-0.0107614
-0.0116833
-0.012561
-0.0133881
-0.014158
-0.0148639
-0.0154989
-0.0160559
-0.016528
-0.0169085
-0.0171907
-0.0173672
-0.0174331
-0.0173826
-0.0172108
-0.0169135
-0.0164872
-0.0159293
-0.0152386
-0.0144143
-0.0134578
-0.0123697
-0.011157
-0.00981489
-0.00837253
-0.00678144
-0.00517859
-0.00326824
-0.00165941
0.00402814
0.00299009
0.00196593
0.000929059
-0.000120079
-0.00117458
-0.00222985
-0.00328288
-0.00433046
-0.00536877
-0.00639353
-0.0074001
-0.00838357
-0.00933863
-0.0102597
-0.0111409
-0.0119759
-0.0127583
-0.0134815
-0.0141386
-0.0147227
-0.0152269
-0.0156441
-0.0159675
-0.0161905
-0.0163071
-0.0163113
-0.0161978
-0.015962
-0.0156
-0.0151088
-0.0144865
-0.013732
-0.012846
-0.0118288
-0.0106866
-0.00941516
-0.00804115
-0.00652132
-0.00498066
-0.00314955
-0.0015852
0.00490559
0.00389993
0.00289545
0.00187924
0.000852357
-0.000180572
-0.00121593
-0.00225078
-0.00328194
-0.00430576
-0.0053182
-0.00631487
-0.00729103
-0.00824163
-0.00916125
-0.0100442
-0.0108843
-0.0116755
-0.012411
-0.0130842
-0.0136882
-0.014216
-0.0146607
-0.0150154
-0.0152733
-0.0154282
-0.015474
-0.015405
-0.0152164
-0.0149039
-0.0144642
-0.0138949
-0.0131945
-0.0123634
-0.0114015
-0.0103145
-0.00909864
-0.00777845
-0.00631492
-0.00482327
-0.00305512
-0.00152509
0.00550481
0.00452196
0.0035315
0.00252992
0.00151874
0.000501039
-0.000520221
-0.00154216
-0.00256161
-0.00357505
-0.00457859
-0.005568
-0.00653868
-0.00748572
-0.00840386
-0.00928748
-0.0101307
-0.0109273
-0.0116708
-0.0123546
-0.0129717
-0.0135154
-0.0139786
-0.0143544
-0.014636
-0.014817
-0.0148911
-0.0148526
-0.0146964
-0.0144179
-0.0140137
-0.013481
-0.0128181
-0.012025
-0.0111017
-0.0100531
-0.00887618
-0.00759365
-0.00617001
-0.00471231
-0.00298947
-0.00147901
0.00582003
0.00484801
0.00386431
0.00286985
0.0018664
0.000856271
-0.000157919
-0.00117333
-0.00218682
-0.00319494
-0.00419388
-0.00517949
-0.00614728
-0.00709241
-0.00800968
-0.00889356
-0.00973822
-0.0105375
-0.011285
-0.0119741
-0.012598
-0.0131498
-0.0136225
-0.0140091
-0.0143029
-0.0144973
-0.0145861
-0.0145634
-0.0144239
-0.0141631
-0.0137773
-0.0132637
-0.0126204
-0.0118472
-0.0109441
-0.00991559
-0.00875928
-0.00749606
-0.00609494
-0.0046527
-0.00296121
-0.00144553
-0.301523
-0.303887
-0.306256
-0.308801
-0.311696
-0.314963
-0.319167
-0.328998
-0.343264
-0.290435
-0.295294
-0.300313
-0.305661
-0.311492
-0.317731
-0.324849
-0.337049
-0.34905
-0.275309
-0.281132
-0.287008
-0.293055
-0.299382
-0.305889
-0.312993
-0.32454
-0.336039
-0.25738
-0.263804
-0.270298
-0.276966
-0.283903
-0.291031
-0.298708
-0.310259
-0.32194
-0.239757
-0.246638
-0.253617
-0.260777
-0.268189
-0.275774
-0.283796
-0.295011
-0.306451
-0.222263
-0.229312
-0.236468
-0.243799
-0.251363
-0.259099
-0.267217
-0.277972
-0.28911
-0.205023
-0.212022
-0.219136
-0.226422
-0.233931
-0.241623
-0.249666
-0.259862
-0.270503
-0.188336
-0.195137
-0.202052
-0.209129
-0.216411
-0.223875
-0.231662
-0.241162
-0.251089
-0.172353
-0.17885
-0.18545
-0.192194
-0.199118
-0.206214
-0.213598
-0.222308
-0.231369
-0.157167
-0.163294
-0.16951
-0.175845
-0.182332
-0.188969
-0.195853
-0.203727
-0.211847
-0.142837
-0.148562
-0.154358
-0.160248
-0.166258
-0.172393
-0.178731
-0.18577
-0.19295
-0.12939
-0.134703
-0.14007
-0.145508
-0.151036
-0.156661
-0.162445
-0.168697
-0.175
-0.116827
-0.121736
-0.126683
-0.131681
-0.136743
-0.141878
-0.14713
-0.152671
-0.158198
-0.105136
-0.109657
-0.114204
-0.118786
-0.123412
-0.12809
-0.13285
-0.137768
-0.142635
-0.094291
-0.0984469
-0.10262
-0.106815
-0.111039
-0.115299
-0.119614
-0.123997
-0.128316
-0.0842566
-0.0880723
-0.0918982
-0.0957378
-0.0995953
-0.103478
-0.107395
-0.111323
-0.115187
-0.074992
-0.0784931
-0.0819996
-0.0855139
-0.0890388
-0.0925804
-0.0961432
-0.0996809
-0.103167
-0.0664524
-0.0696638
-0.0728773
-0.0760945
-0.0793173
-0.0825513
-0.0857966
-0.0889978
-0.0921629
-0.0585918
-0.061537
-0.064482
-0.0674278
-0.070376
-0.0733314
-0.0762912
-0.0791978
-0.0820853
-0.051364
-0.0540651
-0.0567642
-0.0594621
-0.06216
-0.0648622
-0.0675638
-0.0702091
-0.0728514
-0.0447246
-0.0472019
-0.049676
-0.0521472
-0.0546167
-0.0570882
-0.0595555
-0.0619663
-0.0643884
-0.0409034
-0.0431716
-0.0454357
-0.0476967
-0.0499576
-0.0522115
-0.0544107
-0.0566329
-0.0351283
-0.0372083
-0.0392832
-0.0413538
-0.0434226
-0.0454822
-0.0474896
-0.0495292
-0.0298381
-0.0317464
-0.0336486
-0.0355456
-0.0374393
-0.0393219
-0.0411553
-0.0430278
-0.0249974
-0.0267492
-0.0284942
-0.0302329
-0.0319672
-0.033689
-0.0353648
-0.0370843
-0.0205735
-0.0221829
-0.0237849
-0.0253799
-0.0269694
-0.0285453
-0.0300785
-0.031658
-0.0165364
-0.0180166
-0.0194888
-0.0209535
-0.0224116
-0.0238556
-0.0252602
-0.0267119
-0.0128587
-0.0142218
-0.0155765
-0.0169233
-0.0182628
-0.0195878
-0.0208766
-0.0222117
-0.00951532
-0.0107726
-0.0120213
-0.0132617
-0.0144942
-0.0157121
-0.0168972
-0.0181263
-0.00648355
-0.0076455
-0.0087987
-0.00994335
-0.0110797
-0.0122017
-0.013294
-0.0144269
-0.00374281
-0.00481913
-0.00588664
-0.00694548
-0.00799575
-0.00903199
-0.0100416
-0.0110877
-0.0012747
-0.0022744
-0.00326531
-0.00424752
-0.00522101
-0.00618099
-0.00711724
-0.00808511
0.00093719
5.72422e-06
-0.00091706
-0.00183117
-0.00273653
-0.00362902
-0.00450049
-0.00539834
0.00290711
0.00203604
0.00117349
0.000319504
-0.000525778
-0.00135892
-0.00217355
-0.00300916
0.00464733
0.00382928
0.00301954
0.00221819
0.00142542
0.000644017
-0.000121156
-0.000901964
0.00616783
0.00539581
0.00463186
0.00387608
0.00312869
0.00239186
0.00166921
0.000936029
0.00747633
0.00674365
0.00601874
0.00530176
0.0045929
0.00389383
0.0032071
0.00251453
0.00857812
0.0078783
0.00718595
0.00650121
0.0058243
0.00515638
0.00449922
0.00384031
0.00947486
0.00880147
0.0081352
0.00747622
0.00682472
0.00618149
0.00554764
0.00491544
0.0101674
0.00951414
0.00886755
0.00822783
0.00759518
0.00697008
0.00635316
0.00574039
0.0106449
0.0100051
0.00937151
0.00874447
0.00812408
0.00751064
0.00690442
0.00630397
0.010913
0.0102796
0.00965189
0.00903002
0.00841415
0.00780444
0.00720105
0.00660373
0.0109267
0.0102933
0.00966565
0.0090438
0.00842794
0.00781825
0.00721487
0.00661756
0.0106587
0.0100189
0.00938537
0.00875834
0.00813797
0.00752454
0.00691834
0.0063179
0.0101814
0.00952815
0.00888158
0.00824189
0.00760926
0.00698418
0.00636727
0.00575451
0.00948911
0.00881575
0.0081495
0.00749054
0.00683906
0.00619586
0.00556202
0.00492983
0.00859271
0.00789293
0.0072006
0.00651589
0.00583899
0.0051711
0.00451396
0.00385506
0.00749135
0.0067587
0.00603382
0.00531687
0.00460804
0.00390898
0.00322227
0.00252973
0.00618336
0.00541137
0.00464745
0.0038917
0.00314433
0.00240753
0.0016849
0.000951741
0.00466344
0.00384542
0.00303572
0.00223441
0.00144166
0.000660286
-0.000104866
-0.000885645
0.0029239
0.00205286
0.00119035
0.0003364
-0.000508851
-0.00134196
-0.00215657
-0.00299215
0.00095474
2.33155e-05
-0.00089943
-0.00181351
-0.00271883
-0.00361129
-0.00448274
-0.00538055
-0.00125629
-0.00225594
-0.00324682
-0.00422898
-0.00520244
-0.00616239
-0.00709861
-0.00806644
-0.00372344
-0.00479971
-0.00586718
-0.00692598
-0.00797622
-0.00901242
-0.010022
-0.011068
-0.00646311
-0.00762501
-0.00877817
-0.00992278
-0.0110591
-0.012181
-0.0132733
-0.0144062
-0.00822811
-0.0094937
-0.0107509
-0.0119996
-0.0132399
-0.0144724
-0.0156903
-0.0168753
-0.0181044
-0.0114646
-0.0128358
-0.0141988
-0.0155535
-0.0169002
-0.0182397
-0.0195646
-0.0208535
-0.0221885
-0.0150242
-0.0165121
-0.0179922
-0.0194643
-0.020929
-0.0223871
-0.0238311
-0.0252357
-0.0266873
-0.0189309
-0.0205476
-0.022157
-0.0237589
-0.0253539
-0.0269433
-0.0285193
-0.0300524
-0.0316319
-0.0232113
-0.0249698
-0.0267216
-0.0284665
-0.0302052
-0.0319395
-0.0336613
-0.0353371
-0.0370566
-0.0278942
-0.0298086
-0.0317169
-0.0336191
-0.035516
-0.0374098
-0.0392924
-0.0411259
-0.0429984
-0.0330115
-0.0350968
-0.0371768
-0.0392517
-0.0413223
-0.0433912
-0.0454508
-0.0474582
-0.0494978
-0.0385971
-0.0408697
-0.0431379
-0.045402
-0.047663
-0.049924
-0.052178
-0.0543773
-0.0565995
-0.0446885
-0.0471658
-0.0496399
-0.0521112
-0.0545808
-0.0570523
-0.0595196
-0.0619307
-0.0643527
-0.0513254
-0.0540264
-0.0567256
-0.0594235
-0.0621215
-0.0648237
-0.0675255
-0.0701709
-0.0728131
-0.0585503
-0.0614955
-0.0644406
-0.0673864
-0.0703347
-0.0732901
-0.0762499
-0.0791567
-0.0820441
-0.0664079
-0.0696193
-0.0728328
-0.07605
-0.0792729
-0.0825069
-0.0857521
-0.0889533
-0.0921182
-0.0749442
-0.0784453
-0.0819519
-0.0854661
-0.0889909
-0.0925324
-0.096095
-0.0996325
-0.103118
-0.0842053
-0.088021
-0.0918468
-0.0956863
-0.0995437
-0.103426
-0.107343
-0.11127
-0.115133
-0.0942359
-0.0983917
-0.102564
-0.106759
-0.110983
-0.115242
-0.119557
-0.12394
-0.128257
-0.105077
-0.109598
-0.114145
-0.118727
-0.123352
-0.128029
-0.132788
-0.137705
-0.142571
-0.116764
-0.121672
-0.126619
-0.131617
-0.136679
-0.141813
-0.147064
-0.152604
-0.158129
-0.129322
-0.134635
-0.140002
-0.14544
-0.150968
-0.156593
-0.162375
-0.168626
-0.174928
-0.142765
-0.14849
-0.154286
-0.160176
-0.166187
-0.172321
-0.178658
-0.185697
-0.192876
-0.157091
-0.163219
-0.169435
-0.17577
-0.182257
-0.188895
-0.19578
-0.203653
-0.211774
-0.172274
-0.178772
-0.185373
-0.192118
-0.199044
-0.20614
-0.213525
-0.222236
-0.2313
-0.188255
-0.195058
-0.201975
-0.209053
-0.216337
-0.223804
-0.231593
-0.241096
-0.251027
-0.204942
-0.211944
-0.21906
-0.226349
-0.233861
-0.241556
-0.249604
-0.259803
-0.27045
-0.222184
-0.229236
-0.236396
-0.243731
-0.251299
-0.25904
-0.267162
-0.277923
-0.289069
-0.239682
-0.246567
-0.253551
-0.260716
-0.268133
-0.275723
-0.283751
-0.294972
-0.306422
-0.257313
-0.263742
-0.27024
-0.276913
-0.283856
-0.29099
-0.298673
-0.310231
-0.321923
-0.275252
-0.281079
-0.28696
-0.293014
-0.299346
-0.305859
-0.312969
-0.324524
-0.336033
-0.290388
-0.295251
-0.300276
-0.305629
-0.311465
-0.31771
-0.324835
-0.337043
-0.349055
-0.301487
-0.303854
-0.306227
-0.308776
-0.311674
-0.314946
-0.319155
-0.328993
-0.343269
0.00583387
0.00486186
0.00387816
0.00288369
0.00188022
0.000870066
-0.000144159
-0.00115961
-0.00217316
-0.00318135
-0.00418038
-0.00516609
-0.00613399
-0.00707924
-0.00799666
-0.00888071
-0.00972555
-0.010525
-0.0112728
-0.0119621
-0.0125863
-0.0131383
-0.0136113
-0.0139983
-0.0142925
-0.0144873
-0.0145765
-0.0145542
-0.0144152
-0.0141549
-0.0137696
-0.0132565
-0.0126137
-0.0118411
-0.0109386
-0.00991075
-0.0087551
-0.00749254
-0.00609212
-0.00465056
-0.00295985
-0.00144483
0.00551876
0.00453591
0.00354545
0.00254386
0.00153266
0.000514931
-0.000506366
-0.00152835
-0.00254786
-0.00356138
-0.004565
-0.00555451
-0.0065253
-0.00747248
-0.00839076
-0.00927456
-0.010118
-0.0109147
-0.0116585
-0.0123425
-0.01296
-0.0135039
-0.0139674
-0.0143436
-0.0146256
-0.0148069
-0.0148814
-0.0148434
-0.0146876
-0.0144097
-0.0140059
-0.0134737
-0.0128114
-0.012019
-0.0110962
-0.0100483
-0.00887199
-0.00759012
-0.00616718
-0.00471016
-0.00298811
-0.0014783
0.00491973
0.00391408
0.00290959
0.00189337
0.000866464
-0.000166494
-0.00120189
-0.00223679
-0.00326802
-0.00429192
-0.00530445
-0.00630122
-0.0072775
-0.00822823
-0.00914801
-0.0100311
-0.0108715
-0.0116628
-0.0123986
-0.013072
-0.0136763
-0.0142044
-0.0146494
-0.0150045
-0.0152628
-0.0154181
-0.0154643
-0.0153958
-0.0152076
-0.0148956
-0.0144564
-0.0138876
-0.0131878
-0.0123573
-0.011396
-0.0103096
-0.00909443
-0.00777491
-0.00631209
-0.00482111
-0.00305376
-0.00152436
0.00404256
0.00300452
0.00198035
0.000943462
-0.000105699
-0.00116023
-0.00221555
-0.00326864
-0.00431629
-0.00535468
-0.00637953
-0.00738622
-0.00836981
-0.00932502
-0.0102463
-0.0111276
-0.0119628
-0.0127455
-0.0134689
-0.0141263
-0.0147107
-0.0152151
-0.0156327
-0.0159565
-0.0161799
-0.0162969
-0.0163014
-0.0161884
-0.0159531
-0.0155916
-0.015101
-0.0144792
-0.0137253
-0.0128399
-0.0118233
-0.0106817
-0.00941093
-0.00803759
-0.00651846
-0.00497848
-0.00314818
-0.00158445
0.00289813
0.00181801
0.000768588
-0.000294887
-0.0013727
-0.00245491
-0.00353566
-0.00461183
-0.0056802
-0.0067367
-0.00777675
-0.00879543
-0.00978754
-0.0107475
-0.0116695
-0.0125474
-0.0133748
-0.0141449
-0.0148511
-0.0154863
-0.0160436
-0.0165161
-0.016897
-0.0171796
-0.0173565
-0.0174227
-0.0173727
-0.0172013
-0.0169045
-0.0164787
-0.0159214
-0.0152312
-0.0144075
-0.0134517
-0.0123642
-0.0111521
-0.00981063
-0.00836894
-0.00677857
-0.0051764
-0.00326686
-0.00165865
0.00148646
0.000355198
-0.000724454
-0.00181985
-0.00293208
-0.00404739
-0.00515837
-0.00626179
-0.00735439
-0.00843182
-0.00948911
-0.010521
-0.011522
-0.0124861
-0.0134073
-0.0142792
-0.015095
-0.0158479
-0.016531
-0.0171372
-0.0176595
-0.0180909
-0.0184246
-0.0186539
-0.0187739
-0.0187775
-0.0186599
-0.0184167
-0.0180442
-0.0175397
-0.0169011
-0.0161276
-0.0152195
-0.0141785
-0.0130057
-0.0117091
-0.0102832
-0.0087601
-0.00708513
-0.00540939
-0.00340629
-0.00174575
-0.000194581
-0.00138585
-0.00250037
-0.00363266
-0.00478467
-0.00593804
-0.00708349
-0.00821772
-0.00933739
-0.0104378
-0.0115136
-0.0125591
-0.0135683
-0.0145351
-0.015453
-0.0163151
-0.0171148
-0.0178447
-0.018498
-0.0190674
-0.0195459
-0.0199266
-0.020203
-0.0203687
-0.0204182
-0.0203459
-0.0201473
-0.0198184
-0.0193562
-0.0187585
-0.0180243
-0.0171535
-0.0161467
-0.015007
-0.0137355
-0.0123416
-0.0108186
-0.00920258
-0.00743119
-0.00567225
-0.00356299
-0.00184433
-0.00215182
-0.00341174
-0.00456535
-0.00573907
-0.00693575
-0.00813158
-0.00931513
-0.010483
-0.0116318
-0.0127564
-0.013851
-0.0149094
-0.0159253
-0.016892
-0.0178028
-0.0186505
-0.0194281
-0.0201282
-0.0207437
-0.0212673
-0.0216921
-0.0220114
-0.0222188
-0.0223083
-0.0222747
-0.0221132
-0.0218197
-0.0213911
-0.020825
-0.0201203
-0.0192764
-0.0182944
-0.0171758
-0.0159243
-0.0145417
-0.0130387
-0.0114074
-0.00968828
-0.00781005
-0.00595996
-0.00373353
-0.00195302
-0.00439519
-0.00573223
-0.00692878
-0.00814806
-0.00939381
-0.0106359
-0.0118605
-0.0130641
-0.0142432
-0.0153923
-0.0165049
-0.0175745
-0.0185942
-0.0195569
-0.0204556
-0.0212827
-0.022031
-0.022693
-0.0232614
-0.023729
-0.024089
-0.0243349
-0.0244606
-0.0244607
-0.0243305
-0.0240657
-0.0236632
-0.0231205
-0.0224364
-0.0216104
-0.0206432
-0.0195368
-0.0182934
-0.0169181
-0.0154129
-0.0137902
-0.0120405
-0.0102094
-0.00821528
-0.00626771
-0.00391463
-0.00207047
-0.00693778
-0.00836026
-0.00960318
-0.0108717
-0.0121703
-0.0134619
-0.0147297
-0.0159701
-0.0171797
-0.0183524
-0.0194812
-0.0205589
-0.0215782
-0.0225316
-0.0234116
-0.0242106
-0.0249208
-0.0255349
-0.0260454
-0.0264454
-0.0267281
-0.0268875
-0.0269179
-0.0268143
-0.0265729
-0.0261902
-0.0256639
-0.0249926
-0.0241761
-0.0232149
-0.022111
-0.0208672
-0.019487
-0.0179764
-0.0163381
-0.0145861
-0.0127091
-0.0107584
-0.00864071
-0.00659086
-0.00410315
-0.00219542
-0.00979551
-0.0113116
-0.0126038
-0.0139246
-0.0152794
-0.0166228
-0.0179351
-0.0192125
-0.0204516
-0.0216459
-0.0227876
-0.0238688
-0.024882
-0.0258191
-0.0266724
-0.0274338
-0.0280957
-0.0286504
-0.0290908
-0.0294099
-0.0296014
-0.0296597
-0.0295798
-0.0293576
-0.0289896
-0.0284735
-0.0278083
-0.0269936
-0.0260302
-0.0249201
-0.0236662
-0.0222728
-0.0207442
-0.0190878
-0.0173066
-0.0154167
-0.0134045
-0.0113281
-0.00908041
-0.00692501
-0.00429606
-0.00232669
-0.012987
-0.0146048
-0.0159486
-0.0173241
-0.0187376
-0.0201343
-0.0214912
-0.0228047
-0.0240711
-0.0252833
-0.026433
-0.0275117
-0.0285112
-0.0294234
-0.0302399
-0.0309527
-0.031554
-0.0320362
-0.0323923
-0.0326157
-0.0327008
-0.0326422
-0.0324359
-0.0320785
-0.0315678
-0.0309026
-0.0300828
-0.0291096
-0.027985
-0.0267122
-0.0252956
-0.0237407
-0.0220529
-0.0202409
-0.0183082
-0.0162729
-0.0141188
-0.0119116
-0.00952869
-0.00726594
-0.00449048
-0.00246316
-0.0165337
-0.0182608
-0.0196579
-0.0210898
-0.0225634
-0.0240139
-0.0254145
-0.0267614
-0.0280513
-0.0292763
-0.0304274
-0.0314955
-0.0324721
-0.0333485
-0.0341164
-0.0347674
-0.0352939
-0.0356885
-0.0359445
-0.0360559
-0.0360176
-0.0358252
-0.0354749
-0.0349651
-0.0342947
-0.0334638
-0.0324737
-0.0313267
-0.0300265
-0.0285777
-0.0269861
-0.0252583
-0.0234013
-0.0214248
-0.0193327
-0.0171456
-0.0148441
-0.0125022
-0.00998013
-0.0076096
-0.00468368
-0.00260379
-0.0204595
-0.0223032
-0.0237544
-0.0252433
-0.0267775
-0.0282809
-0.0297225
-0.031099
-0.0324067
-0.0336374
-0.0347812
-0.0358286
-0.0367707
-0.0375985
-0.0383035
-0.0388775
-0.039313
-0.0396029
-0.0397411
-0.0397223
-0.0395423
-0.0391985
-0.0386849
-0.0380045
-0.0371569
-0.0361434
-0.0349667
-0.0336308
-0.0321408
-0.030503
-0.0287244
-0.0268134
-0.0247777
-0.0226289
-0.0203706
-0.0180263
-0.0155728
-0.0130937
-0.0104296
-0.00795214
-0.00487302
-0.00274756
-0.024791
-0.0267582
-0.0282631
-0.0298083
-0.0314023
-0.0329561
-0.0344345
-0.0358344
-0.0371523
-0.0383793
-0.0395049
-0.0405191
-0.0414127
-0.0421766
-0.0428023
-0.0432818
-0.0436079
-0.043774
-0.0437747
-0.0436054
-0.0432627
-0.0427436
-0.0420516
-0.0411829
-0.0401401
-0.0389268
-0.0375473
-0.0360073
-0.0343138
-0.0324744
-0.0304977
-0.0283936
-0.026171
-0.0238426
-0.0214125
-0.0189067
-0.0162978
-0.0136799
-0.010872
-0.00828984
-0.00505602
-0.00289344
-0.0295574
-0.0316544
-0.0332111
-0.0348106
-0.0364616
-0.0380614
-0.0395703
-0.0409853
-0.0423032
-0.0435147
-0.0446086
-0.0455745
-0.046403
-0.0470851
-0.0476126
-0.0479777
-0.0481738
-0.048195
-0.0480369
-0.0476961
-0.0471704
-0.0464593
-0.0455642
-0.0444865
-0.0432298
-0.041799
-0.0402005
-0.0384417
-0.0365311
-0.0344783
-0.0322932
-0.0299871
-0.0275699
-0.0250562
-0.0224495
-0.0197789
-0.0170123
-0.0142552
-0.011303
-0.00861908
-0.00523032
-0.00304026
-0.0347909
-0.0370227
-0.0386277
-0.0402773
-0.0419808
-0.04362
-0.0451503
-0.0465693
-0.0478745
-0.0490557
-0.0501014
-0.051001
-0.051745
-0.0523249
-0.0527325
-0.0529608
-0.053004
-0.0528573
-0.0525172
-0.0519818
-0.0512506
-0.0503245
-0.0492062
-0.0478996
-0.0464101
-0.0447445
-0.042911
-0.0409189
-0.0387785
-0.036501
-0.0340979
-0.0315819
-0.0289639
-0.0262598
-0.0234729
-0.0206354
-0.0177099
-0.0148142
-0.011718
-0.00893631
-0.00539373
-0.00318655
-0.0405263
-0.0428969
-0.0445442
-0.0462375
-0.0479862
-0.0496552
-0.051195
-0.0526041
-0.0538802
-0.0550132
-0.0559911
-0.0568032
-0.0574404
-0.0578945
-0.058158
-0.0582247
-0.0580899
-0.05775
-0.0572031
-0.0564487
-0.0554881
-0.0543241
-0.0529612
-0.0514055
-0.0496643
-0.0477467
-0.0456627
-0.0434236
-0.0410414
-0.038529
-0.0358994
-0.0331666
-0.0303425
-0.0274443
-0.0244747
-0.0214692
-0.0183845
-0.0153515
-0.0121131
-0.00923798
-0.00554421
-0.00333037
-0.0468016
-0.049313
-0.0509937
-0.0527213
-0.0545047
-0.0561907
-0.0577246
-0.0591059
-0.0603334
-0.0613966
-0.0622835
-0.0629836
-0.0634884
-0.0637901
-0.0638825
-0.0637604
-0.0634203
-0.0628603
-0.06208
-0.0610809
-0.0598663
-0.058441
-0.0568117
-0.0549865
-0.0529751
-0.0507887
-0.0484393
-0.0459402
-0.0433051
-0.0405486
-0.0376851
-0.0347299
-0.0316955
-0.0286005
-0.025447
-0.0222734
-0.0190306
-0.0158624
-0.0124846
-0.00952047
-0.00567998
-0.00346902
-0.0536577
-0.0563094
-0.058011
-0.0597595
-0.0615636
-0.0632498
-0.064758
-0.0660897
-0.0672447
-0.0682127
-0.0689816
-0.0695417
-0.069885
-0.070005
-0.0698965
-0.0695559
-0.0689813
-0.0681724
-0.067131
-0.0658606
-0.0643666
-0.0626562
-0.0607384
-0.0586237
-0.056324
-0.0538526
-0.0512239
-0.0484527
-0.0455549
-0.0425463
-0.0394427
-0.0362606
-0.0330131
-0.02972
-0.0263823
-0.0230416
-0.0196427
-0.0163421
-0.012829
-0.00978005
-0.00579949
-0.00359889
-0.0611387
-0.0639268
-0.0656319
-0.0673836
-0.0691893
-0.070854
-0.0723123
-0.0735678
-0.074622
-0.0754649
-0.0760849
-0.0764732
-0.0766228
-0.0765287
-0.0761871
-0.0755961
-0.0747557
-0.0736678
-0.0723364
-0.0707672
-0.0689682
-0.0669489
-0.0647208
-0.0622969
-0.0596915
-0.05692
-0.0539989
-0.050945
-0.0477757
-0.0445084
-0.04116
-0.0377479
-0.0342858
-0.0307942
-0.0272735
-0.0237676
-0.0202159
-0.016786
-0.0131431
-0.0100128
-0.00590154
-0.00371517
-0.0692918
-0.072207
-0.0738928
-0.075624
-0.0774069
-0.0790227
-0.0804011
-0.0815486
-0.0824687
-0.0831523
-0.0835885
-0.0837695
-0.0836899
-0.0833463
-0.0827369
-0.0818617
-0.0807228
-0.0793246
-0.0776735
-0.0757777
-0.0736479
-0.0712962
-0.0687366
-0.0659846
-0.063057
-0.0599714
-0.0567463
-0.0534003
-0.0499524
-0.0464212
-0.0428246
-0.0391809
-0.035504
-0.0318151
-0.0281137
-0.0244455
-0.0207454
-0.0171897
-0.0134242
-0.0102144
-0.00598535
-0.00381175
-0.0781663
-0.0811921
-0.0828286
-0.084509
-0.0862377
-0.0877708
-0.0890331
-0.0900352
-0.0907831
-0.0912684
-0.0914815
-0.0914162
-0.0910689
-0.090438
-0.0895239
-0.0883289
-0.0868576
-0.0851171
-0.0831161
-0.0808659
-0.0783798
-0.0756727
-0.0727613
-0.0696636
-0.0663986
-0.0629864
-0.0594472
-0.0558014
-0.0520693
-0.0482708
-0.0444244
-0.040549
-0.0366587
-0.0327748
-0.0288963
-0.0250696
-0.0212267
-0.017549
-0.0136697
-0.0103807
-0.00605059
-0.00388116
-0.0878122
-0.0909217
-0.092471
-0.0940624
-0.0956976
-0.0971065
-0.0982101
-0.0990235
-0.0995555
-0.0997991
-0.0997461
-0.099392
-0.0987356
-0.0977773
-0.09652
-0.0949685
-0.0931302
-0.0910146
-0.088634
-0.086002
-0.0831349
-0.0800505
-0.0767683
-0.0733086
-0.069693
-0.0659434
-0.0620819
-0.0581306
-0.0541108
-0.0500433
-0.0459471
-0.0418415
-0.0377406
-0.0336655
-0.0296148
-0.0256342
-0.0216555
-0.0178594
-0.0138772
-0.0105069
-0.00609747
-0.0039146
-0.0982762
-0.101428
-0.102844
-0.1043
-0.105793
-0.107028
-0.107924
-0.108499
-0.108767
-0.108721
-0.108355
-0.107667
-0.106658
-0.105331
-0.10369
-0.101745
-0.0995047
-0.0969822
-0.0941921
-0.091152
-0.0878807
-0.0843989
-0.0807286
-0.0768928
-0.0729152
-0.0688198
-0.0646302
-0.0603697
-0.0560608
-0.0517246
-0.0473807
-0.0430481
-0.0387411
-0.0344798
-0.0302631
-0.0261342
-0.0220278
-0.018117
-0.0140448
-0.0105882
-0.00612681
-0.00390222
-0.109596
-0.11273
-0.113959
-0.115223
-0.116517
-0.117521
-0.118151
-0.118434
-0.118385
-0.117998
-0.11727
-0.116201
-0.114794
-0.113055
-0.110992
-0.108615
-0.105939
-0.102978
-0.0997508
-0.0962779
-0.0925811
-0.0886838
-0.0846108
-0.0803873
-0.0760393
-0.0715921
-0.0670711
-0.0625004
-0.0579032
-0.0533009
-0.0487133
-0.0441589
-0.0396518
-0.0352106
-0.0308354
-0.0265646
-0.0223399
-0.0183179
-0.0141707
-0.01062
-0.00614006
-0.00383338
-0.121791
-0.124822
-0.125806
-0.126816
-0.127842
-0.128549
-0.128853
-0.128785
-0.128362
-0.127581
-0.12644
-0.124941
-0.123091
-0.120897
-0.118372
-0.115528
-0.112383
-0.108954
-0.105265
-0.101337
-0.0971963
-0.0928688
-0.0883815
-0.0837621
-0.0790381
-0.0742365
-0.0693837
-0.0645046
-0.0596225
-0.0547591
-0.0499338
-0.0451645
-0.040465
-0.0358517
-0.0313267
-0.0269211
-0.0225886
-0.0184585
-0.0142536
-0.0105978
-0.00613929
-0.00369717
-0.134846
-0.137661
-0.138345
-0.139034
-0.139717
-0.140054
-0.139967
-0.139486
-0.138632
-0.137402
-0.135797
-0.133821
-0.131482
-0.128793
-0.125768
-0.122424
-0.118779
-0.114858
-0.110684
-0.106283
-0.101684
-0.0969152
-0.0920061
-0.0869862
-0.0818846
-0.0767295
-0.0715478
-0.066365
-0.0612044
-0.0560872
-0.0510325
-0.0460569
-0.0411742
-0.0363977
-0.0317328
-0.0271999
-0.0227713
-0.0185359
-0.0142928
-0.0105175
-0.00612721
-0.00348293
-0.148696
-0.151156
-0.151497
-0.151797
-0.152056
-0.151949
-0.151404
-0.150451
-0.149109
-0.147377
-0.145258
-0.142758
-0.13989
-0.136668
-0.133109
-0.129234
-0.125066
-0.12063
-0.115954
-0.111067
-0.106
-0.100784
-0.09545
-0.0900296
-0.084553
-0.0790489
-0.0735449
-0.0680662
-0.0626361
-0.0572749
-0.0520011
-0.0468296
-0.0417744
-0.0368447
-0.0320507
-0.0273986
-0.0228866
-0.0185479
-0.0142881
-0.0103757
-0.00610713
-0.00318086
-0.163206
-0.16515
-0.165134
-0.164987
-0.164738
-0.164113
-0.163048
-0.161567
-0.159684
-0.157401
-0.154722
-0.151659
-0.148224
-0.144436
-0.140316
-0.135886
-0.131174
-0.126208
-0.121019
-0.115639
-0.1101
-0.104436
-0.0986803
-0.0928644
-0.0870196
-0.0811754
-0.0753591
-0.0695957
-0.0639077
-0.0583145
-0.0528338
-0.0474783
-0.0422625
-0.0371903
-0.0322789
-0.0275159
-0.0229339
-0.0184934
-0.0142401
-0.0101699
-0.0060828
-0.0027826
-0.178157
-0.17942
-0.179075
-0.178438
-0.177604
-0.176396
-0.174759
-0.1727
-0.17023
-0.167354
-0.164078
-0.160417
-0.156386
-0.152007
-0.147304
-0.142303
-0.137036
-0.131532
-0.125826
-0.119952
-0.113944
-0.107838
-0.101668
-0.0954663
-0.089265
-0.0830934
-0.0769783
-0.0709441
-0.0650125
-0.0592014
-0.0535275
-0.0480012
-0.0426376
-0.0374344
-0.0324177
-0.0275519
-0.0229141
-0.0183721
-0.0141504
-0.00989858
-0.0060584
-0.00228177
-0.19324
-0.193677
-0.193093
-0.191947
-0.190465
-0.188623
-0.186373
-0.183701
-0.180608
-0.177106
-0.173204
-0.168919
-0.164272
-0.159286
-0.153989
-0.148411
-0.142584
-0.136544
-0.130325
-0.123964
-0.117497
-0.11096
-0.104389
-0.0978172
-0.0912752
-0.0847924
-0.0783953
-0.0721069
-0.0659478
-0.0599344
-0.0540823
-0.0483991
-0.0429013
-0.0375785
-0.0324692
-0.0275084
-0.0228293
-0.018185
-0.0140215
-0.00956145
-0.00603842
-0.00167433
-0.208069
-0.207596
-0.206931
-0.205285
-0.20311
-0.200604
-0.197721
-0.19441
-0.190672
-0.186522
-0.181977
-0.177056
-0.171782
-0.166184
-0.160292
-0.154139
-0.147761
-0.141193
-0.134474
-0.12764
-0.120731
-0.113782
-0.106829
-0.0999052
-0.0930422
-0.086268
-0.0796079
-0.0730838
-0.066715
-0.060516
-0.0545016
-0.0486759
-0.0430576
-0.0376268
-0.0324376
-0.0273889
-0.0226833
-0.0179345
-0.0138568
-0.00915944
-0.0060275
-0.000958943
-0.222212
-0.220843
-0.220328
-0.218216
-0.215329
-0.212154
-0.208632
-0.204674
-0.20028
-0.195475
-0.190282
-0.184723
-0.178827
-0.172624
-0.166147
-0.159433
-0.152519
-0.145442
-0.138242
-0.130958
-0.123628
-0.11629
-0.108978
-0.101727
-0.0945652
-0.0875213
-0.0806193
-0.0738795
-0.0673197
-0.0609525
-0.0547917
-0.048838
-0.0431129
-0.0375852
-0.0323285
-0.0271981
-0.0224812
-0.0176239
-0.0136607
-0.00869474
-0.00602995
-0.000137453
-0.23524
-0.233134
-0.233049
-0.230526
-0.226935
-0.223108
-0.218959
-0.214355
-0.209308
-0.203852
-0.198019
-0.191836
-0.185332
-0.178543
-0.171503
-0.164252
-0.156826
-0.149267
-0.141614
-0.133906
-0.126184
-0.118483
-0.110839
-0.103285
-0.0958498
-0.0885598
-0.0814379
-0.0745029
-0.0677711
-0.061253
-0.0549619
-0.0488941
-0.0430757
-0.0374612
-0.0321494
-0.0269423
-0.0222292
-0.0172578
-0.0134385
-0.00817071
-0.0060497
0.000785185
-0.246795
-0.244276
-0.244926
-0.242047
-0.23778
-0.233336
-0.22858
-0.223346
-0.217656
-0.211568
-0.205117
-0.198332
-0.191248
-0.183901
-0.17633
-0.168572
-0.160668
-0.152658
-0.144584
-0.136485
-0.1284
-0.120367
-0.11242
-0.104591
-0.0969077
-0.0893957
-0.0820763
-0.0749665
-0.0680816
-0.0614294
-0.0550235
-0.0488549
-0.0429558
-0.037264
-0.0319088
-0.0266287
-0.0219346
-0.0168415
-0.0131959
-0.00759174
-0.00609023
0.00180123
-0.25665
-0.254214
-0.255881
-0.252684
-0.24778
-0.242759
-0.237417
-0.231567
-0.22526
-0.218568
-0.211529
-0.204177
-0.196549
-0.188683
-0.180617
-0.17239
-0.164045
-0.155621
-0.147161
-0.138705
-0.130292
-0.121958
-0.113737
-0.10566
-0.0977549
-0.0900448
-0.0825497
-0.0752852
-0.0682652
-0.0614951
-0.054989
-0.0487319
-0.0427643
-0.0370033
-0.0316162
-0.0262652
-0.0216053
-0.016381
-0.0129394
-0.00696297
-0.00615466
0.00290065
-0.264748
-0.26306
-0.265943
-0.262414
-0.256907
-0.251341
-0.245427
-0.238979
-0.232083
-0.224822
-0.217235
-0.209358
-0.201229
-0.192886
-0.184368
-0.175715
-0.166969
-0.158171
-0.149362
-0.140585
-0.131876
-0.123273
-0.114808
-0.106512
-0.0984097
-0.0905247
-0.0828753
-0.0754751
-0.0683372
-0.0614642
-0.0548716
-0.0485372
-0.0425123
-0.0366892
-0.0312811
-0.02586
-0.0212497
-0.0158826
-0.0126757
-0.00629005
-0.00624571
0.00407155
-0.271181
-0.271115
-0.275248
-0.271281
-0.265175
-0.259074
-0.252589
-0.245563
-0.238114
-0.230325
-0.222236
-0.213883
-0.205302
-0.19653
-0.187606
-0.178571
-0.169466
-0.160334
-0.151216
-0.142152
-0.133182
-0.124341
-0.115661
-0.107171
-0.0988968
-0.0908588
-0.0830747
-0.0755564
-0.0683162
-0.0613539
-0.0546871
-0.0482853
-0.0422133
-0.0363336
-0.0309146
-0.0254225
-0.0208769
-0.015354
-0.0124113
-0.00558055
-0.00636377
0.00529931
-0.27649
-0.278923
-0.284123
-0.279505
-0.272754
-0.266082
-0.259011
-0.251423
-0.243454
-0.235181
-0.226638
-0.217855
-0.208868
-0.199711
-0.190424
-0.181046
-0.17162
-0.162188
-0.152792
-0.143473
-0.13427
-0.125216
-0.116345
-0.107684
-0.0992571
-0.091084
-0.0831811
-0.0755587
-0.0682289
-0.0611881
-0.0544569
-0.0479952
-0.0418841
-0.0359515
-0.0305301
-0.024965
-0.0204964
-0.0148058
-0.0121507
-0.00484742
-0.00650252
0.00656526
-0.281614
-0.287262
-0.293104
-0.287628
-0.280132
-0.272765
-0.265031
-0.25686
-0.248375
-0.239632
-0.230652
-0.221461
-0.212088
-0.202567
-0.192936
-0.183236
-0.173508
-0.163797
-0.154144
-0.144589
-0.135171
-0.125924
-0.11688
-0.108065
-0.0995012
-0.091208
-0.0832004
-0.0754868
-0.068079
-0.0609698
-0.0541838
-0.0476695
-0.0415276
-0.035546
-0.0301307
-0.0244911
-0.0201119
-0.0142426
-0.0118974
-0.00409658
-0.00666379
0.00785995
-0.287433
-0.297825
-0.301744
-0.294935
-0.286535
-0.278297
-0.269824
-0.261071
-0.252103
-0.242935
-0.233572
-0.224029
-0.214331
-0.204507
-0.194594
-0.184633
-0.174667
-0.164736
-0.154885
-0.145152
-0.135575
-0.126187
-0.117018
-0.108093
-0.0994356
-0.0910609
-0.0829838
-0.0752107
-0.0677541
-0.0606018
-0.0537853
-0.0472371
-0.0410863
-0.0350658
-0.0296818
-0.0239617
-0.0197138
-0.013625
-0.011677
-0.00326478
-0.00693455
0.0092328
-0.323688
-0.312421
-0.304345
-0.295598
-0.286617
-0.277992
-0.269309
-0.260467
-0.251473
-0.24231
-0.23297
-0.223458
-0.213792
-0.204
-0.194116
-0.184179
-0.17423
-0.164314
-0.154472
-0.144744
-0.135169
-0.125781
-0.11661
-0.107682
-0.0990198
-0.0906401
-0.0825584
-0.07478
-0.0673206
-0.0601624
-0.0533488
-0.04679
-0.0406579
-0.0346073
-0.029286
-0.0234718
-0.0194062
-0.0130413
-0.0115863
-0.00243428
-0.00736908
0.0104732
-0.33082
-0.317632
-0.305491
-0.296026
-0.286716
-0.277783
-0.268896
-0.259918
-0.250818
-0.241567
-0.232148
-0.222569
-0.212846
-0.203008
-0.193089
-0.183129
-0.173169
-0.163252
-0.15342
-0.143711
-0.134162
-0.124806
-0.115673
-0.106787
-0.0981686
-0.0898344
-0.0817987
-0.0740657
-0.0666513
-0.0595351
-0.0527649
-0.0462411
-0.0401539
-0.0341231
-0.0288617
-0.0230299
-0.0190792
-0.0125959
-0.0114207
-0.0018824
-0.00755247
0.0113339
-0.330276
-0.317188
-0.304477
-0.295169
-0.285886
-0.276858
-0.26789
-0.258844
-0.249682
-0.240369
-0.230895
-0.221267
-0.211505
-0.201638
-0.191704
-0.181741
-0.171791
-0.161896
-0.152096
-0.142429
-0.132929
-0.123629
-0.114555
-0.105731
-0.0971763
-0.0889057
-0.0809327
-0.0732603
-0.0659045
-0.0588431
-0.0521258
-0.0456482
-0.0396102
-0.0336126
-0.0284056
-0.0225797
-0.0187179
-0.0121679
-0.0112017
-0.00139147
-0.00763307
0.0121271
-0.328762
-0.315686
-0.302994
-0.293958
-0.284798
-0.275769
-0.266787
-0.257719
-0.248525
-0.239178
-0.229671
-0.220014
-0.21023
-0.200351
-0.190414
-0.180458
-0.170525
-0.160656
-0.150891
-0.141265
-0.131812
-0.122563
-0.113543
-0.104775
-0.096277
-0.0880624
-0.0801443
-0.0725248
-0.0652197
-0.0582057
-0.0515341
-0.0450965
-0.039101
-0.0331319
-0.0279731
-0.0221506
-0.0183706
-0.0117555
-0.0109873
-0.000915332
-0.00770332
0.0128953
-0.326304
-0.313702
-0.301389
-0.292604
-0.283588
-0.274605
-0.265641
-0.256573
-0.247365
-0.237998
-0.22847
-0.218795
-0.208999
-0.199115
-0.189181
-0.179237
-0.169325
-0.159484
-0.149754
-0.140168
-0.130761
-0.121561
-0.112592
-0.103876
-0.0954298
-0.0872669
-0.0793993
-0.0718284
-0.0645697
-0.0575993
-0.0509696
-0.0445686
-0.0386126
-0.0326693
-0.0275563
-0.0217351
-0.0180351
-0.0113534
-0.010781
-0.000447087
-0.00777501
0.013644
-0.323173
-0.31123
-0.299565
-0.291059
-0.282224
-0.273331
-0.264416
-0.255368
-0.246163
-0.236788
-0.22725
-0.217566
-0.207765
-0.197883
-0.187958
-0.178031
-0.168143
-0.158334
-0.14864
-0.139097
-0.129736
-0.120584
-0.111665
-0.103001
-0.094606
-0.0864935
-0.0786749
-0.0711512
-0.0639376
-0.0570092
-0.0504201
-0.0440547
-0.0381368
-0.0322187
-0.0271498
-0.0213307
-0.0177075
-0.0109622
-0.0105787
7.92466e-06
-0.00784114
0.0143677
-0.319755
-0.308511
-0.297581
-0.289357
-0.280729
-0.271962
-0.26312
-0.254112
-0.244925
-0.235556
-0.226018
-0.216334
-0.206537
-0.196664
-0.186754
-0.176848
-0.166988
-0.157212
-0.147557
-0.138057
-0.128741
-0.119638
-0.110769
-0.102154
-0.0938097
-0.0857461
-0.077975
-0.0704966
-0.0633264
-0.0564386
-0.0498885
-0.0435574
-0.037676
-0.0317827
-0.0267556
-0.0209395
-0.0173891
-0.0105847
-0.0103805
0.000445948
-0.00789951
0.0150622
-0.316217
-0.305709
-0.295516
-0.28756
-0.279148
-0.270528
-0.261776
-0.252824
-0.243668
-0.234317
-0.22479
-0.215116
-0.20533
-0.195471
-0.185581
-0.175701
-0.165871
-0.156131
-0.146515
-0.137058
-0.127789
-0.118732
-0.109912
-0.101345
-0.0930485
-0.0850317
-0.0773057
-0.0698706
-0.0627416
-0.0558923
-0.0493791
-0.0430808
-0.0372338
-0.0313644
-0.0263768
-0.0205642
-0.0170823
-0.010223
-0.0101881
0.000864733
-0.00795076
0.0157244
-0.312641
-0.302897
-0.293419
-0.285717
-0.27752
-0.269057
-0.260407
-0.251521
-0.242408
-0.233085
-0.223578
-0.213922
-0.204154
-0.194316
-0.18445
-0.174599
-0.164802
-0.155098
-0.145523
-0.136108
-0.126883
-0.117873
-0.109099
-0.100578
-0.0923269
-0.0843544
-0.0766712
-0.0692769
-0.0621867
-0.0553738
-0.0488952
-0.0426278
-0.0368132
-0.0309665
-0.0260158
-0.0202072
-0.0167893
-0.00987917
-0.010003
0.00126216
-0.00799561
0.0163513
-0.30945
-0.300181
-0.291329
-0.283865
-0.275878
-0.267575
-0.259033
-0.250222
-0.24116
-0.231874
-0.222395
-0.212764
-0.20302
-0.193207
-0.183369
-0.173549
-0.163786
-0.15412
-0.144584
-0.135212
-0.12603
-0.117064
-0.108334
-0.0998572
-0.0916487
-0.0837179
-0.0760747
-0.0687187
-0.0616647
-0.0548857
-0.0484395
-0.042201
-0.0364165
-0.0305913
-0.0256749
-0.0198705
-0.0165121
-0.00955525
-0.00982677
0.00163601
-0.00803454
0.0169397
-0.306068
-0.297538
-0.289286
-0.282043
-0.274256
-0.26611
-0.257678
-0.248946
-0.239942
-0.230699
-0.221256
-0.211654
-0.201939
-0.192155
-0.182348
-0.17256
-0.162832
-0.153203
-0.143707
-0.134375
-0.125234
-0.11631
-0.107621
-0.099186
-0.0910176
-0.0831256
-0.0755197
-0.068199
-0.0611786
-0.0544311
-0.0480148
-0.0418031
-0.0360464
-0.0302413
-0.0253563
-0.0195563
-0.0162524
-0.00925322
-0.00966077
0.00198407
-0.00806799
0.0174865
-0.302953
-0.295084
-0.287335
-0.280287
-0.272687
-0.26469
-0.256366
-0.247716
-0.238773
-0.229578
-0.220174
-0.210606
-0.200923
-0.19117
-0.181395
-0.171641
-0.161948
-0.152355
-0.142896
-0.133603
-0.124501
-0.115616
-0.106966
-0.0985688
-0.0904375
-0.0825811
-0.0750093
-0.0677212
-0.0607315
-0.0540126
-0.0476236
-0.0414366
-0.0357052
-0.0299186
-0.0250624
-0.0192667
-0.0160124
-0.00897502
-0.00950649
0.00230423
-0.00809644
0.0179887
-0.300143
-0.292887
-0.285523
-0.278632
-0.2712
-0.263343
-0.255123
-0.246552
-0.237672
-0.228527
-0.219164
-0.209632
-0.199983
-0.190263
-0.18052
-0.170799
-0.16114
-0.151582
-0.142159
-0.132901
-0.123836
-0.114986
-0.106372
-0.0980095
-0.0899118
-0.0820878
-0.0745469
-0.0672881
-0.060326
-0.0536332
-0.0472688
-0.041104
-0.0353953
-0.0296256
-0.0247951
-0.0190037
-0.0157938
-0.00872252
-0.0093653
0.00259448
-0.00812035
0.0184434
-0.2976
-0.290462
-0.283817
-0.277112
-0.269826
-0.262096
-0.253971
-0.245477
-0.236658
-0.227562
-0.218241
-0.208746
-0.19913
-0.189443
-0.179732
-0.170042
-0.160415
-0.15089
-0.141499
-0.132275
-0.123242
-0.114425
-0.105843
-0.0975116
-0.0894439
-0.0816487
-0.0741353
-0.0669025
-0.059965
-0.0532952
-0.0469525
-0.0408075
-0.0351189
-0.0293643
-0.0245564
-0.0187691
-0.0155984
-0.00849745
-0.00923854
0.00285293
-0.00814017
0.0188478
-0.295401
-0.288725
-0.282338
-0.275753
-0.268591
-0.260973
-0.252935
-0.24451
-0.235748
-0.2267
-0.217419
-0.20796
-0.198377
-0.18872
-0.179039
-0.169378
-0.159781
-0.150285
-0.140924
-0.131728
-0.122725
-0.113937
-0.105383
-0.0970783
-0.0890368
-0.0812667
-0.0737772
-0.066567
-0.0596508
-0.0530009
-0.0466771
-0.0405492
-0.0348781
-0.0291366
-0.0243483
-0.0185647
-0.0154277
-0.0083014
-0.00912743
0.00307786
-0.00815633
0.0191994
-0.293284
-0.287256
-0.281057
-0.274572
-0.267525
-0.259999
-0.252036
-0.243671
-0.234961
-0.225956
-0.216712
-0.207286
-0.197732
-0.188103
-0.178448
-0.168814
-0.159243
-0.149772
-0.140437
-0.131267
-0.122288
-0.113524
-0.104994
-0.0967126
-0.0886932
-0.0809443
-0.0734749
-0.0662838
-0.0593855
-0.0527524
-0.0464445
-0.040331
-0.0346745
-0.0289442
-0.0241723
-0.0183919
-0.0152832
-0.00813578
-0.00903309
0.00326774
-0.00816921
0.019496
-0.291635
-0.286002
-0.279988
-0.273597
-0.266643
-0.259193
-0.251291
-0.242979
-0.234312
-0.225343
-0.216131
-0.206732
-0.197204
-0.187599
-0.177967
-0.168355
-0.158805
-0.149356
-0.140042
-0.130892
-0.121934
-0.11319
-0.104679
-0.0964168
-0.0884154
-0.0806837
-0.0732305
-0.0660548
-0.059171
-0.0525514
-0.0462563
-0.0401545
-0.0345098
-0.0287885
-0.0240297
-0.0182521
-0.0151661
-0.00800183
-0.00895647
0.00342125
-0.00817913
0.0197357
-0.290409
-0.28504
-0.279168
-0.27285
-0.265965
-0.258572
-0.250717
-0.242446
-0.233812
-0.224873
-0.215685
-0.206309
-0.196801
-0.187215
-0.177601
-0.168006
-0.158473
-0.149041
-0.139742
-0.130609
-0.121667
-0.112938
-0.104441
-0.0961931
-0.0882053
-0.0804866
-0.0730457
-0.0658816
-0.0590087
-0.0523994
-0.046114
-0.040021
-0.0343852
-0.0286707
-0.0239219
-0.0181464
-0.0150775
-0.00790056
-0.00889837
0.00353729
-0.00818637
0.0199168
-0.289585
-0.284388
-0.278612
-0.272344
-0.265504
-0.25815
-0.250328
-0.242084
-0.233473
-0.224554
-0.215384
-0.206023
-0.196529
-0.186956
-0.177354
-0.167771
-0.15825
-0.148828
-0.139541
-0.130419
-0.121487
-0.112768
-0.104282
-0.0960429
-0.0880643
-0.0803543
-0.0729217
-0.0657654
-0.0588999
-0.0522975
-0.0460186
-0.0399315
-0.0343017
-0.0285918
-0.0238497
-0.0180756
-0.0150181
-0.00783273
-0.0088594
0.00361503
-0.00819115
0.0200383
-0.28917
-0.284059
-0.278329
-0.272088
-0.265271
-0.257937
-0.250131
-0.241901
-0.233302
-0.224392
-0.215232
-0.205879
-0.196392
-0.186825
-0.17723
-0.167653
-0.158137
-0.148721
-0.13944
-0.130323
-0.121396
-0.112683
-0.104201
-0.0959673
-0.0879933
-0.0802878
-0.0728594
-0.0657071
-0.0588453
-0.0522464
-0.0459707
-0.0398867
-0.0342599
-0.0285523
-0.0238136
-0.0180402
-0.0149884
-0.00779886
-0.00883998
0.00365392
-0.0081936
0.0200992
)
;

boundaryField
{
    inlet
    {
        type            zeroGradient;
    }
    outlet
    {
        type            fixedValue;
        value           uniform 0;
    }
    cylinder
    {
        type            zeroGradient;
    }
    top
    {
        type            symmetryPlane;
    }
    bottom
    {
        type            symmetryPlane;
    }
    defaultFaces
    {
        type            empty;
    }
    procBoundary1to0
    {
        type            processor;
        value           nonuniform List<scalar> 
133
(
-0.386992
-0.386992
-0.396622
-0.406609
-0.404413
-0.404413
-0.413254
-0.409891
-0.409891
-0.404247
-0.404247
-0.411411
-0.403138
-0.403138
-0.39376
-0.39376
-0.38346
-0.38346
-0.371532
-0.371532
-0.356466
-0.356466
-0.345669
-0.345669
-0.357235
-0.345665
-0.345665
-0.374459
-0.371557
-0.371557
-0.383496
-0.383496
-0.393805
-0.393805
-0.403189
-0.403189
-0.411467
-0.404298
-0.404298
-0.409945
-0.409945
-0.413308
-0.404461
-0.404461
-0.406656
-0.396664
-0.396664
-0.299015
-0.285599
-0.269445
-0.250944
-0.232908
-0.215269
-0.198093
-0.181609
-0.165927
-0.151102
-0.137163
-0.124114
-0.111946
-0.100634
-0.090147
-0.0804477
-0.0714941
-0.0632417
-0.0556454
-0.0486604
-0.0422436
-0.0386308
-0.0386308
-0.0330429
-0.0279237
-0.0232388
-0.0189567
-0.0150485
-0.0114875
-0.00824967
-0.0053131
-0.00265794
-0.000266482
0.00187708
0.00378646
0.00547346
0.00694768
0.00821657
0.00928517
0.0101552
0.0108272
0.011291
0.0115519
0.0115655
0.0113048
0.0108412
0.0101694
0.00929974
0.00823156
0.00696317
0.00548954
0.0038032
0.00189459
-0.00024812
-0.00263862
-0.00529271
-0.00529271
-0.00695442
-0.0100856
-0.0135287
-0.017307
-0.021446
-0.0259738
-0.0309207
-0.03632
-0.0422075
-0.0486218
-0.0556039
-0.0631972
-0.0714463
-0.0803964
-0.0900919
-0.100575
-0.111882
-0.124046
-0.13709
-0.151025
-0.165847
-0.181526
-0.198009
-0.215187
-0.232829
-0.250872
-0.269382
-0.285547
-0.298976
)
;
    }
}


// ************************************************************************* //
