/*--------------------------------*- C++ -*----------------------------------*\
  =========                 |
  \\      /  F ield         | OpenFOAM: The Open Source CFD Toolbox
   \\    /   O peration     | Website:  https://openfoam.org
    \\  /    A nd           | Version:  7
     \\/     M anipulation  |
\*---------------------------------------------------------------------------*/
FoamFile
{
    version     2.0;
    format      ascii;
    class       volScalarField;
    location    "5";
    object      p;
}
// * * * * * * * * * * * * * * * * * * * * * * * * * * * * * * * * * * * * * //

dimensions      [0 2 -2 0 0 0 0];

internalField   nonuniform List<scalar> 
8330
(
-0.39652
-0.397574
-0.39862
-0.399728
-0.400972
-0.396008
-0.402422
-0.397349
-0.404144
-0.398908
-0.406191
-0.400723
-0.408607
-0.402828
-0.396204
-0.411421
-0.405247
-0.398338
-0.414662
-0.407993
-0.400813
-0.392745
-0.418348
-0.41107
-0.403624
-0.395132
-0.422485
-0.414483
-0.406763
-0.397793
-0.427073
-0.418235
-0.410217
-0.400695
-0.392826
-0.432105
-0.422328
-0.413972
-0.403817
-0.395192
-0.437574
-0.426763
-0.418014
-0.407145
-0.397677
-0.388293
-0.44347
-0.431544
-0.422328
-0.410675
-0.400231
-0.389109
-0.376626
-0.449784
-0.436671
-0.426905
-0.414403
-0.402793
-0.389737
-0.375055
-0.456505
-0.442141
-0.431737
-0.418314
-0.405298
-0.390137
-0.373246
-0.355298
-0.463622
-0.447943
-0.436821
-0.422378
-0.40768
-0.390274
-0.371189
-0.351419
-0.331606
-0.47112
-0.454059
-0.442156
-0.426544
-0.409881
-0.390122
-0.368878
-0.347388
-0.32633
-0.305997
-0.478978
-0.460466
-0.447735
-0.430742
-0.411843
-0.389656
-0.366307
-0.3432
-0.320992
-0.299885
-0.279778
-0.487168
-0.467131
-0.453541
-0.43489
-0.413515
-0.388856
-0.363468
-0.338845
-0.315577
-0.293764
-0.273257
-0.253995
-0.495651
-0.474016
-0.459536
-0.438898
-0.414849
-0.3877
-0.360351
-0.334309
-0.310065
-0.287609
-0.266741
-0.247286
-0.228666
-0.504374
-0.481079
-0.465661
-0.442677
-0.415798
-0.386171
-0.356944
-0.329578
-0.304436
-0.281395
-0.260202
-0.240581
-0.222039
-0.205484
-0.513269
-0.488272
-0.471829
-0.446142
-0.416316
-0.384247
-0.353233
-0.324636
-0.298668
-0.2751
-0.253617
-0.233858
-0.215403
-0.198923
-0.522255
-0.495543
-0.477931
-0.449212
-0.416361
-0.381908
-0.349203
-0.319465
-0.292742
-0.268698
-0.246962
-0.227093
-0.20874
-0.192338
-0.531234
-0.502829
-0.483839
-0.451809
-0.415891
-0.379132
-0.344836
-0.314044
-0.286635
-0.262169
-0.240215
-0.220267
-0.20203
-0.185712
-0.5401
-0.510057
-0.489415
-0.453859
-0.414866
-0.375895
-0.340114
-0.308355
-0.280327
-0.255491
-0.233358
-0.213362
-0.195257
-0.179032
-0.548735
-0.517143
-0.494517
-0.45529
-0.413248
-0.372175
-0.335015
-0.302377
-0.273796
-0.248644
-0.22637
-0.20636
-0.188406
-0.172285
-0.557015
-0.523988
-0.499007
-0.456033
-0.411001
-0.367948
-0.32952
-0.296089
-0.267025
-0.24161
-0.219235
-0.199246
-0.181461
-0.165458
-0.564813
-0.530479
-0.502755
-0.456022
-0.408089
-0.363188
-0.323607
-0.289472
-0.259993
-0.23437
-0.211938
-0.192006
-0.174411
-0.158541
-0.572002
-0.536491
-0.505643
-0.455192
-0.404481
-0.357873
-0.317257
-0.282507
-0.252684
-0.22691
-0.204463
-0.184627
-0.167244
-0.151526
-0.578453
-0.541888
-0.507563
-0.453486
-0.400144
-0.35198
-0.310448
-0.275176
-0.24508
-0.219214
-0.196799
-0.177098
-0.15995
-0.144404
-0.584042
-0.546526
-0.508422
-0.450849
-0.39505
-0.345488
-0.303162
-0.267462
-0.237168
-0.211268
-0.188935
-0.169408
-0.15252
-0.137174
-0.588649
-0.550261
-0.508139
-0.447235
-0.389173
-0.338375
-0.295381
-0.259349
-0.228933
-0.203063
-0.180859
-0.161548
-0.144948
-0.129833
-0.592155
-0.552946
-0.506644
-0.442601
-0.382487
-0.330623
-0.287089
-0.250824
-0.220365
-0.194587
-0.172564
-0.15351
-0.137226
-0.12238
-0.594451
-0.554445
-0.503878
-0.436912
-0.374971
-0.322216
-0.278272
-0.241874
-0.211452
-0.185834
-0.164044
-0.145288
-0.12935
-0.1148
-0.595433
-0.554627
-0.499791
-0.430141
-0.366608
-0.31314
-0.268918
-0.23249
-0.202189
-0.176795
-0.155291
-0.136879
-0.121323
-0.107061
-0.595003
-0.553379
-0.49434
-0.422265
-0.357382
-0.303383
-0.259017
-0.222665
-0.192568
-0.167465
-0.146299
-0.128279
-0.113162
-0.0991303
-0.593072
-0.550602
-0.487488
-0.413268
-0.347281
-0.292936
-0.248561
-0.212394
-0.182585
-0.157837
-0.137064
-0.119482
-0.10487
-0.0910383
-0.589559
-0.546211
-0.479208
-0.403137
-0.3363
-0.281794
-0.237549
-0.201669
-0.172232
-0.147912
-0.127592
-0.110496
-0.096382
-0.0828806
-0.584391
-0.540137
-0.469481
-0.391869
-0.324433
-0.269954
-0.225977
-0.190484
-0.161495
-0.137705
-0.117894
-0.101345
-0.0876878
-0.0746282
-0.577505
-0.532328
-0.458296
-0.379463
-0.311684
-0.257415
-0.213836
-0.178837
-0.150384
-0.127238
-0.107963
-0.0920072
-0.0788258
-0.0662594
-0.568847
-0.522746
-0.445653
-0.365925
-0.298055
-0.244173
-0.201112
-0.166759
-0.138986
-0.116439
-0.0978008
-0.0824799
-0.0698127
-0.0577687
-0.558374
-0.511368
-0.431556
-0.351267
-0.283552
-0.23023
-0.187818
-0.154299
-0.127219
-0.105355
-0.0874118
-0.0727678
-0.0606559
-0.0491596
-0.546053
-0.498185
-0.416021
-0.335502
-0.268181
-0.21561
-0.174068
-0.141353
-0.115101
-0.0939988
-0.0768041
-0.0628785
-0.0513601
-0.0404388
-0.531862
-0.483202
-0.39907
-0.31865
-0.251949
-0.200366
-0.159785
-0.127985
-0.102644
-0.0823802
-0.0659869
-0.0528209
-0.041931
-0.0316147
-0.515793
-0.466438
-0.380729
-0.300737
-0.234893
-0.184495
-0.144987
-0.114213
-0.0898627
-0.0705092
-0.0549708
-0.0426045
-0.0323759
-0.0226967
-0.497846
-0.447923
-0.361034
-0.281799
-0.217083
-0.16797
-0.129692
-0.100055
-0.0767737
-0.0583985
-0.0437676
-0.0322402
-0.0227038
-0.0136951
-0.478037
-0.427697
-0.34003
-0.261876
-0.198521
-0.15084
-0.113924
-0.085529
-0.0633944
-0.0460623
-0.0323906
-0.0217394
-0.0129253
-0.0046214
-0.456394
-0.405809
-0.317765
-0.241013
-0.17923
-0.133139
-0.097708
-0.0706562
-0.0497438
-0.0335171
-0.0208544
-0.0111148
-0.00305201
0.00451175
-0.432956
-0.38234
-0.294272
-0.219248
-0.159247
-0.114901
-0.0810725
-0.0554596
-0.0358428
-0.0207808
-0.00917498
-0.000380092
0.00690287
0.0136901
-0.407783
-0.357424
-0.269542
-0.196612
-0.138615
-0.0961612
-0.0640484
-0.0399651
-0.0217138
-0.00787307
0.00263053
0.01045
0.0169247
0.022897
-0.380946
-0.331213
-0.24357
-0.173141
-0.117382
-0.0769597
-0.046669
-0.0242004
-0.00738088
0.00518505
0.0145438
0.0213595
0.0269965
0.0321122
-0.352517
-0.303656
-0.216571
-0.148897
-0.0956003
-0.0573394
-0.0289699
-0.00819562
0.00713023
0.0183712
0.0265454
0.0323316
0.0371
0.0413112
-0.322573
-0.274427
-0.189035
-0.123985
-0.0733197
-0.0373451
-0.0109892
0.00801745
0.0217923
0.0316618
0.0386148
0.0433493
0.0472183
0.0504692
-0.291223
-0.243898
-0.160796
-0.0984896
-0.0505961
-0.0170237
0.0072335
0.0244052
0.0365767
0.0450315
0.0507301
0.0543962
0.0573393
0.0595676
-0.258563
-0.21224
-0.131849
-0.0724863
-0.0274894
0.00357578
0.0256563
0.0409325
0.0514533
0.058454
0.0628687
0.0654586
0.0674535
0.0685831
-0.224628
-0.179691
-0.102257
-0.0460482
-0.00406193
0.0244021
0.0442358
0.0575627
0.0663907
0.0719016
0.0750105
0.0765283
0.077535
0.0774084
-0.189586
-0.146371
-0.0721068
-0.019249
0.0196221
0.0454021
0.0629271
0.0742579
0.0813562
0.085347
0.0871409
0.0876005
0.0875115
0.0857566
-0.1536
-0.112376
-0.0414979
0.00783415
0.0434964
0.0665205
0.0816837
0.0909786
0.0963156
0.098764
0.0992485
0.0986566
0.0972631
0.0933956
-0.116811
-0.0778191
-0.0105337
0.0351211
0.0674931
0.0877007
0.100458
0.107684
0.111234
0.112127
0.111314
0.109637
0.106703
0.100876
-0.0793651
-0.0428271
0.0206796
0.062529
0.0915427
0.108885
0.119201
0.124333
0.126078
0.125409
0.123301
0.120449
0.115837
0.109675
-0.0414124
-0.00753008
0.0520333
0.089973
0.115574
0.130013
0.137863
0.140883
0.140811
0.138581
0.135162
0.131059
0.125035
0.118816
-0.00310814
0.0279383
0.0834178
0.117366
0.139516
0.151026
0.156393
0.157292
0.155399
0.151611
0.146867
0.141494
0.134292
0.127842
0.0353904
0.0634429
0.114723
0.144622
0.163295
0.171863
0.174741
0.173516
0.169806
0.164466
0.158386
0.15176
0.14353
0.136691
0.0739239
0.0988476
0.145837
0.17165
0.186838
0.192463
0.192855
0.189512
0.183994
0.177111
0.169695
0.161847
0.152666
0.145297
0.112332
0.134016
0.176652
0.198363
0.210072
0.212764
0.210684
0.205238
0.197928
0.189516
0.180773
0.171735
0.161648
0.153649
0.150456
0.168813
0.207056
0.224673
0.232924
0.232707
0.228176
0.220651
0.21157
0.201647
0.191593
0.1814
0.170432
0.161741
0.188136
0.203102
0.236942
0.250491
0.255321
0.252229
0.245282
0.235707
0.224884
0.213475
0.202133
0.190817
0.178987
0.169566
0.225216
0.23675
0.266203
0.275732
0.277192
0.271273
0.261951
0.250364
0.237834
0.224968
0.212366
0.19996
0.187288
0.177115
0.261542
0.269624
0.294733
0.300309
0.298466
0.289778
0.278133
0.264581
0.250384
0.236097
0.222266
0.208805
0.195313
0.18438
0.29696
0.301598
0.32243
0.324139
0.319073
0.307687
0.293781
0.278317
0.2625
0.246833
0.23181
0.217329
0.203041
0.191349
0.331323
0.332546
0.349195
0.347141
0.338948
0.324944
0.308847
0.291532
0.274148
0.257146
0.240973
0.22551
0.210454
0.19801
0.364485
0.362348
0.374931
0.369237
0.358023
0.341496
0.323286
0.304188
0.285296
0.26701
0.24973
0.233327
0.217533
0.204351
0.396308
0.39089
0.399544
0.39035
0.376237
0.357288
0.337053
0.316247
0.295912
0.276397
0.258059
0.240759
0.224261
0.21036
0.426658
0.418061
0.422946
0.410408
0.393529
0.372271
0.350107
0.327675
0.305967
0.285282
0.265939
0.247789
0.230622
0.216027
0.455407
0.443756
0.445052
0.429341
0.409842
0.386398
0.362407
0.338438
0.31543
0.293641
0.273347
0.254397
0.2366
0.221338
0.482435
0.467875
0.465782
0.447084
0.425121
0.399622
0.373916
0.348502
0.324275
0.30145
0.280266
0.260566
0.242179
0.226283
0.507628
0.490326
0.48506
0.463575
0.439315
0.411901
0.384597
0.357838
0.332478
0.308687
0.286675
0.266281
0.247346
0.230853
0.530882
0.511022
0.502818
0.478758
0.452376
0.423195
0.394417
0.366419
0.340012
0.315334
0.292558
0.271526
0.252087
0.235038
0.552097
0.529883
0.51899
0.492578
0.464262
0.433468
0.403346
0.374217
0.346858
0.32137
0.2979
0.276288
0.25639
0.238829
0.571187
0.546837
0.533518
0.504989
0.474931
0.442687
0.411356
0.381211
0.352995
0.326779
0.302685
0.280553
0.260244
0.242218
0.58807
0.561818
0.546349
0.515945
0.484348
0.450821
0.418421
0.387378
0.358405
0.331546
0.3069
0.28431
0.263639
0.245199
0.602676
0.574769
0.557437
0.525411
0.49248
0.457845
0.42452
0.392699
0.363072
0.335657
0.310535
0.287549
0.266565
0.247765
0.614944
0.585641
0.56674
0.533351
0.499301
0.463734
0.429633
0.39716
0.366984
0.339101
0.31358
0.290262
0.269016
0.249911
0.624823
0.59439
0.574225
0.539738
0.504787
0.46847
0.433744
0.400746
0.370127
0.341869
0.316025
0.292441
0.270984
0.251633
0.632271
0.600985
0.579865
0.54455
0.50892
0.472037
0.436839
0.403445
0.372493
0.343952
0.317866
0.29408
0.272464
0.252925
0.637257
0.605398
0.583639
0.54777
0.511685
0.474423
0.43891
0.405251
0.374076
0.345345
0.319096
0.295176
0.273453
0.253788
0.639761
0.607613
0.585534
0.549386
0.513072
0.47562
0.439949
0.406156
0.374869
0.346043
0.319713
0.295726
0.273952
0.254234
0.639771
0.607622
0.585542
0.549393
0.513078
0.475624
0.439952
0.406159
0.374871
0.346044
0.319714
0.295728
0.273954
0.25424
0.637288
0.605425
0.583663
0.54779
0.511701
0.474435
0.43892
0.405258
0.374081
0.345348
0.319099
0.295178
0.273455
0.253789
0.632322
0.601028
0.579903
0.544582
0.508946
0.472057
0.436855
0.403457
0.372501
0.343957
0.317868
0.294081
0.272463
0.252921
0.624893
0.594451
0.574277
0.539782
0.504823
0.468497
0.433765
0.40076
0.370136
0.341874
0.316027
0.29244
0.270981
0.251625
0.615032
0.585717
0.566805
0.533405
0.499345
0.463768
0.429658
0.397177
0.366994
0.339106
0.31358
0.290259
0.269011
0.249899
0.602781
0.57486
0.557514
0.525474
0.492531
0.457883
0.424548
0.392717
0.363082
0.33566
0.310534
0.287545
0.266558
0.24775
0.58819
0.561921
0.546437
0.516017
0.484404
0.450864
0.418451
0.387396
0.358414
0.331548
0.306897
0.284304
0.26363
0.245181
0.57132
0.546951
0.533615
0.505067
0.474992
0.442732
0.411387
0.381229
0.353003
0.326779
0.30268
0.280546
0.260234
0.242197
0.552242
0.530007
0.519095
0.492662
0.464326
0.433515
0.403377
0.374235
0.346865
0.321369
0.297894
0.27628
0.25638
0.238805
0.531035
0.511153
0.502929
0.478845
0.452443
0.423242
0.394448
0.366435
0.340018
0.315332
0.292552
0.271519
0.252077
0.235012
0.507789
0.490464
0.485176
0.463666
0.439383
0.411948
0.384627
0.357854
0.332483
0.308685
0.286669
0.266274
0.247336
0.230826
0.482601
0.468017
0.4659
0.447176
0.425189
0.399669
0.373945
0.348517
0.32428
0.301448
0.280259
0.26056
0.24217
0.226254
0.455576
0.443901
0.445172
0.429434
0.40991
0.386444
0.362436
0.338452
0.315435
0.293639
0.273342
0.254392
0.236591
0.221307
0.426828
0.418208
0.423067
0.410501
0.393597
0.372317
0.350135
0.32769
0.305971
0.285281
0.265934
0.247785
0.230615
0.215995
0.396478
0.391037
0.399664
0.390442
0.376304
0.357333
0.337081
0.316262
0.295918
0.276397
0.258055
0.240757
0.224256
0.210327
0.364653
0.362494
0.37505
0.369328
0.358089
0.34154
0.323313
0.304202
0.285303
0.267011
0.249727
0.233326
0.217529
0.204317
0.331487
0.332689
0.349312
0.34723
0.339012
0.324988
0.308874
0.291547
0.274156
0.257148
0.240972
0.225511
0.210452
0.197975
0.297119
0.301738
0.322545
0.324226
0.319136
0.30773
0.293808
0.278332
0.262509
0.246836
0.231811
0.217331
0.203041
0.191314
0.261695
0.26976
0.294844
0.300393
0.298527
0.28982
0.278161
0.264597
0.250394
0.236102
0.222269
0.208809
0.195315
0.184345
0.225363
0.23688
0.26631
0.275813
0.277252
0.271314
0.261979
0.250382
0.237845
0.224975
0.212369
0.199966
0.187292
0.17708
0.188275
0.203227
0.237045
0.25057
0.25538
0.25227
0.24531
0.235726
0.224897
0.213484
0.202138
0.190825
0.178994
0.169531
0.150586
0.168932
0.207155
0.224749
0.232981
0.232747
0.228205
0.220671
0.211585
0.201658
0.191601
0.181411
0.170442
0.161707
0.112454
0.134128
0.176746
0.198436
0.210127
0.212805
0.210713
0.20526
0.197944
0.189528
0.180782
0.171747
0.161662
0.153618
0.0740365
0.0989528
0.145927
0.17172
0.186892
0.192503
0.192885
0.189535
0.184012
0.177125
0.169706
0.161861
0.152686
0.14527
0.0354938
0.063541
0.114807
0.144689
0.163347
0.171903
0.174771
0.173539
0.169825
0.164482
0.158398
0.151776
0.143556
0.136671
-0.00301399
0.0280293
0.0834972
0.117431
0.139567
0.151066
0.156424
0.157316
0.15542
0.151629
0.146881
0.141511
0.134325
0.127838
-0.0413275
-0.00744637
0.0521078
0.0900342
0.115624
0.130053
0.137894
0.140909
0.140833
0.138601
0.135179
0.131077
0.125075
0.118843
-0.0792893
-0.0427505
0.0207492
0.0625873
0.0915909
0.108924
0.119233
0.12436
0.126101
0.125431
0.123319
0.120466
0.115881
0.109754
-0.116744
-0.0777496
-0.0104689
0.0351765
0.06754
0.0877397
0.100491
0.107712
0.111259
0.11215
0.111336
0.109656
0.106745
0.100998
-0.153542
-0.112313
-0.0414379
0.00788675
0.0435419
0.0665592
0.0817167
0.0910068
0.0963408
0.0987881
0.0992723
0.0986779
0.0972986
0.0934947
-0.189535
-0.146316
-0.0720514
-0.0191991
0.0196662
0.0454404
0.0629603
0.0742868
0.0813821
0.0853719
0.087166
0.0876236
0.0875407
0.0858224
-0.224586
-0.179641
-0.102206
-0.046001
-0.00401921
0.02444
0.0442691
0.0575921
0.0664172
0.071927
0.0750361
0.0765522
0.077561
0.0774559
-0.258528
-0.212197
-0.131803
-0.0724419
-0.0274481
0.00361311
0.0256896
0.0409622
0.0514802
0.0584796
0.0628943
0.0654828
0.0674784
0.0686229
-0.291195
-0.243861
-0.160753
-0.0984477
-0.0505562
-0.016987
0.00726667
0.024435
0.0366039
0.0450573
0.0507556
0.0544204
0.0573638
0.0596028
-0.322552
-0.274396
-0.188997
-0.123946
-0.0732812
-0.0373091
-0.0109562
0.00804731
0.0218196
0.0316875
0.0386401
0.0433733
0.047242
0.0505006
-0.352501
-0.30363
-0.216536
-0.148861
-0.0955634
-0.0573041
-0.0289373
-0.00816584
0.00715757
0.0183969
0.0265704
0.0323553
0.0371229
0.0413393
-0.380935
-0.331192
-0.243539
-0.173106
-0.117347
-0.0769252
-0.0466368
-0.0241708
-0.00735365
0.00521057
0.0145684
0.0213828
0.0270187
0.0321377
-0.407777
-0.357408
-0.269514
-0.196581
-0.138581
-0.0961276
-0.0640167
-0.0399358
-0.0216868
-0.00784781
0.00265476
0.0104729
0.0169462
0.0229206
-0.432955
-0.382329
-0.294248
-0.219218
-0.159215
-0.114868
-0.0810414
-0.0554307
-0.0358161
-0.0207558
-0.00915116
-0.00035757
0.00692392
0.0137122
-0.456397
-0.405802
-0.317745
-0.240985
-0.179199
-0.133107
-0.0976776
-0.0706277
-0.0497175
-0.0334925
-0.020831
-0.0110926
-0.00303137
0.00453264
-0.478044
-0.427693
-0.340013
-0.261851
-0.198491
-0.150809
-0.113894
-0.085501
-0.0633684
-0.0460381
-0.0323676
-0.0217176
-0.012905
-0.00460149
-0.497856
-0.447923
-0.36102
-0.281776
-0.217055
-0.167941
-0.129663
-0.100027
-0.0767482
-0.0583747
-0.043745
-0.0322188
-0.0226839
-0.013676
-0.515805
-0.466441
-0.380717
-0.300716
-0.234866
-0.184467
-0.144959
-0.114186
-0.0898377
-0.0704858
-0.0549486
-0.0425835
-0.0323563
-0.0226783
-0.531877
-0.483207
-0.39906
-0.318631
-0.251924
-0.200339
-0.159758
-0.127959
-0.102619
-0.0823572
-0.0659651
-0.0528001
-0.0419117
-0.0315968
-0.54607
-0.498192
-0.416014
-0.335485
-0.268157
-0.215583
-0.174041
-0.141328
-0.115077
-0.0939762
-0.0767827
-0.0628581
-0.0513411
-0.0404213
-0.558393
-0.511377
-0.431551
-0.351251
-0.28353
-0.230205
-0.187793
-0.154274
-0.127196
-0.105333
-0.0873908
-0.0727477
-0.0606371
-0.0491426
-0.568867
-0.522757
-0.445649
-0.365911
-0.298034
-0.244149
-0.201088
-0.166735
-0.138963
-0.116417
-0.0977801
-0.0824601
-0.0697942
-0.0577521
-0.577526
-0.53234
-0.458295
-0.37945
-0.311664
-0.257392
-0.213812
-0.178814
-0.150362
-0.127217
-0.107943
-0.0919877
-0.0788075
-0.0662431
-0.584412
-0.54015
-0.469481
-0.391858
-0.324415
-0.269932
-0.225954
-0.190461
-0.161473
-0.137684
-0.117874
-0.101326
-0.0876698
-0.0746121
-0.58958
-0.546224
-0.479209
-0.403128
-0.336283
-0.281772
-0.237527
-0.201647
-0.17221
-0.147892
-0.127572
-0.110477
-0.0963642
-0.0828648
-0.593093
-0.550616
-0.487491
-0.413259
-0.347265
-0.292916
-0.24854
-0.212372
-0.182565
-0.157818
-0.137045
-0.119464
-0.104853
-0.0910226
-0.595024
-0.553393
-0.494344
-0.422258
-0.357367
-0.303364
-0.258996
-0.222644
-0.192548
-0.167446
-0.14628
-0.12826
-0.113145
-0.0991149
-0.595454
-0.554641
-0.499796
-0.430135
-0.366594
-0.313122
-0.268898
-0.23247
-0.202169
-0.176776
-0.155272
-0.136861
-0.121306
-0.107046
-0.594471
-0.554458
-0.503883
-0.436907
-0.374958
-0.322199
-0.278253
-0.241855
-0.211433
-0.185815
-0.164026
-0.14527
-0.129333
-0.114785
-0.592175
-0.55296
-0.506649
-0.442596
-0.382475
-0.330606
-0.287071
-0.250805
-0.220346
-0.194569
-0.172547
-0.153493
-0.13721
-0.122365
-0.588667
-0.550273
-0.508144
-0.447231
-0.389161
-0.338359
-0.295363
-0.259331
-0.228915
-0.203045
-0.180842
-0.161531
-0.144932
-0.129818
-0.58406
-0.546538
-0.508428
-0.450846
-0.39504
-0.345473
-0.303145
-0.267444
-0.23715
-0.211251
-0.188918
-0.169391
-0.152504
-0.137159
-0.57847
-0.541899
-0.507568
-0.453483
-0.400134
-0.351966
-0.310431
-0.275159
-0.245063
-0.219197
-0.196783
-0.177081
-0.159934
-0.14439
-0.572017
-0.536501
-0.505648
-0.455189
-0.404472
-0.35786
-0.317241
-0.282491
-0.252667
-0.226893
-0.204447
-0.184611
-0.167228
-0.151511
-0.564827
-0.530488
-0.50276
-0.456019
-0.408081
-0.363175
-0.323592
-0.289456
-0.259977
-0.234354
-0.211922
-0.19199
-0.174396
-0.158527
-0.557027
-0.523996
-0.499012
-0.456031
-0.410992
-0.367935
-0.329505
-0.296073
-0.267009
-0.241594
-0.219219
-0.199231
-0.181446
-0.165444
-0.548746
-0.51715
-0.494521
-0.455288
-0.41324
-0.372164
-0.335001
-0.302361
-0.273781
-0.248629
-0.226355
-0.206345
-0.188391
-0.172271
-0.54011
-0.510063
-0.489418
-0.453857
-0.414859
-0.375884
-0.3401
-0.30834
-0.280311
-0.255476
-0.233343
-0.213347
-0.195243
-0.179019
-0.531243
-0.502834
-0.483841
-0.451807
-0.415884
-0.379121
-0.344823
-0.31403
-0.28662
-0.262154
-0.240201
-0.220253
-0.202016
-0.185699
-0.522262
-0.495547
-0.477933
-0.44921
-0.416355
-0.381898
-0.34919
-0.319451
-0.292727
-0.268684
-0.246947
-0.227079
-0.208726
-0.192324
-0.513275
-0.488276
-0.47183
-0.44614
-0.41631
-0.384237
-0.353221
-0.324623
-0.298654
-0.275085
-0.253603
-0.233843
-0.215389
-0.19891
-0.504379
-0.481081
-0.465662
-0.442675
-0.415792
-0.386162
-0.356932
-0.329565
-0.304422
-0.281381
-0.260188
-0.240567
-0.222025
-0.205471
-0.495655
-0.474017
-0.459536
-0.438895
-0.414844
-0.387692
-0.36034
-0.334296
-0.310051
-0.287595
-0.266727
-0.247272
-0.228652
-0.487171
-0.467132
-0.45354
-0.434887
-0.41351
-0.388847
-0.363458
-0.338832
-0.315564
-0.29375
-0.273244
-0.47898
-0.460467
-0.447734
-0.43074
-0.411838
-0.389649
-0.366297
-0.343189
-0.320979
-0.299872
-0.471121
-0.454059
-0.442155
-0.426541
-0.409876
-0.390115
-0.368869
-0.347377
-0.326317
-0.305984
-0.463622
-0.447942
-0.436819
-0.422375
-0.407676
-0.390267
-0.37118
-0.351408
-0.331594
-0.456505
-0.44214
-0.431735
-0.41831
-0.405293
-0.39013
-0.373237
-0.355288
-0.449783
-0.43667
-0.426903
-0.414399
-0.402788
-0.389731
-0.375047
-0.443468
-0.431542
-0.422326
-0.410672
-0.400226
-0.389103
-0.376618
-0.437572
-0.426761
-0.418011
-0.407142
-0.397672
-0.388287
-0.432103
-0.422325
-0.413969
-0.403813
-0.395187
-0.42707
-0.418232
-0.410213
-0.400691
-0.392821
-0.422482
-0.41448
-0.406759
-0.397789
-0.418344
-0.411067
-0.40362
-0.395128
-0.414658
-0.407989
-0.400809
-0.411417
-0.405244
-0.398334
-0.408603
-0.402824
-0.3962
-0.406188
-0.40072
-0.40414
-0.398904
-0.402418
-0.397345
-0.400968
-0.399724
-0.398615
-0.39757
-0.396516
-0.128673
-0.135573
-0.142387
-0.149118
-0.155771
-0.162355
-0.168877
-0.175347
-0.181776
-0.188177
-0.194561
-0.125153
-0.131839
-0.138443
-0.144968
-0.151422
-0.157809
-0.164138
-0.170417
-0.176655
-0.182862
-0.189051
-0.121687
-0.128135
-0.134505
-0.1408
-0.147027
-0.153189
-0.159295
-0.16535
-0.171364
-0.177344
-0.1833
-0.118245
-0.12447
-0.130622
-0.136705
-0.142724
-0.148683
-0.154587
-0.160444
-0.166259
-0.172041
-0.177799
-0.114842
-0.120851
-0.126792
-0.13267
-0.138488
-0.144249
-0.149961
-0.155627
-0.161254
-0.166849
-0.172419
-0.111484
-0.117278
-0.12301
-0.128682
-0.134298
-0.139861
-0.145377
-0.150849
-0.156284
-0.161687
-0.167065
-0.10817
-0.113752
-0.119275
-0.124742
-0.130156
-0.13552
-0.140838
-0.146114
-0.151353
-0.15656
-0.161742
-0.104901
-0.110272
-0.115588
-0.120852
-0.126065
-0.13123
-0.136351
-0.141432
-0.146475
-0.151486
-0.15647
-0.101675
-0.106839
-0.111952
-0.117015
-0.122029
-0.126997
-0.131923
-0.136808
-0.141657
-0.146472
-0.151259
-0.0984961
-0.103456
-0.108368
-0.113232
-0.11805
-0.122823
-0.127554
-0.132246
-0.136902
-0.141524
-0.146115
-0.0953638
-0.100124
-0.104838
-0.109506
-0.11413
-0.11871
-0.12325
-0.127751
-0.132215
-0.136645
-0.141043
-0.0922797
-0.0968433
-0.101363
-0.105839
-0.110272
-0.114663
-0.119014
-0.123326
-0.127601
-0.131841
-0.136048
-0.0892451
-0.0936167
-0.0979465
-0.102234
-0.106479
-0.110684
-0.114848
-0.118975
-0.123063
-0.127117
-0.131137
-0.0862618
-0.090446
-0.09459
-0.0986927
-0.102754
-0.106776
-0.110758
-0.114702
-0.118608
-0.122478
-0.126314
-0.0833308
-0.0873327
-0.0912953
-0.0952177
-0.0991001
-0.102943
-0.106747
-0.110512
-0.114239
-0.11793
-0.121585
-0.0804525
-0.0842782
-0.0880644
-0.0918113
-0.095519
-0.0991875
-0.102817
-0.106408
-0.109961
-0.113477
-0.116956
-0.0776325
-0.0812862
-0.0849006
-0.0884767
-0.0920143
-0.0955132
-0.0989733
-0.102395
-0.105778
-0.109123
-0.112431
-0.0748713
-0.0783581
-0.0818061
-0.0852165
-0.0885891
-0.0919232
-0.0952187
-0.0984756
-0.101694
-0.104874
-0.108015
-0.072171
-0.0754959
-0.0787831
-0.0820332
-0.0852459
-0.0884206
-0.0915567
-0.0946541
-0.0977128
-0.100733
-0.103714
-0.0695333
-0.0727021
-0.0758341
-0.0789295
-0.0819879
-0.0850084
-0.0879906
-0.0909341
-0.0938386
-0.0967041
-0.0995303
-0.066961
-0.0699794
-0.0729619
-0.0759082
-0.0788177
-0.0816898
-0.0845237
-0.0873189
-0.0900751
-0.0927919
-0.0954691
-0.0644562
-0.0673301
-0.0701688
-0.0729718
-0.0757384
-0.0784679
-0.0811593
-0.083812
-0.0864257
-0.0889998
-0.0915341
-0.0620213
-0.0647568
-0.0674576
-0.0701233
-0.072753
-0.0753456
-0.0779005
-0.0804168
-0.082894
-0.0853316
-0.0877291
-0.0596591
-0.0622622
-0.0648312
-0.0673656
-0.0698643
-0.0723263
-0.0747506
-0.0771366
-0.0794835
-0.0817907
-0.0840577
-0.0573723
-0.0598492
-0.0622926
-0.0647017
-0.0670755
-0.069413
-0.071713
-0.0739747
-0.0761975
-0.0783806
-0.0805236
-0.0551641
-0.0575208
-0.0598447
-0.0621348
-0.0643899
-0.0666089
-0.0687908
-0.0709346
-0.0730396
-0.075105
-0.0771302
-0.0530379
-0.0552806
-0.057491
-0.0596682
-0.0618109
-0.0639177
-0.0659876
-0.0680197
-0.0700132
-0.0719672
-0.0738812
-0.0509964
-0.0531313
-0.0552346
-0.0573052
-0.0593415
-0.0613424
-0.0633067
-0.0652335
-0.0671218
-0.0689709
-0.07078
-0.04904
-0.0510744
-0.0530781
-0.0550489
-0.0569855
-0.0588869
-0.060752
-0.0625798
-0.0643694
-0.0661199
-0.0678307
-0.0471748
-0.0491178
-0.051028
-0.0529049
-0.0547478
-0.0565559
-0.0583279
-0.060063
-0.0617601
-0.0634184
-0.0650371
-0.0454121
-0.047266
-0.049088
-0.050877
-0.0526325
-0.0543535
-0.0560387
-0.0576873
-0.0592982
-0.0608705
-0.0624037
-0.0437539
-0.0455242
-0.0472635
-0.0489707
-0.0506448
-0.0522847
-0.0538894
-0.0554576
-0.0569885
-0.0584813
-0.0599351
-0.0422026
-0.0438962
-0.0455593
-0.0471909
-0.0487898
-0.0503549
-0.051885
-0.0533792
-0.0548365
-0.0562559
-0.0576368
-0.0407644
-0.0423876
-0.043981
-0.0455432
-0.0470731
-0.0485696
-0.0500316
-0.051458
-0.0528478
-0.0542003
-0.0555145
-0.0394454
-0.0410048
-0.0425348
-0.0440339
-0.0455012
-0.0469355
-0.0483356
-0.0497005
-0.0510294
-0.0523212
-0.0535752
-0.038253
-0.039755
-0.041228
-0.0426706
-0.0440816
-0.04546
-0.0468047
-0.0481145
-0.0493887
-0.0506263
-0.0518266
-0.0371953
-0.0386465
-0.040069
-0.0414614
-0.0428227
-0.0441517
-0.0454474
-0.0467088
-0.0479348
-0.0491247
-0.0502777
-0.0362818
-0.0376889
-0.0390675
-0.0404165
-0.0417347
-0.0430209
-0.0442743
-0.0454937
-0.0466783
-0.0478272
-0.0489396
-0.0355224
-0.0368921
-0.0382336
-0.0395459
-0.0408278
-0.0420781
-0.043296
-0.0444803
-0.0456303
-0.046745
-0.0478237
-0.0349331
-0.0362726
-0.0375842
-0.0388668
-0.0401194
-0.0413408
-0.0425301
-0.0436864
-0.0448087
-0.0458962
-0.0469482
-0.0345167
-0.0358335
-0.0371228
-0.0383836
-0.0396148
-0.0408154
-0.0419842
-0.0431205
-0.0442234
-0.045292
-0.0463255
-0.0473234
-0.0343169
-0.0356176
-0.0368909
-0.0381355
-0.0393507
-0.0405356
-0.0416893
-0.042811
-0.0438998
-0.044955
-0.0459758
-0.0469615
0.095521
0.0873367
0.0796084
0.0717715
0.0634498
0.0549793
0.0464956
0.037975
0.0294254
0.0208744
0.0123407
0.00383793
-0.00462182
-0.0130278
-0.0213706
-0.0296421
-0.0378348
-0.0459424
-0.0539596
-0.0618821
-0.0697075
-0.0774324
-0.0850579
-0.0926015
-0.100094
-0.107418
-0.114601
-0.121683
0.0924992
0.084035
0.0758725
0.0681707
0.0600655
0.0518095
0.0435927
0.0353681
0.0271247
0.0188893
0.0106783
0.00250111
-0.00563256
-0.0137134
-0.0217337
-0.0296866
-0.037566
-0.0453666
-0.0530844
-0.0607163
-0.0682616
-0.0757188
-0.0830865
-0.090325
-0.0975147
-0.104582
-0.111528
-0.118382
0.0887022
0.0803094
0.0718801
0.0643526
0.0565664
0.0485654
0.040618
0.0326933
0.0247553
0.0168285
0.00893178
0.0010718
-0.00674394
-0.0145072
-0.0222111
-0.02985
-0.0374186
-0.0449123
-0.0523276
-0.0596613
-0.0669116
-0.0740741
-0.0811436
-0.0881052
-0.0950431
-0.101854
-0.108549
-0.115158
0.0845507
0.0764777
0.067993
0.0606308
0.0531893
0.0454728
0.0377919
0.0301657
0.0225366
0.0149184
0.0073333
-0.000212577
-0.00771434
-0.0151651
-0.0225588
-0.0298905
-0.0371559
-0.044351
-0.0514725
-0.0585171
-0.0654816
-0.0723603
-0.0791497
-0.0858546
-0.0925564
-0.0991184
-0.105569
-0.111944
0.0803004
0.0726198
0.064211
0.0569987
0.049888
0.042477
0.0350636
0.0277283
0.0204061
0.0130934
0.00581371
-0.00142478
-0.00861943
-0.015765
-0.0228561
-0.0298885
-0.0368586
-0.0437629
-0.0505986
-0.0573628
-0.0640526
-0.0706617
-0.0771797
-0.0835996
-0.0900691
-0.0963949
-0.102615
-0.108763
0.0760611
0.0687675
0.0605291
0.0534733
0.0466721
0.039579
0.0324388
0.0253864
0.0183653
0.0113535
0.00437219
-0.00256729
-0.0094632
-0.0163122
-0.0231096
-0.0298517
-0.0365352
-0.0431574
-0.0497157
-0.0562079
-0.0626319
-0.0689865
-0.075274
-0.0814901
-0.0876072
-0.0936878
-0.0996953
-0.105625
0.0718762
0.0649452
0.0569458
0.0500663
0.0435537
0.0367803
0.0299201
0.0231441
0.0164162
0.00970031
0.0030109
-0.00363761
-0.010243
-0.0168037
-0.0233159
-0.0297761
-0.0361815
-0.0425298
-0.0488188
-0.0550468
-0.0612125
-0.0673156
-0.0733553
-0.0793244
-0.0851745
-0.0910253
-0.0968168
-0.102528
0.0677741
0.0611817
0.0534658
0.0467848
0.0405434
0.0340836
0.0275078
0.0210036
0.0145601
0.0081336
0.00172962
-0.00463589
-0.0109592
-0.0172399
-0.0234752
-0.0296619
-0.0357975
-0.04188
-0.0479075
-0.0538786
-0.0597918
-0.0656463
-0.0714391
-0.0771635
-0.082791
-0.088412
-0.0939797
-0.099473
0.0637773
0.0575024
0.0500957
0.0436321
0.037649
0.0314924
0.025202
0.0189661
0.0127982
0.00665327
0.000527959
-0.00556243
-0.0116122
-0.0176213
-0.0235881
-0.0295098
-0.0353839
-0.0412086
-0.0469823
-0.0527037
-0.058371
-0.0639834
-0.0695373
-0.0750287
-0.0804388
-0.0858341
-0.0911797
-0.0964582
0.059902
0.0539261
0.046842
0.0406101
0.0348757
0.0290102
0.0230028
0.017032
0.0111312
0.00525933
-0.00059464
-0.00641772
-0.0122025
-0.0179487
-0.0236554
-0.0293203
-0.0349411
-0.0405161
-0.0460438
-0.0515227
-0.0569514
-0.0623286
-0.0676511
-0.0729162
-0.0781118
-0.0832889
-0.088418
-0.0934855
0.0561595
0.0504666
0.0437103
0.0377198
0.0322268
0.02664
0.0209105
0.015201
0.00955954
0.00395169
-0.00163884
-0.00720248
-0.0127308
-0.0182226
-0.0236777
-0.0290942
-0.0344699
-0.0398031
-0.0450924
-0.0503365
-0.0555337
-0.0606828
-0.065781
-0.0708264
-0.0758117
-0.0807774
-0.0856957
-0.0905563
0.0525578
0.0471341
0.0407056
0.0349622
0.0297042
0.0243841
0.0189256
0.0134727
0.00808302
0.0027301
-0.00260539
-0.00791761
-0.0131978
-0.0184439
-0.0236558
-0.0288322
-0.0339709
-0.0390704
-0.0441291
-0.0491457
-0.0541187
-0.0590469
-0.0639278
-0.0687601
-0.0735394
-0.0782998
-0.083013
-0.0876712
0.0491028
0.0439359
0.0378317
0.0323379
0.027309
0.0222441
0.0170483
0.0118463
0.00670105
0.00159404
-0.00349517
-0.00856419
-0.0136047
-0.0186137
-0.0235909
-0.0285353
-0.0334452
-0.0383188
-0.0431547
-0.0479514
-0.0527075
-0.0574218
-0.0620921
-0.0667175
-0.0712956
-0.0758572
-0.0803709
-0.0848313
0.0457989
0.0408776
0.0350914
0.0298471
0.0250415
0.0202207
0.0152784
0.0103209
0.00541265
0.000542661
-0.00430922
-0.00914344
-0.0139526
-0.0187329
-0.0234839
-0.0282047
-0.0328939
-0.0375496
-0.0421703
-0.0467547
-0.0513011
-0.0558082
-0.0602741
-0.0646987
-0.0690809
-0.0734502
-0.0777703
-0.0820379
0.0426491
0.0379631
0.0324868
0.0274898
0.0229014
0.018314
0.0136157
0.00889534
0.00421657
-0.000425189
-0.00504875
-0.00965675
-0.0142429
-0.018803
-0.0233361
-0.0278416
-0.0323181
-0.0367639
-0.0411773
-0.045557
-0.0499012
-0.0542082
-0.0584753
-0.0627023
-0.066893
-0.0710779
-0.0752098
-0.0792906
0.0396554
0.0351948
0.0300188
0.0252652
0.0208878
0.0165236
0.0120594
0.00756818
0.00311125
-0.00131096
-0.00571521
-0.0101056
-0.0144772
-0.0188254
-0.0231491
-0.0274474
-0.0317192
-0.0359629
-0.0401768
-0.0443597
-0.0485098
-0.0526254
-0.0567025
-0.0607355
-0.0647142
-0.068733
-0.072685
-0.0765881
0.0368187
0.0325742
0.0276877
0.0231723
0.0189995
0.0148484
0.0106081
0.00633785
0.00209487
-0.00211637
-0.00631027
-0.0104918
-0.0146571
-0.0188018
-0.0229242
-0.0270236
-0.0310987
-0.035148
-0.0391701
-0.0431636
-0.0471273
-0.0510603
-0.0549635
-0.0588391
-0.0626921
-0.0664453
-0.0702033
-0.0739377
0.0341392
0.0301017
0.0254932
0.0212094
0.0172347
0.0132869
0.00926048
0.00520245
0.00116536
-0.00284344
-0.00683584
-0.0108172
-0.0147846
-0.018734
-0.0226633
-0.0265717
-0.0304579
-0.0343206
-0.0381582
-0.0419695
-0.0457533
-0.0495087
-0.0532348
-0.0569288
-0.0605841
-0.0641857
-0.0677769
-0.0713436
0.0316163
0.027777
0.0234342
0.0193747
0.015591
0.0118372
0.00801453
0.00415982
0.000320408
-0.0034944
-0.00729407
-0.0110839
-0.0148618
-0.018624
-0.0223683
-0.0260935
-0.0297986
-0.0334821
-0.0371425
-0.0407784
-0.0443885
-0.0479715
-0.0515257
-0.0550485
-0.0585368
-0.0619805
-0.0654069
-0.0688072
0.0292484
0.0255988
0.0215091
0.0176656
0.014066
0.010497
0.00686802
0.00320753
-0.000442553
-0.00407177
-0.00768733
-0.0112942
-0.0148909
-0.018474
-0.0220412
-0.0255911
-0.0291226
-0.0326344
-0.0361247
-0.0395922
-0.0430353
-0.0464526
-0.0498423
-0.0532023
-0.0565298
-0.0598184
-0.0630865
-0.0663273
0.0270334
0.0235653
0.0197156
0.0160793
0.0126565
0.00926344
0.00581832
0.00234285
-0.00112633
-0.0045783
-0.00801826
-0.0114506
-0.0148743
-0.0182863
-0.0216843
-0.0250666
-0.0284322
-0.0317795
-0.035107
-0.0384131
-0.0416962
-0.0449546
-0.0481869
-0.0513908
-0.054564
-0.0577022
-0.0608184
-0.0639066
0.0249689
0.0216739
0.0180512
0.0146127
0.0113592
0.00813341
0.00486248
0.00156281
-0.00173397
-0.00501698
-0.00828972
-0.0115559
-0.0148148
-0.0180637
-0.0213001
-0.0245226
-0.0277297
-0.0309199
-0.0340917
-0.0372434
-0.0403734
-0.04348
-0.0465616
-0.0496161
-0.0526416
-0.0556349
-0.0586052
-0.0615473
0.0230513
0.0199215
0.0165127
0.0132621
0.0101704
0.0071034
0.00399722
0.00086415
-0.00226875
-0.00539103
-0.00850481
-0.011613
-0.0147152
-0.0178088
-0.0208915
-0.0239616
-0.0270176
-0.0300581
-0.0330813
-0.0360857
-0.0390696
-0.0420312
-0.0449688
-0.0478807
-0.0507648
-0.0536188
-0.0564494
-0.0592517
0.0212771
0.0183046
0.0150965
0.0120238
0.00908612
0.00616956
0.00321891
0.000243346
-0.00273419
-0.00570393
-0.00866688
-0.0116253
-0.0145787
-0.0175248
-0.0204613
-0.0233865
-0.0262989
-0.0291968
-0.0320787
-0.0349427
-0.0377873
-0.0406107
-0.0434112
-0.0461869
-0.0489361
-0.0516566
-0.0543537
-0.0570224
0.019642
0.0168188
0.0137986
0.0108935
0.00810199
0.00532775
0.00252365
-0.000303388
-0.00313404
-0.00595935
-0.00877952
-0.0115961
-0.0144086
-0.0172149
-0.0200128
-0.0228006
-0.0255765
-0.0283391
-0.0310866
-0.0338173
-0.0365294
-0.0392214
-0.0418913
-0.0445374
-0.047158
-0.0497512
-0.052321
-0.0548625
0.0181413
0.0154596
0.0126145
0.00986692
0.00721349
0.00457353
0.00190723
-0.0007801
-0.00347227
-0.00616123
-0.00884654
-0.0115292
-0.0142085
-0.0168827
-0.0195495
-0.0222071
-0.0248539
-0.0274882
-0.0301083
-0.0327125
-0.035299
-0.0378662
-0.0404122
-0.0429353
-0.0454337
-0.0479057
-0.0503545
-0.052775
0.0167701
0.014222
0.0115397
0.00893919
0.00641583
0.00390223
0.00136521
-0.00119109
-0.0037531
-0.0063137
-0.008872
-0.0114285
-0.0139824
-0.0165318
-0.0190749
-0.0216096
-0.0241344
-0.0266474
-0.0291471
-0.0316316
-0.0340992
-0.0365482
-0.0389769
-0.0413835
-0.0437663
-0.0461235
-0.0484577
-0.0507634
0.0155228
0.0131008
0.0105691
0.00810542
0.00570403
0.00330897
0.000892871
-0.00154088
-0.00398097
-0.00642112
-0.00886015
-0.0112981
-0.0137341
-0.0161664
-0.018593
-0.021012
-0.0234218
-0.0258206
-0.0282067
-0.0305783
-0.0329337
-0.035271
-0.0375886
-0.0398849
-0.0421587
-0.0444089
-0.0466343
-0.0488308
0.0143941
0.0120902
0.00969738
0.00736046
0.00507294
0.00278864
0.000485303
-0.00183423
-0.00416052
-0.00648806
-0.0088155
-0.0111425
-0.0134681
-0.0157905
-0.0181079
-0.0204184
-0.0227203
-0.0250118
-0.0272911
-0.0295566
-0.0318064
-0.0340386
-0.0362515
-0.038443
-0.0406119
-0.0427605
-0.0448834
-0.0469768
0.0133779
0.0111844
0.00891911
0.006699
0.00451724
0.00233601
0.000137397
-0.0020761
-0.00429659
-0.0065193
-0.00874272
-0.0109663
-0.0131888
-0.0154088
-0.0176241
-0.0198331
-0.022034
-0.024225
-0.0264045
-0.0285705
-0.0307213
-0.0328553
-0.0349705
-0.0370655
-0.0391375
-0.0411808
-0.0432026
-0.0452013
0.0124684
0.0103775
0.00822862
0.00611556
0.00403149
0.00194566
-0.000156123
-0.00227162
-0.00439424
-0.00651979
-0.00864673
-0.0107742
-0.0129011
-0.0150257
-0.0171462
-0.0192607
-0.0213676
-0.023465
-0.0255512
-0.0276246
-0.0296831
-0.0317252
-0.033749
-0.0357526
-0.0377338
-0.0396902
-0.04162
-0.0435284
0.0116596
0.00966329
0.00762016
0.0056046
0.00361016
0.0016121
-0.000400669
-0.0024261
-0.00445867
-0.0064947
-0.00853262
-0.0105715
-0.0126099
-0.0146464
-0.016679
-0.018706
-0.0207257
-0.0227364
-0.0247362
-0.0267234
-0.0286962
-0.0306529
-0.0325917
-0.0345108
-0.0364085
-0.0382828
-0.0401303
-0.0419547
0.0109454
0.00903577
0.00708794
0.00516052
0.00324767
0.00132976
-0.000601764
-0.00254499
-0.00449526
-0.00644936
-0.0084057
-0.0103632
-0.0123205
-0.0142759
-0.0162278
-0.0181743
-0.0201137
-0.0220443
-0.0239643
-0.0258721
-0.0277658
-0.0296436
-0.0315039
-0.033345
-0.0351649
-0.0369619
-0.0387331
-0.0404807
0.01032
0.00848889
0.0066262
0.0047777
0.00293842
0.001093
-0.000765008
-0.00263383
-0.00450953
-0.00638927
-0.00827147
-0.0101549
-0.0120383
-0.0139198
-0.015798
-0.0176709
-0.0195369
-0.0213943
-0.0232413
-0.0250763
-0.0268974
-0.0287029
-0.0304912
-0.0322604
-0.0340089
-0.0357348
-0.0374359
-0.039113
0.00977772
0.00801682
0.00622928
0.00445062
0.00267685
0.000896211
-0.000896048
-0.00269828
-0.00450714
-0.00632011
-0.00813562
-0.00995241
-0.011769
-0.0135839
-0.0153954
-0.0172018
-0.0190013
-0.0207923
-0.022573
-0.0243419
-0.026097
-0.0278368
-0.0295595
-0.0312635
-0.0329469
-0.0346081
-0.0362451
-0.0378581
0.00931324
0.007614
0.00589173
0.00417387
0.0024575
0.000733832
-0.00100052
-0.00274404
-0.00449386
-0.00624771
-0.00800407
-0.0097616
-0.0115189
-0.0132743
-0.0150263
-0.0167731
-0.0185132
-0.0202447
-0.021966
-0.0236755
-0.0253714
-0.0270521
-0.0287158
-0.030361
-0.0319859
-0.0335889
-0.0351681
-0.0367233
0.00892173
0.0072753
0.00560844
0.00394232
0.0022751
0.000600427
-0.00108401
-0.0027768
-0.00447548
-0.00617801
-0.00788287
-0.00958872
-0.0112941
-0.0129975
-0.0146973
-0.0163918
-0.0180794
-0.0197584
-0.0214273
-0.0230843
-0.0247278
-0.0263561
-0.0279676
-0.0295607
-0.0311336
-0.0326849
-0.0342128
-0.0357168
0.00859904
0.00699618
0.00537472
0.00375115
0.00212461
0.000490712
-0.00115201
-0.00280226
-0.00445789
-0.00611706
-0.00777828
-0.00944017
-0.0111013
-0.0127602
-0.0144152
-0.0160647
-0.0177072
-0.019341
-0.0209645
-0.0225761
-0.0241742
-0.0257571
-0.0273232
-0.028871
-0.0303989
-0.0319053
-0.0333884
-0.0348478
0.00834192
0.00677297
0.00518673
0.00359621
0.00200152
0.000399791
-0.00120981
-0.00282609
-0.00444715
-0.00607129
-0.00769704
-0.00932304
-0.0109479
-0.01257
-0.014188
-0.0158001
-0.017405
-0.0190009
-0.0205864
-0.0221597
-0.0237195
-0.025264
-0.0267917
-0.028301
-0.0297905
-0.0312587
-0.0327041
-0.0341259
0.00814798
0.0066027
0.00504129
0.00347428
0.00190244
0.000324038
-0.00126134
-0.00285256
-0.00444793
-0.00604586
-0.00764489
-0.00924367
-0.0108408
-0.0124347
-0.014024
-0.0156072
-0.0171826
-0.0187488
-0.0203042
-0.0218473
-0.0233766
-0.0248905
-0.0263876
-0.0278663
-0.0293252
-0.0307627
-0.0321769
-0.0335673
0.0080165
0.00648317
0.00493489
0.00338071
0.00182194
0.000257536
-0.00131266
-0.00288764
-0.00446588
-0.00604589
-0.00762628
-0.00920571
-0.0107828
-0.0123562
-0.0139244
-0.015486
-0.0170394
-0.0185832
-0.0201159
-0.0216361
-0.0231421
-0.0246327
-0.0261062
-0.0275614
-0.0289968
-0.0304114
-0.0318041
-0.0331732
0.00795364
0.00642189
0.00487407
0.00331913
0.00175947
0.000194902
-0.00137447
-0.00294761
-0.00452298
-0.00609905
-0.00767437
-0.00924758
-0.0108173
-0.0123822
-0.0139407
-0.0154916
-0.0170333
-0.0185645
-0.0200838
-0.0215897
-0.0230809
-0.0245559
-0.0260135
-0.0274522
-0.0288706
-0.0302673
-0.0316405
-0.0329906
0.110815
0.111439
0.112554
0.114079
0.115908
0.117973
0.120167
0.122427
0.124622
0.12669
0.128466
0.12991
0.13081
0.131177
0.130725
0.129584
0.127295
0.124259
0.119563
0.114102
0.105018
0.110206
0.110794
0.111848
0.113286
0.115001
0.116925
0.118949
0.121011
0.122975
0.12478
0.126262
0.127378
0.127922
0.127899
0.127038
0.125445
0.122721
0.119152
0.114054
0.107833
0.099566
0.109565
0.110116
0.111105
0.112447
0.114039
0.115812
0.117656
0.119508
0.121233
0.12277
0.123959
0.124754
0.124961
0.124579
0.123362
0.121393
0.118338
0.114398
0.109107
0.102698
0.0951357
0.10889
0.109404
0.110323
0.111566
0.113029
0.114644
0.116301
0.117935
0.119415
0.120678
0.121568
0.122041
0.121912
0.121177
0.119615
0.11729
0.113934
0.109679
0.104253
0.0977848
0.0904974
0.108182
0.108656
0.109503
0.110644
0.111975
0.113429
0.114895
0.116308
0.11754
0.118527
0.119119
0.11927
0.118811
0.11773
0.115837
0.113174
0.10954
0.105014
0.0994678
0.092967
0.0858178
0.107439
0.107872
0.108646
0.109681
0.110877
0.112166
0.113438
0.114628
0.115611
0.116321
0.116618
0.116453
0.115672
0.114258
0.112053
0.109077
0.105194
0.100445
0.0947969
0.0882983
0.0812796
0.106659
0.107052
0.10775
0.108677
0.109734
0.110854
0.11193
0.112895
0.113627
0.114061
0.114067
0.113592
0.112501
0.110769
0.108272
0.105012
0.100908
0.0959808
0.0902555
0.083789
0.0769014
0.105843
0.106193
0.106813
0.107629
0.108546
0.109494
0.110371
0.111108
0.11159
0.111751
0.111469
0.110692
0.109303
0.10727
0.1045
0.100987
0.0966892
0.0916209
0.0858432
0.0794254
0.0726647
0.104989
0.105296
0.105837
0.106539
0.107311
0.108086
0.108761
0.10927
0.109502
0.109393
0.10883
0.10776
0.106085
0.10377
0.100749
0.0970095
0.0925443
0.0873669
0.0815592
0.0751991
0.0685635
0.104097
0.10436
0.104819
0.105406
0.106032
0.10663
0.107103
0.107383
0.107368
0.106991
0.106154
0.104802
0.102855
0.100277
0.0970252
0.0930877
0.0884807
0.0832215
0.077404
0.0711094
0.0646
0.103165
0.103384
0.10376
0.104229
0.104707
0.105127
0.105397
0.10545
0.105189
0.104551
0.103448
0.101826
0.0996213
0.0968001
0.0933394
0.0892296
0.0845052
0.0791882
0.0733797
0.0671586
0.0607776
0.102195
0.102368
0.102659
0.103009
0.103337
0.103578
0.103645
0.103472
0.102971
0.102077
0.100717
0.0988378
0.0963918
0.0933477
0.0896996
0.0854425
0.080624
0.0752705
0.0694881
0.0633491
0.0570993
0.101184
0.101311
0.101517
0.101747
0.101924
0.101985
0.101851
0.101454
0.100716
0.0995749
0.0979675
0.0958455
0.0931746
0.0899281
0.0861141
0.0817331
0.0768429
0.0714724
0.0657314
0.0596833
0.0535676
0.100135
0.100215
0.100335
0.100442
0.100468
0.10035
0.100015
0.0993983
0.0984293
0.0970496
0.0952066
0.0928565
0.0899778
0.0865493
0.0825908
0.0781083
0.073167
0.0677975
0.0621118
0.0561634
0.0501851
0.0990454
0.0990785
0.0991114
0.0990968
0.0989711
0.0986755
0.0981423
0.0973097
0.0961165
0.0945074
0.092441
0.0898784
0.0868095
0.0832193
0.0791371
0.0745742
0.0696013
0.0642493
0.0586316
0.0527913
0.0469536
0.0979174
0.0979032
0.0978487
0.0977118
0.0974353
0.0969632
0.0962351
0.0951924
0.0937825
0.0919548
0.0896779
0.0869188
0.0836776
0.0799456
0.0757601
0.0711367
0.0661503
0.0608311
0.0552926
0.0495685
0.0438747
0.0967514
0.0966898
0.0965479
0.0962889
0.0958627
0.0952167
0.0942978
0.0930512
0.0914331
0.0893982
0.0869244
0.0839854
0.08059
0.0767357
0.0724662
0.0678012
0.0628179
0.0575457
0.0520965
0.0464959
0.040949
0.0955485
0.0954396
0.0952106
0.0948303
0.0942562
0.0934395
0.0923345
0.0908913
0.0890744
0.0868444
0.0841881
0.0810858
0.077554
0.0735965
0.0692618
0.0645727
0.0596079
0.0543954
0.0490446
0.043574
0.0381767
0.0943103
0.0941543
0.0938387
0.0933386
0.0926188
0.0916354
0.0903501
0.0887183
0.0867127
0.0843004
0.0814762
0.0782274
0.074577
0.0705346
0.0661523
0.0614556
0.0565233
0.0513822
0.0461378
0.0408026
0.0355572
0.0930386
0.092836
0.0924349
0.0918168
0.0909544
0.0898089
0.0883497
0.0865381
0.0843546
0.0817733
0.0787962
0.0754176
0.071666
0.0675562
0.063143
0.058454
0.0535669
0.0485074
0.0433764
0.0381813
0.0330895
0.091736
0.0914873
0.091002
0.0902683
0.0892668
0.0879647
0.0863388
0.0843569
0.082007
0.0792702
0.0761555
0.0726635
0.0688277
0.0646671
0.0602386
0.0555712
0.0507409
0.0457719
0.0407602
0.0357089
0.0307719
0.0904052
0.0901113
0.0895435
0.0886971
0.0875608
0.0861082
0.0843234
0.0821813
0.0796769
0.0767986
0.0735614
0.0699721
0.0660683
0.0618728
0.0574434
0.0528103
0.0480469
0.0431762
0.0382887
0.0333838
0.0286022
0.0890496
0.0887115
0.0880634
0.0871078
0.0858415
0.084245
0.0823098
0.0800181
0.0773715
0.0743657
0.071021
0.0673502
0.0633937
0.0591781
0.0547611
0.0501736
0.045486
0.0407202
0.0359605
0.031204
0.0265777
0.0876733
0.0872922
0.0865661
0.0855052
0.0841143
0.0823814
0.0803049
0.0778744
0.0750983
0.0719788
0.0685414
0.064804
0.0608096
0.0565875
0.0521949
0.047663
0.0430589
0.0384033
0.0337743
0.0291668
0.0246952
0.0862807
0.0858581
0.0850568
0.0838951
0.0823855
0.0805239
0.0783156
0.0757577
0.0728646
0.0696453
0.0661295
0.0623398
0.0583211
0.054105
0.0497476
0.0452801
0.0407659
0.0362245
0.0317278
0.0272693
0.022951
0.084877
0.0844147
0.0835413
0.0822836
0.0806618
0.0786796
0.0763493
0.0736755
0.0706781
0.0673723
0.0637918
0.0599634
0.0559331
0.0517342
0.0474214
0.0430258
0.0386065
0.0341823
0.0298188
0.0255082
0.0213412
0.0834682
0.0829678
0.082026
0.0806774
0.0789502
0.0768561
0.074414
0.0716355
0.0685463
0.0651671
0.061535
0.0576803
0.0536499
0.0494783
0.0452183
0.0409006
0.0365803
0.032275
0.0280443
0.0238799
0.0198614
0.0820608
0.0815245
0.0805178
0.0790839
0.0772586
0.0750613
0.0725175
0.0696459
0.066477
0.0630368
0.0593654
0.0554959
0.0514757
0.0473401
0.0431397
0.0389046
0.034686
0.0305003
0.0264012
0.0223803
0.018507
0.0806622
0.080092
0.0790246
0.0775113
0.0755951
0.0733036
0.0706685
0.0677149
0.0644779
0.0609885
0.057289
0.0534151
0.0494142
0.045322
0.0411868
0.0370379
0.0329223
0.0288558
0.0248862
0.0210053
0.0172729
0.0792805
0.0786788
0.0775548
0.0759681
0.0739688
0.0715921
0.0688757
0.0658508
0.062557
0.0590293
0.055312
0.051443
0.0474691
0.0434262
0.0393604
0.0352998
0.0312877
0.0273388
0.0234957
0.0197503
0.0161542
0.0779247
0.0772938
0.0761177
0.0744637
0.072389
0.069936
0.0671482
0.0640624
0.0607221
0.0571661
0.0534403
0.0495841
0.0456437
0.0416549
0.0376612
0.0336899
0.0297804
0.0259464
0.0222259
0.018611
0.0151456
0.0766046
0.075947
0.0747232
0.0730083
0.0708659
0.0683454
0.0654956
0.0623587
0.0589816
0.0554063
0.0516799
0.0478431
0.0439412
0.0400098
0.0360897
0.0322073
0.0283984
0.0246759
0.021073
0.0175827
0.0142417
0.075331
0.074649
0.0733823
0.0716127
0.0694101
0.0668306
0.0639278
0.0607489
0.0573437
0.0537569
0.0500368
0.0462246
0.042365
0.0384928
0.0346466
0.0308514
0.0271399
0.0235242
0.0200333
0.0166609
0.0134375
0.0741154
0.0734117
0.0721066
0.0702884
0.0680332
0.0654027
0.0624555
0.0592428
0.0558171
0.0522257
0.0485172
0.0447337
0.0409185
0.037106
0.0333324
0.0296216
0.0260033
0.0224888
0.0191033
0.0158413
0.0127277
0.0729706
0.0722475
0.0709085
0.0690479
0.0667472
0.0640735
0.0610895
0.0578505
0.054411
0.0508203
0.0471276
0.0433752
0.0396053
0.0358515
0.032148
0.0285176
0.024987
0.0215671
0.0182794
0.0151195
0.0121074
0.0719099
0.07117
0.0698017
0.0679046
0.0655651
0.0628553
0.0598417
0.0565827
0.053135
0.0495494
0.0458751
0.0421548
0.0384296
0.0347322
0.0310949
0.0275395
0.0240901
0.020757
0.0175589
0.014492
0.0115722
0.0709482
0.0701939
0.0688006
0.0668726
0.0645008
0.0617616
0.0587246
0.0554512
0.0519996
0.0484218
0.0447673
0.0410787
0.0373961
0.0337514
0.0301751
0.026688
0.0233121
0.0200573
0.0169394
0.0139555
0.0111179
0.0701011
0.0693347
0.0679206
0.0659673
0.0635692
0.0608066
0.0577517
0.0544683
0.0510159
0.0474476
0.0438129
0.0401542
0.0365106
0.0329134
0.0293914
0.0259648
0.0226536
0.0194672
0.0164192
0.0135075
0.0107414
0.0693853
0.0686091
0.0671784
0.065205
0.0627863
0.0600056
0.0569375
0.0536477
0.0501967
0.0466382
0.0430217
0.0393896
0.03578
0.0322237
0.0287482
0.0253729
0.0221163
0.0189873
0.0159979
0.0131465
0.0104401
0.0688189
0.0680351
0.0665918
0.0646033
0.0621693
0.0593755
0.0562982
0.0530045
0.0495558
0.0460063
0.0424052
0.0387949
0.035213
0.0316895
0.0282511
0.0249166
0.0217032
0.0186197
0.0156765
0.0128724
0.0102128
0.0684208
0.0676318
0.0661798
0.0641811
0.061737
0.0589346
0.0558515
0.0525558
0.0491093
0.0455666
0.041977
0.0383825
0.0348203
0.0313202
0.027908
0.0246022
0.0214194
0.018368
0.0154576
0.0126872
0.0100605
0.0682113
0.0674195
0.0659629
0.063959
0.0615097
0.0587029
0.055617
0.0523204
0.0488753
0.0453365
0.0417531
0.038167
0.0346154
0.0311277
0.0277294
0.0244388
0.0212721
0.0182378
0.015345
0.0125933
0.00998631
0.122032
0.122975
0.124764
0.127288
0.13046
0.134244
0.138592
0.143491
0.148872
0.154683
0.160923
0.167583
0.174624
0.182027
0.18975
0.197776
0.206052
0.21457
0.223256
0.23212
0.241023
0.122002
0.122942
0.124721
0.127227
0.130367
0.134104
0.138379
0.143181
0.148548
0.154372
0.160608
0.167259
0.174292
0.181689
0.189406
0.197425
0.205691
0.214192
0.222849
0.231686
0.240597
0.121938
0.122873
0.124645
0.127141
0.130275
0.134012
0.138308
0.143165
0.148498
0.154264
0.160457
0.167067
0.174056
0.181405
0.189069
0.197032
0.205238
0.213679
0.222276
0.231057
0.239884
0.121843
0.122775
0.124541
0.12703
0.130157
0.133883
0.138157
0.142964
0.148281
0.154029
0.160193
0.166767
0.17371
0.181005
0.188607
0.196498
0.204621
0.212971
0.221464
0.23013
0.238815
0.121717
0.122645
0.124404
0.126883
0.129995
0.133702
0.137955
0.142751
0.148025
0.153724
0.15984
0.166358
0.173237
0.180459
0.187975
0.19577
0.203783
0.212012
0.220365
0.228881
0.237382
0.121561
0.122483
0.124232
0.126698
0.129792
0.133478
0.137706
0.142453
0.147693
0.153344
0.159401
0.165851
0.172649
0.179778
0.187187
0.194862
0.202737
0.210813
0.218994
0.227322
0.235595
0.121373
0.122289
0.124027
0.126477
0.129551
0.133211
0.137414
0.142145
0.147298
0.152888
0.158877
0.165244
0.171946
0.178964
0.186245
0.193775
0.201485
0.20938
0.217351
0.225455
0.233455
0.121155
0.122065
0.123789
0.12622
0.12927
0.1329
0.137069
0.14174
0.146837
0.15236
0.158267
0.164539
0.171129
0.178018
0.185149
0.192511
0.200029
0.207711
0.21544
0.223283
0.230964
0.120907
0.121809
0.123519
0.125929
0.128952
0.132547
0.136676
0.141298
0.146317
0.15176
0.157574
0.163737
0.170199
0.176941
0.183902
0.191073
0.198371
0.20581
0.213262
0.220807
0.228127
0.12063
0.121524
0.123216
0.125603
0.128595
0.132153
0.136236
0.140796
0.145734
0.151089
0.156799
0.16284
0.169158
0.175735
0.182506
0.189461
0.196512
0.20368
0.21082
0.218032
0.224946
0.120324
0.121209
0.122883
0.125244
0.128202
0.131719
0.135752
0.140242
0.145091
0.150348
0.155942
0.161848
0.168007
0.174403
0.180962
0.187679
0.194456
0.201323
0.208118
0.21496
0.221427
0.11999
0.120865
0.122519
0.124852
0.127773
0.131246
0.135207
0.13963
0.144389
0.149539
0.155007
0.160765
0.16675
0.172946
0.179273
0.185729
0.192206
0.198743
0.205158
0.211596
0.217575
0.119629
0.120492
0.122126
0.124428
0.12731
0.130741
0.134656
0.138962
0.143627
0.148664
0.153994
0.159592
0.165388
0.171366
0.177441
0.183613
0.189765
0.195942
0.201945
0.207944
0.213395
0.11924
0.120093
0.121703
0.123974
0.126813
0.130198
0.134043
0.138242
0.142809
0.147723
0.152905
0.15833
0.163922
0.169667
0.17547
0.181336
0.187135
0.192925
0.198483
0.204011
0.208893
0.118826
0.119667
0.121253
0.123489
0.126283
0.129615
0.133373
0.137478
0.141936
0.14672
0.151743
0.156983
0.162356
0.16785
0.173362
0.178899
0.18432
0.189695
0.194776
0.1998
0.204076
0.118386
0.119215
0.120776
0.122976
0.125724
0.128973
0.132662
0.136669
0.141011
0.145654
0.150509
0.155552
0.160692
0.165919
0.171119
0.176307
0.181324
0.186257
0.190829
0.195318
0.198953
0.117921
0.118738
0.120272
0.122434
0.125141
0.128356
0.131905
0.135815
0.140035
0.14453
0.149205
0.154039
0.158932
0.163876
0.168746
0.173562
0.178151
0.182615
0.186647
0.190571
0.19353
0.117433
0.118237
0.119744
0.121866
0.124525
0.127659
0.131109
0.134918
0.139009
0.143347
0.147833
0.152447
0.157079
0.161724
0.166244
0.170668
0.174804
0.178774
0.182236
0.185566
0.187816
0.116922
0.117713
0.119192
0.121274
0.123852
0.126922
0.130281
0.133981
0.137935
0.142108
0.146396
0.150778
0.155136
0.159467
0.163618
0.16763
0.171288
0.174739
0.177601
0.180309
0.181818
0.11639
0.117167
0.118616
0.120663
0.123228
0.126152
0.12942
0.133005
0.136814
0.140815
0.144895
0.149036
0.153105
0.157106
0.160871
0.164451
0.167607
0.170514
0.172747
0.174808
0.175546
0.115836
0.116599
0.11802
0.120019
0.122502
0.125353
0.128526
0.13199
0.13565
0.13947
0.143334
0.147221
0.150989
0.154646
0.158006
0.161134
0.163765
0.166105
0.167679
0.169069
0.169007
0.115262
0.116012
0.117404
0.11936
0.121761
0.12453
0.127601
0.130939
0.134442
0.138076
0.141714
0.145337
0.148792
0.152089
0.155027
0.157685
0.159766
0.161517
0.162403
0.163099
0.162206
0.114669
0.115406
0.116766
0.118685
0.120997
0.123682
0.126647
0.129853
0.133195
0.136634
0.140038
0.143386
0.146516
0.149439
0.151937
0.154107
0.155614
0.156756
0.15692
0.156905
0.155148
0.114059
0.114782
0.116113
0.117964
0.120211
0.122809
0.125664
0.128734
0.131907
0.135145
0.138307
0.141371
0.144163
0.146699
0.148742
0.150404
0.151315
0.151825
0.151235
0.15049
0.147826
0.113431
0.114141
0.115444
0.117228
0.119405
0.121912
0.124652
0.127581
0.130582
0.133611
0.136523
0.139293
0.141735
0.14387
0.145441
0.146578
0.146872
0.146729
0.14535
0.14386
0.140224
0.112788
0.113486
0.114746
0.116478
0.118583
0.120997
0.123621
0.126405
0.129228
0.132043
0.134698
0.137164
0.139248
0.140968
0.142054
0.142645
0.142301
0.141477
0.139275
0.137022
0.132327
0.112129
0.112813
0.114035
0.115715
0.117747
0.120068
0.122574
0.125213
0.127857
0.130455
0.132848
0.135005
0.13672
0.138012
0.138597
0.138622
0.137616
0.136072
0.132987
0.129923
0.12404
0.111456
0.112116
0.113294
0.114909
0.116855
0.119067
0.121438
0.123912
0.126357
0.128717
0.130826
0.132649
0.133972
0.134815
0.134877
0.13432
0.132641
0.130374
0.12638
0.122362
0.114898
0.111468
0.112113
0.113289
0.114906
0.116852
0.119061
0.121426
0.123887
0.126313
0.128646
0.130721
0.132504
0.133783
0.13458
0.134598
0.134003
0.132294
0.130015
0.126031
0.12205
0.114686
0.112143
0.11283
0.114073
0.115783
0.117848
0.120201
0.122736
0.125398
0.128054
0.130653
0.13303
0.135157
0.136824
0.13806
0.138572
0.138529
0.137449
0.135859
0.132743
0.129711
0.123917
0.112803
0.113514
0.114807
0.116583
0.118734
0.121194
0.12386
0.126678
0.129523
0.132345
0.134989
0.137428
0.139465
0.141125
0.142137
0.142652
0.142233
0.141348
0.139116
0.136859
0.132238
0.113445
0.114167
0.115505
0.117332
0.119555
0.122108
0.124891
0.127855
0.130879
0.133919
0.136825
0.139573
0.141976
0.144058
0.145564
0.146629
0.146856
0.146649
0.145241
0.143726
0.140151
0.114072
0.11481
0.116176
0.118069
0.120363
0.123009
0.125908
0.129017
0.132219
0.135473
0.138635
0.141683
0.144443
0.146932
0.148916
0.150509
0.151356
0.151797
0.151172
0.150389
0.147765
0.114681
0.115434
0.116829
0.118792
0.121155
0.12389
0.126903
0.130153
0.133527
0.136986
0.140396
0.143734
0.146837
0.149719
0.152163
0.154266
0.15571
0.156779
0.156901
0.156836
0.155098
0.115273
0.116041
0.117469
0.119478
0.121924
0.124746
0.127868
0.131252
0.134793
0.138451
0.1421
0.145718
0.149152
0.152412
0.1553
0.157894
0.159912
0.161589
0.162425
0.163061
0.162167
0.115847
0.116628
0.118087
0.120134
0.122667
0.125574
0.128802
0.132317
0.136017
0.139867
0.143746
0.147633
0.151387
0.15501
0.158325
0.161392
0.16396
0.166223
0.16774
0.16906
0.168978
0.1164
0.117196
0.118684
0.120783
0.123429
0.126382
0.129705
0.133344
0.137198
0.141233
0.145333
0.149478
0.153538
0.15751
0.161234
0.164755
0.167849
0.170677
0.172845
0.174827
0.175528
0.116932
0.117743
0.119261
0.121393
0.124008
0.127162
0.130577
0.134332
0.138334
0.142546
0.146858
0.15125
0.155603
0.159909
0.164023
0.167978
0.171574
0.174944
0.177735
0.180354
0.18181
0.117442
0.118267
0.119814
0.121987
0.124714
0.127901
0.131411
0.13528
0.139424
0.143803
0.148319
0.152947
0.157578
0.162203
0.166689
0.171059
0.175132
0.17902
0.182404
0.185636
0.187817
0.11793
0.118768
0.120344
0.122559
0.125333
0.128643
0.132217
0.136188
0.140464
0.145004
0.149713
0.154565
0.159462
0.164389
0.169228
0.173992
0.178518
0.182899
0.186847
0.190666
0.19354
0.118394
0.119246
0.120849
0.123103
0.125913
0.129207
0.132985
0.137053
0.141454
0.146147
0.151038
0.156103
0.16125
0.166465
0.171637
0.176774
0.181729
0.186577
0.191059
0.195436
0.198973
0.118834
0.119698
0.121327
0.123618
0.126476
0.129883
0.133709
0.137872
0.142393
0.147228
0.152292
0.157557
0.162942
0.168427
0.173913
0.179402
0.18476
0.190048
0.195034
0.19994
0.204105
0.119248
0.120125
0.121778
0.124105
0.12701
0.130468
0.134368
0.138641
0.143277
0.148247
0.153473
0.158927
0.164533
0.170272
0.176052
0.181872
0.187608
0.19331
0.198768
0.204171
0.208931
0.119636
0.120525
0.122202
0.124562
0.127509
0.13102
0.135043
0.139373
0.144106
0.149201
0.154579
0.160209
0.166022
0.171998
0.178052
0.18418
0.190268
0.196356
0.202256
0.208124
0.213441
0.119998
0.120897
0.122596
0.124988
0.127976
0.131521
0.13553
0.140052
0.14488
0.15009
0.155608
0.161401
0.167406
0.173602
0.179911
0.186324
0.192738
0.199184
0.205493
0.211794
0.217629
0.120332
0.121241
0.122961
0.125381
0.128407
0.131998
0.136118
0.140677
0.145593
0.150911
0.156558
0.162502
0.168684
0.175082
0.181624
0.1883
0.195015
0.20179
0.208474
0.215175
0.221489
0.120637
0.121557
0.123295
0.125742
0.128803
0.132437
0.136597
0.141235
0.146245
0.151663
0.157428
0.163509
0.169853
0.176435
0.183191
0.190106
0.197094
0.20417
0.211197
0.218262
0.225015
0.120914
0.121843
0.123598
0.126069
0.129162
0.132834
0.137044
0.141744
0.146835
0.152344
0.158215
0.164421
0.17091
0.17766
0.184608
0.191739
0.198974
0.206321
0.213656
0.221052
0.228203
0.121162
0.122098
0.12387
0.126362
0.129483
0.13319
0.137441
0.142196
0.147363
0.152953
0.158919
0.165236
0.171855
0.178753
0.185873
0.193197
0.200652
0.208241
0.215851
0.22354
0.231047
0.12138
0.122323
0.124108
0.126619
0.129765
0.133503
0.13779
0.142591
0.147827
0.153489
0.159538
0.165953
0.172686
0.179714
0.186984
0.194478
0.202125
0.209926
0.217777
0.225725
0.233543
0.121567
0.122517
0.124314
0.126841
0.130009
0.133773
0.13809
0.142936
0.148228
0.153951
0.160071
0.166569
0.1734
0.180541
0.18794
0.195579
0.203392
0.211374
0.219432
0.227602
0.23569
0.121724
0.122679
0.124486
0.127027
0.130212
0.134
0.138338
0.143212
0.148564
0.154338
0.160517
0.167085
0.173998
0.181233
0.18874
0.1965
0.204451
0.212585
0.220815
0.22917
0.237483
0.12185
0.122809
0.124623
0.127176
0.130375
0.134181
0.13854
0.143432
0.14883
0.154648
0.160876
0.1675
0.174478
0.181788
0.189381
0.197239
0.2053
0.213556
0.221924
0.230428
0.238921
0.121945
0.122908
0.124728
0.127288
0.130495
0.134313
0.138692
0.143635
0.149039
0.154879
0.161139
0.167803
0.174829
0.182194
0.189852
0.197782
0.205926
0.214272
0.222744
0.231363
0.239996
0.122009
0.122976
0.124804
0.127373
0.13059
0.134412
0.138776
0.143666
0.149137
0.155024
0.16132
0.168021
0.175088
0.182498
0.190206
0.198189
0.20639
0.214794
0.223322
0.232
0.240714
0.122039
0.123007
0.124842
0.127424
0.130663
0.134521
0.138946
0.143926
0.149361
0.155249
0.161561
0.168278
0.17536
0.182786
0.190508
0.198508
0.206728
0.215159
0.223721
0.232425
0.241144
0.0682135
0.0674216
0.065965
0.063961
0.0615116
0.0587048
0.0556188
0.0523221
0.0488771
0.0453382
0.0417548
0.0381689
0.0346173
0.0311296
0.0277314
0.024441
0.0212743
0.0182401
0.0153473
0.0125958
0.00998887
0.068423
0.067634
0.0661819
0.0641831
0.0617389
0.0589364
0.0558533
0.0525575
0.049111
0.0455683
0.0419787
0.0383843
0.0348222
0.0313221
0.02791
0.0246044
0.0214216
0.0183703
0.01546
0.0126897
0.0100631
0.0688211
0.0680373
0.0665939
0.0646053
0.0621712
0.0593774
0.0563
0.0530063
0.0495575
0.046008
0.042407
0.0387967
0.0352148
0.0316914
0.0282531
0.0249187
0.0217054
0.018622
0.0156789
0.0128749
0.0102153
0.0693876
0.0686113
0.0671806
0.065207
0.0627882
0.0600074
0.0569393
0.0536494
0.0501983
0.0466399
0.0430234
0.0393913
0.0357818
0.0322255
0.0287502
0.0253749
0.0221184
0.0189896
0.0160003
0.0131489
0.0104426
0.0701034
0.0693369
0.0679228
0.0659693
0.0635711
0.0608083
0.0577534
0.0544699
0.0510175
0.0474492
0.0438145
0.0401558
0.0365123
0.0329152
0.0293933
0.0259668
0.0226557
0.0194694
0.0164215
0.0135099
0.0107439
0.0709505
0.0701962
0.0688027
0.0668747
0.0645027
0.0617634
0.0587263
0.0554527
0.0520011
0.0484233
0.0447688
0.0410803
0.0373977
0.0337531
0.0301769
0.0266899
0.0233141
0.0200594
0.0169416
0.0139578
0.0111204
0.0719123
0.0711724
0.0698039
0.0679067
0.065567
0.0628571
0.0598433
0.0565842
0.0531365
0.0495508
0.0458765
0.0421562
0.0384311
0.0347338
0.0310966
0.0275413
0.024092
0.0207591
0.0175611
0.0144943
0.0115746
0.072973
0.0722499
0.0709108
0.06905
0.066749
0.0640752
0.0610911
0.0578519
0.0544124
0.0508216
0.0471289
0.0433765
0.0396067
0.035853
0.0321496
0.0285193
0.0249889
0.0215691
0.0182816
0.0151218
0.0121098
0.074118
0.0734141
0.0721089
0.0702905
0.068035
0.0654044
0.0624569
0.0592441
0.0558183
0.0522268
0.0485183
0.0447348
0.0409198
0.0371073
0.0333338
0.0296232
0.026005
0.0224907
0.0191054
0.0158435
0.0127301
0.0753336
0.0746516
0.0733847
0.0716148
0.069412
0.0668322
0.0639292
0.0607501
0.0573448
0.0537579
0.0500377
0.0462256
0.0423661
0.038494
0.0346479
0.0308529
0.0271416
0.0235261
0.0200354
0.0166631
0.0134398
0.0766074
0.0759496
0.0747257
0.0730104
0.0708678
0.068347
0.0654969
0.0623598
0.0589825
0.0554071
0.0516807
0.0478439
0.0439421
0.0400108
0.0360909
0.0322086
0.0283999
0.0246776
0.0210749
0.0175849
0.0142441
0.0779276
0.0772965
0.0761202
0.0744659
0.0723909
0.0699376
0.0671494
0.0640634
0.0607229
0.0571668
0.0534409
0.0495846
0.0456443
0.0416557
0.0376621
0.033691
0.0297817
0.025948
0.0222277
0.0186131
0.0151478
0.0792835
0.0786816
0.0775574
0.0759703
0.0739707
0.0715936
0.0688768
0.0658516
0.0625576
0.0590297
0.0553123
0.0514433
0.0474695
0.0434268
0.0393611
0.0353008
0.0312889
0.0273402
0.0234974
0.0197523
0.0161564
0.0806653
0.080095
0.0790272
0.0775135
0.075597
0.0733051
0.0706696
0.0677156
0.0644783
0.0609887
0.0572891
0.0534152
0.0494143
0.0453222
0.0411873
0.0370386
0.0329233
0.0288571
0.0248878
0.0210072
0.0172751
0.0820641
0.0815276
0.0805205
0.0790863
0.0772605
0.0750627
0.0725185
0.0696465
0.0664772
0.0630368
0.0593652
0.0554956
0.0514755
0.04734
0.0431399
0.0389051
0.0346868
0.0305014
0.0264027
0.0223821
0.0185091
0.0834716
0.0829711
0.0820288
0.0806798
0.0789521
0.0768574
0.0744148
0.0716359
0.0685463
0.0651668
0.0615345
0.0576797
0.0536494
0.0494779
0.0452182
0.0409007
0.0365808
0.0322759
0.0280456
0.0238816
0.0198635
0.0848806
0.0844181
0.0835443
0.0822861
0.0806637
0.078681
0.0763501
0.0736757
0.0706779
0.0673717
0.063791
0.0599624
0.0559322
0.0517335
0.0474209
0.0430256
0.0386068
0.0341831
0.0298199
0.0255098
0.0213433
0.0862845
0.0858617
0.08506
0.0838977
0.0823875
0.0805252
0.0783163
0.0757578
0.0728642
0.0696444
0.0661283
0.0623385
0.0583198
0.0541039
0.0497467
0.0452796
0.0407658
0.036225
0.0317288
0.0272708
0.022953
0.0876773
0.087296
0.0865694
0.0855079
0.0841164
0.0823827
0.0803055
0.0778743
0.0750976
0.0719776
0.0685399
0.0648022
0.0608078
0.0565859
0.0521936
0.0476621
0.0430586
0.0384035
0.0337751
0.0291681
0.0246972
0.0890539
0.0887155
0.0880668
0.0871106
0.0858436
0.0842464
0.0823104
0.0800178
0.0773706
0.0743642
0.071019
0.0673479
0.0633914
0.059176
0.0547593
0.0501722
0.0454852
0.0407201
0.0359611
0.0312052
0.0265797
0.0904098
0.0901154
0.0895471
0.0887001
0.087563
0.0861095
0.0843238
0.0821808
0.0796756
0.0767967
0.073559
0.0699694
0.0660654
0.0618701
0.0574411
0.0528084
0.0480457
0.0431758
0.038289
0.033385
0.0286042
0.0917408
0.0914916
0.0910058
0.0902714
0.0892691
0.0879661
0.0863391
0.0843563
0.0820055
0.0792679
0.0761526
0.0726602
0.0688242
0.0646638
0.0602357
0.0555688
0.0507392
0.0457711
0.0407603
0.0357099
0.0307738
0.0930438
0.0928406
0.0924389
0.09182
0.0909567
0.0898103
0.08835
0.0865373
0.0843528
0.0817706
0.0787928
0.0754137
0.0716619
0.0675521
0.0631393
0.0584509
0.0535647
0.0485061
0.0433762
0.0381822
0.0330914
0.0943157
0.0941591
0.0938429
0.093342
0.0926213
0.0916368
0.0903504
0.0887174
0.0867106
0.0842973
0.0814722
0.0782228
0.0745722
0.0705298
0.0661478
0.0614519
0.0565205
0.0513805
0.0461373
0.0408034
0.0355592
0.0955542
0.0954446
0.0952149
0.0948339
0.0942588
0.093441
0.0923348
0.0908903
0.0890721
0.0868409
0.0841836
0.0810805
0.0775484
0.0735908
0.0692565
0.0645681
0.0596044
0.0543932
0.0490438
0.0435745
0.0381787
0.0967575
0.0966951
0.0965524
0.0962926
0.0958654
0.0952183
0.0942981
0.0930501
0.0914306
0.0893943
0.0869194
0.0839795
0.0805835
0.0767292
0.07246
0.0677958
0.0628136
0.0575429
0.0520952
0.0464963
0.0409511
0.0979238
0.0979087
0.0978534
0.0977157
0.0974382
0.0969649
0.0962354
0.0951912
0.0937797
0.0919505
0.0896722
0.0869121
0.0836703
0.0799381
0.0757528
0.0711303
0.0661451
0.0608276
0.0552909
0.0495687
0.0438769
0.0990522
0.0990842
0.0991163
0.0991009
0.0989742
0.0986773
0.0981426
0.0973084
0.0961135
0.0945027
0.0924348
0.0898709
0.0868012
0.0832106
0.0791287
0.0745666
0.0695951
0.064245
0.0586293
0.0527914
0.046956
0.100142
0.100221
0.10034
0.100447
0.100471
0.100352
0.100016
0.0993969
0.0984261
0.0970445
0.0951998
0.0928482
0.0899684
0.0865395
0.0825811
0.0780995
0.0731597
0.0677923
0.062109
0.0561633
0.0501876
0.101192
0.101317
0.101523
0.101751
0.101927
0.101987
0.101851
0.101452
0.100712
0.0995694
0.09796
0.0958363
0.0931641
0.0899169
0.086103
0.0817229
0.0768342
0.0714661
0.0657278
0.0596829
0.0535703
0.102203
0.102374
0.102665
0.103014
0.103341
0.10358
0.103646
0.103471
0.102967
0.102072
0.100709
0.0988277
0.0963802
0.0933352
0.0896869
0.0854307
0.0806138
0.075263
0.0694836
0.0633485
0.0571022
0.103174
0.10339
0.103766
0.104234
0.104711
0.105129
0.105398
0.105448
0.105186
0.104545
0.103439
0.101815
0.0996085
0.0967862
0.093325
0.0892161
0.0844932
0.0791792
0.0733741
0.0671577
0.0607809
0.104106
0.104367
0.104825
0.105411
0.106036
0.106632
0.107104
0.107382
0.107364
0.106985
0.106145
0.104791
0.102841
0.100261
0.097009
0.0930721
0.0884667
0.0832109
0.0773972
0.0711081
0.0646035
0.104999
0.105303
0.105843
0.106545
0.107316
0.108088
0.108762
0.109269
0.109499
0.109386
0.10882
0.107747
0.106069
0.103753
0.10073
0.0969916
0.092528
0.0873542
0.0815507
0.0751971
0.0685672
0.105853
0.1062
0.10682
0.107635
0.10855
0.109497
0.110372
0.111107
0.111586
0.111744
0.111459
0.110679
0.109286
0.107251
0.10448
0.100967
0.0966703
0.0916058
0.0858328
0.0794226
0.0726688
0.10667
0.107059
0.107756
0.108683
0.109739
0.110857
0.111932
0.112894
0.113623
0.114054
0.114056
0.113577
0.112483
0.110748
0.108249
0.104989
0.100886
0.0959628
0.0902428
0.0837852
0.0769061
0.10745
0.10788
0.108653
0.109687
0.110882
0.112169
0.11344
0.114628
0.115607
0.116314
0.116607
0.116438
0.115653
0.114235
0.112028
0.109051
0.105169
0.100424
0.0947812
0.0882929
0.0812848
0.108194
0.108663
0.10951
0.11065
0.111981
0.113432
0.114897
0.116308
0.117536
0.118519
0.119107
0.119253
0.11879
0.117704
0.115809
0.113143
0.10951
0.104987
0.0994467
0.0929576
0.0858223
0.108903
0.109411
0.110329
0.111572
0.113034
0.114647
0.116302
0.117934
0.11941
0.120668
0.121554
0.122021
0.121887
0.121146
0.119581
0.117253
0.113898
0.109644
0.104225
0.097769
0.0904997
0.109578
0.110124
0.111112
0.112454
0.114044
0.115815
0.117657
0.119505
0.121227
0.12276
0.123944
0.124735
0.124937
0.124551
0.123331
0.12136
0.118306
0.114366
0.109083
0.102685
0.0951441
0.11022
0.110803
0.111858
0.113297
0.115012
0.116937
0.118961
0.121021
0.122984
0.124788
0.126269
0.127381
0.127923
0.127895
0.127033
0.125437
0.122715
0.119145
0.114055
0.107842
0.0995993
0.11083
0.111448
0.112567
0.114099
0.115934
0.118005
0.120203
0.122467
0.124663
0.12673
0.128502
0.129938
0.130827
0.131181
0.130715
0.129558
0.12726
0.124216
0.119526
0.114076
0.105034
0.00795626
0.00642456
0.00487679
0.0033219
0.00176229
0.000197772
-0.00137155
-0.00294464
-0.00451996
-0.00609598
-0.00767125
-0.00924442
-0.0108141
-0.0123789
-0.0139374
-0.0154883
-0.0170299
-0.0185611
-0.0200803
-0.0215862
-0.0230773
-0.0245524
-0.0260099
-0.0274486
-0.028867
-0.0302635
-0.0316368
-0.0329868
0.00801912
0.00648584
0.00493761
0.00338348
0.00182476
0.000260408
-0.00130974
-0.00288467
-0.00446286
-0.00604282
-0.00762316
-0.00920254
-0.0107796
-0.0123529
-0.0139211
-0.0154826
-0.017036
-0.0185798
-0.0201125
-0.0216326
-0.0231386
-0.0246291
-0.0261026
-0.0275577
-0.0289931
-0.0304077
-0.0318004
-0.0331694
0.0081506
0.00660537
0.00504401
0.00347705
0.00190526
0.000326913
-0.00125841
-0.00284958
-0.0044449
-0.00604277
-0.00764176
-0.00924048
-0.0108375
-0.0124314
-0.0140207
-0.0156038
-0.0171792
-0.0187453
-0.0203007
-0.0218438
-0.023373
-0.0248869
-0.0263839
-0.0278627
-0.0293215
-0.0307589
-0.0321731
-0.0335635
0.00834453
0.00677562
0.00518944
0.00359899
0.00200434
0.000402673
-0.00120688
-0.00282309
-0.0044441
-0.00606819
-0.00769389
-0.00931983
-0.0109446
-0.0125667
-0.0141846
-0.0157967
-0.0174015
-0.0189974
-0.0205828
-0.0221562
-0.0237158
-0.0252603
-0.026788
-0.0282973
-0.0297867
-0.0312549
-0.0327003
-0.034122
0.00860163
0.00699883
0.00537743
0.00375392
0.00212744
0.000493602
-0.00114906
-0.00279925
-0.00445483
-0.00611394
-0.0077751
-0.00943693
-0.011098
-0.0127568
-0.0144118
-0.0160613
-0.0177037
-0.0193375
-0.0209609
-0.0225725
-0.0241705
-0.0257534
-0.0273195
-0.0288672
-0.0303951
-0.0319014
-0.0333846
-0.0348439
0.0089243
0.00727794
0.00561114
0.0039451
0.00227794
0.00060333
-0.00108105
-0.00277377
-0.00447239
-0.00617486
-0.00787966
-0.00958545
-0.0112908
-0.0129941
-0.0146938
-0.0163883
-0.0180758
-0.0197548
-0.0214237
-0.0230806
-0.024724
-0.0263523
-0.0279638
-0.0295568
-0.0311298
-0.032681
-0.0342089
-0.0357128
0.0093158
0.00761663
0.00589443
0.00417665
0.00246035
0.000736749
-0.000997539
-0.00274099
-0.00449074
-0.00624453
-0.00800082
-0.00975829
-0.0115155
-0.0132709
-0.0150228
-0.0167696
-0.0185095
-0.020241
-0.0219623
-0.0236717
-0.0253676
-0.0270482
-0.0287119
-0.0303571
-0.0319819
-0.0335849
-0.0351641
-0.0367193
0.00978025
0.00801944
0.00623197
0.0044534
0.00267971
0.000899146
-0.000893038
-0.0026952
-0.00450399
-0.00631688
-0.00813233
-0.00994904
-0.0117656
-0.0135804
-0.0153919
-0.0171981
-0.0189976
-0.0207885
-0.0225693
-0.024338
-0.0260931
-0.0278329
-0.0295555
-0.0312594
-0.0329429
-0.0346041
-0.036241
-0.037854
0.0103225
0.0084915
0.00662889
0.00478049
0.00294129
0.00109595
-0.000761968
-0.00263071
-0.00450633
-0.00638599
-0.00826812
-0.0101515
-0.0120348
-0.0139163
-0.0157943
-0.0176672
-0.0195331
-0.0213905
-0.0232374
-0.0250723
-0.0268934
-0.0286989
-0.0304871
-0.0322563
-0.0340047
-0.0357306
-0.0374316
-0.0391087
0.0109479
0.00903836
0.00709064
0.00516331
0.00325056
0.00133274
-0.000598689
-0.00254182
-0.00449201
-0.00644602
-0.00840229
-0.0103597
-0.0123169
-0.0142723
-0.016224
-0.0181705
-0.0201098
-0.0220404
-0.0239604
-0.0258681
-0.0277617
-0.0296395
-0.0314998
-0.0333408
-0.0351606
-0.0369576
-0.0387288
-0.0404763
0.011662
0.00966587
0.00762286
0.00560741
0.00361307
0.00161512
-0.000397552
-0.00242289
-0.00445536
-0.0064913
-0.00852913
-0.0105679
-0.0126063
-0.0146426
-0.0166752
-0.0187021
-0.0207218
-0.0227323
-0.0247321
-0.0267192
-0.028692
-0.0306487
-0.0325874
-0.0345065
-0.0364041
-0.0382784
-0.0401258
-0.0419502
0.0124709
0.01038
0.00823132
0.00611839
0.00403443
0.00194872
-0.000152956
-0.00226835
-0.00439086
-0.00651632
-0.00864316
-0.0107706
-0.0128974
-0.0150219
-0.0171423
-0.0192567
-0.0213635
-0.0234609
-0.025547
-0.0276203
-0.0296788
-0.0317209
-0.0337446
-0.0357481
-0.0377292
-0.0396856
-0.0416153
-0.0435238
0.0133803
0.011187
0.00892182
0.00670185
0.00452022
0.00233911
0.000140623
-0.00207275
-0.00429314
-0.00651574
-0.00873906
-0.0109625
-0.013185
-0.0154048
-0.0176201
-0.019829
-0.0220298
-0.0242208
-0.0264001
-0.0285661
-0.0307169
-0.0328508
-0.034966
-0.0370609
-0.0391328
-0.0411761
-0.0431978
-0.0451965
0.0143965
0.0120927
0.00970012
0.00736335
0.00507597
0.00279181
0.000488599
-0.00183081
-0.00415697
-0.0064844
-0.00881173
-0.0111386
-0.0134641
-0.0157865
-0.0181038
-0.0204142
-0.022716
-0.0250074
-0.0272866
-0.029552
-0.0318017
-0.0340339
-0.0362468
-0.0384382
-0.0406071
-0.0427557
-0.0448785
-0.0469718
0.0155252
0.0131033
0.0105719
0.00810835
0.00570712
0.0033122
0.000896249
-0.00153736
-0.00397732
-0.00641735
-0.00885626
-0.0112941
-0.01373
-0.0161622
-0.0185887
-0.0210077
-0.0234173
-0.0258161
-0.0282021
-0.0305736
-0.0329289
-0.0352661
-0.0375837
-0.0398799
-0.0421537
-0.0444039
-0.0466292
-0.0488256
0.0167724
0.0142246
0.0115425
0.00894217
0.00641898
0.00390555
0.00136868
-0.00118746
-0.00374934
-0.0063098
-0.00886797
-0.0114243
-0.0139781
-0.0165275
-0.0190704
-0.0216051
-0.0241297
-0.0266427
-0.0291423
-0.0316267
-0.0340943
-0.0365432
-0.0389718
-0.0413784
-0.0437611
-0.0461183
-0.0484524
-0.0507581
0.0181437
0.0154622
0.0126174
0.00986997
0.00721672
0.00457694
0.00191082
-0.000776351
-0.00346837
-0.00615719
-0.00884236
-0.0115249
-0.0142041
-0.0168781
-0.0195448
-0.0222023
-0.024849
-0.0274832
-0.0301033
-0.0327074
-0.0352939
-0.037861
-0.040407
-0.04293
-0.0454283
-0.0479003
-0.0503491
-0.0527695
0.0196444
0.0168214
0.0138015
0.0108967
0.00810533
0.00533128
0.00252737
-0.000299494
-0.00312998
-0.00595515
-0.00877517
-0.0115916
-0.014404
-0.0172102
-0.020008
-0.0227956
-0.0255715
-0.028334
-0.0310814
-0.033812
-0.0365241
-0.039216
-0.0418858
-0.0445319
-0.0471524
-0.0497456
-0.0523153
-0.0548568
0.0212795
0.0183073
0.0150995
0.012027
0.00908959
0.00617324
0.00322278
0.000247406
-0.00272996
-0.00569953
-0.00866234
-0.0116206
-0.0145739
-0.0175198
-0.0204563
-0.0233814
-0.0262936
-0.0291915
-0.0320732
-0.0349372
-0.0377817
-0.040605
-0.0434055
-0.0461811
-0.0489303
-0.0516507
-0.0543478
-0.0570165
0.0230538
0.0199244
0.0165159
0.0132655
0.010174
0.00710724
0.00400127
0.000868402
-0.00226432
-0.00538643
-0.00850005
-0.0116081
-0.0147102
-0.0178036
-0.0208862
-0.0239562
-0.0270121
-0.0300525
-0.0330757
-0.03608
-0.0390638
-0.0420253
-0.0449629
-0.0478747
-0.0507588
-0.0536127
-0.0564433
-0.0592455
0.0249714
0.0216768
0.0180545
0.0146162
0.011363
0.00813744
0.00486674
0.00156728
-0.00172931
-0.00501214
-0.00828472
-0.0115507
-0.0148095
-0.0180582
-0.0212946
-0.0245169
-0.0277239
-0.0309141
-0.0340858
-0.0372374
-0.0403673
-0.0434739
-0.0465554
-0.0496099
-0.0526353
-0.0556285
-0.0585989
-0.0615409
0.027036
0.0235684
0.0197191
0.016083
0.0126605
0.0092677
0.00582282
0.00234758
-0.00112141
-0.0045732
-0.008013
-0.0114452
-0.0148688
-0.0182807
-0.0216785
-0.0250607
-0.0284262
-0.0317734
-0.0351008
-0.0384068
-0.0416898
-0.0449483
-0.0481805
-0.0513843
-0.0545575
-0.0576957
-0.0608118
-0.0639
0.0292511
0.0256021
0.0215127
0.0176696
0.0140702
0.0105015
0.0068728
0.00321254
-0.000437339
-0.00406638
-0.00768177
-0.0112885
-0.014885
-0.018468
-0.0220351
-0.0255849
-0.0291164
-0.032628
-0.0361183
-0.0395857
-0.0430287
-0.0464459
-0.0498356
-0.0531955
-0.056523
-0.0598116
-0.0630796
-0.0663204
0.0316192
0.0277805
0.0234381
0.0193789
0.0155955
0.0118421
0.00801964
0.00416516
0.000325953
-0.00348868
-0.00728818
-0.0110779
-0.0148556
-0.0186177
-0.0223619
-0.026087
-0.029792
-0.0334754
-0.0371357
-0.0407716
-0.0443816
-0.0479645
-0.0515187
-0.0550415
-0.0585298
-0.0619734
-0.0653997
-0.0688
0.0341424
0.0301056
0.0254975
0.021214
0.0172395
0.0132921
0.00926596
0.00520817
0.00117128
-0.00283734
-0.00682958
-0.0108108
-0.0147781
-0.0187274
-0.0226566
-0.0265648
-0.0304509
-0.0343135
-0.0381511
-0.0419623
-0.0457461
-0.0495014
-0.0532275
-0.0569215
-0.0605767
-0.0641783
-0.0677695
-0.0713362
0.0368222
0.0325785
0.0276924
0.0231773
0.0190048
0.014854
0.010614
0.00634399
0.00210121
-0.00210987
-0.0063036
-0.010485
-0.0146502
-0.0187948
-0.0229171
-0.0270163
-0.0310914
-0.0351406
-0.0391627
-0.0431561
-0.0471197
-0.0510528
-0.0549559
-0.0588314
-0.0626842
-0.0664375
-0.0701955
-0.07393
0.0396592
0.0351996
0.030024
0.0252706
0.0208936
0.0165296
0.0120657
0.00757481
0.00311805
-0.001304
-0.00570809
-0.0100984
-0.0144698
-0.018818
-0.0231415
-0.0274398
-0.0317116
-0.0359552
-0.0401691
-0.0443518
-0.0485019
-0.0526175
-0.0566946
-0.0607276
-0.0647065
-0.068725
-0.0726769
-0.0765801
0.0426534
0.0379685
0.0324926
0.0274958
0.0229077
0.0183206
0.0136227
0.0089025
0.0042239
-0.000417722
-0.00504114
-0.00964902
-0.0142351
-0.0187951
-0.0233282
-0.0278336
-0.03231
-0.0367557
-0.0411691
-0.0455488
-0.049893
-0.0541999
-0.0584671
-0.0626941
-0.0668848
-0.0710696
-0.0752015
-0.0792823
0.0458038
0.0408839
0.0350981
0.0298538
0.0250484
0.020228
0.015286
0.0103287
0.00542056
0.000550687
-0.00430107
-0.0091352
-0.0139443
-0.0187245
-0.0234754
-0.0281963
-0.0328854
-0.0375411
-0.0421618
-0.0467461
-0.0512925
-0.0557996
-0.0602655
-0.0646901
-0.0690723
-0.0734416
-0.0777617
-0.0820293
0.0491085
0.0439432
0.0378392
0.0323453
0.0273167
0.0222521
0.0170566
0.0118548
0.0067096
0.00160268
-0.00348644
-0.00855537
-0.0135958
-0.0186048
-0.0235819
-0.0285264
-0.0334363
-0.0383099
-0.0431457
-0.0479424
-0.0526985
-0.0574128
-0.0620831
-0.0667086
-0.0712867
-0.0758482
-0.080362
-0.0848224
0.0525644
0.0471426
0.0407143
0.0349705
0.0297127
0.024393
0.0189347
0.013482
0.00809229
0.00273942
-0.00259601
-0.00790818
-0.0131884
-0.0184345
-0.0236464
-0.0288227
-0.0339615
-0.0390609
-0.0441196
-0.0491363
-0.0541093
-0.0590375
-0.0639184
-0.0687507
-0.0735301
-0.0782905
-0.0830037
-0.0876619
0.0561673
0.0504767
0.0437203
0.0377292
0.0322362
0.0266498
0.0209206
0.0152111
0.00956959
0.00396176
-0.00162874
-0.00719238
-0.0127207
-0.0182126
-0.0236677
-0.0290842
-0.0344599
-0.0397932
-0.0450825
-0.0503266
-0.0555238
-0.060673
-0.0657712
-0.0708167
-0.075802
-0.0807677
-0.085686
-0.0905467
0.0599112
0.0539379
0.0468535
0.0406207
0.0348862
0.0290212
0.0230139
0.017043
0.0111421
0.00527022
-0.000583768
-0.0064069
-0.0121918
-0.017938
-0.0236448
-0.0293098
-0.0349306
-0.0405057
-0.0460334
-0.0515124
-0.0569411
-0.0623183
-0.0676409
-0.072906
-0.0781017
-0.0832789
-0.088408
-0.0934756
0.0637881
0.0575163
0.050109
0.0436441
0.0376608
0.0315047
0.0252144
0.0189782
0.0128101
0.00666507
0.000539673
-0.00555084
-0.0116007
-0.01761
-0.0235769
-0.0294986
-0.0353728
-0.0411976
-0.0469715
-0.0526929
-0.0583603
-0.0639727
-0.0695267
-0.0750182
-0.0804283
-0.0858237
-0.0911694
-0.0964479
0.0677869
0.0611983
0.0534812
0.0467983
0.0405566
0.0340974
0.0275216
0.0210169
0.0145731
0.00814638
0.00174225
-0.00462346
-0.010947
-0.0172278
-0.0234633
-0.0296501
-0.0357858
-0.0418685
-0.0478961
-0.0538673
-0.0597806
-0.0656352
-0.071428
-0.0771525
-0.0827801
-0.0884012
-0.0939689
-0.0994624
0.0718915
0.0649651
0.0569638
0.0500815
0.0435685
0.0367958
0.0299354
0.0231586
0.0164303
0.00971417
0.0030245
-0.00362429
-0.0102299
-0.0167909
-0.0233033
-0.0297636
-0.0361692
-0.0425177
-0.0488068
-0.055035
-0.0612008
-0.067304
-0.0733438
-0.0793128
-0.0851631
-0.091014
-0.0968057
-0.102517
0.0760797
0.0687918
0.0605502
0.0534903
0.0466888
0.0395964
0.0324557
0.0254023
0.0183807
0.0113685
0.00438684
-0.00255302
-0.00944927
-0.0162986
-0.0230963
-0.0298385
-0.0365223
-0.0431447
-0.0497032
-0.0561955
-0.0626196
-0.0689745
-0.0752622
-0.0814787
-0.0875954
-0.0936761
-0.0996837
-0.105613
0.0803233
0.0726502
0.0642358
0.0570178
0.049907
0.0424966
0.0350822
0.0277457
0.0204229
0.0131096
0.00582946
-0.00140952
-0.00860457
-0.0157505
-0.0228419
-0.0298746
-0.036845
-0.0437495
-0.0505854
-0.0573498
-0.0640398
-0.0706491
-0.0771672
-0.0835871
-0.0900569
-0.0963828
-0.102603
-0.108751
0.084579
0.0765154
0.0680218
0.0606525
0.0532111
0.0454949
0.0378125
0.0301848
0.0225549
0.014936
0.00735019
-0.000196265
-0.00769853
-0.0151497
-0.0225438
-0.0298759
-0.0371416
-0.044337
-0.0514588
-0.0585036
-0.0654683
-0.0723471
-0.0791367
-0.0858419
-0.0925439
-0.0991059
-0.105557
-0.111931
0.0887402
0.0803558
0.0719129
0.0643773
0.0565914
0.0485901
0.0406406
0.0327142
0.0247751
0.0168475
0.00894987
0.00108919
-0.00672715
-0.0144909
-0.0221954
-0.0298346
-0.0374036
-0.0448976
-0.0523132
-0.0596472
-0.0668976
-0.0740604
-0.0811301
-0.0880919
-0.09503
-0.101841
-0.108536
-0.115145
0.0925603
0.0840967
0.0759115
0.0681994
0.0600938
0.0518365
0.0436173
0.0353909
0.0271461
0.0189095
0.0106976
0.0025196
-0.00561477
-0.0136963
-0.0217171
-0.0296704
-0.0375502
-0.0453512
-0.0530693
-0.0607015
-0.0682471
-0.0757045
-0.0830724
-0.0903111
-0.0975011
-0.104568
-0.111514
-0.118369
0.0956159
0.0874229
0.079661
0.0718092
0.0634838
0.0550101
0.0465231
0.038
0.0294486
0.0208961
0.0123613
0.0038575
-0.00460306
-0.0130097
-0.0213532
-0.0296251
-0.0378183
-0.0459263
-0.0539439
-0.0618667
-0.0696924
-0.0774175
-0.0850433
-0.0925871
-0.10008
-0.107404
-0.114588
-0.121669
-0.0343131
-0.0356138
-0.0368871
-0.0381317
-0.0393469
-0.0405317
-0.0416854
-0.0428071
-0.0438959
-0.0449511
-0.0459719
-0.0345129
-0.0358297
-0.0371189
-0.0383797
-0.0396109
-0.0408115
-0.0419803
-0.0431166
-0.0442195
-0.0452881
-0.0463216
-0.0349293
-0.0362687
-0.0375803
-0.0388629
-0.0401155
-0.0413369
-0.0425262
-0.0436824
-0.0448047
-0.0458922
-0.0469442
-0.0355185
-0.0368882
-0.0382297
-0.039542
-0.0408238
-0.0420742
-0.043292
-0.0444763
-0.0456263
-0.046741
-0.0478197
-0.0362779
-0.0376849
-0.0390635
-0.0404125
-0.0417306
-0.0430169
-0.0442703
-0.0454897
-0.0466743
-0.0478231
-0.0489355
-0.0371913
-0.0386425
-0.0400649
-0.0414574
-0.0428186
-0.0441476
-0.0454433
-0.0467047
-0.0479307
-0.0491206
-0.0502736
-0.0382489
-0.0397509
-0.0412238
-0.0426664
-0.0440774
-0.0454558
-0.0468004
-0.0481103
-0.0493845
-0.0506221
-0.0518223
-0.0394412
-0.0410006
-0.0425305
-0.0440297
-0.0454969
-0.0469312
-0.0483313
-0.0496962
-0.051025
-0.0523168
-0.0535709
-0.0407601
-0.0423833
-0.0439766
-0.0455388
-0.0470687
-0.0485652
-0.0500271
-0.0514535
-0.0528434
-0.0541958
-0.0555101
-0.0421982
-0.0438917
-0.0455549
-0.0471864
-0.0487853
-0.0503503
-0.0518805
-0.0533747
-0.0548319
-0.0562513
-0.0576322
-0.0437493
-0.0455196
-0.0472589
-0.0489661
-0.0506402
-0.0522801
-0.0538847
-0.0554529
-0.0569838
-0.0584766
-0.0599304
-0.0454074
-0.0472613
-0.0490832
-0.0508723
-0.0526278
-0.0543487
-0.0560339
-0.0576825
-0.0592933
-0.0608657
-0.0623988
-0.04717
-0.0491129
-0.0510231
-0.0529
-0.0547429
-0.0565509
-0.058323
-0.060058
-0.0617551
-0.0634134
-0.0650321
-0.049035
-0.0510694
-0.0530731
-0.0550438
-0.0569804
-0.0588818
-0.0607469
-0.0625747
-0.0643643
-0.0661148
-0.0678255
-0.0509913
-0.0531261
-0.0552294
-0.0573
-0.0593363
-0.0613371
-0.0633014
-0.0652281
-0.0671165
-0.0689656
-0.0707747
-0.0530326
-0.0552752
-0.0574856
-0.0596628
-0.0618054
-0.0639122
-0.0659821
-0.0680142
-0.0700077
-0.0719617
-0.0738757
-0.0551586
-0.0575153
-0.0598391
-0.0621292
-0.0643843
-0.0666033
-0.0687851
-0.0709289
-0.0730339
-0.0750993
-0.0771245
-0.0573665
-0.0598434
-0.0622868
-0.0646959
-0.0670697
-0.0694071
-0.0717071
-0.0739688
-0.0761916
-0.0783747
-0.0805177
-0.0596531
-0.0622562
-0.0648252
-0.0673596
-0.0698582
-0.0723202
-0.0747446
-0.0771305
-0.0794774
-0.0817846
-0.0840516
-0.0620151
-0.0647506
-0.0674514
-0.070117
-0.0727467
-0.0753393
-0.0778942
-0.0804105
-0.0828877
-0.0853252
-0.0877227
-0.0644498
-0.0673237
-0.0701623
-0.0729653
-0.0757319
-0.0784613
-0.0811527
-0.0838055
-0.0864191
-0.0889933
-0.0915275
-0.0669544
-0.0699728
-0.0729551
-0.0759014
-0.078811
-0.081683
-0.0845169
-0.0873121
-0.0900683
-0.0927851
-0.0954623
-0.0695264
-0.0726952
-0.0758272
-0.0789226
-0.0819809
-0.0850014
-0.0879836
-0.0909271
-0.0938316
-0.0966971
-0.0995233
-0.0721638
-0.0754887
-0.0787758
-0.082026
-0.0852387
-0.0884133
-0.0915494
-0.0946469
-0.0977055
-0.100725
-0.103707
-0.0748639
-0.0783506
-0.0817986
-0.085209
-0.0885816
-0.0919157
-0.0952112
-0.0984681
-0.101686
-0.104866
-0.108008
-0.0776248
-0.0812785
-0.0848929
-0.0884689
-0.0920066
-0.0955055
-0.0989656
-0.102387
-0.10577
-0.109115
-0.112423
-0.0804445
-0.0842702
-0.0880564
-0.0918033
-0.0955109
-0.0991795
-0.102809
-0.1064
-0.109953
-0.113469
-0.116948
-0.0833225
-0.0873244
-0.091287
-0.0952094
-0.0990918
-0.102935
-0.106738
-0.110504
-0.114231
-0.117922
-0.121577
-0.0862532
-0.0904374
-0.0945814
-0.0986841
-0.102746
-0.106767
-0.11075
-0.114693
-0.1186
-0.12247
-0.126305
-0.0892362
-0.0936079
-0.0979377
-0.102225
-0.106471
-0.110675
-0.11484
-0.118966
-0.123055
-0.127108
-0.131128
-0.0922705
-0.0968341
-0.101354
-0.10583
-0.110263
-0.114654
-0.119005
-0.123316
-0.127592
-0.131832
-0.136039
-0.0953543
-0.100114
-0.104828
-0.109496
-0.11412
-0.118701
-0.123241
-0.127742
-0.132206
-0.136635
-0.141034
-0.0984862
-0.103446
-0.108358
-0.113222
-0.11804
-0.122813
-0.127545
-0.132237
-0.136892
-0.141514
-0.146106
-0.101665
-0.106829
-0.111942
-0.117004
-0.122019
-0.126987
-0.131913
-0.136798
-0.141647
-0.146462
-0.151249
-0.10489
-0.110261
-0.115578
-0.120842
-0.126055
-0.13122
-0.136341
-0.141421
-0.146465
-0.151476
-0.156459
-0.108159
-0.113741
-0.119264
-0.124731
-0.130145
-0.135509
-0.140827
-0.146103
-0.151342
-0.15655
-0.161731
-0.111473
-0.117267
-0.122999
-0.128671
-0.134287
-0.13985
-0.145366
-0.150838
-0.156273
-0.161676
-0.11483
-0.120839
-0.126781
-0.132658
-0.138476
-0.144238
-0.149949
-0.155615
-0.161242
-0.166837
-0.118232
-0.124458
-0.13061
-0.136693
-0.142712
-0.148671
-0.154575
-0.160432
-0.166247
-0.17203
-0.121674
-0.128123
-0.134492
-0.140788
-0.147014
-0.153177
-0.159283
-0.165338
-0.171352
-0.177332
-0.125139
-0.131826
-0.13843
-0.144956
-0.151409
-0.157797
-0.164126
-0.170404
-0.176642
-0.18285
-0.128659
-0.13556
-0.142374
-0.149105
-0.155758
-0.162342
-0.168864
-0.175334
-0.181764
-0.188164
)
;

boundaryField
{
    inlet
    {
        type            zeroGradient;
    }
    outlet
    {
        type            fixedValue;
        value           nonuniform 0();
    }
    cylinder
    {
        type            zeroGradient;
    }
    top
    {
        type            symmetryPlane;
    }
    bottom
    {
        type            symmetryPlane;
    }
    defaultFaces
    {
        type            empty;
    }
    procBoundary0to1
    {
        type            processor;
        value           nonuniform List<scalar> 
163
(
-0.395388
-0.39196
-0.392867
-0.393813
-0.394844
-0.394844
-0.390888
-0.391775
-0.392938
-0.394407
-0.394407
-0.388926
-0.390666
-0.390666
-0.386816
-0.388605
-0.390619
-0.390619
-0.386309
-0.38734
-0.38734
-0.377968
-0.377968
-0.362619
-0.359031
-0.359031
-0.336838
-0.336838
-0.312124
-0.312124
-0.28633
-0.28633
-0.260733
-0.260733
-0.235307
-0.235307
-0.212039
-0.212039
-0.212026
-0.194549
-0.253981
-0.212026
-0.235294
-0.253981
-0.279765
-0.279765
-0.286317
-0.312112
-0.312112
-0.336827
-0.336827
-0.359021
-0.359021
-0.36261
-0.377961
-0.377961
-0.387334
-0.387334
-0.386303
-0.390614
-0.390614
-0.3886
-0.392741
-0.392741
-0.390661
-0.388921
-0.394403
-0.394403
-0.392934
-0.391771
-0.396004
-0.396004
-0.39484
-0.393809
-0.392863
-0.391956
-0.395384
-0.200945
-0.195234
-0.189243
-0.18354
-0.177973
-0.172426
-0.166903
-0.161431
-0.156022
-0.150681
-0.145413
-0.140226
-0.135125
-0.130116
-0.125205
-0.120399
-0.115702
-0.11112
-0.106657
-0.102317
-0.0981067
-0.0940282
-0.0900861
-0.0862841
-0.0826257
-0.0791146
-0.0757544
-0.0725486
-0.069501
-0.0666156
-0.0638968
-0.0613493
-0.0589784
-0.0567899
-0.0547907
-0.0529887
-0.051393
-0.0500148
-0.0488657
-0.0479639
-0.0479639
-0.0482849
-0.0479117
-0.0469576
-0.0473195
-0.04796
-0.0488617
-0.0500107
-0.0513889
-0.0529845
-0.0547864
-0.0567854
-0.0589738
-0.0613446
-0.063892
-0.0666106
-0.0694958
-0.0725432
-0.0757489
-0.0791089
-0.0826198
-0.086278
-0.0900798
-0.0940217
-0.0980999
-0.10231
-0.106649
-0.111112
-0.115694
-0.120391
-0.125197
-0.130107
-0.135116
-0.140217
-0.145404
-0.150671
-0.156012
-0.16142
-0.166892
-0.167054
-0.167054
-0.172408
-0.177787
-0.183288
-0.189039
-0.194549
)
;
    }
}


// ************************************************************************* //
