/*--------------------------------*- C++ -*----------------------------------*\
  =========                 |
  \\      /  F ield         | OpenFOAM: The Open Source CFD Toolbox
   \\    /   O peration     | Website:  https://openfoam.org
    \\  /    A nd           | Version:  7
     \\/     M anipulation  |
\*---------------------------------------------------------------------------*/
FoamFile
{
    version     2.0;
    format      ascii;
    class       volScalarField;
    location    "5";
    object      p;
}
// * * * * * * * * * * * * * * * * * * * * * * * * * * * * * * * * * * * * * //

dimensions      [0 2 -2 0 0 0 0];

internalField   nonuniform List<scalar> 
8330
(
-0.343198
-0.354111
-0.359246
-0.369616
-0.382704
-0.399268
-0.418325
-0.438946
-0.459541
-0.478037
-0.491857
-0.498225
-0.49471
-0.475452
-0.343883
-0.35463
-0.359765
-0.370124
-0.38323
-0.399835
-0.418964
-0.439696
-0.46045
-0.47916
-0.493269
-0.499916
-0.496976
-0.477692
-0.345228
-0.355645
-0.36078
-0.371113
-0.384252
-0.400927
-0.420189
-0.441128
-0.462183
-0.48129
-0.49595
-0.503094
-0.501287
-0.481924
-0.347185
-0.357117
-0.362244
-0.372532
-0.385706
-0.402471
-0.421907
-0.443119
-0.464576
-0.484211
-0.49964
-0.507383
-0.507228
-0.487696
-0.349687
-0.358989
-0.364095
-0.374307
-0.387507
-0.404359
-0.423981
-0.445496
-0.467409
-0.487628
-0.503986
-0.512293
-0.514242
-0.494422
-0.352649
-0.361188
-0.366252
-0.376349
-0.389547
-0.40646
-0.426248
-0.448049
-0.470419
-0.491194
-0.508581
-0.517283
-0.521691
-0.501458
-0.355974
-0.363637
-0.368626
-0.378557
-0.391706
-0.408629
-0.428528
-0.450554
-0.473326
-0.494547
-0.512999
-0.521823
-0.528926
-0.508084
-0.359561
-0.366251
-0.371124
-0.380823
-0.393858
-0.410714
-0.430638
-0.452783
-0.475857
-0.49734
-0.516826
-0.525432
-0.535356
-0.513607
-0.363303
-0.368947
-0.373653
-0.383043
-0.39588
-0.412568
-0.432403
-0.454525
-0.477763
-0.499278
-0.519711
-0.527745
-0.54035
-0.51798
-0.3671
-0.371647
-0.376125
-0.385119
-0.397656
-0.414058
-0.433666
-0.455599
-0.478839
-0.50014
-0.521345
-0.528792
-0.542913
-0.520869
-0.370856
-0.374284
-0.378464
-0.386966
-0.399089
-0.41507
-0.4343
-0.455867
-0.478938
-0.499854
-0.521283
-0.528493
-0.543613
-0.52182
-0.374489
-0.3768
-0.380607
-0.388515
-0.4001
-0.41552
-0.434213
-0.455253
-0.477914
-0.498393
-0.519749
-0.526505
-0.542393
-0.520829
-0.377934
-0.379146
-0.382508
-0.389721
-0.400638
-0.415355
-0.433372
-0.453703
-0.475797
-0.495679
-0.516825
-0.523025
-0.539272
-0.51801
-0.38113
-0.381298
-0.384149
-0.390552
-0.400678
-0.414554
-0.431752
-0.451246
-0.472636
-0.491833
-0.512577
-0.51829
-0.534372
-0.513524
-0.384041
-0.383242
-0.385508
-0.391012
-0.400225
-0.413137
-0.429392
-0.447951
-0.468522
-0.487036
-0.507177
-0.512535
-0.527848
-0.507527
-0.386646
-0.384973
-0.386592
-0.391119
-0.399311
-0.411154
-0.426373
-0.443932
-0.463597
-0.481058
-0.500815
-0.505967
-0.519864
-0.500119
-0.38894
-0.386501
-0.387425
-0.39091
-0.397993
-0.408688
-0.422807
-0.439342
-0.458087
-0.474903
-0.493751
-0.49874
-0.510604
-0.491331
-0.390932
-0.387843
-0.388039
-0.390438
-0.396349
-0.405844
-0.418833
-0.434353
-0.452177
-0.468346
-0.486181
-0.490931
-0.500276
-0.481169
-0.392645
-0.389025
-0.388476
-0.389768
-0.394472
-0.402748
-0.414607
-0.429147
-0.446076
-0.461573
-0.478261
-0.482551
-0.489092
-0.469695
-0.394115
-0.390081
-0.388783
-0.388972
-0.392463
-0.399532
-0.41029
-0.423896
-0.439951
-0.454724
-0.470088
-0.473586
-0.477234
-0.457084
-0.395388
-0.391045
-0.389012
-0.388126
-0.390429
-0.39633
-0.406037
-0.418763
-0.433937
-0.447882
-0.461695
-0.46403
-0.46484
-0.443617
-0.39196
-0.389218
-0.387304
-0.388471
-0.393268
-0.401984
-0.413871
-0.428123
-0.441083
-0.453077
-0.453917
-0.452025
-0.429626
-0.392867
-0.389454
-0.38658
-0.386685
-0.390458
-0.39825
-0.409307
-0.422547
-0.434328
-0.444206
-0.443322
-0.438912
-0.415436
-0.393813
-0.389776
-0.386021
-0.385156
-0.38799
-0.394913
-0.405119
-0.417202
-0.42759
-0.435064
-0.432363
-0.425627
-0.401309
-0.394844
-0.390237
-0.38569
-0.383954
-0.385937
-0.39202
-0.401312
-0.412058
-0.420827
-0.425661
-0.421177
-0.412253
-0.38744
-0.390888
-0.38564
-0.383135
-0.384337
-0.389584
-0.397859
-0.407069
-0.413994
-0.416053
-0.409902
-0.398763
-0.373995
-0.391775
-0.385915
-0.382733
-0.383204
-0.387582
-0.394712
-0.402187
-0.407056
-0.40635
-0.398658
-0.38509
-0.361187
-0.392938
-0.386546
-0.382764
-0.382523
-0.385972
-0.391807
-0.397358
-0.400003
-0.396688
-0.387554
-0.371476
-0.349237
-0.394407
-0.387548
-0.38322
-0.382259
-0.384696
-0.389071
-0.392537
-0.392854
-0.387182
-0.376676
-0.358825
-0.338038
-0.388926
-0.384076
-0.38236
-0.383689
-0.386428
-0.387687
-0.385653
-0.377894
-0.366076
-0.347461
-0.327699
-0.390666
-0.385291
-0.38277
-0.382878
-0.383805
-0.382785
-0.378454
-0.368859
-0.355895
-0.336906
-0.317713
-0.386816
-0.38343
-0.382184
-0.38114
-0.377824
-0.371305
-0.360107
-0.346148
-0.327011
-0.308282
-0.388605
-0.384284
-0.381529
-0.378388
-0.372807
-0.364246
-0.351647
-0.336843
-0.317668
-0.29927
-0.390619
-0.385266
-0.380836
-0.375517
-0.367743
-0.357302
-0.343481
-0.327959
-0.308793
-0.290683
-0.386309
-0.380042
-0.372511
-0.362643
-0.350489
-0.335598
-0.319463
-0.300331
-0.282462
-0.38734
-0.379099
-0.36936
-0.357518
-0.343813
-0.327981
-0.311317
-0.292228
-0.27457
-0.377968
-0.366063
-0.352375
-0.337268
-0.320606
-0.303479
-0.284438
-0.266962
-0.362619
-0.347215
-0.330844
-0.313445
-0.295909
-0.276915
-0.259598
-0.359031
-0.342038
-0.324525
-0.306468
-0.288566
-0.269619
-0.25244
-0.336838
-0.318293
-0.299644
-0.281412
-0.262512
-0.245453
-0.312124
-0.292942
-0.274411
-0.255559
-0.238604
-0.28633
-0.267529
-0.248727
-0.231865
-0.260733
-0.241986
-0.225207
-0.235307
-0.218606
-0.212039
-0.212026
-0.253981
-0.235294
-0.218593
-0.279765
-0.26072
-0.241972
-0.225194
-0.286317
-0.267516
-0.248714
-0.231852
-0.312112
-0.292929
-0.274399
-0.255547
-0.238592
-0.336827
-0.318281
-0.299632
-0.2814
-0.2625
-0.24544
-0.359021
-0.342027
-0.324513
-0.306456
-0.288554
-0.269607
-0.252428
-0.36261
-0.347204
-0.330832
-0.313433
-0.295897
-0.276903
-0.259586
-0.377961
-0.366054
-0.352364
-0.337256
-0.320594
-0.303468
-0.284426
-0.26695
-0.387334
-0.379092
-0.369351
-0.357508
-0.343802
-0.32797
-0.311305
-0.292216
-0.274559
-0.386303
-0.380036
-0.372503
-0.362634
-0.350479
-0.335587
-0.319452
-0.30032
-0.282451
-0.390614
-0.385261
-0.380829
-0.375509
-0.367734
-0.357292
-0.34347
-0.327948
-0.308782
-0.290672
-0.3886
-0.384278
-0.381522
-0.37838
-0.372798
-0.364236
-0.351637
-0.336833
-0.317657
-0.299259
-0.392741
-0.386811
-0.383425
-0.382178
-0.381133
-0.377815
-0.371296
-0.360097
-0.346137
-0.327001
-0.308272
-0.390661
-0.385286
-0.382764
-0.382871
-0.383798
-0.382777
-0.378445
-0.368849
-0.355885
-0.336895
-0.317702
-0.388921
-0.384072
-0.382355
-0.383682
-0.386421
-0.387679
-0.385645
-0.377885
-0.366066
-0.347451
-0.327689
-0.394403
-0.387544
-0.383215
-0.382254
-0.38469
-0.389064
-0.39253
-0.392846
-0.387173
-0.376667
-0.358815
-0.338029
-0.392934
-0.386541
-0.382759
-0.382518
-0.385966
-0.3918
-0.397351
-0.399995
-0.396679
-0.387544
-0.371467
-0.349228
-0.391771
-0.385911
-0.382728
-0.383198
-0.387576
-0.394705
-0.402179
-0.407048
-0.406341
-0.398649
-0.385081
-0.361178
-0.396004
-0.390884
-0.385636
-0.38313
-0.384331
-0.389577
-0.397852
-0.407062
-0.413986
-0.416045
-0.409893
-0.398755
-0.373986
-0.39484
-0.390232
-0.385685
-0.383949
-0.385931
-0.392014
-0.401305
-0.41205
-0.420819
-0.425653
-0.421169
-0.412244
-0.387432
-0.393809
-0.389771
-0.386016
-0.385151
-0.387984
-0.394906
-0.405112
-0.417195
-0.427582
-0.435056
-0.432355
-0.425619
-0.401301
-0.392863
-0.389449
-0.386575
-0.38668
-0.390452
-0.398243
-0.4093
-0.422539
-0.43432
-0.444198
-0.443314
-0.438904
-0.415428
-0.391956
-0.389213
-0.387299
-0.388466
-0.393262
-0.401978
-0.413864
-0.428116
-0.441076
-0.453069
-0.453909
-0.452018
-0.42962
-0.395384
-0.391041
-0.389008
-0.388121
-0.390424
-0.396324
-0.40603
-0.418756
-0.433929
-0.447874
-0.461687
-0.464023
-0.464832
-0.443611
-0.394111
-0.390077
-0.388779
-0.388967
-0.392458
-0.399526
-0.410283
-0.423888
-0.439943
-0.454716
-0.47008
-0.473578
-0.477227
-0.457079
-0.392641
-0.389021
-0.388472
-0.389763
-0.394466
-0.402742
-0.4146
-0.429139
-0.446068
-0.461565
-0.478253
-0.482543
-0.489085
-0.46969
-0.390928
-0.387839
-0.388035
-0.390433
-0.396344
-0.405838
-0.418826
-0.434345
-0.452169
-0.468339
-0.486173
-0.490923
-0.500269
-0.481165
-0.388936
-0.386497
-0.387421
-0.390905
-0.397988
-0.408681
-0.4228
-0.439334
-0.458079
-0.474896
-0.493742
-0.498732
-0.510597
-0.491327
-0.386642
-0.384969
-0.386588
-0.391114
-0.399306
-0.411148
-0.426366
-0.443924
-0.463588
-0.481051
-0.500806
-0.505959
-0.519858
-0.500115
-0.384036
-0.383238
-0.385503
-0.391008
-0.40022
-0.413131
-0.429385
-0.447943
-0.468513
-0.487024
-0.507168
-0.512526
-0.527842
-0.507523
-0.381125
-0.381294
-0.384145
-0.390548
-0.400673
-0.414548
-0.431745
-0.451238
-0.472626
-0.491821
-0.512567
-0.518281
-0.534366
-0.51352
-0.377929
-0.379142
-0.382504
-0.389716
-0.400633
-0.415349
-0.433365
-0.453695
-0.475787
-0.495668
-0.516815
-0.523015
-0.539266
-0.518007
-0.374485
-0.376796
-0.380602
-0.388511
-0.400095
-0.415514
-0.434205
-0.455245
-0.477905
-0.498382
-0.519739
-0.526496
-0.542386
-0.520825
-0.370852
-0.37428
-0.37846
-0.386961
-0.399084
-0.415065
-0.434293
-0.45586
-0.478929
-0.499844
-0.521274
-0.528484
-0.543606
-0.521816
-0.367096
-0.371644
-0.376121
-0.385115
-0.397652
-0.414052
-0.43366
-0.455591
-0.47883
-0.50013
-0.521335
-0.528783
-0.542906
-0.520866
-0.3633
-0.368943
-0.373649
-0.383039
-0.395876
-0.412563
-0.432397
-0.454518
-0.477754
-0.499268
-0.519702
-0.527737
-0.540345
-0.517977
-0.359558
-0.366248
-0.371121
-0.380819
-0.393854
-0.410709
-0.430633
-0.452776
-0.475849
-0.497332
-0.516818
-0.525424
-0.535351
-0.513604
-0.355972
-0.363634
-0.368623
-0.378553
-0.391702
-0.408624
-0.428523
-0.450548
-0.473319
-0.494539
-0.512991
-0.521815
-0.52892
-0.508082
-0.352646
-0.361186
-0.366249
-0.376346
-0.389544
-0.406456
-0.426243
-0.448044
-0.470413
-0.491187
-0.508574
-0.517276
-0.521686
-0.501455
-0.349685
-0.358987
-0.364093
-0.374305
-0.387504
-0.404356
-0.423977
-0.445491
-0.467404
-0.487622
-0.50398
-0.512287
-0.514238
-0.494419
-0.347184
-0.357116
-0.362243
-0.37253
-0.385704
-0.402469
-0.421904
-0.443115
-0.464572
-0.484206
-0.499635
-0.507379
-0.507225
-0.487694
-0.345227
-0.355644
-0.360778
-0.371111
-0.38425
-0.400926
-0.420187
-0.441125
-0.462179
-0.481286
-0.495947
-0.503091
-0.501284
-0.481923
-0.343882
-0.354629
-0.359764
-0.370123
-0.383229
-0.399833
-0.418962
-0.439694
-0.460448
-0.479158
-0.493266
-0.499914
-0.496974
-0.477691
-0.343198
-0.354111
-0.359246
-0.369615
-0.382703
-0.399268
-0.418325
-0.438946
-0.459541
-0.478036
-0.491856
-0.498225
-0.494709
-0.475452
-0.457024
-0.447667
-0.436889
-0.424613
-0.410777
-0.39534
-0.37828
-0.3596
-0.339334
-0.317548
-0.294349
-0.269883
-0.244341
-0.217955
-0.191002
-0.163793
-0.136674
-0.110009
-0.0841824
-0.0595618
-0.0364915
-0.0152868
0.00379162
0.0205461
0.0348495
0.0466481
0.0559594
0.0628682
0.0675115
0.0700773
0.0707642
0.0698237
0.0674294
0.0638984
0.0592352
0.0539434
0.0475568
0.0411691
0.0331425
0.026179
0.0158198
0.00861044
-0.459992
-0.450667
-0.439912
-0.427656
-0.413831
-0.398393
-0.381322
-0.362618
-0.342316
-0.320481
-0.297218
-0.272674
-0.247039
-0.220549
-0.193478
-0.166141
-0.138884
-0.112073
-0.086107
-0.0613445
-0.0381244
-0.016783
0.00242513
0.0193024
0.0337201
0.0456244
0.0550332
0.0620316
0.0667575
0.0693994
0.070157
0.069282
0.0669487
0.063474
0.0588641
0.0536202
0.0472818
0.0409335
0.0329557
0.0260209
0.0157266
0.00852851
-0.465583
-0.456336
-0.445626
-0.433417
-0.419621
-0.404194
-0.387111
-0.368375
-0.348016
-0.326099
-0.302725
-0.278039
-0.252239
-0.225558
-0.198269
-0.170694
-0.143186
-0.116105
-0.0898763
-0.064836
-0.0413239
-0.0197304
-0.000273549
0.0168399
0.0314789
0.0435891
0.0531885
0.0603634
0.0652526
0.0680461
0.0689445
0.0682005
0.0659895
0.0626277
0.0581248
0.0529771
0.0467352
0.0404661
0.0325856
0.0257088
0.0155426
0.00836891
-0.473177
-0.464073
-0.45343
-0.441306
-0.427576
-0.412188
-0.395117
-0.376363
-0.355952
-0.333947
-0.310444
-0.285584
-0.259574
-0.232651
-0.205092
-0.177211
-0.149387
-0.121906
-0.0953017
-0.0698553
-0.0460069
-0.0240455
-0.00423775
0.0132092
0.0281632
0.0405688
0.0504443
0.0578768
0.0630064
0.0660246
0.0671328
0.066585
0.0645574
0.0613657
0.0570235
0.0520209
0.0459239
0.0397742
0.0320388
0.0252503
0.0152726
0.00813964
-0.481994
-0.473115
-0.462561
-0.450571
-0.436961
-0.421665
-0.404655
-0.385925
-0.365498
-0.343435
-0.319829
-0.294803
-0.268585
-0.24142
-0.213583
-0.185365
-0.157231
-0.129069
-0.102131
-0.0762939
-0.0520032
-0.0296031
-0.00936999
0.00848637
0.0238311
0.0366075
0.0468335
0.0545969
0.0600383
0.0633504
0.0647351
0.0644474
0.0626638
0.059699
0.0555712
0.0507627
0.0448585
0.0388688
0.0313251
0.0246559
0.0149232
0.00785145
-0.491191
-0.482629
-0.472206
-0.460407
-0.44699
-0.431859
-0.414983
-0.39635
-0.375978
-0.353933
-0.330317
-0.305136
-0.278776
-0.251416
-0.223244
-0.194559
-0.166001
-0.137678
-0.110208
-0.0838945
-0.059127
-0.0362493
-0.0155446
0.00277239
0.0185633
0.0317693
0.0424072
0.0505645
0.0563814
0.0600511
0.0617751
0.0618084
0.0603275
0.0576451
0.0537841
0.049218
0.0435533
0.0377639
0.0304565
0.0239388
0.0145021
0.00751656
-0.50009
-0.491819
-0.481598
-0.470066
-0.456919
-0.442044
-0.4254
-0.406969
-0.386761
-0.36486
-0.341407
-0.31575
-0.289425
-0.261914
-0.233562
-0.2047
-0.175759
-0.147094
-0.11918
-0.0924091
-0.0671682
-0.0438055
-0.0226121
-0.00380861
0.0124623
0.0261388
0.0372353
0.0458377
0.0520848
0.0561684
0.0582887
0.0586995
0.0575762
0.0552289
0.0516848
0.0474072
0.0420266
0.0364767
0.0294472
0.0231133
0.0140178
0.00714747
-0.508982
-0.499953
-0.490015
-0.478826
-0.466016
-0.451481
-0.435163
-0.417026
-0.397068
-0.375334
-0.351901
-0.326764
-0.300333
-0.27273
-0.244239
-0.215196
-0.185994
-0.157032
-0.128755
-0.101578
-0.0759002
-0.0520763
-0.0304052
-0.0111139
0.00564973
0.0198194
0.0314059
0.040492
0.0472129
0.0517579
0.0543241
0.0551624
0.0544467
0.0524824
0.0493013
0.0453553
0.0403
0.0350266
0.0283131
0.0221948
0.0134791
0.00675586
-0.513827
-0.50668
-0.497004
-0.486143
-0.473801
-0.459726
-0.443842
-0.426118
-0.406539
-0.38513
-0.361953
-0.337103
-0.310808
-0.28328
-0.254794
-0.225689
-0.196349
-0.167187
-0.138641
-0.111141
-0.085092
-0.0608584
-0.038746
-0.0189882
-0.00173944
0.0129286
0.0250212
0.034616
0.0418431
0.0468872
0.0499399
0.0512483
0.0509832
0.0494443
0.046667
0.0430909
0.038398
0.0334348
0.027071
0.0211988
0.0128947
0.00635193
-0.517283
-0.511095
-0.501966
-0.491589
-0.479797
-0.466282
-0.450943
-0.433744
-0.414665
-0.393719
-0.370959
-0.346491
-0.320496
-0.293195
-0.264863
-0.235835
-0.206495
-0.177259
-0.148565
-0.120847
-0.0945184
-0.0699499
-0.0474541
-0.0272714
-0.00956301
0.00559226
0.0181924
0.0283081
0.036062
0.0416319
0.0452025
0.047015
0.0472356
0.0461575
0.0438188
0.0406455
0.0363468
0.0317235
0.0257381
0.0201403
0.012273
0.00594394
-0.518413
-0.513014
-0.504675
-0.49493
-0.483762
-0.470889
-0.45619
-0.43962
-0.421153
-0.40079
-0.37858
-0.354622
-0.329074
-0.302153
-0.27413
-0.245336
-0.216148
-0.186983
-0.158277
-0.130467
-0.103969
-0.0791584
-0.0563547
-0.035805
-0.0176782
-0.00206142
0.0110344
0.0216706
0.0299603
0.0360723
0.0401824
0.0425237
0.0432569
0.0426674
0.0407952
0.0380517
0.0341734
0.0299152
0.0243317
0.0190336
0.0116223
0.00553825
-0.517158
-0.512458
-0.505035
-0.496038
-0.485559
-0.47339
-0.459409
-0.443555
-0.425794
-0.406123
-0.384581
-0.361258
-0.3363
-0.30991
-0.282354
-0.253953
-0.225077
-0.196138
-0.167567
-0.1398
-0.113254
-0.088308
-0.0652849
-0.0444391
-0.0259476
-0.00990721
0.00366039
0.0148055
0.0236292
0.0302894
0.0349507
0.0378366
0.0391007
0.0390198
0.0376352
0.0353421
0.0319045
0.0280317
0.0228685
0.0178919
0.0109501
0.00513936
-0.513655
-0.509545
-0.503099
-0.494916
-0.485162
-0.473738
-0.460532
-0.445463
-0.428485
-0.409593
-0.38882
-0.366248
-0.342009
-0.316295
-0.289358
-0.261507
-0.233103
-0.204546
-0.176262
-0.14868
-0.122214
-0.097245
-0.0740993
-0.0530371
-0.0342441
-0.0178277
-0.003822
0.00781027
0.0171565
0.0243612
0.0295764
0.0330139
0.0348191
0.0352589
0.0343758
0.0325477
0.0295654
0.0260935
0.021364
0.0167269
0.0102631
0.00475025
-0.508116
-0.504457
-0.499
-0.491654
-0.482628
-0.471962
-0.459566
-0.445333
-0.429202
-0.411164
-0.391248
-0.369525
-0.346117
-0.321206
-0.295029
-0.267879
-0.240101
-0.21208
-0.184231
-0.156973
-0.130718
-0.105841
-0.0826734
-0.0614796
-0.0424546
-0.0257171
-0.0113148
0.000774765
0.0106234
0.0183604
0.0241237
0.0281117
0.0304607
0.0314258
0.0310518
0.0296973
0.0271796
0.0241193
0.0198323
0.0155489
0.00956734
0.00437266
-0.500766
-0.497411
-0.492916
-0.486396
-0.478075
-0.468158
-0.456588
-0.443223
-0.427984
-0.410859
-0.391875
-0.371091
-0.348617
-0.32462
-0.299324
-0.273009
-0.245998
-0.218658
-0.191385
-0.164587
-0.138666
-0.113996
-0.0909058
-0.0696669
-0.0504825
-0.0334833
-0.0187317
-0.00622138
0.00410251
0.0123523
0.0186505
0.0231807
0.0260691
0.0275578
0.027694
0.0268166
0.0247677
0.0221256
0.0182858
0.0143664
0.00886811
0.00400742
-0.491805
-0.488621
-0.485044
-0.479314
-0.471657
-0.462467
-0.451724
-0.439246
-0.424932
-0.408766
-0.390775
-0.371005
-0.349554
-0.32657
-0.302264
-0.276895
-0.250774
-0.224243
-0.197675
-0.171461
-0.145992
-0.121634
-0.0987189
-0.0775197
-0.0582491
-0.0410499
-0.0259999
-0.0131101
-0.00234371
0.00639338
0.0132071
0.0182649
0.0216824
0.0236878
0.0243295
0.0239278
0.0223478
0.0201265
0.0167352
0.0131868
0.00816968
0.00365468
-0.481398
-0.478299
-0.475592
-0.470604
-0.463562
-0.455071
-0.44515
-0.433568
-0.420198
-0.405027
-0.388077
-0.369383
-0.349026
-0.327139
-0.303914
-0.279589
-0.254455
-0.228838
-0.203087
-0.177568
-0.152655
-0.128709
-0.106058
-0.0849792
-0.0656935
-0.0483561
-0.0330604
-0.0198354
-0.00866331
0.000530848
0.00783566
0.0134015
0.0173329
0.0198431
0.0209813
0.0210497
0.0199349
0.0181338
0.0151892
0.0120156
0.00747558
0.00331416
-0.469701
-0.466659
-0.464781
-0.460484
-0.454012
-0.446197
-0.437089
-0.426401
-0.413986
-0.399833
-0.383958
-0.366385
-0.347177
-0.326451
-0.304378
-0.281176
-0.25711
-0.232487
-0.207639
-0.182907
-0.158642
-0.135195
-0.112889
-0.0920052
-0.0727719
-0.0553563
-0.0398677
-0.0263534
-0.014815
-0.00519733
0.00257031
0.0086206
0.0130466
0.016046
0.0176685
0.0181975
0.0175413
0.0161571
0.0136549
0.0108574
0.00678856
0.00298536
-0.456902
-0.453941
-0.452857
-0.449197
-0.443262
-0.436108
-0.427801
-0.417998
-0.406536
-0.393412
-0.378633
-0.362208
-0.344184
-0.324661
-0.30379
-0.281765
-0.258829
-0.235263
-0.211379
-0.187504
-0.163962
-0.141087
-0.119197
-0.0985749
-0.0794558
-0.0620189
-0.0463888
-0.0326312
-0.0207673
-0.0107619
-0.00256233
0.00394591
0.00884426
0.0123144
0.0144061
0.0153838
0.0151769
0.014204
0.0121381
0.00971562
0.00611074
0.00266762
-0.443256
-0.44043
-0.440091
-0.437013
-0.431594
-0.425095
-0.417574
-0.408637
-0.398117
-0.386018
-0.372338
-0.357069
-0.340243
-0.321944
-0.302301
-0.281486
-0.259717
-0.23725
-0.214375
-0.191402
-0.16864
-0.146397
-0.124982
-0.104679
-0.0857299
-0.0683242
-0.0526017
-0.038646
-0.0264975
-0.0161413
-0.00754242
-0.000604714
0.00474162
0.00866201
0.0112058
0.0126184
0.0128494
0.0122804
0.0106432
0.00859288
0.00544369
0.00236031
-0.429099
-0.426462
-0.426786
-0.424225
-0.419309
-0.413461
-0.406706
-0.398605
-0.389003
-0.377911
-0.365314
-0.35119
-0.335556
-0.31848
-0.30007
-0.280475
-0.259888
-0.238543
-0.216704
-0.194662
-0.172713
-0.151147
-0.130255
-0.110321
-0.0915897
-0.0742629
-0.0584939
-0.0443835
-0.031991
-0.0213211
-0.0123563
-0.0050187
0.000749964
0.00509869
0.00807625
0.0099087
0.0105646
0.0103907
0.00917344
0.00749107
0.00478851
0.0020629
-0.414808
-0.412401
-0.413259
-0.411127
-0.406703
-0.401501
-0.395479
-0.388174
-0.379455
-0.369339
-0.357794
-0.344785
-0.330318
-0.314444
-0.297251
-0.278866
-0.259459
-0.239238
-0.218445
-0.197349
-0.176232
-0.15537
-0.135039
-0.115512
-0.0970407
-0.0798353
-0.0640619
-0.0498379
-0.0372405
-0.0262932
-0.0169957
-0.00928803
-0.00312315
0.00163139
0.00502354
0.00726012
0.00832725
0.00853832
0.00773131
0.00641159
0.00414598
0.00177492
-0.400765
-0.398612
-0.399822
-0.398007
-0.394057
-0.389487
-0.384153
-0.377591
-0.369711
-0.360526
-0.349989
-0.33805
-0.324709
-0.31
-0.293992
-0.27679
-0.258542
-0.239432
-0.21968
-0.199532
-0.179252
-0.159109
-0.13936
-0.120271
-0.102094
-0.0850466
-0.0693067
-0.055007
-0.0422414
-0.0310519
-0.0214543
-0.0134061
-0.00687124
-0.00173384
0.00205318
0.00467738
0.00614148
0.00672634
0.00631898
0.00535566
0.00351667
0.00149612
-0.387314
-0.385428
-0.386759
-0.385121
-0.381619
-0.37765
-0.372942
-0.367064
-0.359968
-0.35166
-0.342071
-0.331148
-0.318879
-0.305284
-0.290413
-0.274353
-0.257229
-0.239203
-0.220471
-0.201259
-0.181812
-0.162387
-0.143234
-0.124605
-0.106749
-0.0898909
-0.0742192
-0.0598802
-0.0469828
-0.0355863
-0.0257217
-0.0173635
-0.0104861
-0.0049899
-0.000828853
0.00216549
0.0040113
0.004958
0.00493867
0.0043246
0.00290124
0.00122652
-0.374744
-0.373131
-0.374302
-0.372679
-0.369586
-0.366165
-0.362007
-0.356744
-0.350371
-0.342872
-0.334165
-0.324191
-0.31293
-0.300388
-0.286597
-0.271627
-0.255581
-0.238599
-0.220857
-0.202559
-0.183933
-0.165222
-0.146671
-0.128518
-0.111009
-0.0943718
-0.0788031
-0.0644611
-0.0514686
-0.0399006
-0.029802
-0.021164
-0.0139708
-0.00813909
-0.00362408
-0.000276381
0.00193653
0.00323367
0.0035908
0.0033188
0.00229996
0.000966371
-0.363307
-0.361959
-0.362643
-0.360872
-0.358151
-0.355221
-0.351541
-0.346836
-0.341127
-0.334373
-0.326481
-0.317392
-0.307075
-0.295522
-0.282752
-0.268817
-0.2538
-0.237822
-0.221036
-0.203628
-0.185807
-0.167802
-0.14985
-0.132182
-0.115035
-0.0986369
-0.0831916
-0.0688677
-0.0558005
-0.0440804
-0.0337659
-0.0248642
-0.0173696
-0.011215
-0.0063573
-0.00266591
-9.50631e-05
0.00154521
0.00227025
0.00233516
0.00171108
0.000715487
-0.3534
-0.35222
-0.352006
-0.349909
-0.347491
-0.344959
-0.341689
-0.337496
-0.332396
-0.326325
-0.319191
-0.31093
-0.301501
-0.290886
-0.279089
-0.266144
-0.252116
-0.237105
-0.221244
-0.204697
-0.187654
-0.170331
-0.152954
-0.135753
-0.118957
-0.102793
-0.0874696
-0.0731643
-0.0600251
-0.0481574
-0.037633
-0.0284752
-0.0206876
-0.0142195
-0.00902868
-0.0050029
-0.0020836
-0.000108154
0.000975636
0.00137184
0.00113257
0.000473472
-0.345288
-0.34391
-0.341947
-0.338998
-0.336535
-0.33411
-0.331064
-0.32726
-0.322672
-0.317205
-0.31076
-0.303263
-0.294661
-0.284921
-0.274034
-0.26202
-0.248928
-0.234839
-0.219869
-0.204166
-0.187905
-0.171286
-0.154527
-0.137853
-0.12149
-0.105662
-0.0905788
-0.0764204
-0.0633404
-0.051455
-0.0408443
-0.0315457
-0.0235689
-0.0168791
-0.0114337
-0.00713999
-0.00392654
-0.00165922
-0.000251654
0.000451554
0.000574215
0.00024378
-0.335265
-0.338044
-0.334777
-0.331344
-0.328835
-0.32637
-0.323327
-0.319565
-0.315052
-0.309715
-0.30346
-0.29621
-0.287913
-0.278536
-0.26807
-0.256532
-0.243966
-0.230449
-0.216086
-0.201015
-0.185399
-0.169425
-0.153295
-0.137221
-0.121417
-0.106094
-0.0914494
-0.0776586
-0.0648696
-0.0531992
-0.0427265
-0.0334976
-0.0255224
-0.0187818
-0.0132297
-0.00879611
-0.00539603
-0.00292827
-0.00127433
-0.000328451
9.49166e-05
4.91481e-05
-0.320625
-0.325161
-0.322925
-0.319724
-0.31734
-0.315051
-0.312176
-0.308559
-0.30421
-0.299091
-0.293123
-0.286229
-0.278358
-0.269482
-0.259591
-0.248697
-0.236837
-0.224079
-0.210517
-0.196272
-0.181492
-0.166345
-0.151018
-0.135704
-0.120603
-0.105913
-0.0918197
-0.0784924
-0.066075
-0.0546848
-0.0444036
-0.0352849
-0.0273443
-0.0205757
-0.0149359
-0.0103742
-0.0067989
-0.00413757
-0.00224616
-0.00106632
-0.000353727
-0.000135447
-0.307658
-0.312751
-0.31113
-0.308127
-0.305786
-0.303589
-0.300838
-0.297352
-0.293161
-0.288254
-0.282563
-0.276016
-0.268565
-0.260181
-0.250854
-0.240592
-0.229428
-0.217418
-0.204644
-0.191215
-0.177263
-0.162939
-0.148413
-0.133863
-0.119474
-0.10543
-0.0919075
-0.0790673
-0.0670487
-0.0559684
-0.0459096
-0.0369318
-0.029055
-0.0222847
-0.0165807
-0.0119097
-0.00817475
-0.00533019
-0.00320904
-0.00179856
-0.000799238
-0.000318721
-0.296172
-0.300965
-0.299637
-0.296845
-0.294574
-0.292455
-0.289828
-0.286492
-0.282477
-0.27779
-0.272375
-0.266166
-0.259118
-0.251203
-0.242412
-0.232749
-0.222241
-0.210938
-0.198911
-0.186256
-0.17309
-0.159551
-0.145791
-0.131976
-0.118275
-0.104859
-0.0918945
-0.0795344
-0.0679131
-0.0571456
-0.0473157
-0.0384877
-0.0306854
-0.0239249
-0.0181682
-0.0133984
-0.00951371
-0.00649388
-0.00415088
-0.00251478
-0.00123571
-0.000497073
-0.28487
-0.289427
-0.288308
-0.285713
-0.283535
-0.281503
-0.279008
-0.275836
-0.272011
-0.267552
-0.262415
-0.256541
-0.249887
-0.242428
-0.234152
-0.225064
-0.215186
-0.204559
-0.193247
-0.181334
-0.168924
-0.15614
-0.143122
-0.130019
-0.116988
-0.104188
-0.0917735
-0.0798902
-0.0686669
-0.0582166
-0.0486227
-0.0399539
-0.0322366
-0.0254966
-0.0196982
-0.0148397
-0.0108148
-0.00762744
-0.00507056
-0.00321413
-0.00166291
-0.000670212
-0.273771
-0.278185
-0.277211
-0.274769
-0.272682
-0.270741
-0.268376
-0.265372
-0.261744
-0.257517
-0.252657
-0.247113
-0.240844
-0.233825
-0.226047
-0.217513
-0.208239
-0.198261
-0.187634
-0.176433
-0.16475
-0.152695
-0.140393
-0.127982
-0.115604
-0.103406
-0.0915339
-0.0801242
-0.0692998
-0.0591715
-0.0498215
-0.0413217
-0.0337008
-0.0269931
-0.0211648
-0.0162285
-0.0120741
-0.00872774
-0.00596585
-0.00389507
-0.00208012
-0.000837623
-0.263002
-0.26723
-0.266357
-0.264044
-0.262046
-0.260196
-0.257962
-0.255125
-0.251696
-0.247701
-0.243116
-0.237895
-0.232
-0.225408
-0.218109
-0.210105
-0.201409
-0.192052
-0.182081
-0.171561
-0.160575
-0.14922
-0.13761
-0.125867
-0.114124
-0.102516
-0.0911759
-0.0802352
-0.0698096
-0.0600069
-0.0509076
-0.042586
-0.0350724
-0.0284086
-0.0225625
-0.0175596
-0.0132869
-0.00979075
-0.0068336
-0.00455524
-0.002486
-0.000998611
-0.252479
-0.256515
-0.255737
-0.253548
-0.251637
-0.24988
-0.247775
-0.245106
-0.241875
-0.238112
-0.233798
-0.228892
-0.22336
-0.21718
-0.210341
-0.202845
-0.194701
-0.185937
-0.176592
-0.166724
-0.156405
-0.145722
-0.134777
-0.12368
-0.112552
-0.101518
-0.0907012
-0.0802237
-0.0701955
-0.0607209
-0.0518781
-0.0437431
-0.0363471
-0.0297384
-0.0238864
-0.0188282
-0.0144489
-0.0108127
-0.00767072
-0.0051923
-0.00287921
-0.00115263
-0.242176
-0.246039
-0.245356
-0.243289
-0.241466
-0.239802
-0.237825
-0.235321
-0.232287
-0.228753
-0.224704
-0.220106
-0.214924
-0.20914
-0.202743
-0.195733
-0.188117
-0.179918
-0.171171
-0.161925
-0.152244
-0.142205
-0.131898
-0.121424
-0.110893
-0.100417
-0.0901113
-0.0800902
-0.070457
-0.0613119
-0.0527305
-0.0447897
-0.0375209
-0.0309782
-0.0251322
-0.0200302
-0.015556
-0.0117899
-0.00847434
-0.00580413
-0.00325845
-0.00129927
-0.232118
-0.23581
-0.235215
-0.233271
-0.231537
-0.229966
-0.228116
-0.225775
-0.222935
-0.219625
-0.215836
-0.211535
-0.206693
-0.20129
-0.195316
-0.18877
-0.181658
-0.173998
-0.16582
-0.157167
-0.148095
-0.138671
-0.128978
-0.119104
-0.109148
-0.0992143
-0.0894081
-0.0798358
-0.070594
-0.0617789
-0.053463
-0.045723
-0.0385906
-0.0321243
-0.0262959
-0.0211615
-0.0166045
-0.0127192
-0.00924169
-0.0063887
-0.00362244
-0.00143819
-0.222307
-0.225826
-0.225317
-0.223497
-0.221856
-0.220379
-0.218653
-0.216472
-0.213823
-0.210732
-0.207195
-0.203183
-0.198667
-0.193629
-0.18806
-0.181957
-0.175324
-0.168177
-0.160541
-0.152453
-0.143962
-0.135127
-0.12602
-0.116722
-0.107322
-0.0979139
-0.0885944
-0.0794621
-0.0706074
-0.0621217
-0.0540741
-0.046541
-0.0395534
-0.0331733
-0.0273738
-0.0222185
-0.0175909
-0.0135974
-0.00997019
-0.00694414
-0.00396996
-0.00156914
-0.21274
-0.216091
-0.215665
-0.21397
-0.212427
-0.211044
-0.209441
-0.207416
-0.204952
-0.202075
-0.198782
-0.195048
-0.190846
-0.186158
-0.180975
-0.175294
-0.169118
-0.162459
-0.155338
-0.147787
-0.139849
-0.131575
-0.12303
-0.114285
-0.105419
-0.0965194
-0.0876731
-0.0789716
-0.0704985
-0.0623406
-0.0545634
-0.0472421
-0.0404069
-0.0341224
-0.0283628
-0.0231979
-0.018512
-0.0144217
-0.0106574
-0.0074687
-0.00429983
-0.00169187
-0.203424
-0.20661
-0.206264
-0.204696
-0.203252
-0.201964
-0.200482
-0.198609
-0.196326
-0.193656
-0.190599
-0.187132
-0.183231
-0.178877
-0.174062
-0.168783
-0.16304
-0.156844
-0.150213
-0.143172
-0.135759
-0.128021
-0.120011
-0.111795
-0.103444
-0.0950351
-0.086648
-0.0783669
-0.0702691
-0.0624366
-0.0549309
-0.0478254
-0.0411495
-0.0349695
-0.0292602
-0.0240969
-0.0193651
-0.0151896
-0.0113011
-0.0079608
-0.00461095
-0.0018062
-0.194368
-0.19739
-0.197119
-0.195678
-0.194336
-0.193144
-0.191779
-0.190054
-0.187946
-0.185476
-0.182646
-0.179435
-0.175821
-0.171786
-0.167322
-0.162424
-0.157093
-0.151336
-0.145168
-0.138612
-0.131698
-0.124468
-0.11697
-0.10926
-0.101402
-0.0934654
-0.0855229
-0.0776514
-0.0699219
-0.0624113
-0.0551771
-0.0482909
-0.0417803
-0.0357128
-0.0300641
-0.0249131
-0.0201476
-0.0158987
-0.0118993
-0.00841902
-0.00490229
-0.00191199
-0.185577
-0.188435
-0.188236
-0.186922
-0.185683
-0.184585
-0.183335
-0.181753
-0.179814
-0.177537
-0.174924
-0.171958
-0.168618
-0.164886
-0.160755
-0.156218
-0.151277
-0.145936
-0.140207
-0.134109
-0.127669
-0.120922
-0.11391
-0.106683
-0.099297
-0.0918154
-0.0843026
-0.0768291
-0.0694599
-0.0622669
-0.0553036
-0.0486389
-0.0422989
-0.0363514
-0.0307727
-0.0256447
-0.0208575
-0.0165472
-0.0124502
-0.00884214
-0.00517295
-0.00200911
-0.177056
-0.179752
-0.179621
-0.178431
-0.177295
-0.176291
-0.175151
-0.173707
-0.17193
-0.169837
-0.167433
-0.164701
-0.16162
-0.158177
-0.154361
-0.150166
-0.145593
-0.140645
-0.135331
-0.129667
-0.123675
-0.117386
-0.110836
-0.10407
-0.0971356
-0.0900904
-0.0829919
-0.0759044
-0.0688869
-0.0620065
-0.0553123
-0.0488707
-0.0427057
-0.0368849
-0.0313853
-0.0262905
-0.0214934
-0.0171335
-0.0129525
-0.00922914
-0.00542215
-0.00209746
-0.16881
-0.171348
-0.171277
-0.170208
-0.169175
-0.168263
-0.16723
-0.165917
-0.164295
-0.162379
-0.160173
-0.157662
-0.154829
-0.151658
-0.14814
-0.144269
-0.140044
-0.135467
-0.130544
-0.12529
-0.119722
-0.113867
-0.107755
-0.101426
-0.0949234
-0.0882962
-0.0815965
-0.0748824
-0.0682074
-0.0616336
-0.0552061
-0.0489881
-0.0430018
-0.0373138
-0.0319014
-0.0268496
-0.0220541
-0.0176567
-0.0134049
-0.00957921
-0.00564925
-0.00217699
-0.160844
-0.163225
-0.163211
-0.162257
-0.161324
-0.160501
-0.159571
-0.158383
-0.156909
-0.155161
-0.153143
-0.150843
-0.148244
-0.14533
-0.142094
-0.138528
-0.134631
-0.130403
-0.125849
-0.120981
-0.115813
-0.110368
-0.104672
-0.0987588
-0.0926664
-0.0864389
-0.0801221
-0.0737686
-0.0674263
-0.0611526
-0.0549885
-0.0489939
-0.0431889
-0.0376389
-0.0323215
-0.0273219
-0.0225391
-0.0181159
-0.0138069
-0.00989181
-0.00585377
-0.00224767
-0.153159
-0.155388
-0.155423
-0.154581
-0.153744
-0.153008
-0.152175
-0.151106
-0.149772
-0.148184
-0.146344
-0.144243
-0.141864
-0.139193
-0.136222
-0.132943
-0.129354
-0.125455
-0.121249
-0.116744
-0.111954
-0.106895
-0.101592
-0.0960732
-0.0903712
-0.0845252
-0.0785755
-0.0725692
-0.0665493
-0.0605684
-0.0546636
-0.0488914
-0.0432697
-0.0378621
-0.0326465
-0.0277079
-0.0229485
-0.0185111
-0.0141578
-0.0101666
-0.00603538
-0.00230953
-0.145756
-0.147837
-0.147917
-0.14718
-0.146437
-0.145783
-0.145043
-0.144086
-0.142885
-0.141447
-0.139776
-0.137862
-0.135691
-0.133248
-0.130526
-0.127516
-0.124217
-0.120626
-0.116747
-0.112584
-0.108148
-0.103454
-0.0985221
-0.0933762
-0.0880449
-0.0825621
-0.0769635
-0.0712909
-0.0655827
-0.0598868
-0.0542365
-0.0486847
-0.0432474
-0.0379859
-0.0328784
-0.0280088
-0.0232829
-0.0188424
-0.0144578
-0.0104037
-0.00619394
-0.00236261
-0.138638
-0.140576
-0.140695
-0.140056
-0.139402
-0.138828
-0.138175
-0.137324
-0.136247
-0.134951
-0.133439
-0.131701
-0.129724
-0.127496
-0.125006
-0.12225
-0.119222
-0.11592
-0.112346
-0.108504
-0.104402
-0.100051
-0.0954685
-0.0906749
-0.0856947
-0.0805572
-0.0752936
-0.069941
-0.0645333
-0.059114
-0.0537126
-0.0483787
-0.043126
-0.0380134
-0.0330194
-0.0282263
-0.0235433
-0.0191107
-0.0147072
-0.0106031
-0.0063295
-0.00240705
-0.131805
-0.133605
-0.133758
-0.133212
-0.132643
-0.132144
-0.131572
-0.130821
-0.12986
-0.128697
-0.127333
-0.12576
-0.123965
-0.121937
-0.119666
-0.117146
-0.114371
-0.11134
-0.108053
-0.104511
-0.10072
-0.0966919
-0.0924382
-0.0879768
-0.0833285
-0.0785186
-0.0735739
-0.0685274
-0.0634086
-0.0582569
-0.0530984
-0.0479791
-0.0429103
-0.0379488
-0.0330727
-0.0283629
-0.0237317
-0.0193172
-0.0149069
-0.0107656
-0.00644229
-0.00244301
-0.125259
-0.126926
-0.127108
-0.126648
-0.12616
-0.12573
-0.125236
-0.124577
-0.123725
-0.122685
-0.12146
-0.120041
-0.118416
-0.116574
-0.114507
-0.112207
-0.109669
-0.10689
-0.10387
-0.100608
-0.0971104
-0.0933836
-0.0894386
-0.0852898
-0.0809545
-0.0764546
-0.0718129
-0.0670584
-0.0622167
-0.0573233
-0.0524009
-0.047492
-0.0426059
-0.0377966
-0.0330423
-0.0284217
-0.0238503
-0.0194637
-0.015058
-0.010892
-0.00653274
-0.00247072
-0.119001
-0.12054
-0.120746
-0.120367
-0.119953
-0.11959
-0.119166
-0.118593
-0.117842
-0.116917
-0.115821
-0.114545
-0.113078
-0.11141
-0.109531
-0.107436
-0.105119
-0.102575
-0.099803
-0.0968032
-0.0935781
-0.0901335
-0.0864775
-0.082622
-0.0785814
-0.0743741
-0.0700195
-0.0655429
-0.0609663
-0.0563214
-0.0516277
-0.0469245
-0.042219
-0.0375624
-0.0329327
-0.0284064
-0.0239023
-0.0195527
-0.0151623
-0.0109834
-0.00660149
-0.00249048
-0.113032
-0.114448
-0.114674
-0.114368
-0.114025
-0.113723
-0.113365
-0.11287
-0.112212
-0.111394
-0.110417
-0.109274
-0.107953
-0.106446
-0.104743
-0.102838
-0.100724
-0.0983986
-0.095858
-0.0931015
-0.0901305
-0.0869489
-0.083563
-0.0799823
-0.0762183
-0.0722866
-0.0682033
-0.0639904
-0.0596665
-0.05526
-0.0507873
-0.0462844
-0.0417565
-0.0372522
-0.0327493
-0.0283216
-0.0238912
-0.0195868
-0.0152219
-0.0110414
-0.00664938
-0.00250265
-0.107352
-0.108651
-0.108892
-0.108654
-0.108376
-0.10813
-0.107833
-0.10741
-0.106838
-0.106118
-0.105251
-0.10423
-0.103045
-0.101686
-0.100145
-0.098415
-0.0964907
-0.0943669
-0.0920405
-0.0895097
-0.0867747
-0.0838378
-0.0807037
-0.0773795
-0.0738746
-0.0702017
-0.0663742
-0.0624108
-0.0583273
-0.0541486
-0.0498885
-0.0455799
-0.0412261
-0.0368728
-0.0324978
-0.0281723
-0.0238211
-0.0195695
-0.0152393
-0.0110678
-0.00667745
-0.00250766
-0.101961
-0.103148
-0.103402
-0.103226
-0.103007
-0.102814
-0.102571
-0.102214
-0.101721
-0.101091
-0.100325
-0.0994159
-0.098355
-0.0971328
-0.0957411
-0.0941731
-0.0924229
-0.0904856
-0.0883571
-0.086035
-0.0835185
-0.0808087
-0.0779085
-0.0748233
-0.0715602
-0.0681297
-0.0645425
-0.0608146
-0.0569587
-0.0529972
-0.0489409
-0.04482
-0.0406359
-0.0364317
-0.032185
-0.0279642
-0.0236969
-0.0195046
-0.0152174
-0.0110647
-0.00668692
-0.00250601
-0.0968621
-0.0979415
-0.0982039
-0.0980838
-0.0979201
-0.0977739
-0.0975813
-0.0972842
-0.0968624
-0.0963148
-0.0956409
-0.0948349
-0.0938878
-0.0927908
-0.091536
-0.0901166
-0.0885266
-0.0867606
-0.0848144
-0.0826848
-0.0803701
-0.0778702
-0.0751868
-0.0723235
-0.0692856
-0.0660813
-0.0627192
-0.0592125
-0.0555718
-0.0518163
-0.0479547
-0.0440143
-0.039995
-0.0359371
-0.0318181
-0.0277035
-0.0235239
-0.0193965
-0.0151595
-0.0110344
-0.00667924
-0.00249824
-0.0920527
-0.0930316
-0.0933001
-0.0932303
-0.0931164
-0.0930132
-0.0928655
-0.0926224
-0.0922653
-0.0917924
-0.0912026
-0.0904902
-0.089647
-0.0886643
-0.0875346
-0.0862511
-0.0848076
-0.0831988
-0.0814198
-0.0794671
-0.077338
-0.0750317
-0.0725484
-0.0698905
-0.0670614
-0.0640676
-0.0609154
-0.0576161
-0.0541776
-0.0506169
-0.0469405
-0.043173
-0.0393128
-0.0353975
-0.0314048
-0.0273971
-0.0233079
-0.0192499
-0.0150695
-0.0109798
-0.00665601
-0.00248497
-0.0875355
-0.0884196
-0.0886916
-0.0886667
-0.0885979
-0.0885333
-0.0884259
-0.0882314
-0.0879325
-0.0875271
-0.0870133
-0.0863859
-0.0856369
-0.0847581
-0.0837422
-0.0825825
-0.0812727
-0.0798073
-0.0781812
-0.0763903
-0.0744315
-0.0723028
-0.0700036
-0.0675349
-0.0648988
-0.0621
-0.0591431
-0.0560371
-0.0527881
-0.0494107
-0.0459094
-0.0423066
-0.0385992
-0.0348223
-0.0309535
-0.0270525
-0.0230551
-0.0190702
-0.0149514
-0.0109037
-0.00661902
-0.00246689
-0.0833117
-0.0841069
-0.08438
-0.0843952
-0.0843668
-0.0843369
-0.0842654
-0.0841141
-0.0838675
-0.0835226
-0.0830775
-0.0825266
-0.0818627
-0.0810779
-0.0801651
-0.0791175
-0.0779291
-0.076594
-0.075107
-0.0734636
-0.0716601
-0.0696938
-0.0675632
-0.0652683
-0.0628097
-0.0601907
-0.0574143
-0.0544878
-0.0514155
-0.0482097
-0.0448733
-0.0414265
-0.0378648
-0.0342212
-0.0304731
-0.0266774
-0.0227725
-0.0188629
-0.0148096
-0.0108095
-0.00657024
-0.00244471
-0.079384
-0.0800967
-0.0803687
-0.0804189
-0.0804267
-0.0804274
-0.0803877
-0.0802747
-0.0800745
-0.0797837
-0.0794
-0.0789179
-0.0783304
-0.0776301
-0.07681
-0.0758637
-0.0747848
-0.0735675
-0.0722065
-0.0706968
-0.0690342
-0.0672157
-0.0652387
-0.0631023
-0.0608061
-0.0583522
-0.0557419
-0.0529812
-0.0500724
-0.0470264
-0.0438444
-0.0405443
-0.0371208
-0.0336045
-0.0299729
-0.0262801
-0.0224671
-0.0186341
-0.0146489
-0.0107005
-0.00651175
-0.00241922
-0.0757542
-0.0763905
-0.0766605
-0.0767417
-0.0767814
-0.0768092
-0.0767974
-0.0767181
-0.0765589
-0.0763161
-0.0759869
-0.075566
-0.0750467
-0.0744219
-0.0736849
-0.0728292
-0.0718486
-0.0707373
-0.0694895
-0.0681002
-0.0665649
-0.0648799
-0.063042
-0.0610495
-0.058901
-0.0565975
-0.0541392
-0.0515304
-0.0487723
-0.045874
-0.0428352
-0.0396722
-0.0363786
-0.0329829
-0.0294626
-0.0258695
-0.0221466
-0.0183901
-0.0144742
-0.0105805
-0.00644582
-0.00239125
-0.0724274
-0.0729937
-0.0732604
-0.0733684
-0.0734363
-0.0734878
-0.0735002
-0.0734503
-0.073327
-0.0731265
-0.0728454
-0.0724786
-0.0720197
-0.0714619
-0.0707987
-0.0700236
-0.0691305
-0.0681136
-0.066967
-0.0656855
-0.0642642
-0.0626989
-0.060986
-0.0591231
-0.0571079
-0.0549405
-0.05262
-0.0501494
-0.0475289
-0.0447658
-0.041859
-0.0388228
-0.0356501
-0.0323675
-0.0289526
-0.0254547
-0.0218188
-0.0181376
-0.014291
-0.0104533
-0.00637481
-0.00236165
-0.0694094
-0.0699121
-0.0701745
-0.0703056
-0.0703978
-0.0704698
-0.0705032
-0.0704788
-0.0703867
-0.070223
-0.069984
-0.0696647
-0.0692588
-0.0687598
-0.0681614
-0.0674574
-0.0666416
-0.0657081
-0.0646511
-0.063465
-0.0621448
-0.060686
-0.0590844
-0.057337
-0.055441
-0.0533955
-0.0511987
-0.0488527
-0.0463564
-0.0437161
-0.0409294
-0.0380093
-0.0349478
-0.0317699
-0.0284534
-0.0250451
-0.0214922
-0.0178835
-0.0141047
-0.0103229
-0.0063012
-0.00233135
-0.0667077
-0.0671537
-0.0674116
-0.067562
-0.0676751
-0.0677646
-0.0678158
-0.0678131
-0.0677478
-0.0676158
-0.0674131
-0.0671348
-0.0667748
-0.066327
-0.065785
-0.0651429
-0.0643944
-0.0635338
-0.062555
-0.0614525
-0.0602209
-0.0588556
-0.0573519
-0.0557063
-0.0539155
-0.0519777
-0.0498907
-0.0476554
-0.0452699
-0.0427393
-0.0400605
-0.0372451
-0.0342845
-0.0312021
-0.0279759
-0.0246505
-0.0211751
-0.0176349
-0.0139211
-0.0101937
-0.00622757
-0.00230126
-0.0643318
-0.0647278
-0.0649808
-0.0651478
-0.0652787
-0.065383
-0.0654491
-0.0654646
-0.065422
-0.0653169
-0.0651451
-0.0649017
-0.0645809
-0.0641767
-0.0636831
-0.0630939
-0.0624033
-0.0616052
-0.0606937
-0.0596631
-0.058508
-0.0572234
-0.0558043
-0.054247
-0.0525474
-0.0507034
-0.0487119
-0.0465733
-0.0442849
-0.0418508
-0.0392671
-0.0365443
-0.0336734
-0.0306763
-0.0275313
-0.024281
-0.0208764
-0.0173994
-0.0137459
-0.0100698
-0.00615655
-0.00227234
-0.0622946
-0.0626477
-0.0628959
-0.0630763
-0.063222
-0.0633385
-0.0634169
-0.0634474
-0.0634235
-0.0633407
-0.0631947
-0.0629804
-0.0626923
-0.0623246
-0.0618713
-0.0613266
-0.0606844
-0.0599388
-0.0590839
-0.0581139
-0.0570232
-0.0558066
-0.0544591
-0.0529763
-0.0513541
-0.0495896
-0.0476795
-0.0456233
-0.0434177
-0.0410662
-0.0385643
-0.0359213
-0.0331281
-0.0302052
-0.0271312
-0.0239469
-0.020605
-0.0171843
-0.0135851
-0.00995561
-0.00609085
-0.00224557
-0.0606124
-0.0609303
-0.0611743
-0.0613655
-0.0615229
-0.0616491
-0.0617372
-0.0617796
-0.0617707
-0.0617058
-0.0615804
-0.0613895
-0.0611278
-0.0607895
-0.0603688
-0.05986
-0.059257
-0.058554
-0.057745
-0.0568241
-0.0557858
-0.0546246
-0.0533353
-0.0519134
-0.0503543
-0.048655
-0.0468115
-0.044823
-0.0426857
-0.0404023
-0.0379679
-0.0353912
-0.0326626
-0.0298017
-0.0267873
-0.0236586
-0.0203699
-0.0169972
-0.0134449
-0.00985557
-0.00603315
-0.00222192
-0.0593023
-0.0595926
-0.059833
-0.0600325
-0.0601994
-0.0603333
-0.060429
-0.0604807
-0.0604832
-0.0604321
-0.0603225
-0.0601497
-0.0599081
-0.0595924
-0.0591968
-0.0587154
-0.0581425
-0.0574721
-0.0566983
-0.0558152
-0.054817
-0.0536984
-0.0524539
-0.0510788
-0.0495684
-0.0479193
-0.0461273
-0.0441911
-0.0421067
-0.0398762
-0.0374944
-0.0349693
-0.0322913
-0.0294789
-0.0265115
-0.0234267
-0.0201804
-0.0168458
-0.0133312
-0.00977409
-0.00598616
-0.00220226
-0.0583997
-0.058671
-0.0589085
-0.0591128
-0.059285
-0.0594234
-0.059524
-0.0595817
-0.0595918
-0.0595497
-0.0594508
-0.05929
-0.0590621
-0.0587616
-0.0583829
-0.0579203
-0.0573678
-0.0567197
-0.0559699
-0.0551126
-0.0541419
-0.0530525
-0.0518387
-0.0504959
-0.049019
-0.0474045
-0.045648
-0.0437479
-0.0417
-0.0395062
-0.0371608
-0.0346716
-0.0320289
-0.0292503
-0.0263158
-0.0232618
-0.0200454
-0.0167377
-0.0132501
-0.0097154
-0.00595282
-0.00218708
-0.057914
-0.0581768
-0.0584146
-0.0586234
-0.0588004
-0.0589427
-0.0590467
-0.0591082
-0.0591228
-0.059086
-0.058993
-0.0588388
-0.0586183
-0.0583259
-0.0579562
-0.0575035
-0.0569618
-0.0563253
-0.055588
-0.0547442
-0.053788
-0.0527137
-0.051516
-0.0501899
-0.0487304
-0.0471339
-0.0453959
-0.0435147
-0.0414859
-0.0393111
-0.036985
-0.0345144
-0.0318903
-0.0291293
-0.0262124
-0.023174
-0.0199742
-0.0166796
-0.0132079
-0.00968293
-0.00593674
-0.00217638
-0.200945
-0.207346
-0.21378
-0.220267
-0.22683
-0.233491
-0.240277
-0.247213
-0.254329
-0.261656
-0.269225
-0.277071
-0.285225
-0.293712
-0.302619
-0.311957
-0.322598
-0.195234
-0.201424
-0.207639
-0.213893
-0.220205
-0.226596
-0.233084
-0.239694
-0.246448
-0.253372
-0.260492
-0.267834
-0.275441
-0.283322
-0.291631
-0.300278
-0.309769
-0.189243
-0.195185
-0.201137
-0.207114
-0.21313
-0.2192
-0.22534
-0.231569
-0.237906
-0.24437
-0.250988
-0.257778
-0.264792
-0.272031
-0.279628
-0.287602
-0.296459
-0.18354
-0.189275
-0.195016
-0.200773
-0.206558
-0.212386
-0.218271
-0.224228
-0.230275
-0.236431
-0.242722
-0.249163
-0.255806
-0.26266
-0.269831
-0.277495
-0.285839
-0.177973
-0.183519
-0.189067
-0.194628
-0.200212
-0.205832
-0.211501
-0.217234
-0.223047
-0.228957
-0.234987
-0.241153
-0.247489
-0.254023
-0.260776
-0.267942
-0.27546
-0.172426
-0.177776
-0.183125
-0.188481
-0.193854
-0.199256
-0.204698
-0.210192
-0.215753
-0.221392
-0.227128
-0.232974
-0.238943
-0.245071
-0.251311
-0.257923
-0.264867
-0.166903
-0.172051
-0.177192
-0.182336
-0.187489
-0.192662
-0.197863
-0.203103
-0.208393
-0.213743
-0.219163
-0.224669
-0.230259
-0.23599
-0.241807
-0.248029
-0.254586
-0.161431
-0.166375
-0.171309
-0.176239
-0.181172
-0.186116
-0.191078
-0.196067
-0.201091
-0.206161
-0.211284
-0.216481
-0.221743
-0.227148
-0.232625
-0.238479
-0.244599
-0.156022
-0.160764
-0.165493
-0.170212
-0.174928
-0.179648
-0.184377
-0.189125
-0.193898
-0.198706
-0.203555
-0.20847
-0.213434
-0.218521
-0.223646
-0.229096
-0.234782
-0.150681
-0.155223
-0.159748
-0.16426
-0.168763
-0.173263
-0.177766
-0.18228
-0.186809
-0.191365
-0.195949
-0.200583
-0.205246
-0.210007
-0.214784
-0.219861
-0.225171
-0.145413
-0.149758
-0.154082
-0.158388
-0.162682
-0.166967
-0.171248
-0.175532
-0.179823
-0.18413
-0.188451
-0.192808
-0.19718
-0.201635
-0.206099
-0.210841
-0.215796
-0.140226
-0.144376
-0.148502
-0.152607
-0.156694
-0.160768
-0.164831
-0.168891
-0.172948
-0.177013
-0.181082
-0.185177
-0.189279
-0.19345
-0.19762
-0.202039
-0.206647
-0.135125
-0.139083
-0.143015
-0.146922
-0.150807
-0.154675
-0.158527
-0.162369
-0.166202
-0.170035
-0.173865
-0.177712
-0.181556
-0.185454
-0.18934
-0.193447
-0.197729
-0.130116
-0.133887
-0.137628
-0.141342
-0.145031
-0.148698
-0.152345
-0.155977
-0.159594
-0.163205
-0.166805
-0.170413
-0.174009
-0.177646
-0.181263
-0.18508
-0.189056
-0.125205
-0.128793
-0.132349
-0.135875
-0.139373
-0.142845
-0.146294
-0.149722
-0.153132
-0.156528
-0.159908
-0.163286
-0.166648
-0.170038
-0.173405
-0.176948
-0.180635
-0.120399
-0.123808
-0.127183
-0.130526
-0.133839
-0.137123
-0.14038
-0.143612
-0.146821
-0.150012
-0.153181
-0.156343
-0.159482
-0.16264
-0.16577
-0.169054
-0.172469
-0.115702
-0.118937
-0.122137
-0.125303
-0.128436
-0.131538
-0.13461
-0.137654
-0.140671
-0.143665
-0.146634
-0.149589
-0.152518
-0.155456
-0.158362
-0.161403
-0.164563
-0.11112
-0.114187
-0.117217
-0.120212
-0.123172
-0.126098
-0.128992
-0.131855
-0.134688
-0.137495
-0.140273
-0.143031
-0.14576
-0.14849
-0.151186
-0.153998
-0.15692
-0.106657
-0.109561
-0.112428
-0.115258
-0.118051
-0.120809
-0.123532
-0.126222
-0.128879
-0.131506
-0.134102
-0.136675
-0.139214
-0.141749
-0.144247
-0.146844
-0.14954
-0.102317
-0.105066
-0.107775
-0.110446
-0.113079
-0.115676
-0.118235
-0.12076
-0.123249
-0.125706
-0.128129
-0.130525
-0.132886
-0.135235
-0.137547
-0.139942
-0.142426
-0.0981067
-0.100705
-0.103263
-0.105782
-0.108262
-0.110704
-0.113107
-0.115474
-0.117803
-0.120098
-0.122357
-0.124586
-0.126778
-0.128954
-0.131091
-0.133296
-0.135581
-0.0940282
-0.0964822
-0.098896
-0.10127
-0.103603
-0.105897
-0.108152
-0.110369
-0.112547
-0.114688
-0.116792
-0.118863
-0.120896
-0.122908
-0.12488
-0.126908
-0.129005
-0.0900861
-0.0924026
-0.0946784
-0.0969133
-0.0991076
-0.101262
-0.103375
-0.105449
-0.107484
-0.10948
-0.111437
-0.11336
-0.115242
-0.117101
-0.118919
-0.12078
-0.122702
-0.0862841
-0.0884696
-0.090614
-0.0927171
-0.094779
-0.0967998
-0.0987795
-0.100719
-0.102617
-0.104477
-0.106296
-0.108079
-0.109821
-0.111535
-0.113209
-0.114915
-0.116672
-0.0826257
-0.0846868
-0.0867065
-0.0886847
-0.0906211
-0.0925159
-0.0943691
-0.0961811
-0.0979519
-0.0996823
-0.101372
-0.103023
-0.104634
-0.106214
-0.107752
-0.109314
-0.110917
-0.0791146
-0.0810579
-0.0829596
-0.0848196
-0.0866376
-0.0884135
-0.0901475
-0.0918397
-0.0934902
-0.0950996
-0.0966676
-0.0981963
-0.0996832
-0.101138
-0.102551
-0.103979
-0.105438
-0.0757544
-0.0775864
-0.0793769
-0.0811254
-0.0828319
-0.0844961
-0.086118
-0.0876979
-0.0892355
-0.0907317
-0.0921859
-0.0936001
-0.0949721
-0.09631
-0.0976058
-0.0989093
-0.100235
-0.0725486
-0.0742759
-0.0759618
-0.0776057
-0.0792075
-0.0807669
-0.082284
-0.0837587
-0.085191
-0.0865814
-0.0879296
-0.0892372
-0.0905023
-0.091732
-0.0929195
-0.0941079
-0.0953112
-0.069501
-0.0711303
-0.0727181
-0.0742642
-0.075768
-0.0772296
-0.0786487
-0.0800254
-0.0813596
-0.0826517
-0.0839014
-0.0851101
-0.0862763
-0.0874058
-0.0884931
-0.0895752
-0.0906649
-0.0666156
-0.0681533
-0.0696498
-0.0711046
-0.0725173
-0.0738878
-0.0752159
-0.0765016
-0.0777448
-0.0789458
-0.0801044
-0.0812217
-0.0822965
-0.0833337
-0.0843287
-0.0853131
-0.0862985
-0.0638968
-0.0653494
-0.066761
-0.0681311
-0.0694593
-0.0707455
-0.0719894
-0.073191
-0.0743502
-0.0754672
-0.0765419
-0.0775751
-0.0785659
-0.0795184
-0.0804289
-0.0813239
-0.0822138
-0.0613493
-0.0627232
-0.0640564
-0.0653484
-0.0665987
-0.0678072
-0.0689736
-0.0700979
-0.07118
-0.0722199
-0.0732177
-0.074174
-0.075088
-0.0759632
-0.0767966
-0.0776104
-0.0784134
-0.0589784
-0.06028
-0.0615412
-0.0627615
-0.0639405
-0.0650779
-0.0661736
-0.0672273
-0.0682389
-0.0692087
-0.0701364
-0.0710227
-0.071867
-0.0726721
-0.0734356
-0.0741756
-0.0749
-0.0567899
-0.0580257
-0.0592214
-0.0603765
-0.0614907
-0.0625636
-0.063595
-0.0645848
-0.0655328
-0.0664391
-0.0673036
-0.0681268
-0.0689082
-0.0696502
-0.0703508
-0.0710247
-0.0716785
-0.0547907
-0.055967
-0.0571037
-0.0582002
-0.059256
-0.060271
-0.0612447
-0.0621772
-0.0630682
-0.0639177
-0.0647258
-0.0654927
-0.0662181
-0.0669038
-0.0675485
-0.0681637
-0.0687547
-0.0529887
-0.0541121
-0.0551962
-0.0562405
-0.0572446
-0.0582082
-0.059131
-0.0600128
-0.0608534
-0.0616529
-0.0624112
-0.0631286
-0.0638048
-0.0644411
-0.0650368
-0.0656004
-0.0661364
-0.051393
-0.05247
-0.0535082
-0.054507
-0.0554659
-0.0563848
-0.0572633
-0.0581011
-0.0588981
-0.0596543
-0.0603696
-0.0610442
-0.0616779
-0.0622718
-0.0628252
-0.0633444
-0.063833
-0.0500148
-0.0510521
-0.0520511
-0.0530111
-0.0539317
-0.0548127
-0.0556536
-0.0564543
-0.0572145
-0.0579343
-0.0586134
-0.0592521
-0.0598502
-0.0604085
-0.0609264
-0.0614086
-0.0618574
-0.0488657
-0.0498703
-0.050837
-0.0517652
-0.0526546
-0.0535047
-0.0543151
-0.0550858
-0.0558163
-0.0565067
-0.0571569
-0.0577668
-0.0583364
-0.0588662
-0.0593559
-0.0598084
-0.0602254
-0.0479639
-0.0489428
-0.0498842
-0.0507877
-0.0516528
-0.052479
-0.0532661
-0.0540137
-0.0547217
-0.0553898
-0.0560181
-0.0566063
-0.0571545
-0.0576629
-0.0581314
-0.0585615
-0.0589542
-0.0482849
-0.0492094
-0.0500965
-0.0509456
-0.0517563
-0.0525284
-0.0532614
-0.0539551
-0.0546092
-0.0552238
-0.0557985
-0.0563334
-0.0568285
-0.0572838
-0.0577
-0.0580775
-0.0479117
-0.0488255
-0.0497027
-0.0505426
-0.0513448
-0.052109
-0.0528348
-0.0535218
-0.05417
-0.0547789
-0.0553485
-0.0558787
-0.0563693
-0.0568202
-0.0572317
-0.0576038
-0.0469576
-0.0479077
-0.0488217
-0.0496988
-0.0505387
-0.051341
-0.0521051
-0.0528309
-0.053518
-0.0541662
-0.0547751
-0.0553448
-0.0558749
-0.0563656
-0.0568166
-0.0572281
-0.0576002
-0.0473195
-0.0482809
-0.0492055
-0.0500926
-0.0509417
-0.0517525
-0.0525245
-0.0532575
-0.0539512
-0.0546054
-0.05522
-0.0557947
-0.0563297
-0.0568248
-0.0572801
-0.0576964
-0.0580739
-0.04796
-0.0489388
-0.0498803
-0.0507838
-0.0516488
-0.0524751
-0.0532621
-0.0540098
-0.0547178
-0.055386
-0.0560142
-0.0566025
-0.0571507
-0.0576591
-0.0581276
-0.0585578
-0.0589505
-0.0488617
-0.0498663
-0.050833
-0.0517613
-0.0526506
-0.0535007
-0.0543112
-0.0550818
-0.0558124
-0.0565028
-0.057153
-0.0577629
-0.0583326
-0.0588624
-0.0593521
-0.0598046
-0.0602216
-0.0500107
-0.0510481
-0.052047
-0.053007
-0.0539277
-0.0548086
-0.0556496
-0.0564503
-0.0572105
-0.0579303
-0.0586095
-0.0592482
-0.0598463
-0.0604046
-0.0609226
-0.0614048
-0.0618536
-0.0513889
-0.0524659
-0.053504
-0.0545028
-0.0554618
-0.0563807
-0.0572591
-0.058097
-0.058894
-0.0596503
-0.0603656
-0.0610402
-0.0616739
-0.0622678
-0.0628212
-0.0633405
-0.0638292
-0.0529845
-0.0541079
-0.055192
-0.0562363
-0.0572404
-0.058204
-0.0591268
-0.0600086
-0.0608492
-0.0616488
-0.0624071
-0.0631244
-0.0638007
-0.0644371
-0.0650327
-0.0655964
-0.0661324
-0.0547864
-0.0559627
-0.0570994
-0.0581958
-0.0592517
-0.0602667
-0.0612405
-0.0621729
-0.0630639
-0.0639135
-0.0647216
-0.0654885
-0.0662139
-0.0668997
-0.0675444
-0.0681596
-0.0687506
-0.0567854
-0.0580212
-0.0592169
-0.0603721
-0.0614862
-0.0625592
-0.0635906
-0.0645804
-0.0655284
-0.0664347
-0.0672992
-0.0681225
-0.068904
-0.0696459
-0.0703466
-0.0710205
-0.0716743
-0.0589738
-0.0602754
-0.0615366
-0.062757
-0.063936
-0.0650734
-0.066169
-0.0672227
-0.0682344
-0.0692042
-0.070132
-0.0710183
-0.0718626
-0.0726677
-0.0734312
-0.0741713
-0.0748957
-0.0613446
-0.0627185
-0.0640517
-0.0653437
-0.066594
-0.0678025
-0.068969
-0.0700933
-0.0711754
-0.0722153
-0.0732131
-0.0741694
-0.0750835
-0.0759587
-0.0767922
-0.0776059
-0.078409
-0.063892
-0.0653446
-0.0667562
-0.0681262
-0.0694545
-0.0707407
-0.0719846
-0.0731862
-0.0743454
-0.0754625
-0.0765371
-0.0775704
-0.0785612
-0.0795137
-0.0804243
-0.0813194
-0.0822093
-0.0666106
-0.0681483
-0.0696448
-0.0710996
-0.0725123
-0.0738828
-0.0752109
-0.0764967
-0.0777399
-0.0789409
-0.0800995
-0.0812168
-0.0822917
-0.0833289
-0.084324
-0.0853084
-0.0862938
-0.0694958
-0.0711251
-0.072713
-0.074259
-0.0757629
-0.0772245
-0.0786436
-0.0800203
-0.0813545
-0.0826466
-0.0838964
-0.0851051
-0.0862713
-0.0874009
-0.0884882
-0.0895703
-0.09066
-0.0725432
-0.0742706
-0.0759565
-0.0776004
-0.0792022
-0.0807616
-0.0822787
-0.0837534
-0.0851857
-0.0865761
-0.0879244
-0.089232
-0.0904972
-0.0917269
-0.0929144
-0.0941029
-0.0953062
-0.0757489
-0.0775809
-0.0793714
-0.0811199
-0.0828264
-0.0844906
-0.0861126
-0.0876924
-0.0892301
-0.0907263
-0.0921805
-0.0935947
-0.0949667
-0.0963047
-0.0976005
-0.0989041
-0.10023
-0.0791089
-0.0810522
-0.0829539
-0.0848139
-0.0866319
-0.0884079
-0.0901419
-0.0918341
-0.0934846
-0.095094
-0.096662
-0.0981908
-0.0996777
-0.101132
-0.102545
-0.103973
-0.105432
-0.0826198
-0.0846809
-0.0867006
-0.0886788
-0.0906152
-0.0925101
-0.0943633
-0.0961753
-0.0979461
-0.0996765
-0.101366
-0.103018
-0.104628
-0.106208
-0.107746
-0.109309
-0.110911
-0.086278
-0.0884635
-0.0906079
-0.092711
-0.0947729
-0.0967937
-0.0987735
-0.100713
-0.102611
-0.104471
-0.10629
-0.108073
-0.109815
-0.111529
-0.113203
-0.11491
-0.116666
-0.0900798
-0.0923963
-0.094672
-0.096907
-0.0991014
-0.101255
-0.103369
-0.105443
-0.107477
-0.109474
-0.111431
-0.113354
-0.115236
-0.117095
-0.118913
-0.120775
-0.122696
-0.0940217
-0.0964757
-0.0988894
-0.101263
-0.103597
-0.105891
-0.108146
-0.110362
-0.11254
-0.114682
-0.116786
-0.118857
-0.12089
-0.122902
-0.124874
-0.126902
-0.128999
-0.0980999
-0.100698
-0.103256
-0.105775
-0.108255
-0.110697
-0.113101
-0.115467
-0.117797
-0.120092
-0.122351
-0.12458
-0.126772
-0.128947
-0.131084
-0.133289
-0.135574
-0.10231
-0.105059
-0.107768
-0.110439
-0.113073
-0.115669
-0.118228
-0.120753
-0.123242
-0.125699
-0.128122
-0.130518
-0.132879
-0.135229
-0.137541
-0.139935
-0.14242
-0.106649
-0.109554
-0.112421
-0.115251
-0.118044
-0.120802
-0.123525
-0.126215
-0.128872
-0.131499
-0.134095
-0.136668
-0.139207
-0.141742
-0.14424
-0.146837
-0.149533
-0.111112
-0.114179
-0.11721
-0.120204
-0.123164
-0.126091
-0.128985
-0.131848
-0.134681
-0.137487
-0.140265
-0.143024
-0.145753
-0.148483
-0.151179
-0.153991
-0.156913
-0.115694
-0.118929
-0.122129
-0.125295
-0.128429
-0.131531
-0.134603
-0.137647
-0.140663
-0.143658
-0.146627
-0.149582
-0.15251
-0.155449
-0.158355
-0.161396
-0.164556
-0.120391
-0.1238
-0.127175
-0.130518
-0.133831
-0.137115
-0.140372
-0.143604
-0.146813
-0.150004
-0.153174
-0.156335
-0.159474
-0.162633
-0.165762
-0.169047
-0.172462
-0.125197
-0.128785
-0.13234
-0.135866
-0.139364
-0.142837
-0.146286
-0.149714
-0.153124
-0.15652
-0.1599
-0.163278
-0.16664
-0.17003
-0.173397
-0.17694
-0.180627
-0.130107
-0.133878
-0.137619
-0.141334
-0.145023
-0.14869
-0.152337
-0.155969
-0.159586
-0.163196
-0.166797
-0.170405
-0.174001
-0.177637
-0.181255
-0.185072
-0.189048
-0.135116
-0.139074
-0.143006
-0.146913
-0.150799
-0.154666
-0.158519
-0.16236
-0.166194
-0.170026
-0.173857
-0.177703
-0.181547
-0.185445
-0.189331
-0.193438
-0.19772
-0.140217
-0.144367
-0.148493
-0.152598
-0.156685
-0.160759
-0.164823
-0.168882
-0.17294
-0.177004
-0.181073
-0.185169
-0.18927
-0.193441
-0.197611
-0.20203
-0.206638
-0.145404
-0.149749
-0.154073
-0.158379
-0.162672
-0.166958
-0.171239
-0.175523
-0.179813
-0.18412
-0.188441
-0.192799
-0.197171
-0.201625
-0.206089
-0.210832
-0.215786
-0.150671
-0.155214
-0.159739
-0.16425
-0.168753
-0.173253
-0.177757
-0.18227
-0.1868
-0.191356
-0.195939
-0.200574
-0.205237
-0.209998
-0.214774
-0.219852
-0.225161
-0.156012
-0.160754
-0.165483
-0.170202
-0.174918
-0.179638
-0.184368
-0.189115
-0.193888
-0.198696
-0.203545
-0.20846
-0.213424
-0.218511
-0.223636
-0.229086
-0.234772
-0.16142
-0.166365
-0.171299
-0.176229
-0.181162
-0.186106
-0.191068
-0.196057
-0.201081
-0.206151
-0.211274
-0.21647
-0.221733
-0.227138
-0.232615
-0.238469
-0.244589
-0.166892
-0.17204
-0.177182
-0.182325
-0.187479
-0.192652
-0.197853
-0.203093
-0.208382
-0.213732
-0.219152
-0.224659
-0.230248
-0.23598
-0.241797
-0.248018
-0.254575
-0.167054
-0.172415
-0.177765
-0.183114
-0.18847
-0.193844
-0.199245
-0.204687
-0.210181
-0.215742
-0.221381
-0.227117
-0.232964
-0.238932
-0.24506
-0.251301
-0.257913
-0.264856
-0.172408
-0.177961
-0.183508
-0.189056
-0.194616
-0.200201
-0.205821
-0.21149
-0.217223
-0.223036
-0.228946
-0.234976
-0.241142
-0.247478
-0.254012
-0.260765
-0.267931
-0.27545
-0.177787
-0.183528
-0.189264
-0.195004
-0.200761
-0.206547
-0.212375
-0.218259
-0.224217
-0.230264
-0.23642
-0.24271
-0.249152
-0.255795
-0.26265
-0.269821
-0.277485
-0.285829
-0.183288
-0.189231
-0.195173
-0.201125
-0.207102
-0.213118
-0.219188
-0.225329
-0.231558
-0.237894
-0.244359
-0.250976
-0.257767
-0.264782
-0.27202
-0.279618
-0.287592
-0.296449
-0.189039
-0.195221
-0.201412
-0.207626
-0.213881
-0.220193
-0.226584
-0.233073
-0.239682
-0.246437
-0.253361
-0.260481
-0.267823
-0.27543
-0.283311
-0.291621
-0.300268
-0.309759
-0.194549
-0.200933
-0.207333
-0.213767
-0.220255
-0.226818
-0.233479
-0.240265
-0.247201
-0.254317
-0.261645
-0.269214
-0.27706
-0.285214
-0.293701
-0.302608
-0.311947
-0.322589
-0.0579104
-0.0581733
-0.0584111
-0.0586199
-0.058797
-0.0589393
-0.0590433
-0.0591048
-0.0591195
-0.0590828
-0.0589898
-0.0588357
-0.0586152
-0.0583229
-0.0579533
-0.0575006
-0.0569589
-0.0563225
-0.0555854
-0.0547416
-0.0537855
-0.0527113
-0.0515137
-0.0501877
-0.0487283
-0.0471319
-0.045394
-0.0435129
-0.0414842
-0.0393096
-0.0369835
-0.0345131
-0.0318891
-0.0291282
-0.0262114
-0.0231732
-0.0199735
-0.016679
-0.0132075
-0.00968259
-0.00593654
-0.00217631
-0.0583961
-0.0586674
-0.058905
-0.0591094
-0.0592815
-0.05942
-0.0595206
-0.0595783
-0.0595885
-0.0595465
-0.0594476
-0.0592868
-0.059059
-0.0587585
-0.0583799
-0.0579173
-0.057365
-0.0567169
-0.0559672
-0.05511
-0.0541394
-0.0530501
-0.0518364
-0.0504937
-0.0490169
-0.0474025
-0.045646
-0.0437461
-0.0416983
-0.0395046
-0.0371594
-0.0346703
-0.0320277
-0.0292492
-0.0263148
-0.0232609
-0.0200447
-0.0167371
-0.0132497
-0.00971506
-0.00595262
-0.00218701
-0.0592986
-0.0595889
-0.0598294
-0.0600289
-0.0601958
-0.0603298
-0.0604255
-0.0604773
-0.0604799
-0.0604287
-0.0603193
-0.0601465
-0.059905
-0.0595893
-0.0591937
-0.0587125
-0.0581396
-0.0574693
-0.0566956
-0.0558125
-0.0548145
-0.0536959
-0.0524515
-0.0510766
-0.0495663
-0.0479173
-0.0461254
-0.0441893
-0.042105
-0.0398746
-0.0374929
-0.034968
-0.0322901
-0.0294778
-0.0265105
-0.0234259
-0.0201796
-0.0168453
-0.0133307
-0.00977375
-0.00598596
-0.00220219
-0.0606087
-0.0609266
-0.0611707
-0.0613618
-0.0615193
-0.0616455
-0.0617337
-0.0617762
-0.0617673
-0.0617024
-0.0615771
-0.0613863
-0.0611246
-0.0607864
-0.0603658
-0.059857
-0.0592542
-0.0585512
-0.0577423
-0.0568215
-0.0557833
-0.0546222
-0.053333
-0.0519112
-0.0503522
-0.048653
-0.0468096
-0.0448212
-0.042684
-0.0404007
-0.0379664
-0.0353899
-0.0326614
-0.0298006
-0.0267863
-0.0236578
-0.0203692
-0.0169966
-0.0134444
-0.00985524
-0.00603295
-0.00222185
-0.0622908
-0.062644
-0.0628922
-0.0630726
-0.0632184
-0.0633349
-0.0634134
-0.0634439
-0.06342
-0.0633373
-0.0631913
-0.0629771
-0.0626891
-0.0623214
-0.0618683
-0.0613236
-0.0606815
-0.059936
-0.0590812
-0.0581113
-0.0570207
-0.0558042
-0.0544567
-0.0529741
-0.0513519
-0.0495876
-0.0476776
-0.0456215
-0.0434161
-0.0410647
-0.0385628
-0.03592
-0.0331269
-0.0302041
-0.0271302
-0.023946
-0.0206043
-0.0171837
-0.0135847
-0.00995528
-0.00609065
-0.00224551
-0.064328
-0.064724
-0.064977
-0.065144
-0.065275
-0.0653793
-0.0654455
-0.065461
-0.0654185
-0.0653134
-0.0651417
-0.0648984
-0.0645777
-0.0641735
-0.0636799
-0.0630909
-0.0624003
-0.0616023
-0.0606909
-0.0596605
-0.0585055
-0.0572209
-0.055802
-0.0542447
-0.0525452
-0.0507014
-0.04871
-0.0465715
-0.0442832
-0.0418492
-0.0392656
-0.0365429
-0.0336722
-0.0306752
-0.0275303
-0.0242802
-0.0208757
-0.0173988
-0.0137454
-0.0100695
-0.00615636
-0.00227227
-0.0667038
-0.0671498
-0.0674077
-0.0675582
-0.0676713
-0.0677609
-0.0678121
-0.0678094
-0.0677442
-0.0676123
-0.0674097
-0.0671314
-0.0667715
-0.0663237
-0.0657819
-0.0651398
-0.0643915
-0.0635309
-0.0625522
-0.0614498
-0.0602183
-0.0588531
-0.0573495
-0.055704
-0.0539133
-0.0519757
-0.0498888
-0.0476536
-0.0452682
-0.0427378
-0.0400591
-0.0372438
-0.0342833
-0.031201
-0.0279749
-0.0246497
-0.0211744
-0.0176344
-0.0139206
-0.0101934
-0.00622737
-0.00230119
-0.0694053
-0.069908
-0.0701705
-0.0703016
-0.0703939
-0.0704659
-0.0704994
-0.070475
-0.0703831
-0.0702194
-0.0699805
-0.0696612
-0.0692554
-0.0687565
-0.0681582
-0.0674543
-0.0666386
-0.0657052
-0.0646482
-0.0634623
-0.0621422
-0.0606835
-0.059082
-0.0573348
-0.0554389
-0.0533934
-0.0511968
-0.0488509
-0.0463547
-0.0437145
-0.0409279
-0.038008
-0.0349467
-0.0317689
-0.0284525
-0.0250443
-0.0214915
-0.0178829
-0.0141043
-0.0103226
-0.00630101
-0.00233128
-0.0724233
-0.0729895
-0.0732563
-0.0733644
-0.0734323
-0.0734838
-0.0734963
-0.0734465
-0.0733233
-0.0731228
-0.0728418
-0.0724751
-0.0720163
-0.0714586
-0.0707954
-0.0700204
-0.0691275
-0.0681106
-0.0669642
-0.0656827
-0.0642615
-0.0626964
-0.0609836
-0.0591208
-0.0571058
-0.0549384
-0.052618
-0.0501476
-0.0475272
-0.0447643
-0.0418576
-0.0388215
-0.035649
-0.0323665
-0.0289517
-0.0254539
-0.0218182
-0.018137
-0.0142906
-0.010453
-0.00637463
-0.00236159
-0.0757499
-0.0763863
-0.0766563
-0.0767376
-0.0767773
-0.0768052
-0.0767934
-0.0767142
-0.076555
-0.0763124
-0.0759832
-0.0755624
-0.0750432
-0.0744185
-0.0736816
-0.072826
-0.0718455
-0.0707342
-0.0694866
-0.0680975
-0.0665623
-0.0648773
-0.0630396
-0.0610472
-0.0588989
-0.0565955
-0.0541373
-0.0515286
-0.0487707
-0.0458725
-0.0428338
-0.0396709
-0.0363774
-0.0329819
-0.0294618
-0.0258688
-0.0221459
-0.0183896
-0.0144738
-0.0105802
-0.00644564
-0.00239119
-0.0793796
-0.0800923
-0.0803644
-0.0804147
-0.0804225
-0.0804233
-0.0803837
-0.0802707
-0.0800706
-0.0797799
-0.0793962
-0.0789142
-0.0783268
-0.0776266
-0.0768066
-0.0758604
-0.0747816
-0.0735645
-0.0722035
-0.0706939
-0.0690315
-0.0672131
-0.0652362
-0.0631
-0.060804
-0.0583501
-0.0557401
-0.0529794
-0.0500708
-0.047025
-0.043843
-0.0405431
-0.0371197
-0.0336035
-0.029972
-0.0262794
-0.0224665
-0.0186336
-0.0146485
-0.0107002
-0.00651158
-0.00241917
-0.0833072
-0.0841024
-0.0843756
-0.0843908
-0.0843625
-0.0843326
-0.0842613
-0.08411
-0.0838634
-0.0835187
-0.0830736
-0.0825229
-0.0818591
-0.0810744
-0.0801616
-0.0791142
-0.0779259
-0.0765909
-0.0751041
-0.0734608
-0.0716574
-0.0696913
-0.0675608
-0.065266
-0.0628075
-0.0601887
-0.0574125
-0.0544861
-0.0514139
-0.0482082
-0.044872
-0.0414253
-0.0378638
-0.0342203
-0.0304722
-0.0266766
-0.0227719
-0.0188624
-0.0148092
-0.0108092
-0.00657008
-0.00244466
-0.0875308
-0.088415
-0.088687
-0.0886622
-0.0885935
-0.0885289
-0.0884216
-0.0882271
-0.0879284
-0.087523
-0.0870094
-0.0863821
-0.0856332
-0.0847545
-0.0837387
-0.0825791
-0.0812695
-0.0798042
-0.0781782
-0.0763875
-0.0744287
-0.0723002
-0.0700012
-0.0675326
-0.0648967
-0.062098
-0.0591412
-0.0560354
-0.0527865
-0.0494093
-0.0459082
-0.0423055
-0.0385981
-0.0348214
-0.0309527
-0.0270518
-0.0230546
-0.0190697
-0.014951
-0.0109035
-0.00661887
-0.00246684
-0.0920478
-0.0930268
-0.0932953
-0.0932256
-0.0931118
-0.0930087
-0.0928611
-0.0926181
-0.0922611
-0.0917883
-0.0911986
-0.0904863
-0.0896432
-0.0886606
-0.087531
-0.0862476
-0.0848043
-0.0831956
-0.0814168
-0.0794642
-0.0773353
-0.0750291
-0.072546
-0.0698882
-0.0670593
-0.0640656
-0.0609136
-0.0576144
-0.0541761
-0.0506155
-0.0469392
-0.0431719
-0.0393118
-0.0353967
-0.031404
-0.0273965
-0.0233073
-0.0192495
-0.0150692
-0.0109795
-0.00665587
-0.00248493
-0.0968571
-0.0979366
-0.098199
-0.098079
-0.0979154
-0.0977693
-0.0975767
-0.0972797
-0.096858
-0.0963106
-0.0956368
-0.0948309
-0.093884
-0.0927871
-0.0915324
-0.0901131
-0.0885232
-0.0867574
-0.0848113
-0.0826819
-0.0803673
-0.0778677
-0.0751844
-0.0723213
-0.0692835
-0.0660794
-0.0627174
-0.0592109
-0.0555703
-0.0518149
-0.0479535
-0.0440133
-0.0399941
-0.0359363
-0.0318174
-0.0277029
-0.0235234
-0.0193961
-0.0151592
-0.0110342
-0.00667911
-0.0024982
-0.101956
-0.103143
-0.103397
-0.103221
-0.103002
-0.102809
-0.102566
-0.102209
-0.101716
-0.101087
-0.100321
-0.0994118
-0.0983511
-0.0971289
-0.0957374
-0.0941696
-0.0924196
-0.0904823
-0.088354
-0.0860321
-0.0835158
-0.0808061
-0.0779061
-0.0748211
-0.0715582
-0.0681278
-0.0645408
-0.060813
-0.0569573
-0.0529959
-0.0489398
-0.044819
-0.0406351
-0.036431
-0.0321844
-0.0279636
-0.0236965
-0.0195042
-0.0152171
-0.0110645
-0.0066868
-0.00250597
-0.107346
-0.108645
-0.108887
-0.108649
-0.108371
-0.108125
-0.107828
-0.107405
-0.106834
-0.106114
-0.105247
-0.104226
-0.103041
-0.101682
-0.100141
-0.0984115
-0.0964872
-0.0943637
-0.0920375
-0.0895068
-0.086772
-0.0838353
-0.0807013
-0.0773773
-0.0738726
-0.0701998
-0.0663725
-0.0624093
-0.0583259
-0.0541474
-0.0498874
-0.0455789
-0.0412252
-0.0368721
-0.0324972
-0.0281718
-0.0238207
-0.0195691
-0.015239
-0.0110676
-0.00667734
-0.00250763
-0.113026
-0.114443
-0.114668
-0.114363
-0.11402
-0.113718
-0.11336
-0.112865
-0.112208
-0.11139
-0.110413
-0.109269
-0.107949
-0.106442
-0.104739
-0.102834
-0.100721
-0.0983954
-0.0958549
-0.0930986
-0.0901278
-0.0869464
-0.0835606
-0.0799801
-0.0762163
-0.0722848
-0.0682017
-0.063989
-0.0596652
-0.0552589
-0.0507863
-0.0462835
-0.0417558
-0.0372515
-0.0327487
-0.0283212
-0.0238908
-0.0195865
-0.0152217
-0.0110413
-0.00664929
-0.00250262
-0.118995
-0.120535
-0.12074
-0.120361
-0.119948
-0.119585
-0.119161
-0.118588
-0.117837
-0.116913
-0.115816
-0.11454
-0.113074
-0.111406
-0.109528
-0.107432
-0.105115
-0.102572
-0.0997999
-0.0968003
-0.0935755
-0.090131
-0.0864752
-0.0826199
-0.0785795
-0.0743724
-0.070018
-0.0655415
-0.060965
-0.0563203
-0.0516268
-0.0469237
-0.0422183
-0.0375618
-0.0329322
-0.028406
-0.023902
-0.0195524
-0.0151622
-0.0109833
-0.00660142
-0.00249046
-0.125253
-0.126921
-0.127102
-0.126643
-0.126154
-0.125725
-0.125231
-0.124572
-0.12372
-0.12268
-0.121455
-0.120036
-0.118412
-0.11657
-0.114503
-0.112203
-0.109666
-0.106887
-0.103867
-0.100605
-0.0971078
-0.0933812
-0.0894364
-0.0852878
-0.0809527
-0.0764529
-0.0718114
-0.0670571
-0.0622155
-0.0573223
-0.0524
-0.0474913
-0.0426053
-0.0377961
-0.0330419
-0.0284213
-0.02385
-0.0194635
-0.0150579
-0.0108919
-0.00653268
-0.0024707
-0.131799
-0.133599
-0.133752
-0.133206
-0.132637
-0.132138
-0.131567
-0.130816
-0.129855
-0.128692
-0.127328
-0.125756
-0.123961
-0.121933
-0.119662
-0.117142
-0.114368
-0.111337
-0.10805
-0.104508
-0.100718
-0.0966895
-0.092436
-0.0879749
-0.0833267
-0.078517
-0.0735725
-0.0685262
-0.0634075
-0.058256
-0.0530977
-0.0479784
-0.0429098
-0.0379484
-0.0330724
-0.0283626
-0.0237314
-0.019317
-0.0149068
-0.0107655
-0.00644224
-0.002443
-0.138631
-0.14057
-0.140689
-0.14005
-0.139397
-0.138822
-0.138169
-0.137319
-0.136242
-0.134946
-0.133434
-0.131696
-0.12972
-0.127491
-0.125002
-0.122246
-0.119218
-0.115917
-0.112343
-0.108501
-0.104399
-0.100049
-0.0954664
-0.0906731
-0.085693
-0.0805558
-0.0752923
-0.0699399
-0.0645323
-0.0591132
-0.053712
-0.0483782
-0.0431255
-0.0380131
-0.0330191
-0.0282261
-0.0235431
-0.0191106
-0.0147071
-0.0106031
-0.00632947
-0.00240704
-0.145749
-0.147831
-0.147911
-0.147173
-0.146431
-0.145777
-0.145037
-0.144081
-0.142879
-0.141442
-0.139771
-0.137858
-0.135686
-0.133244
-0.130522
-0.127513
-0.124214
-0.120623
-0.116744
-0.112581
-0.108145
-0.103452
-0.0985201
-0.0933744
-0.0880433
-0.0825608
-0.0769623
-0.0712899
-0.0655819
-0.0598861
-0.0542359
-0.0486843
-0.043247
-0.0379856
-0.0328782
-0.0280087
-0.0232827
-0.0188424
-0.0144578
-0.0104036
-0.00619393
-0.00236261
-0.153152
-0.155381
-0.155416
-0.154574
-0.153738
-0.153002
-0.152169
-0.1511
-0.149767
-0.148178
-0.146339
-0.144239
-0.14186
-0.139189
-0.136218
-0.132939
-0.129351
-0.125452
-0.121246
-0.116741
-0.111951
-0.106893
-0.10159
-0.0960715
-0.0903698
-0.0845239
-0.0785744
-0.0725683
-0.0665486
-0.0605679
-0.0546632
-0.0488911
-0.0432695
-0.0378619
-0.0326464
-0.0277078
-0.0229485
-0.0185111
-0.0141578
-0.0101666
-0.00603538
-0.00230953
-0.160837
-0.163218
-0.163204
-0.162251
-0.161318
-0.160495
-0.159565
-0.158377
-0.156903
-0.155156
-0.153138
-0.150839
-0.148239
-0.145326
-0.14209
-0.138524
-0.134627
-0.130399
-0.125846
-0.120978
-0.115811
-0.110366
-0.10467
-0.0987573
-0.0926651
-0.0864378
-0.0801212
-0.0737678
-0.0674258
-0.0611522
-0.0549882
-0.0489937
-0.0431888
-0.0376388
-0.0323214
-0.0273219
-0.0225392
-0.018116
-0.0138069
-0.00989184
-0.00585379
-0.00224768
-0.168803
-0.17134
-0.17127
-0.170201
-0.169168
-0.168256
-0.167223
-0.165911
-0.164289
-0.162373
-0.160168
-0.157658
-0.154825
-0.151654
-0.148136
-0.144266
-0.140041
-0.135464
-0.130542
-0.125287
-0.11972
-0.113865
-0.107754
-0.101425
-0.0949222
-0.0882952
-0.0815957
-0.0748818
-0.068207
-0.0616333
-0.055206
-0.048988
-0.0430018
-0.0373138
-0.0319015
-0.0268496
-0.0220542
-0.0176568
-0.013405
-0.00957928
-0.00564929
-0.002177
-0.177048
-0.179745
-0.179613
-0.178423
-0.177288
-0.176284
-0.175145
-0.173701
-0.171924
-0.169832
-0.167428
-0.164696
-0.161616
-0.158172
-0.154357
-0.150163
-0.14559
-0.140642
-0.135328
-0.129665
-0.123673
-0.117384
-0.110835
-0.104068
-0.0971346
-0.0900896
-0.0829913
-0.0759039
-0.0688866
-0.0620063
-0.0553123
-0.0488707
-0.0427058
-0.0368851
-0.0313854
-0.0262906
-0.0214935
-0.0171337
-0.0129526
-0.00922923
-0.00542221
-0.00209748
-0.185569
-0.188427
-0.188228
-0.186914
-0.185676
-0.184578
-0.183328
-0.181746
-0.179808
-0.177531
-0.174919
-0.171953
-0.168613
-0.164882
-0.160751
-0.156214
-0.151273
-0.145933
-0.140204
-0.134106
-0.127667
-0.12092
-0.113908
-0.106681
-0.0992961
-0.0918147
-0.0843021
-0.0768288
-0.0694597
-0.0622668
-0.0553036
-0.048639
-0.0422991
-0.0363516
-0.030773
-0.025645
-0.0208577
-0.0165474
-0.0124504
-0.00884226
-0.00517302
-0.00200913
-0.19436
-0.197381
-0.197111
-0.195671
-0.194329
-0.193137
-0.191772
-0.190048
-0.18794
-0.185471
-0.182641
-0.17943
-0.175816
-0.171782
-0.167318
-0.16242
-0.157089
-0.151333
-0.145165
-0.138609
-0.131696
-0.124466
-0.116968
-0.109259
-0.101401
-0.0934649
-0.0855226
-0.0776512
-0.0699218
-0.0624114
-0.0551773
-0.0482911
-0.0417806
-0.0357131
-0.0300644
-0.0249134
-0.0201478
-0.0158989
-0.0118995
-0.00841917
-0.00490238
-0.00191202
-0.203416
-0.206602
-0.206255
-0.204688
-0.203244
-0.201957
-0.200475
-0.198602
-0.19632
-0.19365
-0.190593
-0.187127
-0.183226
-0.178873
-0.174058
-0.168779
-0.163037
-0.156841
-0.15021
-0.14317
-0.135758
-0.128019
-0.12001
-0.111794
-0.103443
-0.0950347
-0.0866478
-0.0783669
-0.0702692
-0.0624368
-0.0549312
-0.0478258
-0.0411499
-0.0349699
-0.0292607
-0.0240972
-0.0193654
-0.0151899
-0.0113013
-0.00796098
-0.00461106
-0.00180624
-0.212731
-0.216082
-0.215656
-0.213962
-0.212419
-0.211036
-0.209433
-0.207409
-0.204946
-0.202069
-0.198777
-0.195043
-0.190841
-0.186154
-0.180971
-0.17529
-0.169114
-0.162456
-0.155335
-0.147785
-0.139847
-0.131574
-0.123029
-0.114284
-0.105419
-0.0965192
-0.0876731
-0.0789717
-0.0704988
-0.062341
-0.0545639
-0.0472426
-0.0404074
-0.0341229
-0.0283633
-0.0231983
-0.0185124
-0.0144221
-0.0106577
-0.00746891
-0.00429996
-0.00169191
-0.222297
-0.225817
-0.225308
-0.223488
-0.221848
-0.220371
-0.218646
-0.216465
-0.213816
-0.210726
-0.207189
-0.203177
-0.198662
-0.193625
-0.188056
-0.181953
-0.175321
-0.168174
-0.160539
-0.152451
-0.14396
-0.135126
-0.126019
-0.116722
-0.107321
-0.0979138
-0.0885945
-0.0794624
-0.0706079
-0.0621223
-0.0540747
-0.0465416
-0.039554
-0.0331739
-0.0273744
-0.022219
-0.0175914
-0.0135978
-0.00997051
-0.00694438
-0.00397011
-0.00156918
-0.232108
-0.235801
-0.235207
-0.233262
-0.231529
-0.229958
-0.228108
-0.225768
-0.222929
-0.219619
-0.21583
-0.21153
-0.206688
-0.201285
-0.195312
-0.188766
-0.181654
-0.173995
-0.165817
-0.157165
-0.148093
-0.13867
-0.128977
-0.119103
-0.109148
-0.0992143
-0.0894084
-0.0798362
-0.0705946
-0.0617796
-0.0534637
-0.0457238
-0.0385914
-0.032125
-0.0262965
-0.0211621
-0.016605
-0.0127197
-0.00924206
-0.00638897
-0.0036226
-0.00143824
-0.242167
-0.24603
-0.245347
-0.24328
-0.241457
-0.239793
-0.237817
-0.235313
-0.23228
-0.228746
-0.224698
-0.2201
-0.214919
-0.209136
-0.202739
-0.195729
-0.188114
-0.179916
-0.171169
-0.161923
-0.152242
-0.142204
-0.131897
-0.121424
-0.110893
-0.100417
-0.0901117
-0.0800908
-0.0704577
-0.0613127
-0.0527314
-0.0447906
-0.0375218
-0.030979
-0.025133
-0.0200309
-0.0155566
-0.0117904
-0.00847474
-0.00580442
-0.00325863
-0.00129932
-0.25247
-0.256505
-0.255728
-0.253539
-0.251629
-0.249872
-0.247768
-0.245098
-0.241868
-0.238105
-0.233792
-0.228887
-0.223355
-0.217175
-0.210337
-0.202841
-0.194698
-0.185934
-0.17659
-0.166723
-0.156404
-0.145721
-0.134776
-0.12368
-0.112553
-0.101519
-0.0907018
-0.0802244
-0.0701964
-0.0607219
-0.0518791
-0.0437441
-0.036348
-0.0297393
-0.0238873
-0.018829
-0.0144495
-0.0108132
-0.00767116
-0.00519262
-0.00287941
-0.00115269
-0.262992
-0.267221
-0.266348
-0.264035
-0.262037
-0.260188
-0.257954
-0.255118
-0.251689
-0.247694
-0.24311
-0.237889
-0.231995
-0.225404
-0.218105
-0.210101
-0.201406
-0.192049
-0.182079
-0.17156
-0.160574
-0.14922
-0.13761
-0.125867
-0.114124
-0.102516
-0.0911768
-0.0802361
-0.0698107
-0.060008
-0.0509087
-0.0425871
-0.0350734
-0.0284096
-0.0225634
-0.0175604
-0.0132876
-0.00979134
-0.00683406
-0.00455558
-0.00248621
-0.00099868
-0.273762
-0.278176
-0.277202
-0.27476
-0.272674
-0.270733
-0.268369
-0.265365
-0.261737
-0.25751
-0.252651
-0.247107
-0.240839
-0.233821
-0.226044
-0.217509
-0.208236
-0.198259
-0.187633
-0.176432
-0.164749
-0.152694
-0.140393
-0.127982
-0.115604
-0.103407
-0.0915349
-0.0801253
-0.069301
-0.0591728
-0.0498227
-0.0413229
-0.0337019
-0.0269942
-0.0211658
-0.0162293
-0.0120749
-0.00872837
-0.00596634
-0.00389544
-0.00208034
-0.000837699
-0.28486
-0.289418
-0.288299
-0.285704
-0.283527
-0.281495
-0.279
-0.275828
-0.272005
-0.267546
-0.262409
-0.256536
-0.249882
-0.242423
-0.234148
-0.225061
-0.215184
-0.204557
-0.193246
-0.181333
-0.168923
-0.15614
-0.143123
-0.13002
-0.116989
-0.104189
-0.0917748
-0.0798916
-0.0686682
-0.058218
-0.0486241
-0.0399552
-0.0322379
-0.0254978
-0.0196992
-0.0148406
-0.0108156
-0.00762811
-0.00507108
-0.00321452
-0.00166314
-0.000670295
-0.296162
-0.300956
-0.299628
-0.296837
-0.294566
-0.292447
-0.289821
-0.286485
-0.28247
-0.277783
-0.272369
-0.266161
-0.259114
-0.2512
-0.242408
-0.232746
-0.222239
-0.210936
-0.19891
-0.186255
-0.17309
-0.159551
-0.145792
-0.131977
-0.118276
-0.104861
-0.0918959
-0.079536
-0.0679146
-0.0571472
-0.0473172
-0.0384891
-0.0306868
-0.0239261
-0.0181693
-0.0133994
-0.00951454
-0.00649458
-0.00415143
-0.00251519
-0.00123596
-0.000497163
-0.307648
-0.312743
-0.311122
-0.308118
-0.305778
-0.303581
-0.30083
-0.297345
-0.293154
-0.288248
-0.282558
-0.276012
-0.268561
-0.260177
-0.250851
-0.24059
-0.229426
-0.217416
-0.204644
-0.191215
-0.177263
-0.16294
-0.148414
-0.133864
-0.119476
-0.105432
-0.0919092
-0.079069
-0.0670504
-0.0559701
-0.0459112
-0.0369333
-0.0290564
-0.022286
-0.0165819
-0.0119108
-0.00817562
-0.00533093
-0.00320961
-0.00179899
-0.000799491
-0.000318819
-0.320616
-0.325152
-0.322916
-0.319715
-0.317332
-0.315043
-0.312169
-0.308552
-0.304204
-0.299086
-0.293117
-0.286224
-0.278355
-0.269479
-0.259588
-0.248695
-0.236836
-0.224079
-0.210517
-0.196272
-0.181493
-0.166346
-0.151019
-0.135706
-0.120605
-0.105915
-0.0918216
-0.0784943
-0.0660769
-0.0546866
-0.0444054
-0.0352865
-0.0273458
-0.020577
-0.0149371
-0.0103752
-0.0067998
-0.00413833
-0.00224675
-0.00106677
-0.00035399
-0.000135552
-0.335256
-0.338036
-0.334769
-0.331336
-0.328827
-0.326363
-0.32332
-0.319558
-0.315046
-0.309709
-0.303455
-0.296206
-0.287909
-0.278533
-0.268068
-0.25653
-0.243965
-0.230448
-0.216086
-0.201016
-0.1854
-0.169426
-0.153297
-0.137223
-0.121419
-0.106096
-0.0914515
-0.0776607
-0.0648717
-0.0532011
-0.0427284
-0.0334993
-0.025524
-0.0187832
-0.0132309
-0.0087972
-0.00539696
-0.00292905
-0.00127493
-0.000328911
9.46464e-05
4.90352e-05
-0.345279
-0.343902
-0.341938
-0.33899
-0.336527
-0.334102
-0.331057
-0.327254
-0.322666
-0.317199
-0.310755
-0.303259
-0.294658
-0.284918
-0.274032
-0.262019
-0.248927
-0.234839
-0.21987
-0.204167
-0.187906
-0.171288
-0.154529
-0.137855
-0.121492
-0.105665
-0.0905812
-0.0764227
-0.0633426
-0.0514571
-0.0408462
-0.0315474
-0.0235705
-0.0168805
-0.011435
-0.00714112
-0.00392749
-0.00166001
-0.000252271
0.000451084
0.000573938
0.000243661
-0.353391
-0.352212
-0.351998
-0.349902
-0.347483
-0.344953
-0.341683
-0.33749
-0.332391
-0.326321
-0.319187
-0.310927
-0.301499
-0.290884
-0.279088
-0.266143
-0.252116
-0.237106
-0.221246
-0.204699
-0.187657
-0.170334
-0.152956
-0.135756
-0.11896
-0.102796
-0.0874723
-0.0731669
-0.0600275
-0.0481597
-0.037635
-0.0284771
-0.0206893
-0.014221
-0.00902999
-0.00500404
-0.00208456
-0.000108964
0.00097501
0.00137136
0.00113229
0.000473345
-0.363299
-0.361951
-0.362636
-0.360865
-0.358144
-0.355214
-0.351535
-0.346831
-0.341123
-0.334369
-0.326478
-0.31739
-0.307074
-0.295521
-0.282752
-0.268817
-0.253801
-0.237823
-0.221038
-0.203631
-0.18581
-0.167805
-0.149854
-0.132185
-0.115038
-0.09864
-0.0831946
-0.0688705
-0.0558031
-0.0440828
-0.033768
-0.0248661
-0.0173713
-0.0112165
-0.00635863
-0.00266707
-9.60343e-05
0.0015444
0.00226962
0.00233467
0.0017108
0.000715352
-0.374736
-0.373123
-0.374295
-0.372673
-0.36958
-0.36616
-0.362002
-0.35674
-0.350367
-0.342869
-0.334163
-0.32419
-0.31293
-0.300388
-0.286598
-0.271629
-0.255583
-0.238602
-0.22086
-0.202562
-0.183937
-0.165226
-0.146675
-0.128522
-0.111013
-0.0943752
-0.0788063
-0.0644641
-0.0514713
-0.039903
-0.0298042
-0.021166
-0.0139725
-0.00814062
-0.00362541
-0.000277537
0.00193556
0.00323285
0.00359017
0.00331832
0.00229967
0.000966229
-0.387306
-0.385421
-0.386753
-0.385115
-0.381614
-0.377645
-0.372938
-0.36706
-0.359966
-0.351658
-0.34207
-0.331148
-0.318879
-0.305285
-0.290415
-0.274356
-0.257232
-0.239207
-0.220475
-0.201263
-0.181816
-0.162392
-0.143239
-0.124609
-0.106753
-0.0898946
-0.0742227
-0.0598833
-0.0469856
-0.0355889
-0.0257239
-0.0173655
-0.0104879
-0.00499143
-0.000830184
0.00216433
0.00401034
0.00495719
0.00493804
0.00432411
0.00290096
0.00122637
-0.400758
-0.398606
-0.399816
-0.398002
-0.394053
-0.389483
-0.384149
-0.377588
-0.369709
-0.360525
-0.349988
-0.338051
-0.324711
-0.310003
-0.293995
-0.276794
-0.258546
-0.239437
-0.219685
-0.199537
-0.179257
-0.159114
-0.139365
-0.120276
-0.102099
-0.0850506
-0.0693103
-0.0550103
-0.0422444
-0.0310545
-0.0214565
-0.0134081
-0.006873
-0.00173537
0.00205186
0.00467624
0.00614052
0.00672554
0.00631836
0.00535517
0.00351639
0.00149596
-0.414802
-0.412395
-0.413254
-0.411123
-0.406699
-0.401498
-0.395477
-0.388172
-0.379454
-0.369339
-0.357796
-0.344787
-0.330321
-0.314448
-0.297255
-0.278871
-0.259464
-0.239243
-0.218451
-0.197355
-0.176238
-0.155376
-0.135044
-0.115517
-0.0970454
-0.0798396
-0.0640657
-0.0498414
-0.0372435
-0.0262958
-0.016998
-0.00929004
-0.00312489
0.00162987
0.00502224
0.007259
0.0083263
0.00853752
0.00773069
0.0064111
0.0041457
0.00177475
-0.429093
-0.426457
-0.426781
-0.424221
-0.419306
-0.413458
-0.406704
-0.398604
-0.389003
-0.377912
-0.365317
-0.351193
-0.33556
-0.318485
-0.300075
-0.280481
-0.259895
-0.238549
-0.216711
-0.194669
-0.17272
-0.151153
-0.130261
-0.110326
-0.0915947
-0.0742675
-0.0584979
-0.044387
-0.0319941
-0.0213237
-0.0123586
-0.0050207
0.000748242
0.0050972
0.00807497
0.0099076
0.0105637
0.0103899
0.00917283
0.00749059
0.00478824
0.00206272
-0.443251
-0.440425
-0.440087
-0.437011
-0.431592
-0.425093
-0.417574
-0.408638
-0.398119
-0.386021
-0.372342
-0.357073
-0.340248
-0.32195
-0.302308
-0.281493
-0.259724
-0.237258
-0.214383
-0.19141
-0.168647
-0.146404
-0.124989
-0.104685
-0.0857353
-0.068329
-0.0526059
-0.0386496
-0.0265006
-0.016144
-0.00754473
-0.00060669
0.00473994
0.00866056
0.0112046
0.0126173
0.0128485
0.0122796
0.0106426
0.0085924
0.00544341
0.00236013
-0.456897
-0.453937
-0.452854
-0.449195
-0.443261
-0.436108
-0.427802
-0.418
-0.406539
-0.393416
-0.378638
-0.362214
-0.34419
-0.324669
-0.303798
-0.281774
-0.258838
-0.235272
-0.211388
-0.187512
-0.16397
-0.141095
-0.119204
-0.0985812
-0.0794615
-0.0620239
-0.0463931
-0.0326349
-0.0207704
-0.0107646
-0.00256462
0.00394398
0.00884262
0.012313
0.0144049
0.0153828
0.0151761
0.0142033
0.0121376
0.00971515
0.00611048
0.00266743
-0.469698
-0.466656
-0.464779
-0.460483
-0.454012
-0.446198
-0.437091
-0.426404
-0.41399
-0.399838
-0.383965
-0.366392
-0.347185
-0.32646
-0.304387
-0.281185
-0.25712
-0.232497
-0.207649
-0.182916
-0.158651
-0.135203
-0.112896
-0.0920119
-0.0727778
-0.0553615
-0.0398721
-0.0263571
-0.0148182
-0.00520001
0.00256806
0.00861872
0.013045
0.0160446
0.0176673
0.0181966
0.0175405
0.0161564
0.0136544
0.0108569
0.0067883
0.00298516
-0.481395
-0.478297
-0.47559
-0.470604
-0.463563
-0.455073
-0.445153
-0.433572
-0.420203
-0.405034
-0.388084
-0.369392
-0.349035
-0.327149
-0.303924
-0.2796
-0.254466
-0.228849
-0.203097
-0.177578
-0.152664
-0.128718
-0.106066
-0.0849862
-0.0656996
-0.0483614
-0.0330649
-0.0198392
-0.00866649
0.000528208
0.00783347
0.0133997
0.0173314
0.0198418
0.0209802
0.0210487
0.0199341
0.0181332
0.0151886
0.0120151
0.00747533
0.00331396
-0.491802
-0.488619
-0.485043
-0.479315
-0.471659
-0.46247
-0.451728
-0.439252
-0.424938
-0.408774
-0.390783
-0.371015
-0.349564
-0.326581
-0.302275
-0.276907
-0.250785
-0.224255
-0.197686
-0.171472
-0.146002
-0.121644
-0.098727
-0.077527
-0.0582554
-0.0410553
-0.0260044
-0.0131139
-0.00234685
0.0063908
0.013205
0.0182632
0.021681
0.0236866
0.0243285
0.0239269
0.0223471
0.0201259
0.0167347
0.0131863
0.00816944
0.00365447
-0.500764
-0.49741
-0.492916
-0.486397
-0.478077
-0.468162
-0.456593
-0.443229
-0.427992
-0.410868
-0.391884
-0.371102
-0.348629
-0.324632
-0.299336
-0.273022
-0.246011
-0.218671
-0.191397
-0.164599
-0.138677
-0.114005
-0.0909142
-0.0696743
-0.0504889
-0.0334888
-0.0187362
-0.00622515
0.00409942
0.0123498
0.0186485
0.023179
0.0260677
0.0275567
0.027693
0.0268158
0.024767
0.022125
0.0182853
0.014366
0.00886787
0.00400721
-0.508114
-0.504457
-0.499001
-0.491656
-0.482631
-0.471967
-0.459572
-0.44534
-0.429211
-0.411173
-0.391258
-0.369536
-0.346129
-0.321219
-0.295042
-0.267893
-0.240114
-0.212093
-0.184243
-0.156985
-0.130728
-0.105851
-0.082682
-0.0614871
-0.042461
-0.0257225
-0.0113193
0.000771051
0.0106204
0.018358
0.0241218
0.0281101
0.0304595
0.0314247
0.0310509
0.0296965
0.027179
0.0241187
0.0198318
0.0155485
0.00956712
0.00437246
-0.513654
-0.509545
-0.5031
-0.494918
-0.485165
-0.473743
-0.460538
-0.445471
-0.428494
-0.409603
-0.388831
-0.36626
-0.342022
-0.316308
-0.289372
-0.261521
-0.233117
-0.20456
-0.176275
-0.148691
-0.122225
-0.0972549
-0.074108
-0.0530446
-0.0342506
-0.0178332
-0.00382647
0.00780663
0.0171536
0.0243588
0.0295745
0.0330124
0.034818
0.0352579
0.034375
0.032547
0.0295649
0.026093
0.0213636
0.0167265
0.0102628
0.00475004
-0.517157
-0.512459
-0.505036
-0.496041
-0.485563
-0.473396
-0.459416
-0.443563
-0.425803
-0.406133
-0.384593
-0.361271
-0.336313
-0.309924
-0.282368
-0.253967
-0.225091
-0.196151
-0.16758
-0.139812
-0.113265
-0.0883178
-0.0652936
-0.0444466
-0.025954
-0.00991253
0.00365603
0.0148019
0.0236264
0.0302871
0.034949
0.0378353
0.0390996
0.0390189
0.0376344
0.0353415
0.031904
0.0280312
0.0228681
0.0178915
0.0109499
0.00513916
-0.518412
-0.513015
-0.504677
-0.494933
-0.483766
-0.470895
-0.456197
-0.439629
-0.421162
-0.400801
-0.378592
-0.354634
-0.329088
-0.302167
-0.274145
-0.24535
-0.216162
-0.186997
-0.15829
-0.130479
-0.103979
-0.0791681
-0.0563632
-0.0358124
-0.0176844
-0.00206659
0.0110301
0.0216672
0.0299576
0.0360702
0.0401808
0.0425225
0.0432559
0.0426666
0.0407946
0.0380512
0.0341729
0.0299148
0.0243314
0.0190333
0.0116221
0.00553806
-0.517283
-0.511096
-0.501968
-0.491592
-0.479801
-0.466288
-0.45095
-0.433752
-0.414675
-0.39373
-0.370971
-0.346504
-0.32051
-0.293209
-0.264877
-0.235849
-0.206509
-0.177272
-0.148577
-0.120859
-0.094529
-0.0699594
-0.0474624
-0.0272785
-0.00956902
0.00558729
0.0181884
0.0283049
0.0360595
0.0416299
0.045201
0.0470138
0.0472347
0.0461568
0.0438182
0.040645
0.0363463
0.0317231
0.0257378
0.02014
0.0122729
0.00594376
-0.513827
-0.506681
-0.497006
-0.486146
-0.473806
-0.459732
-0.443849
-0.426126
-0.406549
-0.385141
-0.361964
-0.337116
-0.310821
-0.283294
-0.254808
-0.225702
-0.196362
-0.1672
-0.138653
-0.111152
-0.0851022
-0.0608675
-0.0387539
-0.018995
-0.00174515
0.0129239
0.0250174
0.034613
0.0418408
0.0468854
0.0499385
0.0512472
0.0509824
0.0494437
0.0466665
0.0430905
0.0383976
0.0334344
0.0270707
0.0211985
0.0128945
0.00635175
-0.508982
-0.499954
-0.490017
-0.478829
-0.46602
-0.451487
-0.43517
-0.417034
-0.397077
-0.375344
-0.351912
-0.326776
-0.300345
-0.272743
-0.244251
-0.215209
-0.186006
-0.157044
-0.128766
-0.101589
-0.0759097
-0.0520848
-0.0304126
-0.0111202
0.00564441
0.0198151
0.0314024
0.0404892
0.0472107
0.0517563
0.0543228
0.0551614
0.054446
0.0524819
0.0493009
0.0453549
0.0402997
0.0350263
0.0283129
0.0221946
0.0134789
0.0067557
-0.500089
-0.49182
-0.4816
-0.470069
-0.456923
-0.442049
-0.425407
-0.406976
-0.38677
-0.364869
-0.341417
-0.315761
-0.289436
-0.261925
-0.233574
-0.204712
-0.17577
-0.147105
-0.11919
-0.0924188
-0.0671769
-0.0438133
-0.0226189
-0.00381441
0.0124575
0.0261348
0.0372321
0.0458352
0.0520828
0.0561669
0.0582876
0.0586986
0.0575756
0.0552284
0.0516844
0.0474069
0.0420263
0.0364765
0.029447
0.0231131
0.0140177
0.00714732
-0.491191
-0.482629
-0.472207
-0.46041
-0.446994
-0.431864
-0.414989
-0.396357
-0.375986
-0.353941
-0.330326
-0.305145
-0.278786
-0.251426
-0.223255
-0.194569
-0.166011
-0.137688
-0.110217
-0.0839031
-0.0591348
-0.0362562
-0.0155506
0.00276725
0.018559
0.0317657
0.0424043
0.0505622
0.0563797
0.0600498
0.0617742
0.0618077
0.060327
0.0576447
0.0537838
0.0492177
0.0435531
0.0377637
0.0304563
0.0239386
0.014502
0.00751643
-0.481994
-0.473115
-0.462562
-0.450573
-0.436964
-0.421669
-0.40466
-0.38593
-0.365505
-0.343442
-0.319837
-0.294811
-0.268593
-0.241429
-0.213592
-0.185374
-0.15724
-0.129078
-0.102139
-0.0763012
-0.0520098
-0.029609
-0.00937512
0.00848198
0.0238274
0.0366045
0.0468311
0.0545951
0.0600369
0.0633493
0.0647343
0.0644468
0.0626634
0.0596987
0.0555709
0.0507625
0.0448583
0.0388686
0.0313249
0.0246558
0.0149231
0.00785134
-0.473177
-0.464073
-0.45343
-0.441307
-0.427578
-0.412191
-0.395121
-0.376367
-0.355957
-0.333952
-0.31045
-0.28559
-0.259581
-0.232658
-0.205099
-0.177218
-0.149394
-0.121912
-0.0953081
-0.0698612
-0.0460123
-0.0240503
-0.00424189
0.0132057
0.0281602
0.0405664
0.0504423
0.0578753
0.0630053
0.0660237
0.0671322
0.0665846
0.0645571
0.0613655
0.0570233
0.0520207
0.0459238
0.0397741
0.0320387
0.0252502
0.0152725
0.00813955
-0.465582
-0.456336
-0.445626
-0.433418
-0.419623
-0.404196
-0.387114
-0.368378
-0.34802
-0.326103
-0.302729
-0.278044
-0.252244
-0.225563
-0.198275
-0.170699
-0.143192
-0.11611
-0.0898809
-0.0648403
-0.0413278
-0.0197338
-0.000276589
0.0168373
0.0314767
0.0435873
0.0531871
0.0603623
0.0652518
0.0680455
0.0689441
0.0682002
0.0659893
0.0626276
0.0581246
0.0529769
0.0467352
0.040466
0.0325855
0.0257087
0.0155425
0.00836884
-0.459992
-0.450667
-0.439912
-0.427657
-0.413832
-0.398395
-0.381323
-0.36262
-0.342318
-0.320484
-0.297221
-0.272677
-0.247042
-0.220552
-0.193481
-0.166144
-0.138887
-0.112076
-0.0861099
-0.0613472
-0.0381268
-0.0167851
0.00242327
0.0193008
0.0337188
0.0456233
0.0550323
0.0620309
0.0667569
0.0693991
0.0701567
0.0692818
0.0669486
0.0634739
0.058864
0.0536201
0.0472818
0.0409335
0.0329556
0.0260209
0.0157265
0.00852847
-0.457024
-0.447667
-0.436889
-0.424613
-0.410778
-0.395341
-0.37828
-0.359601
-0.339334
-0.317549
-0.29435
-0.269884
-0.244342
-0.217956
-0.191003
-0.163794
-0.136675
-0.11001
-0.0841833
-0.0595627
-0.0364923
-0.0152875
0.00379099
0.0205456
0.0348491
0.0466477
0.0559591
0.062868
0.0675113
0.0700771
0.0707641
0.0698236
0.0674293
0.0638984
0.0592352
0.0539434
0.0475568
0.0411691
0.0331425
0.026179
0.0158198
0.00861043
)
;

boundaryField
{
    inlet
    {
        type            zeroGradient;
    }
    outlet
    {
        type            fixedValue;
        value           uniform 0;
    }
    cylinder
    {
        type            zeroGradient;
    }
    top
    {
        type            symmetryPlane;
    }
    bottom
    {
        type            symmetryPlane;
    }
    defaultFaces
    {
        type            empty;
    }
    procBoundary1to0
    {
        type            processor;
        value           nonuniform List<scalar> 
163
(
-0.39652
-0.39652
-0.397574
-0.39862
-0.399728
-0.396008
-0.396008
-0.397349
-0.398908
-0.400723
-0.396204
-0.396204
-0.398338
-0.392745
-0.392745
-0.395132
-0.397793
-0.392826
-0.392826
-0.395192
-0.388293
-0.388293
-0.376626
-0.376626
-0.375055
-0.355298
-0.355298
-0.331606
-0.331606
-0.305997
-0.305997
-0.279778
-0.279778
-0.253995
-0.253995
-0.228666
-0.228666
-0.205484
-0.205471
-0.205471
-0.247272
-0.228652
-0.228652
-0.273244
-0.273244
-0.299872
-0.305984
-0.305984
-0.331594
-0.331594
-0.355288
-0.355288
-0.375047
-0.376618
-0.376618
-0.388287
-0.388287
-0.395187
-0.392821
-0.392821
-0.397789
-0.395128
-0.395128
-0.400809
-0.398334
-0.3962
-0.3962
-0.40072
-0.398904
-0.397345
-0.397345
-0.400968
-0.399724
-0.398615
-0.39757
-0.396516
-0.396516
-0.194561
-0.189051
-0.1833
-0.177799
-0.172419
-0.167065
-0.161742
-0.15647
-0.151259
-0.146115
-0.141043
-0.136048
-0.131137
-0.126314
-0.121585
-0.116956
-0.112431
-0.108015
-0.103714
-0.0995303
-0.0954691
-0.0915341
-0.0877291
-0.0840577
-0.0805236
-0.0771302
-0.0738812
-0.07078
-0.0678307
-0.0650371
-0.0624037
-0.0599351
-0.0576368
-0.0555145
-0.0535752
-0.0518266
-0.0502777
-0.0489396
-0.0478237
-0.0469482
-0.0473234
-0.0473234
-0.0469615
-0.0459719
-0.0463216
-0.0469442
-0.0478197
-0.0489355
-0.0502736
-0.0518223
-0.0535709
-0.0555101
-0.0576322
-0.0599304
-0.0623988
-0.0650321
-0.0678255
-0.0707747
-0.0738757
-0.0771245
-0.0805177
-0.0840516
-0.0877227
-0.0915275
-0.0954623
-0.0995233
-0.103707
-0.108008
-0.112423
-0.116948
-0.121577
-0.126305
-0.131128
-0.136039
-0.141034
-0.146106
-0.151249
-0.156459
-0.161731
-0.161731
-0.161676
-0.166837
-0.17203
-0.177332
-0.18285
-0.188164
)
;
    }
}


// ************************************************************************* //
